id,asset,year,rep_period,time_block_start,time_block_end,dual_max_output_flows_limit_simple_method
1,AT_Battery,2050,1,1,1,0.0
2,AT_Battery,2050,1,2,2,0.0
3,AT_Battery,2050,1,3,3,0.0
4,AT_Battery,2050,1,4,4,0.0
5,AT_Battery,2050,1,5,5,0.0
6,AT_Battery,2050,1,6,6,0.0
7,AT_Battery,2050,1,7,7,0.0
8,AT_Battery,2050,1,8,8,0.0
9,AT_Battery,2050,1,9,9,0.0
10,AT_Battery,2050,1,10,10,0.0
11,AT_Battery,2050,1,11,11,0.0
12,AT_Battery,2050,1,12,12,0.0
13,AT_Battery,2050,1,13,13,0.0
14,AT_Battery,2050,1,14,14,0.0
15,AT_Battery,2050,1,15,15,0.0
16,AT_Battery,2050,1,16,16,0.0
17,AT_Battery,2050,1,17,17,0.0
18,AT_Battery,2050,1,18,18,0.0
19,AT_Battery,2050,1,19,19,0.0
20,AT_Battery,2050,1,20,20,0.0
21,AT_Battery,2050,1,21,21,0.0
22,AT_Battery,2050,1,22,22,0.0
23,AT_Battery,2050,1,23,23,0.0
24,AT_Battery,2050,1,24,24,0.0
25,AT_Battery,2050,2,1,1,0.0
26,AT_Battery,2050,2,2,2,0.0
27,AT_Battery,2050,2,3,3,0.0
28,AT_Battery,2050,2,4,4,0.0
29,AT_Battery,2050,2,5,5,0.0
30,AT_Battery,2050,2,6,6,0.0
31,AT_Battery,2050,2,7,7,0.0
32,AT_Battery,2050,2,8,8,0.0
33,AT_Battery,2050,2,9,9,0.0
34,AT_Battery,2050,2,10,10,0.0
35,AT_Battery,2050,2,11,11,0.0
36,AT_Battery,2050,2,12,12,0.0
37,AT_Battery,2050,2,13,13,0.0
38,AT_Battery,2050,2,14,14,0.0
39,AT_Battery,2050,2,15,15,0.0
40,AT_Battery,2050,2,16,16,0.0
41,AT_Battery,2050,2,17,17,0.0
42,AT_Battery,2050,2,18,18,0.0
43,AT_Battery,2050,2,19,19,0.0
44,AT_Battery,2050,2,20,20,0.0
45,AT_Battery,2050,2,21,21,0.0
46,AT_Battery,2050,2,22,22,0.0
47,AT_Battery,2050,2,23,23,0.0
48,AT_Battery,2050,2,24,24,0.0
49,AT_Battery,2050,3,1,1,0.0
50,AT_Battery,2050,3,2,2,0.0
51,AT_Battery,2050,3,3,3,0.0
52,AT_Battery,2050,3,4,4,0.0
53,AT_Battery,2050,3,5,5,0.0
54,AT_Battery,2050,3,6,6,0.0
55,AT_Battery,2050,3,7,7,0.0
56,AT_Battery,2050,3,8,8,0.0
57,AT_Battery,2050,3,9,9,0.0
58,AT_Battery,2050,3,10,10,0.0
59,AT_Battery,2050,3,11,11,0.0
60,AT_Battery,2050,3,12,12,0.0
61,AT_Battery,2050,3,13,13,0.0
62,AT_Battery,2050,3,14,14,0.0
63,AT_Battery,2050,3,15,15,0.0
64,AT_Battery,2050,3,16,16,0.0
65,AT_Battery,2050,3,17,17,0.0
66,AT_Battery,2050,3,18,18,-13.396165705666336
67,AT_Battery,2050,3,19,19,0.0
68,AT_Battery,2050,3,20,20,0.0
69,AT_Battery,2050,3,21,21,0.0
70,AT_Battery,2050,3,22,22,0.0
71,AT_Battery,2050,3,23,23,0.0
72,AT_Battery,2050,3,24,24,0.0
73,AT_Battery,2050,4,1,1,0.0
74,AT_Battery,2050,4,2,2,0.0
75,AT_Battery,2050,4,3,3,0.0
76,AT_Battery,2050,4,4,4,0.0
77,AT_Battery,2050,4,5,5,0.0
78,AT_Battery,2050,4,6,6,0.0
79,AT_Battery,2050,4,7,7,0.0
80,AT_Battery,2050,4,8,8,0.0
81,AT_Battery,2050,4,9,9,0.0
82,AT_Battery,2050,4,10,10,0.0
83,AT_Battery,2050,4,11,11,0.0
84,AT_Battery,2050,4,12,12,0.0
85,AT_Battery,2050,4,13,13,0.0
86,AT_Battery,2050,4,14,14,0.0
87,AT_Battery,2050,4,15,15,0.0
88,AT_Battery,2050,4,16,16,0.0
89,AT_Battery,2050,4,17,17,0.0
90,AT_Battery,2050,4,18,18,0.0
91,AT_Battery,2050,4,19,19,0.0
92,AT_Battery,2050,4,20,20,0.0
93,AT_Battery,2050,4,21,21,0.0
94,AT_Battery,2050,4,22,22,0.0
95,AT_Battery,2050,4,23,23,0.0
96,AT_Battery,2050,4,24,24,0.0
97,AT_Battery,2050,5,1,1,0.0
98,AT_Battery,2050,5,2,2,0.0
99,AT_Battery,2050,5,3,3,0.0
100,AT_Battery,2050,5,4,4,0.0
101,AT_Battery,2050,5,5,5,0.0
102,AT_Battery,2050,5,6,6,0.0
103,AT_Battery,2050,5,7,7,0.0
104,AT_Battery,2050,5,8,8,0.0
105,AT_Battery,2050,5,9,9,0.0
106,AT_Battery,2050,5,10,10,0.0
107,AT_Battery,2050,5,11,11,0.0
108,AT_Battery,2050,5,12,12,0.0
109,AT_Battery,2050,5,13,13,0.0
110,AT_Battery,2050,5,14,14,0.0
111,AT_Battery,2050,5,15,15,0.0
112,AT_Battery,2050,5,16,16,0.0
113,AT_Battery,2050,5,17,17,0.0
114,AT_Battery,2050,5,18,18,0.0
115,AT_Battery,2050,5,19,19,0.0
116,AT_Battery,2050,5,20,20,0.0
117,AT_Battery,2050,5,21,21,0.0
118,AT_Battery,2050,5,22,22,0.0
119,AT_Battery,2050,5,23,23,0.0
120,AT_Battery,2050,5,24,24,0.0
121,AT_Battery,2050,6,1,1,0.0
122,AT_Battery,2050,6,2,2,0.0
123,AT_Battery,2050,6,3,3,0.0
124,AT_Battery,2050,6,4,4,0.0
125,AT_Battery,2050,6,5,5,0.0
126,AT_Battery,2050,6,6,6,0.0
127,AT_Battery,2050,6,7,7,0.0
128,AT_Battery,2050,6,8,8,0.0
129,AT_Battery,2050,6,9,9,0.0
130,AT_Battery,2050,6,10,10,0.0
131,AT_Battery,2050,6,11,11,0.0
132,AT_Battery,2050,6,12,12,0.0
133,AT_Battery,2050,6,13,13,0.0
134,AT_Battery,2050,6,14,14,0.0
135,AT_Battery,2050,6,15,15,0.0
136,AT_Battery,2050,6,16,16,0.0
137,AT_Battery,2050,6,17,17,0.0
138,AT_Battery,2050,6,18,18,0.0
139,AT_Battery,2050,6,19,19,0.0
140,AT_Battery,2050,6,20,20,0.0
141,AT_Battery,2050,6,21,21,0.0
142,AT_Battery,2050,6,22,22,0.0
143,AT_Battery,2050,6,23,23,0.0
144,AT_Battery,2050,6,24,24,0.0
145,AT_Battery,2050,7,1,1,0.0
146,AT_Battery,2050,7,2,2,0.0
147,AT_Battery,2050,7,3,3,0.0
148,AT_Battery,2050,7,4,4,0.0
149,AT_Battery,2050,7,5,5,0.0
150,AT_Battery,2050,7,6,6,0.0
151,AT_Battery,2050,7,7,7,0.0
152,AT_Battery,2050,7,8,8,0.0
153,AT_Battery,2050,7,9,9,0.0
154,AT_Battery,2050,7,10,10,0.0
155,AT_Battery,2050,7,11,11,0.0
156,AT_Battery,2050,7,12,12,0.0
157,AT_Battery,2050,7,13,13,0.0
158,AT_Battery,2050,7,14,14,0.0
159,AT_Battery,2050,7,15,15,0.0
160,AT_Battery,2050,7,16,16,0.0
161,AT_Battery,2050,7,17,17,0.0
162,AT_Battery,2050,7,18,18,0.0
163,AT_Battery,2050,7,19,19,0.0
164,AT_Battery,2050,7,20,20,0.0
165,AT_Battery,2050,7,21,21,0.0
166,AT_Battery,2050,7,22,22,0.0
167,AT_Battery,2050,7,23,23,0.0
168,AT_Battery,2050,7,24,24,0.0
169,AT_Battery,2050,8,1,1,0.0
170,AT_Battery,2050,8,2,2,0.0
171,AT_Battery,2050,8,3,3,0.0
172,AT_Battery,2050,8,4,4,0.0
173,AT_Battery,2050,8,5,5,0.0
174,AT_Battery,2050,8,6,6,0.0
175,AT_Battery,2050,8,7,7,0.0
176,AT_Battery,2050,8,8,8,0.0
177,AT_Battery,2050,8,9,9,0.0
178,AT_Battery,2050,8,10,10,0.0
179,AT_Battery,2050,8,11,11,0.0
180,AT_Battery,2050,8,12,12,0.0
181,AT_Battery,2050,8,13,13,0.0
182,AT_Battery,2050,8,14,14,0.0
183,AT_Battery,2050,8,15,15,0.0
184,AT_Battery,2050,8,16,16,0.0
185,AT_Battery,2050,8,17,17,0.0
186,AT_Battery,2050,8,18,18,0.0
187,AT_Battery,2050,8,19,19,0.0
188,AT_Battery,2050,8,20,20,0.0
189,AT_Battery,2050,8,21,21,0.0
190,AT_Battery,2050,8,22,22,0.0
191,AT_Battery,2050,8,23,23,0.0
192,AT_Battery,2050,8,24,24,0.0
193,AT_Battery,2050,9,1,1,0.0
194,AT_Battery,2050,9,2,2,0.0
195,AT_Battery,2050,9,3,3,0.0
196,AT_Battery,2050,9,4,4,0.0
197,AT_Battery,2050,9,5,5,0.0
198,AT_Battery,2050,9,6,6,0.0
199,AT_Battery,2050,9,7,7,0.0
200,AT_Battery,2050,9,8,8,0.0
201,AT_Battery,2050,9,9,9,0.0
202,AT_Battery,2050,9,10,10,0.0
203,AT_Battery,2050,9,11,11,0.0
204,AT_Battery,2050,9,12,12,0.0
205,AT_Battery,2050,9,13,13,0.0
206,AT_Battery,2050,9,14,14,0.0
207,AT_Battery,2050,9,15,15,0.0
208,AT_Battery,2050,9,16,16,0.0
209,AT_Battery,2050,9,17,17,0.0
210,AT_Battery,2050,9,18,18,0.0
211,AT_Battery,2050,9,19,19,0.0
212,AT_Battery,2050,9,20,20,0.0
213,AT_Battery,2050,9,21,21,0.0
214,AT_Battery,2050,9,22,22,0.0
215,AT_Battery,2050,9,23,23,0.0
216,AT_Battery,2050,9,24,24,0.0
217,AT_Battery,2050,10,1,1,0.0
218,AT_Battery,2050,10,2,2,0.0
219,AT_Battery,2050,10,3,3,0.0
220,AT_Battery,2050,10,4,4,0.0
221,AT_Battery,2050,10,5,5,0.0
222,AT_Battery,2050,10,6,6,0.0
223,AT_Battery,2050,10,7,7,0.0
224,AT_Battery,2050,10,8,8,0.0
225,AT_Battery,2050,10,9,9,0.0
226,AT_Battery,2050,10,10,10,0.0
227,AT_Battery,2050,10,11,11,0.0
228,AT_Battery,2050,10,12,12,0.0
229,AT_Battery,2050,10,13,13,0.0
230,AT_Battery,2050,10,14,14,0.0
231,AT_Battery,2050,10,15,15,0.0
232,AT_Battery,2050,10,16,16,0.0
233,AT_Battery,2050,10,17,17,0.0
234,AT_Battery,2050,10,18,18,0.0
235,AT_Battery,2050,10,19,19,0.0
236,AT_Battery,2050,10,20,20,0.0
237,AT_Battery,2050,10,21,21,0.0
238,AT_Battery,2050,10,22,22,0.0
239,AT_Battery,2050,10,23,23,0.0
240,AT_Battery,2050,10,24,24,0.0
241,AT_CCGT,2050,1,1,1,0.0
242,AT_CCGT,2050,1,2,2,0.0
243,AT_CCGT,2050,1,3,3,0.0
244,AT_CCGT,2050,1,4,4,0.0
245,AT_CCGT,2050,1,5,5,0.0
246,AT_CCGT,2050,1,6,6,0.0
247,AT_CCGT,2050,1,7,7,0.0
248,AT_CCGT,2050,1,8,8,0.0
249,AT_CCGT,2050,1,9,9,0.0
250,AT_CCGT,2050,1,10,10,0.0
251,AT_CCGT,2050,1,11,11,0.0
252,AT_CCGT,2050,1,12,12,0.0
253,AT_CCGT,2050,1,13,13,0.0
254,AT_CCGT,2050,1,14,14,0.0
255,AT_CCGT,2050,1,15,15,0.0
256,AT_CCGT,2050,1,16,16,0.0
257,AT_CCGT,2050,1,17,17,0.0
258,AT_CCGT,2050,1,18,18,-0.9539999999999997
259,AT_CCGT,2050,1,19,19,-0.9539999999999997
260,AT_CCGT,2050,1,20,20,-0.9539999999999997
261,AT_CCGT,2050,1,21,21,0.0
262,AT_CCGT,2050,1,22,22,0.0
263,AT_CCGT,2050,1,23,23,0.0
264,AT_CCGT,2050,1,24,24,0.0
265,AT_CCGT,2050,2,1,1,0.0
266,AT_CCGT,2050,2,2,2,0.0
267,AT_CCGT,2050,2,3,3,0.0
268,AT_CCGT,2050,2,4,4,0.0
269,AT_CCGT,2050,2,5,5,0.0
270,AT_CCGT,2050,2,6,6,0.0
271,AT_CCGT,2050,2,7,7,0.0
272,AT_CCGT,2050,2,8,8,0.0
273,AT_CCGT,2050,2,9,9,0.0
274,AT_CCGT,2050,2,10,10,0.0
275,AT_CCGT,2050,2,11,11,0.0
276,AT_CCGT,2050,2,12,12,0.0
277,AT_CCGT,2050,2,13,13,0.0
278,AT_CCGT,2050,2,14,14,0.0
279,AT_CCGT,2050,2,15,15,0.0
280,AT_CCGT,2050,2,16,16,0.0
281,AT_CCGT,2050,2,17,17,0.0
282,AT_CCGT,2050,2,18,18,0.0
283,AT_CCGT,2050,2,19,19,0.0
284,AT_CCGT,2050,2,20,20,0.0
285,AT_CCGT,2050,2,21,21,0.0
286,AT_CCGT,2050,2,22,22,0.0
287,AT_CCGT,2050,2,23,23,0.0
288,AT_CCGT,2050,2,24,24,0.0
289,AT_CCGT,2050,3,1,1,-0.5219999999999998
290,AT_CCGT,2050,3,2,2,0.0
291,AT_CCGT,2050,3,3,3,0.0
292,AT_CCGT,2050,3,4,4,0.0
293,AT_CCGT,2050,3,5,5,0.0
294,AT_CCGT,2050,3,6,6,0.0
295,AT_CCGT,2050,3,7,7,-0.5219999999999998
296,AT_CCGT,2050,3,8,8,-0.5219999999999998
297,AT_CCGT,2050,3,9,9,-0.5219999999999998
298,AT_CCGT,2050,3,10,10,-0.5219999999999998
299,AT_CCGT,2050,3,11,11,-0.5219999999999998
300,AT_CCGT,2050,3,12,12,-0.5219999999999998
301,AT_CCGT,2050,3,13,13,-0.5219999999999998
302,AT_CCGT,2050,3,14,14,-0.5219999999999998
303,AT_CCGT,2050,3,15,15,-0.5219999999999998
304,AT_CCGT,2050,3,16,16,-0.5219999999999998
305,AT_CCGT,2050,3,17,17,-5.152765705666336
306,AT_CCGT,2050,3,18,18,-18.54893141133267
307,AT_CCGT,2050,3,19,19,-5.152765705666336
308,AT_CCGT,2050,3,20,20,-0.5219999999999998
309,AT_CCGT,2050,3,21,21,-0.5219999999999998
310,AT_CCGT,2050,3,22,22,-0.5219999999999998
311,AT_CCGT,2050,3,23,23,-0.5219999999999998
312,AT_CCGT,2050,3,24,24,-0.5219999999999998
313,AT_CCGT,2050,4,1,1,0.0
314,AT_CCGT,2050,4,2,2,0.0
315,AT_CCGT,2050,4,3,3,0.0
316,AT_CCGT,2050,4,4,4,0.0
317,AT_CCGT,2050,4,5,5,0.0
318,AT_CCGT,2050,4,6,6,0.0
319,AT_CCGT,2050,4,7,7,0.0
320,AT_CCGT,2050,4,8,8,0.0
321,AT_CCGT,2050,4,9,9,0.0
322,AT_CCGT,2050,4,10,10,0.0
323,AT_CCGT,2050,4,11,11,0.0
324,AT_CCGT,2050,4,12,12,0.0
325,AT_CCGT,2050,4,13,13,0.0
326,AT_CCGT,2050,4,14,14,0.0
327,AT_CCGT,2050,4,15,15,0.0
328,AT_CCGT,2050,4,16,16,0.0
329,AT_CCGT,2050,4,17,17,0.0
330,AT_CCGT,2050,4,18,18,0.0
331,AT_CCGT,2050,4,19,19,0.0
332,AT_CCGT,2050,4,20,20,0.0
333,AT_CCGT,2050,4,21,21,0.0
334,AT_CCGT,2050,4,22,22,0.0
335,AT_CCGT,2050,4,23,23,0.0
336,AT_CCGT,2050,4,24,24,0.0
337,AT_CCGT,2050,5,1,1,0.0
338,AT_CCGT,2050,5,2,2,0.0
339,AT_CCGT,2050,5,3,3,0.0
340,AT_CCGT,2050,5,4,4,0.0
341,AT_CCGT,2050,5,5,5,0.0
342,AT_CCGT,2050,5,6,6,0.0
343,AT_CCGT,2050,5,7,7,0.0
344,AT_CCGT,2050,5,8,8,0.0
345,AT_CCGT,2050,5,9,9,0.0
346,AT_CCGT,2050,5,10,10,0.0
347,AT_CCGT,2050,5,11,11,0.0
348,AT_CCGT,2050,5,12,12,0.0
349,AT_CCGT,2050,5,13,13,0.0
350,AT_CCGT,2050,5,14,14,0.0
351,AT_CCGT,2050,5,15,15,0.0
352,AT_CCGT,2050,5,16,16,0.0
353,AT_CCGT,2050,5,17,17,0.0
354,AT_CCGT,2050,5,18,18,0.0
355,AT_CCGT,2050,5,19,19,0.0
356,AT_CCGT,2050,5,20,20,0.0
357,AT_CCGT,2050,5,21,21,0.0
358,AT_CCGT,2050,5,22,22,0.0
359,AT_CCGT,2050,5,23,23,0.0
360,AT_CCGT,2050,5,24,24,0.0
361,AT_CCGT,2050,6,1,1,0.0
362,AT_CCGT,2050,6,2,2,0.0
363,AT_CCGT,2050,6,3,3,0.0
364,AT_CCGT,2050,6,4,4,0.0
365,AT_CCGT,2050,6,5,5,0.0
366,AT_CCGT,2050,6,6,6,0.0
367,AT_CCGT,2050,6,7,7,0.0
368,AT_CCGT,2050,6,8,8,0.0
369,AT_CCGT,2050,6,9,9,0.0
370,AT_CCGT,2050,6,10,10,0.0
371,AT_CCGT,2050,6,11,11,0.0
372,AT_CCGT,2050,6,12,12,0.0
373,AT_CCGT,2050,6,13,13,0.0
374,AT_CCGT,2050,6,14,14,0.0
375,AT_CCGT,2050,6,15,15,0.0
376,AT_CCGT,2050,6,16,16,0.0
377,AT_CCGT,2050,6,17,17,0.0
378,AT_CCGT,2050,6,18,18,0.0
379,AT_CCGT,2050,6,19,19,0.0
380,AT_CCGT,2050,6,20,20,0.0
381,AT_CCGT,2050,6,21,21,0.0
382,AT_CCGT,2050,6,22,22,0.0
383,AT_CCGT,2050,6,23,23,0.0
384,AT_CCGT,2050,6,24,24,0.0
385,AT_CCGT,2050,7,1,1,0.0
386,AT_CCGT,2050,7,2,2,0.0
387,AT_CCGT,2050,7,3,3,0.0
388,AT_CCGT,2050,7,4,4,0.0
389,AT_CCGT,2050,7,5,5,0.0
390,AT_CCGT,2050,7,6,6,0.0
391,AT_CCGT,2050,7,7,7,0.0
392,AT_CCGT,2050,7,8,8,0.0
393,AT_CCGT,2050,7,9,9,0.0
394,AT_CCGT,2050,7,10,10,0.0
395,AT_CCGT,2050,7,11,11,0.0
396,AT_CCGT,2050,7,12,12,0.0
397,AT_CCGT,2050,7,13,13,0.0
398,AT_CCGT,2050,7,14,14,0.0
399,AT_CCGT,2050,7,15,15,0.0
400,AT_CCGT,2050,7,16,16,0.0
401,AT_CCGT,2050,7,17,17,0.0
402,AT_CCGT,2050,7,18,18,0.0
403,AT_CCGT,2050,7,19,19,0.0
404,AT_CCGT,2050,7,20,20,0.0
405,AT_CCGT,2050,7,21,21,0.0
406,AT_CCGT,2050,7,22,22,0.0
407,AT_CCGT,2050,7,23,23,0.0
408,AT_CCGT,2050,7,24,24,0.0
409,AT_CCGT,2050,8,1,1,0.0
410,AT_CCGT,2050,8,2,2,0.0
411,AT_CCGT,2050,8,3,3,0.0
412,AT_CCGT,2050,8,4,4,0.0
413,AT_CCGT,2050,8,5,5,0.0
414,AT_CCGT,2050,8,6,6,0.0
415,AT_CCGT,2050,8,7,7,0.0
416,AT_CCGT,2050,8,8,8,0.0
417,AT_CCGT,2050,8,9,9,0.0
418,AT_CCGT,2050,8,10,10,0.0
419,AT_CCGT,2050,8,11,11,0.0
420,AT_CCGT,2050,8,12,12,0.0
421,AT_CCGT,2050,8,13,13,0.0
422,AT_CCGT,2050,8,14,14,0.0
423,AT_CCGT,2050,8,15,15,0.0
424,AT_CCGT,2050,8,16,16,0.0
425,AT_CCGT,2050,8,17,17,0.0
426,AT_CCGT,2050,8,18,18,0.0
427,AT_CCGT,2050,8,19,19,0.0
428,AT_CCGT,2050,8,20,20,0.0
429,AT_CCGT,2050,8,21,21,0.0
430,AT_CCGT,2050,8,22,22,0.0
431,AT_CCGT,2050,8,23,23,0.0
432,AT_CCGT,2050,8,24,24,0.0
433,AT_CCGT,2050,9,1,1,0.0
434,AT_CCGT,2050,9,2,2,0.0
435,AT_CCGT,2050,9,3,3,0.0
436,AT_CCGT,2050,9,4,4,0.0
437,AT_CCGT,2050,9,5,5,0.0
438,AT_CCGT,2050,9,6,6,0.0
439,AT_CCGT,2050,9,7,7,0.0
440,AT_CCGT,2050,9,8,8,0.0
441,AT_CCGT,2050,9,9,9,0.0
442,AT_CCGT,2050,9,10,10,0.0
443,AT_CCGT,2050,9,11,11,0.0
444,AT_CCGT,2050,9,12,12,0.0
445,AT_CCGT,2050,9,13,13,0.0
446,AT_CCGT,2050,9,14,14,0.0
447,AT_CCGT,2050,9,15,15,0.0
448,AT_CCGT,2050,9,16,16,0.0
449,AT_CCGT,2050,9,17,17,0.0
450,AT_CCGT,2050,9,18,18,0.0
451,AT_CCGT,2050,9,19,19,0.0
452,AT_CCGT,2050,9,20,20,0.0
453,AT_CCGT,2050,9,21,21,0.0
454,AT_CCGT,2050,9,22,22,0.0
455,AT_CCGT,2050,9,23,23,0.0
456,AT_CCGT,2050,9,24,24,0.0
457,AT_CCGT,2050,10,1,1,0.0
458,AT_CCGT,2050,10,2,2,0.0
459,AT_CCGT,2050,10,3,3,0.0
460,AT_CCGT,2050,10,4,4,0.0
461,AT_CCGT,2050,10,5,5,0.0
462,AT_CCGT,2050,10,6,6,0.0
463,AT_CCGT,2050,10,7,7,0.0
464,AT_CCGT,2050,10,8,8,0.0
465,AT_CCGT,2050,10,9,9,0.0
466,AT_CCGT,2050,10,10,10,0.0
467,AT_CCGT,2050,10,11,11,0.0
468,AT_CCGT,2050,10,12,12,0.0
469,AT_CCGT,2050,10,13,13,0.0
470,AT_CCGT,2050,10,14,14,0.0
471,AT_CCGT,2050,10,15,15,0.0
472,AT_CCGT,2050,10,16,16,0.0
473,AT_CCGT,2050,10,17,17,-0.8279999999999996
474,AT_CCGT,2050,10,18,18,-0.8279999999999996
475,AT_CCGT,2050,10,19,19,-0.8279999999999996
476,AT_CCGT,2050,10,20,20,0.0
477,AT_CCGT,2050,10,21,21,0.0
478,AT_CCGT,2050,10,22,22,0.0
479,AT_CCGT,2050,10,23,23,0.0
480,AT_CCGT,2050,10,24,24,0.0
481,AT_Coal,2050,1,1,1,0.0
482,AT_Coal,2050,1,2,2,0.0
483,AT_Coal,2050,1,3,3,0.0
484,AT_Coal,2050,1,4,4,0.0
485,AT_Coal,2050,1,5,5,0.0
486,AT_Coal,2050,1,6,6,-0.8109000000000001
487,AT_Coal,2050,1,7,7,-0.8109000000000001
488,AT_Coal,2050,1,8,8,-0.8109000000000001
489,AT_Coal,2050,1,9,9,-0.8109000000000001
490,AT_Coal,2050,1,10,10,-0.8109000000000001
491,AT_Coal,2050,1,11,11,-0.8109000000000001
492,AT_Coal,2050,1,12,12,-0.8109000000000001
493,AT_Coal,2050,1,13,13,-0.8109000000000001
494,AT_Coal,2050,1,14,14,0.0
495,AT_Coal,2050,1,15,15,0.0
496,AT_Coal,2050,1,16,16,-0.8109000000000001
497,AT_Coal,2050,1,17,17,-0.8109000000000001
498,AT_Coal,2050,1,18,18,-1.7649
499,AT_Coal,2050,1,19,19,-1.7649
500,AT_Coal,2050,1,20,20,-1.7649
501,AT_Coal,2050,1,21,21,-0.8109000000000001
502,AT_Coal,2050,1,22,22,0.0
503,AT_Coal,2050,1,23,23,0.0
504,AT_Coal,2050,1,24,24,0.0
505,AT_Coal,2050,2,1,1,0.0
506,AT_Coal,2050,2,2,2,0.0
507,AT_Coal,2050,2,3,3,0.0
508,AT_Coal,2050,2,4,4,0.0
509,AT_Coal,2050,2,5,5,0.0
510,AT_Coal,2050,2,6,6,0.0
511,AT_Coal,2050,2,7,7,0.0
512,AT_Coal,2050,2,8,8,0.0
513,AT_Coal,2050,2,9,9,0.0
514,AT_Coal,2050,2,10,10,0.0
515,AT_Coal,2050,2,11,11,0.0
516,AT_Coal,2050,2,12,12,0.0
517,AT_Coal,2050,2,13,13,0.0
518,AT_Coal,2050,2,14,14,0.0
519,AT_Coal,2050,2,15,15,0.0
520,AT_Coal,2050,2,16,16,0.0
521,AT_Coal,2050,2,17,17,0.0
522,AT_Coal,2050,2,18,18,0.0
523,AT_Coal,2050,2,19,19,0.0
524,AT_Coal,2050,2,20,20,0.0
525,AT_Coal,2050,2,21,21,0.0
526,AT_Coal,2050,2,22,22,0.0
527,AT_Coal,2050,2,23,23,0.0
528,AT_Coal,2050,2,24,24,0.0
529,AT_Coal,2050,3,1,1,-0.9656999999999999
530,AT_Coal,2050,3,2,2,-0.4437000000000001
531,AT_Coal,2050,3,3,3,-0.4437000000000001
532,AT_Coal,2050,3,4,4,-0.4437000000000001
533,AT_Coal,2050,3,5,5,-0.4437000000000001
534,AT_Coal,2050,3,6,6,-0.4437000000000001
535,AT_Coal,2050,3,7,7,-0.9656999999999999
536,AT_Coal,2050,3,8,8,-0.9656999999999999
537,AT_Coal,2050,3,9,9,-0.9656999999999999
538,AT_Coal,2050,3,10,10,-0.9656999999999999
539,AT_Coal,2050,3,11,11,-0.9656999999999999
540,AT_Coal,2050,3,12,12,-0.9656999999999999
541,AT_Coal,2050,3,13,13,-0.9656999999999999
542,AT_Coal,2050,3,14,14,-0.9656999999999999
543,AT_Coal,2050,3,15,15,-0.9656999999999999
544,AT_Coal,2050,3,16,16,-0.9656999999999999
545,AT_Coal,2050,3,17,17,-5.596465705666335
546,AT_Coal,2050,3,18,18,-18.99263141133267
547,AT_Coal,2050,3,19,19,-5.596465705666335
548,AT_Coal,2050,3,20,20,-0.9656999999999999
549,AT_Coal,2050,3,21,21,-0.9656999999999999
550,AT_Coal,2050,3,22,22,-0.9656999999999999
551,AT_Coal,2050,3,23,23,-0.9656999999999999
552,AT_Coal,2050,3,24,24,-0.9656999999999999
553,AT_Coal,2050,4,1,1,0.0
554,AT_Coal,2050,4,2,2,0.0
555,AT_Coal,2050,4,3,3,0.0
556,AT_Coal,2050,4,4,4,0.0
557,AT_Coal,2050,4,5,5,0.0
558,AT_Coal,2050,4,6,6,0.0
559,AT_Coal,2050,4,7,7,0.0
560,AT_Coal,2050,4,8,8,0.0
561,AT_Coal,2050,4,9,9,0.0
562,AT_Coal,2050,4,10,10,0.0
563,AT_Coal,2050,4,11,11,0.0
564,AT_Coal,2050,4,12,12,0.0
565,AT_Coal,2050,4,13,13,0.0
566,AT_Coal,2050,4,14,14,0.0
567,AT_Coal,2050,4,15,15,0.0
568,AT_Coal,2050,4,16,16,0.0
569,AT_Coal,2050,4,17,17,-0.3519
570,AT_Coal,2050,4,18,18,-0.3519
571,AT_Coal,2050,4,19,19,-0.3519
572,AT_Coal,2050,4,20,20,-0.3519
573,AT_Coal,2050,4,21,21,0.0
574,AT_Coal,2050,4,22,22,0.0
575,AT_Coal,2050,4,23,23,0.0
576,AT_Coal,2050,4,24,24,0.0
577,AT_Coal,2050,5,1,1,0.0
578,AT_Coal,2050,5,2,2,0.0
579,AT_Coal,2050,5,3,3,0.0
580,AT_Coal,2050,5,4,4,0.0
581,AT_Coal,2050,5,5,5,0.0
582,AT_Coal,2050,5,6,6,0.0
583,AT_Coal,2050,5,7,7,0.0
584,AT_Coal,2050,5,8,8,0.0
585,AT_Coal,2050,5,9,9,0.0
586,AT_Coal,2050,5,10,10,0.0
587,AT_Coal,2050,5,11,11,0.0
588,AT_Coal,2050,5,12,12,0.0
589,AT_Coal,2050,5,13,13,0.0
590,AT_Coal,2050,5,14,14,0.0
591,AT_Coal,2050,5,15,15,0.0
592,AT_Coal,2050,5,16,16,0.0
593,AT_Coal,2050,5,17,17,0.0
594,AT_Coal,2050,5,18,18,0.0
595,AT_Coal,2050,5,19,19,0.0
596,AT_Coal,2050,5,20,20,0.0
597,AT_Coal,2050,5,21,21,0.0
598,AT_Coal,2050,5,22,22,0.0
599,AT_Coal,2050,5,23,23,0.0
600,AT_Coal,2050,5,24,24,0.0
601,AT_Coal,2050,6,1,1,0.0
602,AT_Coal,2050,6,2,2,0.0
603,AT_Coal,2050,6,3,3,0.0
604,AT_Coal,2050,6,4,4,0.0
605,AT_Coal,2050,6,5,5,0.0
606,AT_Coal,2050,6,6,6,0.0
607,AT_Coal,2050,6,7,7,0.0
608,AT_Coal,2050,6,8,8,0.0
609,AT_Coal,2050,6,9,9,0.0
610,AT_Coal,2050,6,10,10,0.0
611,AT_Coal,2050,6,11,11,0.0
612,AT_Coal,2050,6,12,12,0.0
613,AT_Coal,2050,6,13,13,0.0
614,AT_Coal,2050,6,14,14,0.0
615,AT_Coal,2050,6,15,15,0.0
616,AT_Coal,2050,6,16,16,0.0
617,AT_Coal,2050,6,17,17,0.0
618,AT_Coal,2050,6,18,18,0.0
619,AT_Coal,2050,6,19,19,0.0
620,AT_Coal,2050,6,20,20,0.0
621,AT_Coal,2050,6,21,21,0.0
622,AT_Coal,2050,6,22,22,0.0
623,AT_Coal,2050,6,23,23,0.0
624,AT_Coal,2050,6,24,24,0.0
625,AT_Coal,2050,7,1,1,0.0
626,AT_Coal,2050,7,2,2,0.0
627,AT_Coal,2050,7,3,3,0.0
628,AT_Coal,2050,7,4,4,0.0
629,AT_Coal,2050,7,5,5,0.0
630,AT_Coal,2050,7,6,6,0.0
631,AT_Coal,2050,7,7,7,0.0
632,AT_Coal,2050,7,8,8,0.0
633,AT_Coal,2050,7,9,9,0.0
634,AT_Coal,2050,7,10,10,0.0
635,AT_Coal,2050,7,11,11,0.0
636,AT_Coal,2050,7,12,12,0.0
637,AT_Coal,2050,7,13,13,0.0
638,AT_Coal,2050,7,14,14,0.0
639,AT_Coal,2050,7,15,15,0.0
640,AT_Coal,2050,7,16,16,0.0
641,AT_Coal,2050,7,17,17,0.0
642,AT_Coal,2050,7,18,18,-0.5661
643,AT_Coal,2050,7,19,19,-0.5661
644,AT_Coal,2050,7,20,20,-0.5661
645,AT_Coal,2050,7,21,21,0.0
646,AT_Coal,2050,7,22,22,0.0
647,AT_Coal,2050,7,23,23,0.0
648,AT_Coal,2050,7,24,24,0.0
649,AT_Coal,2050,8,1,1,0.0
650,AT_Coal,2050,8,2,2,0.0
651,AT_Coal,2050,8,3,3,0.0
652,AT_Coal,2050,8,4,4,0.0
653,AT_Coal,2050,8,5,5,0.0
654,AT_Coal,2050,8,6,6,0.0
655,AT_Coal,2050,8,7,7,0.0
656,AT_Coal,2050,8,8,8,0.0
657,AT_Coal,2050,8,9,9,0.0
658,AT_Coal,2050,8,10,10,0.0
659,AT_Coal,2050,8,11,11,0.0
660,AT_Coal,2050,8,12,12,0.0
661,AT_Coal,2050,8,13,13,0.0
662,AT_Coal,2050,8,14,14,0.0
663,AT_Coal,2050,8,15,15,0.0
664,AT_Coal,2050,8,16,16,0.0
665,AT_Coal,2050,8,17,17,0.0
666,AT_Coal,2050,8,18,18,-0.47430000000000017
667,AT_Coal,2050,8,19,19,-0.47430000000000017
668,AT_Coal,2050,8,20,20,0.0
669,AT_Coal,2050,8,21,21,0.0
670,AT_Coal,2050,8,22,22,0.0
671,AT_Coal,2050,8,23,23,0.0
672,AT_Coal,2050,8,24,24,0.0
673,AT_Coal,2050,9,1,1,0.0
674,AT_Coal,2050,9,2,2,0.0
675,AT_Coal,2050,9,3,3,0.0
676,AT_Coal,2050,9,4,4,0.0
677,AT_Coal,2050,9,5,5,0.0
678,AT_Coal,2050,9,6,6,0.0
679,AT_Coal,2050,9,7,7,0.0
680,AT_Coal,2050,9,8,8,0.0
681,AT_Coal,2050,9,9,9,0.0
682,AT_Coal,2050,9,10,10,0.0
683,AT_Coal,2050,9,11,11,0.0
684,AT_Coal,2050,9,12,12,0.0
685,AT_Coal,2050,9,13,13,0.0
686,AT_Coal,2050,9,14,14,0.0
687,AT_Coal,2050,9,15,15,0.0
688,AT_Coal,2050,9,16,16,0.0
689,AT_Coal,2050,9,17,17,0.0
690,AT_Coal,2050,9,18,18,0.0
691,AT_Coal,2050,9,19,19,0.0
692,AT_Coal,2050,9,20,20,0.0
693,AT_Coal,2050,9,21,21,0.0
694,AT_Coal,2050,9,22,22,0.0
695,AT_Coal,2050,9,23,23,0.0
696,AT_Coal,2050,9,24,24,0.0
697,AT_Coal,2050,10,1,1,0.0
698,AT_Coal,2050,10,2,2,0.0
699,AT_Coal,2050,10,3,3,0.0
700,AT_Coal,2050,10,4,4,0.0
701,AT_Coal,2050,10,5,5,0.0
702,AT_Coal,2050,10,6,6,0.0
703,AT_Coal,2050,10,7,7,-0.7038
704,AT_Coal,2050,10,8,8,-0.7038
705,AT_Coal,2050,10,9,9,-0.7038
706,AT_Coal,2050,10,10,10,-0.7038
707,AT_Coal,2050,10,11,11,-0.7038
708,AT_Coal,2050,10,12,12,-0.7038
709,AT_Coal,2050,10,13,13,-0.7038
710,AT_Coal,2050,10,14,14,-0.7038
711,AT_Coal,2050,10,15,15,-0.7038
712,AT_Coal,2050,10,16,16,-0.7038
713,AT_Coal,2050,10,17,17,-1.5317999999999996
714,AT_Coal,2050,10,18,18,-1.5317999999999996
715,AT_Coal,2050,10,19,19,-1.5317999999999996
716,AT_Coal,2050,10,20,20,-0.7038
717,AT_Coal,2050,10,21,21,-0.7038
718,AT_Coal,2050,10,22,22,0.0
719,AT_Coal,2050,10,23,23,0.0
720,AT_Coal,2050,10,24,24,0.0
721,AT_Nuclear,2050,1,1,1,-0.49290000000000006
722,AT_Nuclear,2050,1,2,2,-0.49290000000000006
723,AT_Nuclear,2050,1,3,3,-0.49290000000000006
724,AT_Nuclear,2050,1,4,4,-0.49290000000000006
725,AT_Nuclear,2050,1,5,5,-0.49290000000000006
726,AT_Nuclear,2050,1,6,6,-1.3038
727,AT_Nuclear,2050,1,7,7,-1.3038
728,AT_Nuclear,2050,1,8,8,-1.3038
729,AT_Nuclear,2050,1,9,9,-1.3038
730,AT_Nuclear,2050,1,10,10,-1.3038
731,AT_Nuclear,2050,1,11,11,-1.3038
732,AT_Nuclear,2050,1,12,12,-1.3038
733,AT_Nuclear,2050,1,13,13,-1.3038
734,AT_Nuclear,2050,1,14,14,-0.49290000000000006
735,AT_Nuclear,2050,1,15,15,-0.49290000000000006
736,AT_Nuclear,2050,1,16,16,-1.3038
737,AT_Nuclear,2050,1,17,17,-1.3038
738,AT_Nuclear,2050,1,18,18,-2.2578
739,AT_Nuclear,2050,1,19,19,-2.2578
740,AT_Nuclear,2050,1,20,20,-2.2578
741,AT_Nuclear,2050,1,21,21,-1.3038
742,AT_Nuclear,2050,1,22,22,-0.49290000000000006
743,AT_Nuclear,2050,1,23,23,-0.49290000000000006
744,AT_Nuclear,2050,1,24,24,-0.49290000000000006
745,AT_Nuclear,2050,2,1,1,0.0
746,AT_Nuclear,2050,2,2,2,0.0
747,AT_Nuclear,2050,2,3,3,0.0
748,AT_Nuclear,2050,2,4,4,0.0
749,AT_Nuclear,2050,2,5,5,0.0
750,AT_Nuclear,2050,2,6,6,0.0
751,AT_Nuclear,2050,2,7,7,0.0
752,AT_Nuclear,2050,2,8,8,0.0
753,AT_Nuclear,2050,2,9,9,0.0
754,AT_Nuclear,2050,2,10,10,0.0
755,AT_Nuclear,2050,2,11,11,0.0
756,AT_Nuclear,2050,2,12,12,0.0
757,AT_Nuclear,2050,2,13,13,0.0
758,AT_Nuclear,2050,2,14,14,0.0
759,AT_Nuclear,2050,2,15,15,0.0
760,AT_Nuclear,2050,2,16,16,0.0
761,AT_Nuclear,2050,2,17,17,0.0
762,AT_Nuclear,2050,2,18,18,0.0
763,AT_Nuclear,2050,2,19,19,0.0
764,AT_Nuclear,2050,2,20,20,0.0
765,AT_Nuclear,2050,2,21,21,0.0
766,AT_Nuclear,2050,2,22,22,0.0
767,AT_Nuclear,2050,2,23,23,0.0
768,AT_Nuclear,2050,2,24,24,0.0
769,AT_Nuclear,2050,3,1,1,-1.2353999999999998
770,AT_Nuclear,2050,3,2,2,-0.7134
771,AT_Nuclear,2050,3,3,3,-0.7134
772,AT_Nuclear,2050,3,4,4,-0.7134
773,AT_Nuclear,2050,3,5,5,-0.7134
774,AT_Nuclear,2050,3,6,6,-0.7134
775,AT_Nuclear,2050,3,7,7,-1.2353999999999998
776,AT_Nuclear,2050,3,8,8,-1.2353999999999998
777,AT_Nuclear,2050,3,9,9,-1.2353999999999998
778,AT_Nuclear,2050,3,10,10,-1.2353999999999998
779,AT_Nuclear,2050,3,11,11,-1.2353999999999998
780,AT_Nuclear,2050,3,12,12,-1.2353999999999998
781,AT_Nuclear,2050,3,13,13,-1.2353999999999998
782,AT_Nuclear,2050,3,14,14,-1.2353999999999998
783,AT_Nuclear,2050,3,15,15,-1.2353999999999998
784,AT_Nuclear,2050,3,16,16,-1.2353999999999998
785,AT_Nuclear,2050,3,17,17,-5.866165705666336
786,AT_Nuclear,2050,3,18,18,-19.26233141133267
787,AT_Nuclear,2050,3,19,19,-5.866165705666336
788,AT_Nuclear,2050,3,20,20,-1.2353999999999998
789,AT_Nuclear,2050,3,21,21,-1.2353999999999998
790,AT_Nuclear,2050,3,22,22,-1.2353999999999998
791,AT_Nuclear,2050,3,23,23,-1.2353999999999998
792,AT_Nuclear,2050,3,24,24,-1.2353999999999998
793,AT_Nuclear,2050,4,1,1,0.0
794,AT_Nuclear,2050,4,2,2,0.0
795,AT_Nuclear,2050,4,3,3,0.0
796,AT_Nuclear,2050,4,4,4,0.0
797,AT_Nuclear,2050,4,5,5,0.0
798,AT_Nuclear,2050,4,6,6,0.0
799,AT_Nuclear,2050,4,7,7,-0.21390000000000003
800,AT_Nuclear,2050,4,8,8,-0.21390000000000003
801,AT_Nuclear,2050,4,9,9,-0.21390000000000003
802,AT_Nuclear,2050,4,10,10,-0.21390000000000003
803,AT_Nuclear,2050,4,11,11,-0.21390000000000003
804,AT_Nuclear,2050,4,12,12,-0.21390000000000003
805,AT_Nuclear,2050,4,13,13,-0.21390000000000003
806,AT_Nuclear,2050,4,14,14,-0.21390000000000003
807,AT_Nuclear,2050,4,15,15,-0.21390000000000003
808,AT_Nuclear,2050,4,16,16,-0.21390000000000003
809,AT_Nuclear,2050,4,17,17,-0.5658000000000001
810,AT_Nuclear,2050,4,18,18,-0.5658000000000001
811,AT_Nuclear,2050,4,19,19,-0.5658000000000001
812,AT_Nuclear,2050,4,20,20,-0.5658000000000001
813,AT_Nuclear,2050,4,21,21,-0.21390000000000003
814,AT_Nuclear,2050,4,22,22,-0.21390000000000003
815,AT_Nuclear,2050,4,23,23,-0.21390000000000003
816,AT_Nuclear,2050,4,24,24,-0.21390000000000003
817,AT_Nuclear,2050,5,1,1,0.0
818,AT_Nuclear,2050,5,2,2,0.0
819,AT_Nuclear,2050,5,3,3,0.0
820,AT_Nuclear,2050,5,4,4,0.0
821,AT_Nuclear,2050,5,5,5,0.0
822,AT_Nuclear,2050,5,6,6,0.0
823,AT_Nuclear,2050,5,7,7,0.0
824,AT_Nuclear,2050,5,8,8,0.0
825,AT_Nuclear,2050,5,9,9,0.0
826,AT_Nuclear,2050,5,10,10,0.0
827,AT_Nuclear,2050,5,11,11,0.0
828,AT_Nuclear,2050,5,12,12,0.0
829,AT_Nuclear,2050,5,13,13,0.0
830,AT_Nuclear,2050,5,14,14,0.0
831,AT_Nuclear,2050,5,15,15,0.0
832,AT_Nuclear,2050,5,16,16,0.0
833,AT_Nuclear,2050,5,17,17,-0.48360000000000003
834,AT_Nuclear,2050,5,18,18,-0.48360000000000003
835,AT_Nuclear,2050,5,19,19,-0.48360000000000003
836,AT_Nuclear,2050,5,20,20,-0.48360000000000003
837,AT_Nuclear,2050,5,21,21,0.0
838,AT_Nuclear,2050,5,22,22,0.0
839,AT_Nuclear,2050,5,23,23,0.0
840,AT_Nuclear,2050,5,24,24,0.0
841,AT_Nuclear,2050,6,1,1,0.0
842,AT_Nuclear,2050,6,2,2,0.0
843,AT_Nuclear,2050,6,3,3,0.0
844,AT_Nuclear,2050,6,4,4,0.0
845,AT_Nuclear,2050,6,5,5,0.0
846,AT_Nuclear,2050,6,6,6,0.0
847,AT_Nuclear,2050,6,7,7,0.0
848,AT_Nuclear,2050,6,8,8,0.0
849,AT_Nuclear,2050,6,9,9,0.0
850,AT_Nuclear,2050,6,10,10,0.0
851,AT_Nuclear,2050,6,11,11,0.0
852,AT_Nuclear,2050,6,12,12,0.0
853,AT_Nuclear,2050,6,13,13,0.0
854,AT_Nuclear,2050,6,14,14,0.0
855,AT_Nuclear,2050,6,15,15,0.0
856,AT_Nuclear,2050,6,16,16,0.0
857,AT_Nuclear,2050,6,17,17,0.0
858,AT_Nuclear,2050,6,18,18,0.0
859,AT_Nuclear,2050,6,19,19,0.0
860,AT_Nuclear,2050,6,20,20,0.0
861,AT_Nuclear,2050,6,21,21,0.0
862,AT_Nuclear,2050,6,22,22,0.0
863,AT_Nuclear,2050,6,23,23,0.0
864,AT_Nuclear,2050,6,24,24,0.0
865,AT_Nuclear,2050,7,1,1,0.0
866,AT_Nuclear,2050,7,2,2,0.0
867,AT_Nuclear,2050,7,3,3,0.0
868,AT_Nuclear,2050,7,4,4,0.0
869,AT_Nuclear,2050,7,5,5,-0.3441000000000001
870,AT_Nuclear,2050,7,6,6,-0.3441000000000001
871,AT_Nuclear,2050,7,7,7,-0.3441000000000001
872,AT_Nuclear,2050,7,8,8,-0.3441000000000001
873,AT_Nuclear,2050,7,9,9,-0.3441000000000001
874,AT_Nuclear,2050,7,10,10,-0.3441000000000001
875,AT_Nuclear,2050,7,11,11,-0.3441000000000001
876,AT_Nuclear,2050,7,12,12,-0.3441000000000001
877,AT_Nuclear,2050,7,13,13,-0.3441000000000001
878,AT_Nuclear,2050,7,14,14,-0.3441000000000001
879,AT_Nuclear,2050,7,15,15,-0.3441000000000001
880,AT_Nuclear,2050,7,16,16,-0.3441000000000001
881,AT_Nuclear,2050,7,17,17,-0.3441000000000001
882,AT_Nuclear,2050,7,18,18,-0.9102000000000001
883,AT_Nuclear,2050,7,19,19,-0.9102000000000001
884,AT_Nuclear,2050,7,20,20,-0.9102000000000001
885,AT_Nuclear,2050,7,21,21,-0.3441000000000001
886,AT_Nuclear,2050,7,22,22,-0.3441000000000001
887,AT_Nuclear,2050,7,23,23,-0.3441000000000001
888,AT_Nuclear,2050,7,24,24,-0.3441000000000001
889,AT_Nuclear,2050,8,1,1,-0.2883
890,AT_Nuclear,2050,8,2,2,-0.2883
891,AT_Nuclear,2050,8,3,3,-0.2883
892,AT_Nuclear,2050,8,4,4,-0.2883
893,AT_Nuclear,2050,8,5,5,-0.2883
894,AT_Nuclear,2050,8,6,6,-0.2883
895,AT_Nuclear,2050,8,7,7,-0.2883
896,AT_Nuclear,2050,8,8,8,-0.2883
897,AT_Nuclear,2050,8,9,9,-0.2883
898,AT_Nuclear,2050,8,10,10,-0.2883
899,AT_Nuclear,2050,8,11,11,-0.2883
900,AT_Nuclear,2050,8,12,12,-0.2883
901,AT_Nuclear,2050,8,13,13,-0.2883
902,AT_Nuclear,2050,8,14,14,-0.2883
903,AT_Nuclear,2050,8,15,15,-0.2883
904,AT_Nuclear,2050,8,16,16,-0.2883
905,AT_Nuclear,2050,8,17,17,-0.2883
906,AT_Nuclear,2050,8,18,18,-0.7626000000000002
907,AT_Nuclear,2050,8,19,19,-0.7626000000000002
908,AT_Nuclear,2050,8,20,20,-0.2883
909,AT_Nuclear,2050,8,21,21,-0.2883
910,AT_Nuclear,2050,8,22,22,-0.2883
911,AT_Nuclear,2050,8,23,23,-0.2883
912,AT_Nuclear,2050,8,24,24,-0.2883
913,AT_Nuclear,2050,9,1,1,0.0
914,AT_Nuclear,2050,9,2,2,0.0
915,AT_Nuclear,2050,9,3,3,0.0
916,AT_Nuclear,2050,9,4,4,0.0
917,AT_Nuclear,2050,9,5,5,0.0
918,AT_Nuclear,2050,9,6,6,-0.39990000000000003
919,AT_Nuclear,2050,9,7,7,-0.39990000000000003
920,AT_Nuclear,2050,9,8,8,-0.39990000000000003
921,AT_Nuclear,2050,9,9,9,-0.39990000000000003
922,AT_Nuclear,2050,9,10,10,-0.39990000000000003
923,AT_Nuclear,2050,9,11,11,-0.39990000000000003
924,AT_Nuclear,2050,9,12,12,-0.39990000000000003
925,AT_Nuclear,2050,9,13,13,-0.39990000000000003
926,AT_Nuclear,2050,9,14,14,-0.39990000000000003
927,AT_Nuclear,2050,9,15,15,-0.39990000000000003
928,AT_Nuclear,2050,9,16,16,-0.39990000000000003
929,AT_Nuclear,2050,9,17,17,-0.39990000000000003
930,AT_Nuclear,2050,9,18,18,-0.39990000000000003
931,AT_Nuclear,2050,9,19,19,-0.39990000000000003
932,AT_Nuclear,2050,9,20,20,-0.39990000000000003
933,AT_Nuclear,2050,9,21,21,0.0
934,AT_Nuclear,2050,9,22,22,0.0
935,AT_Nuclear,2050,9,23,23,0.0
936,AT_Nuclear,2050,9,24,24,0.0
937,AT_Nuclear,2050,10,1,1,-0.42780000000000007
938,AT_Nuclear,2050,10,2,2,-0.42780000000000007
939,AT_Nuclear,2050,10,3,3,-0.42780000000000007
940,AT_Nuclear,2050,10,4,4,-0.42780000000000007
941,AT_Nuclear,2050,10,5,5,-0.42780000000000007
942,AT_Nuclear,2050,10,6,6,-0.42780000000000007
943,AT_Nuclear,2050,10,7,7,-1.1316000000000002
944,AT_Nuclear,2050,10,8,8,-1.1316000000000002
945,AT_Nuclear,2050,10,9,9,-1.1316000000000002
946,AT_Nuclear,2050,10,10,10,-1.1316000000000002
947,AT_Nuclear,2050,10,11,11,-1.1316000000000002
948,AT_Nuclear,2050,10,12,12,-1.1316000000000002
949,AT_Nuclear,2050,10,13,13,-1.1316000000000002
950,AT_Nuclear,2050,10,14,14,-1.1316000000000002
951,AT_Nuclear,2050,10,15,15,-1.1316000000000002
952,AT_Nuclear,2050,10,16,16,-1.1316000000000002
953,AT_Nuclear,2050,10,17,17,-1.9595999999999996
954,AT_Nuclear,2050,10,18,18,-1.9595999999999996
955,AT_Nuclear,2050,10,19,19,-1.9595999999999996
956,AT_Nuclear,2050,10,20,20,-1.1316000000000002
957,AT_Nuclear,2050,10,21,21,-1.1316000000000002
958,AT_Nuclear,2050,10,22,22,-0.42780000000000007
959,AT_Nuclear,2050,10,23,23,-0.42780000000000007
960,AT_Nuclear,2050,10,24,24,-0.42780000000000007
961,AT_OCGT,2050,1,1,1,0.0
962,AT_OCGT,2050,1,2,2,0.0
963,AT_OCGT,2050,1,3,3,0.0
964,AT_OCGT,2050,1,4,4,0.0
965,AT_OCGT,2050,1,5,5,0.0
966,AT_OCGT,2050,1,6,6,0.0
967,AT_OCGT,2050,1,7,7,0.0
968,AT_OCGT,2050,1,8,8,0.0
969,AT_OCGT,2050,1,9,9,0.0
970,AT_OCGT,2050,1,10,10,0.0
971,AT_OCGT,2050,1,11,11,0.0
972,AT_OCGT,2050,1,12,12,0.0
973,AT_OCGT,2050,1,13,13,0.0
974,AT_OCGT,2050,1,14,14,0.0
975,AT_OCGT,2050,1,15,15,0.0
976,AT_OCGT,2050,1,16,16,0.0
977,AT_OCGT,2050,1,17,17,0.0
978,AT_OCGT,2050,1,18,18,0.0
979,AT_OCGT,2050,1,19,19,0.0
980,AT_OCGT,2050,1,20,20,0.0
981,AT_OCGT,2050,1,21,21,0.0
982,AT_OCGT,2050,1,22,22,0.0
983,AT_OCGT,2050,1,23,23,0.0
984,AT_OCGT,2050,1,24,24,0.0
985,AT_OCGT,2050,2,1,1,0.0
986,AT_OCGT,2050,2,2,2,0.0
987,AT_OCGT,2050,2,3,3,0.0
988,AT_OCGT,2050,2,4,4,0.0
989,AT_OCGT,2050,2,5,5,0.0
990,AT_OCGT,2050,2,6,6,0.0
991,AT_OCGT,2050,2,7,7,0.0
992,AT_OCGT,2050,2,8,8,0.0
993,AT_OCGT,2050,2,9,9,0.0
994,AT_OCGT,2050,2,10,10,0.0
995,AT_OCGT,2050,2,11,11,0.0
996,AT_OCGT,2050,2,12,12,0.0
997,AT_OCGT,2050,2,13,13,0.0
998,AT_OCGT,2050,2,14,14,0.0
999,AT_OCGT,2050,2,15,15,0.0
1000,AT_OCGT,2050,2,16,16,0.0
1001,AT_OCGT,2050,2,17,17,0.0
1002,AT_OCGT,2050,2,18,18,0.0
1003,AT_OCGT,2050,2,19,19,0.0
1004,AT_OCGT,2050,2,20,20,0.0
1005,AT_OCGT,2050,2,21,21,0.0
1006,AT_OCGT,2050,2,22,22,0.0
1007,AT_OCGT,2050,2,23,23,0.0
1008,AT_OCGT,2050,2,24,24,0.0
1009,AT_OCGT,2050,3,1,1,0.0
1010,AT_OCGT,2050,3,2,2,0.0
1011,AT_OCGT,2050,3,3,3,0.0
1012,AT_OCGT,2050,3,4,4,0.0
1013,AT_OCGT,2050,3,5,5,0.0
1014,AT_OCGT,2050,3,6,6,0.0
1015,AT_OCGT,2050,3,7,7,0.0
1016,AT_OCGT,2050,3,8,8,0.0
1017,AT_OCGT,2050,3,9,9,0.0
1018,AT_OCGT,2050,3,10,10,0.0
1019,AT_OCGT,2050,3,11,11,0.0
1020,AT_OCGT,2050,3,12,12,0.0
1021,AT_OCGT,2050,3,13,13,0.0
1022,AT_OCGT,2050,3,14,14,0.0
1023,AT_OCGT,2050,3,15,15,0.0
1024,AT_OCGT,2050,3,16,16,0.0
1025,AT_OCGT,2050,3,17,17,-4.630765705666335
1026,AT_OCGT,2050,3,18,18,-18.026931411332672
1027,AT_OCGT,2050,3,19,19,-4.630765705666335
1028,AT_OCGT,2050,3,20,20,0.0
1029,AT_OCGT,2050,3,21,21,0.0
1030,AT_OCGT,2050,3,22,22,0.0
1031,AT_OCGT,2050,3,23,23,0.0
1032,AT_OCGT,2050,3,24,24,0.0
1033,AT_OCGT,2050,4,1,1,0.0
1034,AT_OCGT,2050,4,2,2,0.0
1035,AT_OCGT,2050,4,3,3,0.0
1036,AT_OCGT,2050,4,4,4,0.0
1037,AT_OCGT,2050,4,5,5,0.0
1038,AT_OCGT,2050,4,6,6,0.0
1039,AT_OCGT,2050,4,7,7,0.0
1040,AT_OCGT,2050,4,8,8,0.0
1041,AT_OCGT,2050,4,9,9,0.0
1042,AT_OCGT,2050,4,10,10,0.0
1043,AT_OCGT,2050,4,11,11,0.0
1044,AT_OCGT,2050,4,12,12,0.0
1045,AT_OCGT,2050,4,13,13,0.0
1046,AT_OCGT,2050,4,14,14,0.0
1047,AT_OCGT,2050,4,15,15,0.0
1048,AT_OCGT,2050,4,16,16,0.0
1049,AT_OCGT,2050,4,17,17,0.0
1050,AT_OCGT,2050,4,18,18,0.0
1051,AT_OCGT,2050,4,19,19,0.0
1052,AT_OCGT,2050,4,20,20,0.0
1053,AT_OCGT,2050,4,21,21,0.0
1054,AT_OCGT,2050,4,22,22,0.0
1055,AT_OCGT,2050,4,23,23,0.0
1056,AT_OCGT,2050,4,24,24,0.0
1057,AT_OCGT,2050,5,1,1,0.0
1058,AT_OCGT,2050,5,2,2,0.0
1059,AT_OCGT,2050,5,3,3,0.0
1060,AT_OCGT,2050,5,4,4,0.0
1061,AT_OCGT,2050,5,5,5,0.0
1062,AT_OCGT,2050,5,6,6,0.0
1063,AT_OCGT,2050,5,7,7,0.0
1064,AT_OCGT,2050,5,8,8,0.0
1065,AT_OCGT,2050,5,9,9,0.0
1066,AT_OCGT,2050,5,10,10,0.0
1067,AT_OCGT,2050,5,11,11,0.0
1068,AT_OCGT,2050,5,12,12,0.0
1069,AT_OCGT,2050,5,13,13,0.0
1070,AT_OCGT,2050,5,14,14,0.0
1071,AT_OCGT,2050,5,15,15,0.0
1072,AT_OCGT,2050,5,16,16,0.0
1073,AT_OCGT,2050,5,17,17,0.0
1074,AT_OCGT,2050,5,18,18,0.0
1075,AT_OCGT,2050,5,19,19,0.0
1076,AT_OCGT,2050,5,20,20,0.0
1077,AT_OCGT,2050,5,21,21,0.0
1078,AT_OCGT,2050,5,22,22,0.0
1079,AT_OCGT,2050,5,23,23,0.0
1080,AT_OCGT,2050,5,24,24,0.0
1081,AT_OCGT,2050,6,1,1,0.0
1082,AT_OCGT,2050,6,2,2,0.0
1083,AT_OCGT,2050,6,3,3,0.0
1084,AT_OCGT,2050,6,4,4,0.0
1085,AT_OCGT,2050,6,5,5,0.0
1086,AT_OCGT,2050,6,6,6,0.0
1087,AT_OCGT,2050,6,7,7,0.0
1088,AT_OCGT,2050,6,8,8,0.0
1089,AT_OCGT,2050,6,9,9,0.0
1090,AT_OCGT,2050,6,10,10,0.0
1091,AT_OCGT,2050,6,11,11,0.0
1092,AT_OCGT,2050,6,12,12,0.0
1093,AT_OCGT,2050,6,13,13,0.0
1094,AT_OCGT,2050,6,14,14,0.0
1095,AT_OCGT,2050,6,15,15,0.0
1096,AT_OCGT,2050,6,16,16,0.0
1097,AT_OCGT,2050,6,17,17,0.0
1098,AT_OCGT,2050,6,18,18,0.0
1099,AT_OCGT,2050,6,19,19,0.0
1100,AT_OCGT,2050,6,20,20,0.0
1101,AT_OCGT,2050,6,21,21,0.0
1102,AT_OCGT,2050,6,22,22,0.0
1103,AT_OCGT,2050,6,23,23,0.0
1104,AT_OCGT,2050,6,24,24,0.0
1105,AT_OCGT,2050,7,1,1,0.0
1106,AT_OCGT,2050,7,2,2,0.0
1107,AT_OCGT,2050,7,3,3,0.0
1108,AT_OCGT,2050,7,4,4,0.0
1109,AT_OCGT,2050,7,5,5,0.0
1110,AT_OCGT,2050,7,6,6,0.0
1111,AT_OCGT,2050,7,7,7,0.0
1112,AT_OCGT,2050,7,8,8,0.0
1113,AT_OCGT,2050,7,9,9,0.0
1114,AT_OCGT,2050,7,10,10,0.0
1115,AT_OCGT,2050,7,11,11,0.0
1116,AT_OCGT,2050,7,12,12,0.0
1117,AT_OCGT,2050,7,13,13,0.0
1118,AT_OCGT,2050,7,14,14,0.0
1119,AT_OCGT,2050,7,15,15,0.0
1120,AT_OCGT,2050,7,16,16,0.0
1121,AT_OCGT,2050,7,17,17,0.0
1122,AT_OCGT,2050,7,18,18,0.0
1123,AT_OCGT,2050,7,19,19,0.0
1124,AT_OCGT,2050,7,20,20,0.0
1125,AT_OCGT,2050,7,21,21,0.0
1126,AT_OCGT,2050,7,22,22,0.0
1127,AT_OCGT,2050,7,23,23,0.0
1128,AT_OCGT,2050,7,24,24,0.0
1129,AT_OCGT,2050,8,1,1,0.0
1130,AT_OCGT,2050,8,2,2,0.0
1131,AT_OCGT,2050,8,3,3,0.0
1132,AT_OCGT,2050,8,4,4,0.0
1133,AT_OCGT,2050,8,5,5,0.0
1134,AT_OCGT,2050,8,6,6,0.0
1135,AT_OCGT,2050,8,7,7,0.0
1136,AT_OCGT,2050,8,8,8,0.0
1137,AT_OCGT,2050,8,9,9,0.0
1138,AT_OCGT,2050,8,10,10,0.0
1139,AT_OCGT,2050,8,11,11,0.0
1140,AT_OCGT,2050,8,12,12,0.0
1141,AT_OCGT,2050,8,13,13,0.0
1142,AT_OCGT,2050,8,14,14,0.0
1143,AT_OCGT,2050,8,15,15,0.0
1144,AT_OCGT,2050,8,16,16,0.0
1145,AT_OCGT,2050,8,17,17,0.0
1146,AT_OCGT,2050,8,18,18,0.0
1147,AT_OCGT,2050,8,19,19,0.0
1148,AT_OCGT,2050,8,20,20,0.0
1149,AT_OCGT,2050,8,21,21,0.0
1150,AT_OCGT,2050,8,22,22,0.0
1151,AT_OCGT,2050,8,23,23,0.0
1152,AT_OCGT,2050,8,24,24,0.0
1153,AT_OCGT,2050,9,1,1,0.0
1154,AT_OCGT,2050,9,2,2,0.0
1155,AT_OCGT,2050,9,3,3,0.0
1156,AT_OCGT,2050,9,4,4,0.0
1157,AT_OCGT,2050,9,5,5,0.0
1158,AT_OCGT,2050,9,6,6,0.0
1159,AT_OCGT,2050,9,7,7,0.0
1160,AT_OCGT,2050,9,8,8,0.0
1161,AT_OCGT,2050,9,9,9,0.0
1162,AT_OCGT,2050,9,10,10,0.0
1163,AT_OCGT,2050,9,11,11,0.0
1164,AT_OCGT,2050,9,12,12,0.0
1165,AT_OCGT,2050,9,13,13,0.0
1166,AT_OCGT,2050,9,14,14,0.0
1167,AT_OCGT,2050,9,15,15,0.0
1168,AT_OCGT,2050,9,16,16,0.0
1169,AT_OCGT,2050,9,17,17,0.0
1170,AT_OCGT,2050,9,18,18,0.0
1171,AT_OCGT,2050,9,19,19,0.0
1172,AT_OCGT,2050,9,20,20,0.0
1173,AT_OCGT,2050,9,21,21,0.0
1174,AT_OCGT,2050,9,22,22,0.0
1175,AT_OCGT,2050,9,23,23,0.0
1176,AT_OCGT,2050,9,24,24,0.0
1177,AT_OCGT,2050,10,1,1,0.0
1178,AT_OCGT,2050,10,2,2,0.0
1179,AT_OCGT,2050,10,3,3,0.0
1180,AT_OCGT,2050,10,4,4,0.0
1181,AT_OCGT,2050,10,5,5,0.0
1182,AT_OCGT,2050,10,6,6,0.0
1183,AT_OCGT,2050,10,7,7,0.0
1184,AT_OCGT,2050,10,8,8,0.0
1185,AT_OCGT,2050,10,9,9,0.0
1186,AT_OCGT,2050,10,10,10,0.0
1187,AT_OCGT,2050,10,11,11,0.0
1188,AT_OCGT,2050,10,12,12,0.0
1189,AT_OCGT,2050,10,13,13,0.0
1190,AT_OCGT,2050,10,14,14,0.0
1191,AT_OCGT,2050,10,15,15,0.0
1192,AT_OCGT,2050,10,16,16,0.0
1193,AT_OCGT,2050,10,17,17,0.0
1194,AT_OCGT,2050,10,18,18,0.0
1195,AT_OCGT,2050,10,19,19,0.0
1196,AT_OCGT,2050,10,20,20,0.0
1197,AT_OCGT,2050,10,21,21,0.0
1198,AT_OCGT,2050,10,22,22,0.0
1199,AT_OCGT,2050,10,23,23,0.0
1200,AT_OCGT,2050,10,24,24,0.0
1201,AT_Solar,2050,1,1,1,-0.9381
1202,AT_Solar,2050,1,2,2,-0.9381
1203,AT_Solar,2050,1,3,3,-0.9381
1204,AT_Solar,2050,1,4,4,-0.9381
1205,AT_Solar,2050,1,5,5,-0.9381
1206,AT_Solar,2050,1,6,6,-1.749
1207,AT_Solar,2050,1,7,7,-1.749
1208,AT_Solar,2050,1,8,8,-1.749
1209,AT_Solar,2050,1,9,9,-1.749
1210,AT_Solar,2050,1,10,10,-1.749
1211,AT_Solar,2050,1,11,11,-1.749
1212,AT_Solar,2050,1,12,12,-1.749
1213,AT_Solar,2050,1,13,13,-1.749
1214,AT_Solar,2050,1,14,14,-0.9381
1215,AT_Solar,2050,1,15,15,-0.9381
1216,AT_Solar,2050,1,16,16,-1.749
1217,AT_Solar,2050,1,17,17,-1.749
1218,AT_Solar,2050,1,18,18,-2.703
1219,AT_Solar,2050,1,19,19,-2.703
1220,AT_Solar,2050,1,20,20,-2.703
1221,AT_Solar,2050,1,21,21,-1.749
1222,AT_Solar,2050,1,22,22,-0.9381
1223,AT_Solar,2050,1,23,23,-0.9381
1224,AT_Solar,2050,1,24,24,-0.9381
1225,AT_Solar,2050,2,1,1,0.0
1226,AT_Solar,2050,2,2,2,0.0
1227,AT_Solar,2050,2,3,3,0.0
1228,AT_Solar,2050,2,4,4,0.0
1229,AT_Solar,2050,2,5,5,0.0
1230,AT_Solar,2050,2,6,6,0.0
1231,AT_Solar,2050,2,7,7,0.0
1232,AT_Solar,2050,2,8,8,0.0
1233,AT_Solar,2050,2,9,9,0.0
1234,AT_Solar,2050,2,10,10,0.0
1235,AT_Solar,2050,2,11,11,0.0
1236,AT_Solar,2050,2,12,12,0.0
1237,AT_Solar,2050,2,13,13,0.0
1238,AT_Solar,2050,2,14,14,0.0
1239,AT_Solar,2050,2,15,15,0.0
1240,AT_Solar,2050,2,16,16,0.0
1241,AT_Solar,2050,2,17,17,0.0
1242,AT_Solar,2050,2,18,18,0.0
1243,AT_Solar,2050,2,19,19,0.0
1244,AT_Solar,2050,2,20,20,0.0
1245,AT_Solar,2050,2,21,21,0.0
1246,AT_Solar,2050,2,22,22,0.0
1247,AT_Solar,2050,2,23,23,0.0
1248,AT_Solar,2050,2,24,24,0.0
1249,AT_Solar,2050,3,1,1,-1.4789999999999999
1250,AT_Solar,2050,3,2,2,-0.9570000000000001
1251,AT_Solar,2050,3,3,3,-0.9570000000000001
1252,AT_Solar,2050,3,4,4,-0.9570000000000001
1253,AT_Solar,2050,3,5,5,-0.9570000000000001
1254,AT_Solar,2050,3,6,6,-0.9570000000000001
1255,AT_Solar,2050,3,7,7,-1.4789999999999999
1256,AT_Solar,2050,3,8,8,-1.4789999999999999
1257,AT_Solar,2050,3,9,9,-1.4789999999999999
1258,AT_Solar,2050,3,10,10,-1.4789999999999999
1259,AT_Solar,2050,3,11,11,-1.4789999999999999
1260,AT_Solar,2050,3,12,12,-1.4789999999999999
1261,AT_Solar,2050,3,13,13,-1.4789999999999999
1262,AT_Solar,2050,3,14,14,-1.4789999999999999
1263,AT_Solar,2050,3,15,15,-1.4789999999999999
1264,AT_Solar,2050,3,16,16,-1.4789999999999999
1265,AT_Solar,2050,3,17,17,-6.1097657056663355
1266,AT_Solar,2050,3,18,18,-19.50593141133267
1267,AT_Solar,2050,3,19,19,-6.1097657056663355
1268,AT_Solar,2050,3,20,20,-1.4789999999999999
1269,AT_Solar,2050,3,21,21,-1.4789999999999999
1270,AT_Solar,2050,3,22,22,-1.4789999999999999
1271,AT_Solar,2050,3,23,23,-1.4789999999999999
1272,AT_Solar,2050,3,24,24,-1.4789999999999999
1273,AT_Solar,2050,4,1,1,0.0
1274,AT_Solar,2050,4,2,2,0.0
1275,AT_Solar,2050,4,3,3,0.0
1276,AT_Solar,2050,4,4,4,0.0
1277,AT_Solar,2050,4,5,5,0.0
1278,AT_Solar,2050,4,6,6,0.0
1279,AT_Solar,2050,4,7,7,-0.4071
1280,AT_Solar,2050,4,8,8,-0.4071
1281,AT_Solar,2050,4,9,9,-0.4071
1282,AT_Solar,2050,4,10,10,-0.4071
1283,AT_Solar,2050,4,11,11,-0.4071
1284,AT_Solar,2050,4,12,12,-0.4071
1285,AT_Solar,2050,4,13,13,-0.4071
1286,AT_Solar,2050,4,14,14,-0.4071
1287,AT_Solar,2050,4,15,15,-0.4071
1288,AT_Solar,2050,4,16,16,-0.4071
1289,AT_Solar,2050,4,17,17,-0.759
1290,AT_Solar,2050,4,18,18,-0.759
1291,AT_Solar,2050,4,19,19,-0.759
1292,AT_Solar,2050,4,20,20,-0.759
1293,AT_Solar,2050,4,21,21,-0.4071
1294,AT_Solar,2050,4,22,22,-0.4071
1295,AT_Solar,2050,4,23,23,-0.4071
1296,AT_Solar,2050,4,24,24,-0.4071
1297,AT_Solar,2050,5,1,1,0.0
1298,AT_Solar,2050,5,2,2,0.0
1299,AT_Solar,2050,5,3,3,0.0
1300,AT_Solar,2050,5,4,4,0.0
1301,AT_Solar,2050,5,5,5,0.0
1302,AT_Solar,2050,5,6,6,0.0
1303,AT_Solar,2050,5,7,7,0.0
1304,AT_Solar,2050,5,8,8,0.0
1305,AT_Solar,2050,5,9,9,0.0
1306,AT_Solar,2050,5,10,10,0.0
1307,AT_Solar,2050,5,11,11,0.0
1308,AT_Solar,2050,5,12,12,0.0
1309,AT_Solar,2050,5,13,13,0.0
1310,AT_Solar,2050,5,14,14,0.0
1311,AT_Solar,2050,5,15,15,0.0
1312,AT_Solar,2050,5,16,16,0.0
1313,AT_Solar,2050,5,17,17,-0.9204
1314,AT_Solar,2050,5,18,18,-0.9204
1315,AT_Solar,2050,5,19,19,-0.9204
1316,AT_Solar,2050,5,20,20,-0.9204
1317,AT_Solar,2050,5,21,21,0.0
1318,AT_Solar,2050,5,22,22,0.0
1319,AT_Solar,2050,5,23,23,0.0
1320,AT_Solar,2050,5,24,24,0.0
1321,AT_Solar,2050,6,1,1,0.0
1322,AT_Solar,2050,6,2,2,0.0
1323,AT_Solar,2050,6,3,3,0.0
1324,AT_Solar,2050,6,4,4,0.0
1325,AT_Solar,2050,6,5,5,0.0
1326,AT_Solar,2050,6,6,6,0.0
1327,AT_Solar,2050,6,7,7,0.0
1328,AT_Solar,2050,6,8,8,0.0
1329,AT_Solar,2050,6,9,9,0.0
1330,AT_Solar,2050,6,10,10,0.0
1331,AT_Solar,2050,6,11,11,0.0
1332,AT_Solar,2050,6,12,12,0.0
1333,AT_Solar,2050,6,13,13,0.0
1334,AT_Solar,2050,6,14,14,0.0
1335,AT_Solar,2050,6,15,15,0.0
1336,AT_Solar,2050,6,16,16,0.0
1337,AT_Solar,2050,6,17,17,0.0
1338,AT_Solar,2050,6,18,18,0.0
1339,AT_Solar,2050,6,19,19,0.0
1340,AT_Solar,2050,6,20,20,0.0
1341,AT_Solar,2050,6,21,21,0.0
1342,AT_Solar,2050,6,22,22,0.0
1343,AT_Solar,2050,6,23,23,0.0
1344,AT_Solar,2050,6,24,24,0.0
1345,AT_Solar,2050,7,1,1,0.0
1346,AT_Solar,2050,7,2,2,0.0
1347,AT_Solar,2050,7,3,3,0.0
1348,AT_Solar,2050,7,4,4,0.0
1349,AT_Solar,2050,7,5,5,-0.6549
1350,AT_Solar,2050,7,6,6,-0.6549
1351,AT_Solar,2050,7,7,7,-0.6549
1352,AT_Solar,2050,7,8,8,-0.6549
1353,AT_Solar,2050,7,9,9,-0.6549
1354,AT_Solar,2050,7,10,10,-0.6549
1355,AT_Solar,2050,7,11,11,-0.6549
1356,AT_Solar,2050,7,12,12,-0.6549
1357,AT_Solar,2050,7,13,13,-0.6549
1358,AT_Solar,2050,7,14,14,-0.6549
1359,AT_Solar,2050,7,15,15,-0.6549
1360,AT_Solar,2050,7,16,16,-0.6549
1361,AT_Solar,2050,7,17,17,-0.6549
1362,AT_Solar,2050,7,18,18,-1.221
1363,AT_Solar,2050,7,19,19,-1.221
1364,AT_Solar,2050,7,20,20,-1.221
1365,AT_Solar,2050,7,21,21,-0.6549
1366,AT_Solar,2050,7,22,22,-0.6549
1367,AT_Solar,2050,7,23,23,-0.6549
1368,AT_Solar,2050,7,24,24,-0.6549
1369,AT_Solar,2050,8,1,1,-0.5487
1370,AT_Solar,2050,8,2,2,-0.5487
1371,AT_Solar,2050,8,3,3,-0.5487
1372,AT_Solar,2050,8,4,4,-0.5487
1373,AT_Solar,2050,8,5,5,-0.5487
1374,AT_Solar,2050,8,6,6,-0.5487
1375,AT_Solar,2050,8,7,7,-0.5487
1376,AT_Solar,2050,8,8,8,-0.5487
1377,AT_Solar,2050,8,9,9,-0.5487
1378,AT_Solar,2050,8,10,10,-0.5487
1379,AT_Solar,2050,8,11,11,-0.5487
1380,AT_Solar,2050,8,12,12,-0.5487
1381,AT_Solar,2050,8,13,13,-0.5487
1382,AT_Solar,2050,8,14,14,-0.5487
1383,AT_Solar,2050,8,15,15,-0.5487
1384,AT_Solar,2050,8,16,16,-0.5487
1385,AT_Solar,2050,8,17,17,-0.5487
1386,AT_Solar,2050,8,18,18,-1.0230000000000001
1387,AT_Solar,2050,8,19,19,-1.0230000000000001
1388,AT_Solar,2050,8,20,20,-0.5487
1389,AT_Solar,2050,8,21,21,-0.5487
1390,AT_Solar,2050,8,22,22,-0.5487
1391,AT_Solar,2050,8,23,23,-0.5487
1392,AT_Solar,2050,8,24,24,-0.5487
1393,AT_Solar,2050,9,1,1,0.0
1394,AT_Solar,2050,9,2,2,0.0
1395,AT_Solar,2050,9,3,3,0.0
1396,AT_Solar,2050,9,4,4,0.0
1397,AT_Solar,2050,9,5,5,0.0
1398,AT_Solar,2050,9,6,6,-0.7611
1399,AT_Solar,2050,9,7,7,-0.7611
1400,AT_Solar,2050,9,8,8,-0.7611
1401,AT_Solar,2050,9,9,9,-0.7611
1402,AT_Solar,2050,9,10,10,-0.7611
1403,AT_Solar,2050,9,11,11,-0.7611
1404,AT_Solar,2050,9,12,12,-0.7611
1405,AT_Solar,2050,9,13,13,-0.7611
1406,AT_Solar,2050,9,14,14,-0.7611
1407,AT_Solar,2050,9,15,15,-0.7611
1408,AT_Solar,2050,9,16,16,-0.7611
1409,AT_Solar,2050,9,17,17,-0.7611
1410,AT_Solar,2050,9,18,18,-0.7611
1411,AT_Solar,2050,9,19,19,-0.7611
1412,AT_Solar,2050,9,20,20,-0.7611
1413,AT_Solar,2050,9,21,21,0.0
1414,AT_Solar,2050,9,22,22,0.0
1415,AT_Solar,2050,9,23,23,0.0
1416,AT_Solar,2050,9,24,24,0.0
1417,AT_Solar,2050,10,1,1,-0.8142
1418,AT_Solar,2050,10,2,2,-0.8142
1419,AT_Solar,2050,10,3,3,-0.8142
1420,AT_Solar,2050,10,4,4,-0.8142
1421,AT_Solar,2050,10,5,5,-0.8142
1422,AT_Solar,2050,10,6,6,-0.8142
1423,AT_Solar,2050,10,7,7,-1.518
1424,AT_Solar,2050,10,8,8,-1.518
1425,AT_Solar,2050,10,9,9,-1.518
1426,AT_Solar,2050,10,10,10,-1.518
1427,AT_Solar,2050,10,11,11,-1.518
1428,AT_Solar,2050,10,12,12,-1.518
1429,AT_Solar,2050,10,13,13,-1.518
1430,AT_Solar,2050,10,14,14,-1.518
1431,AT_Solar,2050,10,15,15,-1.518
1432,AT_Solar,2050,10,16,16,-1.518
1433,AT_Solar,2050,10,17,17,-2.3459999999999996
1434,AT_Solar,2050,10,18,18,-2.3459999999999996
1435,AT_Solar,2050,10,19,19,-2.3459999999999996
1436,AT_Solar,2050,10,20,20,-1.518
1437,AT_Solar,2050,10,21,21,-1.518
1438,AT_Solar,2050,10,22,22,-0.8142
1439,AT_Solar,2050,10,23,23,-0.8142
1440,AT_Solar,2050,10,24,24,-0.8142
1441,AT_Wind_Offshore,2050,1,1,1,-0.9381
1442,AT_Wind_Offshore,2050,1,2,2,-0.9381
1443,AT_Wind_Offshore,2050,1,3,3,-0.9381
1444,AT_Wind_Offshore,2050,1,4,4,-0.9381
1445,AT_Wind_Offshore,2050,1,5,5,-0.9381
1446,AT_Wind_Offshore,2050,1,6,6,-1.749
1447,AT_Wind_Offshore,2050,1,7,7,-1.749
1448,AT_Wind_Offshore,2050,1,8,8,-1.749
1449,AT_Wind_Offshore,2050,1,9,9,-1.749
1450,AT_Wind_Offshore,2050,1,10,10,-1.749
1451,AT_Wind_Offshore,2050,1,11,11,-1.749
1452,AT_Wind_Offshore,2050,1,12,12,-1.749
1453,AT_Wind_Offshore,2050,1,13,13,-1.749
1454,AT_Wind_Offshore,2050,1,14,14,-0.9381
1455,AT_Wind_Offshore,2050,1,15,15,-0.9381
1456,AT_Wind_Offshore,2050,1,16,16,-1.749
1457,AT_Wind_Offshore,2050,1,17,17,-1.749
1458,AT_Wind_Offshore,2050,1,18,18,-2.703
1459,AT_Wind_Offshore,2050,1,19,19,-2.703
1460,AT_Wind_Offshore,2050,1,20,20,-2.703
1461,AT_Wind_Offshore,2050,1,21,21,-1.749
1462,AT_Wind_Offshore,2050,1,22,22,-0.9381
1463,AT_Wind_Offshore,2050,1,23,23,-0.9381
1464,AT_Wind_Offshore,2050,1,24,24,-0.9381
1465,AT_Wind_Offshore,2050,2,1,1,0.0
1466,AT_Wind_Offshore,2050,2,2,2,0.0
1467,AT_Wind_Offshore,2050,2,3,3,0.0
1468,AT_Wind_Offshore,2050,2,4,4,0.0
1469,AT_Wind_Offshore,2050,2,5,5,0.0
1470,AT_Wind_Offshore,2050,2,6,6,0.0
1471,AT_Wind_Offshore,2050,2,7,7,0.0
1472,AT_Wind_Offshore,2050,2,8,8,0.0
1473,AT_Wind_Offshore,2050,2,9,9,0.0
1474,AT_Wind_Offshore,2050,2,10,10,0.0
1475,AT_Wind_Offshore,2050,2,11,11,0.0
1476,AT_Wind_Offshore,2050,2,12,12,0.0
1477,AT_Wind_Offshore,2050,2,13,13,0.0
1478,AT_Wind_Offshore,2050,2,14,14,0.0
1479,AT_Wind_Offshore,2050,2,15,15,0.0
1480,AT_Wind_Offshore,2050,2,16,16,0.0
1481,AT_Wind_Offshore,2050,2,17,17,0.0
1482,AT_Wind_Offshore,2050,2,18,18,0.0
1483,AT_Wind_Offshore,2050,2,19,19,0.0
1484,AT_Wind_Offshore,2050,2,20,20,0.0
1485,AT_Wind_Offshore,2050,2,21,21,0.0
1486,AT_Wind_Offshore,2050,2,22,22,0.0
1487,AT_Wind_Offshore,2050,2,23,23,0.0
1488,AT_Wind_Offshore,2050,2,24,24,0.0
1489,AT_Wind_Offshore,2050,3,1,1,-1.4789999999999999
1490,AT_Wind_Offshore,2050,3,2,2,-0.9570000000000001
1491,AT_Wind_Offshore,2050,3,3,3,-0.9570000000000001
1492,AT_Wind_Offshore,2050,3,4,4,-0.9570000000000001
1493,AT_Wind_Offshore,2050,3,5,5,-0.9570000000000001
1494,AT_Wind_Offshore,2050,3,6,6,-0.9570000000000001
1495,AT_Wind_Offshore,2050,3,7,7,-1.4789999999999999
1496,AT_Wind_Offshore,2050,3,8,8,-1.4789999999999999
1497,AT_Wind_Offshore,2050,3,9,9,-1.4789999999999999
1498,AT_Wind_Offshore,2050,3,10,10,-1.4789999999999999
1499,AT_Wind_Offshore,2050,3,11,11,-1.4789999999999999
1500,AT_Wind_Offshore,2050,3,12,12,-1.4789999999999999
1501,AT_Wind_Offshore,2050,3,13,13,-1.4789999999999999
1502,AT_Wind_Offshore,2050,3,14,14,-1.4789999999999999
1503,AT_Wind_Offshore,2050,3,15,15,-1.4789999999999999
1504,AT_Wind_Offshore,2050,3,16,16,-1.4789999999999999
1505,AT_Wind_Offshore,2050,3,17,17,-6.1097657056663355
1506,AT_Wind_Offshore,2050,3,18,18,-19.50593141133267
1507,AT_Wind_Offshore,2050,3,19,19,-6.1097657056663355
1508,AT_Wind_Offshore,2050,3,20,20,-1.4789999999999999
1509,AT_Wind_Offshore,2050,3,21,21,-1.4789999999999999
1510,AT_Wind_Offshore,2050,3,22,22,-1.4789999999999999
1511,AT_Wind_Offshore,2050,3,23,23,-1.4789999999999999
1512,AT_Wind_Offshore,2050,3,24,24,-1.4789999999999999
1513,AT_Wind_Offshore,2050,4,1,1,0.0
1514,AT_Wind_Offshore,2050,4,2,2,0.0
1515,AT_Wind_Offshore,2050,4,3,3,0.0
1516,AT_Wind_Offshore,2050,4,4,4,0.0
1517,AT_Wind_Offshore,2050,4,5,5,0.0
1518,AT_Wind_Offshore,2050,4,6,6,0.0
1519,AT_Wind_Offshore,2050,4,7,7,-0.4071
1520,AT_Wind_Offshore,2050,4,8,8,-0.4071
1521,AT_Wind_Offshore,2050,4,9,9,-0.4071
1522,AT_Wind_Offshore,2050,4,10,10,-0.4071
1523,AT_Wind_Offshore,2050,4,11,11,-0.4071
1524,AT_Wind_Offshore,2050,4,12,12,-0.4071
1525,AT_Wind_Offshore,2050,4,13,13,-0.4071
1526,AT_Wind_Offshore,2050,4,14,14,-0.4071
1527,AT_Wind_Offshore,2050,4,15,15,-0.4071
1528,AT_Wind_Offshore,2050,4,16,16,-0.4071
1529,AT_Wind_Offshore,2050,4,17,17,-0.759
1530,AT_Wind_Offshore,2050,4,18,18,-0.759
1531,AT_Wind_Offshore,2050,4,19,19,-0.759
1532,AT_Wind_Offshore,2050,4,20,20,-0.759
1533,AT_Wind_Offshore,2050,4,21,21,-0.4071
1534,AT_Wind_Offshore,2050,4,22,22,-0.4071
1535,AT_Wind_Offshore,2050,4,23,23,-0.4071
1536,AT_Wind_Offshore,2050,4,24,24,-0.4071
1537,AT_Wind_Offshore,2050,5,1,1,0.0
1538,AT_Wind_Offshore,2050,5,2,2,0.0
1539,AT_Wind_Offshore,2050,5,3,3,0.0
1540,AT_Wind_Offshore,2050,5,4,4,0.0
1541,AT_Wind_Offshore,2050,5,5,5,0.0
1542,AT_Wind_Offshore,2050,5,6,6,0.0
1543,AT_Wind_Offshore,2050,5,7,7,0.0
1544,AT_Wind_Offshore,2050,5,8,8,0.0
1545,AT_Wind_Offshore,2050,5,9,9,0.0
1546,AT_Wind_Offshore,2050,5,10,10,0.0
1547,AT_Wind_Offshore,2050,5,11,11,0.0
1548,AT_Wind_Offshore,2050,5,12,12,0.0
1549,AT_Wind_Offshore,2050,5,13,13,0.0
1550,AT_Wind_Offshore,2050,5,14,14,0.0
1551,AT_Wind_Offshore,2050,5,15,15,0.0
1552,AT_Wind_Offshore,2050,5,16,16,0.0
1553,AT_Wind_Offshore,2050,5,17,17,-0.9204
1554,AT_Wind_Offshore,2050,5,18,18,-0.9204
1555,AT_Wind_Offshore,2050,5,19,19,-0.9204
1556,AT_Wind_Offshore,2050,5,20,20,-0.9204
1557,AT_Wind_Offshore,2050,5,21,21,0.0
1558,AT_Wind_Offshore,2050,5,22,22,0.0
1559,AT_Wind_Offshore,2050,5,23,23,0.0
1560,AT_Wind_Offshore,2050,5,24,24,0.0
1561,AT_Wind_Offshore,2050,6,1,1,0.0
1562,AT_Wind_Offshore,2050,6,2,2,0.0
1563,AT_Wind_Offshore,2050,6,3,3,0.0
1564,AT_Wind_Offshore,2050,6,4,4,0.0
1565,AT_Wind_Offshore,2050,6,5,5,0.0
1566,AT_Wind_Offshore,2050,6,6,6,0.0
1567,AT_Wind_Offshore,2050,6,7,7,0.0
1568,AT_Wind_Offshore,2050,6,8,8,0.0
1569,AT_Wind_Offshore,2050,6,9,9,0.0
1570,AT_Wind_Offshore,2050,6,10,10,0.0
1571,AT_Wind_Offshore,2050,6,11,11,0.0
1572,AT_Wind_Offshore,2050,6,12,12,0.0
1573,AT_Wind_Offshore,2050,6,13,13,0.0
1574,AT_Wind_Offshore,2050,6,14,14,0.0
1575,AT_Wind_Offshore,2050,6,15,15,0.0
1576,AT_Wind_Offshore,2050,6,16,16,0.0
1577,AT_Wind_Offshore,2050,6,17,17,0.0
1578,AT_Wind_Offshore,2050,6,18,18,0.0
1579,AT_Wind_Offshore,2050,6,19,19,0.0
1580,AT_Wind_Offshore,2050,6,20,20,0.0
1581,AT_Wind_Offshore,2050,6,21,21,0.0
1582,AT_Wind_Offshore,2050,6,22,22,0.0
1583,AT_Wind_Offshore,2050,6,23,23,0.0
1584,AT_Wind_Offshore,2050,6,24,24,0.0
1585,AT_Wind_Offshore,2050,7,1,1,0.0
1586,AT_Wind_Offshore,2050,7,2,2,0.0
1587,AT_Wind_Offshore,2050,7,3,3,0.0
1588,AT_Wind_Offshore,2050,7,4,4,0.0
1589,AT_Wind_Offshore,2050,7,5,5,-0.6549
1590,AT_Wind_Offshore,2050,7,6,6,-0.6549
1591,AT_Wind_Offshore,2050,7,7,7,-0.6549
1592,AT_Wind_Offshore,2050,7,8,8,-0.6549
1593,AT_Wind_Offshore,2050,7,9,9,-0.6549
1594,AT_Wind_Offshore,2050,7,10,10,-0.6549
1595,AT_Wind_Offshore,2050,7,11,11,-0.6549
1596,AT_Wind_Offshore,2050,7,12,12,-0.6549
1597,AT_Wind_Offshore,2050,7,13,13,-0.6549
1598,AT_Wind_Offshore,2050,7,14,14,-0.6549
1599,AT_Wind_Offshore,2050,7,15,15,-0.6549
1600,AT_Wind_Offshore,2050,7,16,16,-0.6549
1601,AT_Wind_Offshore,2050,7,17,17,-0.6549
1602,AT_Wind_Offshore,2050,7,18,18,-1.221
1603,AT_Wind_Offshore,2050,7,19,19,-1.221
1604,AT_Wind_Offshore,2050,7,20,20,-1.221
1605,AT_Wind_Offshore,2050,7,21,21,-0.6549
1606,AT_Wind_Offshore,2050,7,22,22,-0.6549
1607,AT_Wind_Offshore,2050,7,23,23,-0.6549
1608,AT_Wind_Offshore,2050,7,24,24,-0.6549
1609,AT_Wind_Offshore,2050,8,1,1,-0.5487
1610,AT_Wind_Offshore,2050,8,2,2,-0.5487
1611,AT_Wind_Offshore,2050,8,3,3,-0.5487
1612,AT_Wind_Offshore,2050,8,4,4,-0.5487
1613,AT_Wind_Offshore,2050,8,5,5,-0.5487
1614,AT_Wind_Offshore,2050,8,6,6,-0.5487
1615,AT_Wind_Offshore,2050,8,7,7,-0.5487
1616,AT_Wind_Offshore,2050,8,8,8,-0.5487
1617,AT_Wind_Offshore,2050,8,9,9,-0.5487
1618,AT_Wind_Offshore,2050,8,10,10,-0.5487
1619,AT_Wind_Offshore,2050,8,11,11,-0.5487
1620,AT_Wind_Offshore,2050,8,12,12,-0.5487
1621,AT_Wind_Offshore,2050,8,13,13,-0.5487
1622,AT_Wind_Offshore,2050,8,14,14,-0.5487
1623,AT_Wind_Offshore,2050,8,15,15,-0.5487
1624,AT_Wind_Offshore,2050,8,16,16,-0.5487
1625,AT_Wind_Offshore,2050,8,17,17,-0.5487
1626,AT_Wind_Offshore,2050,8,18,18,-1.0230000000000001
1627,AT_Wind_Offshore,2050,8,19,19,-1.0230000000000001
1628,AT_Wind_Offshore,2050,8,20,20,-0.5487
1629,AT_Wind_Offshore,2050,8,21,21,-0.5487
1630,AT_Wind_Offshore,2050,8,22,22,-0.5487
1631,AT_Wind_Offshore,2050,8,23,23,-0.5487
1632,AT_Wind_Offshore,2050,8,24,24,-0.5487
1633,AT_Wind_Offshore,2050,9,1,1,0.0
1634,AT_Wind_Offshore,2050,9,2,2,0.0
1635,AT_Wind_Offshore,2050,9,3,3,0.0
1636,AT_Wind_Offshore,2050,9,4,4,0.0
1637,AT_Wind_Offshore,2050,9,5,5,0.0
1638,AT_Wind_Offshore,2050,9,6,6,-0.7611
1639,AT_Wind_Offshore,2050,9,7,7,-0.7611
1640,AT_Wind_Offshore,2050,9,8,8,-0.7611
1641,AT_Wind_Offshore,2050,9,9,9,-0.7611
1642,AT_Wind_Offshore,2050,9,10,10,-0.7611
1643,AT_Wind_Offshore,2050,9,11,11,-0.7611
1644,AT_Wind_Offshore,2050,9,12,12,-0.7611
1645,AT_Wind_Offshore,2050,9,13,13,-0.7611
1646,AT_Wind_Offshore,2050,9,14,14,-0.7611
1647,AT_Wind_Offshore,2050,9,15,15,-0.7611
1648,AT_Wind_Offshore,2050,9,16,16,-0.7611
1649,AT_Wind_Offshore,2050,9,17,17,-0.7611
1650,AT_Wind_Offshore,2050,9,18,18,-0.7611
1651,AT_Wind_Offshore,2050,9,19,19,-0.7611
1652,AT_Wind_Offshore,2050,9,20,20,-0.7611
1653,AT_Wind_Offshore,2050,9,21,21,0.0
1654,AT_Wind_Offshore,2050,9,22,22,0.0
1655,AT_Wind_Offshore,2050,9,23,23,0.0
1656,AT_Wind_Offshore,2050,9,24,24,0.0
1657,AT_Wind_Offshore,2050,10,1,1,-0.8142
1658,AT_Wind_Offshore,2050,10,2,2,-0.8142
1659,AT_Wind_Offshore,2050,10,3,3,-0.8142
1660,AT_Wind_Offshore,2050,10,4,4,-0.8142
1661,AT_Wind_Offshore,2050,10,5,5,-0.8142
1662,AT_Wind_Offshore,2050,10,6,6,-0.8142
1663,AT_Wind_Offshore,2050,10,7,7,-1.518
1664,AT_Wind_Offshore,2050,10,8,8,-1.518
1665,AT_Wind_Offshore,2050,10,9,9,-1.518
1666,AT_Wind_Offshore,2050,10,10,10,-1.518
1667,AT_Wind_Offshore,2050,10,11,11,-1.518
1668,AT_Wind_Offshore,2050,10,12,12,-1.518
1669,AT_Wind_Offshore,2050,10,13,13,-1.518
1670,AT_Wind_Offshore,2050,10,14,14,-1.518
1671,AT_Wind_Offshore,2050,10,15,15,-1.518
1672,AT_Wind_Offshore,2050,10,16,16,-1.518
1673,AT_Wind_Offshore,2050,10,17,17,-2.3459999999999996
1674,AT_Wind_Offshore,2050,10,18,18,-2.3459999999999996
1675,AT_Wind_Offshore,2050,10,19,19,-2.3459999999999996
1676,AT_Wind_Offshore,2050,10,20,20,-1.518
1677,AT_Wind_Offshore,2050,10,21,21,-1.518
1678,AT_Wind_Offshore,2050,10,22,22,-0.8142
1679,AT_Wind_Offshore,2050,10,23,23,-0.8142
1680,AT_Wind_Offshore,2050,10,24,24,-0.8142
1681,AT_Wind_Onshore,2050,1,1,1,-0.9381
1682,AT_Wind_Onshore,2050,1,2,2,-0.9381
1683,AT_Wind_Onshore,2050,1,3,3,-0.9381
1684,AT_Wind_Onshore,2050,1,4,4,-0.9381
1685,AT_Wind_Onshore,2050,1,5,5,-0.9381
1686,AT_Wind_Onshore,2050,1,6,6,-1.749
1687,AT_Wind_Onshore,2050,1,7,7,-1.749
1688,AT_Wind_Onshore,2050,1,8,8,-1.749
1689,AT_Wind_Onshore,2050,1,9,9,-1.749
1690,AT_Wind_Onshore,2050,1,10,10,-1.749
1691,AT_Wind_Onshore,2050,1,11,11,-1.749
1692,AT_Wind_Onshore,2050,1,12,12,-1.749
1693,AT_Wind_Onshore,2050,1,13,13,-1.749
1694,AT_Wind_Onshore,2050,1,14,14,-0.9381
1695,AT_Wind_Onshore,2050,1,15,15,-0.9381
1696,AT_Wind_Onshore,2050,1,16,16,-1.749
1697,AT_Wind_Onshore,2050,1,17,17,-1.749
1698,AT_Wind_Onshore,2050,1,18,18,-2.703
1699,AT_Wind_Onshore,2050,1,19,19,-2.703
1700,AT_Wind_Onshore,2050,1,20,20,-2.703
1701,AT_Wind_Onshore,2050,1,21,21,-1.749
1702,AT_Wind_Onshore,2050,1,22,22,-0.9381
1703,AT_Wind_Onshore,2050,1,23,23,-0.9381
1704,AT_Wind_Onshore,2050,1,24,24,-0.9381
1705,AT_Wind_Onshore,2050,2,1,1,0.0
1706,AT_Wind_Onshore,2050,2,2,2,0.0
1707,AT_Wind_Onshore,2050,2,3,3,0.0
1708,AT_Wind_Onshore,2050,2,4,4,0.0
1709,AT_Wind_Onshore,2050,2,5,5,0.0
1710,AT_Wind_Onshore,2050,2,6,6,0.0
1711,AT_Wind_Onshore,2050,2,7,7,0.0
1712,AT_Wind_Onshore,2050,2,8,8,0.0
1713,AT_Wind_Onshore,2050,2,9,9,0.0
1714,AT_Wind_Onshore,2050,2,10,10,0.0
1715,AT_Wind_Onshore,2050,2,11,11,0.0
1716,AT_Wind_Onshore,2050,2,12,12,0.0
1717,AT_Wind_Onshore,2050,2,13,13,0.0
1718,AT_Wind_Onshore,2050,2,14,14,0.0
1719,AT_Wind_Onshore,2050,2,15,15,0.0
1720,AT_Wind_Onshore,2050,2,16,16,0.0
1721,AT_Wind_Onshore,2050,2,17,17,0.0
1722,AT_Wind_Onshore,2050,2,18,18,0.0
1723,AT_Wind_Onshore,2050,2,19,19,0.0
1724,AT_Wind_Onshore,2050,2,20,20,0.0
1725,AT_Wind_Onshore,2050,2,21,21,0.0
1726,AT_Wind_Onshore,2050,2,22,22,0.0
1727,AT_Wind_Onshore,2050,2,23,23,0.0
1728,AT_Wind_Onshore,2050,2,24,24,0.0
1729,AT_Wind_Onshore,2050,3,1,1,-1.4789999999999999
1730,AT_Wind_Onshore,2050,3,2,2,-0.9570000000000001
1731,AT_Wind_Onshore,2050,3,3,3,-0.9570000000000001
1732,AT_Wind_Onshore,2050,3,4,4,-0.9570000000000001
1733,AT_Wind_Onshore,2050,3,5,5,-0.9570000000000001
1734,AT_Wind_Onshore,2050,3,6,6,-0.9570000000000001
1735,AT_Wind_Onshore,2050,3,7,7,-1.4789999999999999
1736,AT_Wind_Onshore,2050,3,8,8,-1.4789999999999999
1737,AT_Wind_Onshore,2050,3,9,9,-1.4789999999999999
1738,AT_Wind_Onshore,2050,3,10,10,-1.4789999999999999
1739,AT_Wind_Onshore,2050,3,11,11,-1.4789999999999999
1740,AT_Wind_Onshore,2050,3,12,12,-1.4789999999999999
1741,AT_Wind_Onshore,2050,3,13,13,-1.4789999999999999
1742,AT_Wind_Onshore,2050,3,14,14,-1.4789999999999999
1743,AT_Wind_Onshore,2050,3,15,15,-1.4789999999999999
1744,AT_Wind_Onshore,2050,3,16,16,-1.4789999999999999
1745,AT_Wind_Onshore,2050,3,17,17,-6.1097657056663355
1746,AT_Wind_Onshore,2050,3,18,18,-19.50593141133267
1747,AT_Wind_Onshore,2050,3,19,19,-6.1097657056663355
1748,AT_Wind_Onshore,2050,3,20,20,-1.4789999999999999
1749,AT_Wind_Onshore,2050,3,21,21,-1.4789999999999999
1750,AT_Wind_Onshore,2050,3,22,22,-1.4789999999999999
1751,AT_Wind_Onshore,2050,3,23,23,-1.4789999999999999
1752,AT_Wind_Onshore,2050,3,24,24,-1.4789999999999999
1753,AT_Wind_Onshore,2050,4,1,1,0.0
1754,AT_Wind_Onshore,2050,4,2,2,0.0
1755,AT_Wind_Onshore,2050,4,3,3,0.0
1756,AT_Wind_Onshore,2050,4,4,4,0.0
1757,AT_Wind_Onshore,2050,4,5,5,0.0
1758,AT_Wind_Onshore,2050,4,6,6,0.0
1759,AT_Wind_Onshore,2050,4,7,7,-0.4071
1760,AT_Wind_Onshore,2050,4,8,8,-0.4071
1761,AT_Wind_Onshore,2050,4,9,9,-0.4071
1762,AT_Wind_Onshore,2050,4,10,10,-0.4071
1763,AT_Wind_Onshore,2050,4,11,11,-0.4071
1764,AT_Wind_Onshore,2050,4,12,12,-0.4071
1765,AT_Wind_Onshore,2050,4,13,13,-0.4071
1766,AT_Wind_Onshore,2050,4,14,14,-0.4071
1767,AT_Wind_Onshore,2050,4,15,15,-0.4071
1768,AT_Wind_Onshore,2050,4,16,16,-0.4071
1769,AT_Wind_Onshore,2050,4,17,17,-0.759
1770,AT_Wind_Onshore,2050,4,18,18,-0.759
1771,AT_Wind_Onshore,2050,4,19,19,-0.759
1772,AT_Wind_Onshore,2050,4,20,20,-0.759
1773,AT_Wind_Onshore,2050,4,21,21,-0.4071
1774,AT_Wind_Onshore,2050,4,22,22,-0.4071
1775,AT_Wind_Onshore,2050,4,23,23,-0.4071
1776,AT_Wind_Onshore,2050,4,24,24,-0.4071
1777,AT_Wind_Onshore,2050,5,1,1,0.0
1778,AT_Wind_Onshore,2050,5,2,2,0.0
1779,AT_Wind_Onshore,2050,5,3,3,0.0
1780,AT_Wind_Onshore,2050,5,4,4,0.0
1781,AT_Wind_Onshore,2050,5,5,5,0.0
1782,AT_Wind_Onshore,2050,5,6,6,0.0
1783,AT_Wind_Onshore,2050,5,7,7,0.0
1784,AT_Wind_Onshore,2050,5,8,8,0.0
1785,AT_Wind_Onshore,2050,5,9,9,0.0
1786,AT_Wind_Onshore,2050,5,10,10,0.0
1787,AT_Wind_Onshore,2050,5,11,11,0.0
1788,AT_Wind_Onshore,2050,5,12,12,0.0
1789,AT_Wind_Onshore,2050,5,13,13,0.0
1790,AT_Wind_Onshore,2050,5,14,14,0.0
1791,AT_Wind_Onshore,2050,5,15,15,0.0
1792,AT_Wind_Onshore,2050,5,16,16,0.0
1793,AT_Wind_Onshore,2050,5,17,17,-0.9204
1794,AT_Wind_Onshore,2050,5,18,18,-0.9204
1795,AT_Wind_Onshore,2050,5,19,19,-0.9204
1796,AT_Wind_Onshore,2050,5,20,20,-0.9204
1797,AT_Wind_Onshore,2050,5,21,21,0.0
1798,AT_Wind_Onshore,2050,5,22,22,0.0
1799,AT_Wind_Onshore,2050,5,23,23,0.0
1800,AT_Wind_Onshore,2050,5,24,24,0.0
1801,AT_Wind_Onshore,2050,6,1,1,0.0
1802,AT_Wind_Onshore,2050,6,2,2,0.0
1803,AT_Wind_Onshore,2050,6,3,3,0.0
1804,AT_Wind_Onshore,2050,6,4,4,0.0
1805,AT_Wind_Onshore,2050,6,5,5,0.0
1806,AT_Wind_Onshore,2050,6,6,6,0.0
1807,AT_Wind_Onshore,2050,6,7,7,0.0
1808,AT_Wind_Onshore,2050,6,8,8,0.0
1809,AT_Wind_Onshore,2050,6,9,9,0.0
1810,AT_Wind_Onshore,2050,6,10,10,0.0
1811,AT_Wind_Onshore,2050,6,11,11,0.0
1812,AT_Wind_Onshore,2050,6,12,12,0.0
1813,AT_Wind_Onshore,2050,6,13,13,0.0
1814,AT_Wind_Onshore,2050,6,14,14,0.0
1815,AT_Wind_Onshore,2050,6,15,15,0.0
1816,AT_Wind_Onshore,2050,6,16,16,0.0
1817,AT_Wind_Onshore,2050,6,17,17,0.0
1818,AT_Wind_Onshore,2050,6,18,18,0.0
1819,AT_Wind_Onshore,2050,6,19,19,0.0
1820,AT_Wind_Onshore,2050,6,20,20,0.0
1821,AT_Wind_Onshore,2050,6,21,21,0.0
1822,AT_Wind_Onshore,2050,6,22,22,0.0
1823,AT_Wind_Onshore,2050,6,23,23,0.0
1824,AT_Wind_Onshore,2050,6,24,24,0.0
1825,AT_Wind_Onshore,2050,7,1,1,0.0
1826,AT_Wind_Onshore,2050,7,2,2,0.0
1827,AT_Wind_Onshore,2050,7,3,3,0.0
1828,AT_Wind_Onshore,2050,7,4,4,0.0
1829,AT_Wind_Onshore,2050,7,5,5,-0.6549
1830,AT_Wind_Onshore,2050,7,6,6,-0.6549
1831,AT_Wind_Onshore,2050,7,7,7,-0.6549
1832,AT_Wind_Onshore,2050,7,8,8,-0.6549
1833,AT_Wind_Onshore,2050,7,9,9,-0.6549
1834,AT_Wind_Onshore,2050,7,10,10,-0.6549
1835,AT_Wind_Onshore,2050,7,11,11,-0.6549
1836,AT_Wind_Onshore,2050,7,12,12,-0.6549
1837,AT_Wind_Onshore,2050,7,13,13,-0.6549
1838,AT_Wind_Onshore,2050,7,14,14,-0.6549
1839,AT_Wind_Onshore,2050,7,15,15,-0.6549
1840,AT_Wind_Onshore,2050,7,16,16,-0.6549
1841,AT_Wind_Onshore,2050,7,17,17,-0.6549
1842,AT_Wind_Onshore,2050,7,18,18,-1.221
1843,AT_Wind_Onshore,2050,7,19,19,-1.221
1844,AT_Wind_Onshore,2050,7,20,20,-1.221
1845,AT_Wind_Onshore,2050,7,21,21,-0.6549
1846,AT_Wind_Onshore,2050,7,22,22,-0.6549
1847,AT_Wind_Onshore,2050,7,23,23,-0.6549
1848,AT_Wind_Onshore,2050,7,24,24,-0.6549
1849,AT_Wind_Onshore,2050,8,1,1,-0.5487
1850,AT_Wind_Onshore,2050,8,2,2,-0.5487
1851,AT_Wind_Onshore,2050,8,3,3,-0.5487
1852,AT_Wind_Onshore,2050,8,4,4,-0.5487
1853,AT_Wind_Onshore,2050,8,5,5,-0.5487
1854,AT_Wind_Onshore,2050,8,6,6,-0.5487
1855,AT_Wind_Onshore,2050,8,7,7,-0.5487
1856,AT_Wind_Onshore,2050,8,8,8,-0.5487
1857,AT_Wind_Onshore,2050,8,9,9,-0.5487
1858,AT_Wind_Onshore,2050,8,10,10,-0.5487
1859,AT_Wind_Onshore,2050,8,11,11,-0.5487
1860,AT_Wind_Onshore,2050,8,12,12,-0.5487
1861,AT_Wind_Onshore,2050,8,13,13,-0.5487
1862,AT_Wind_Onshore,2050,8,14,14,-0.5487
1863,AT_Wind_Onshore,2050,8,15,15,-0.5487
1864,AT_Wind_Onshore,2050,8,16,16,-0.5487
1865,AT_Wind_Onshore,2050,8,17,17,-0.5487
1866,AT_Wind_Onshore,2050,8,18,18,-1.0230000000000001
1867,AT_Wind_Onshore,2050,8,19,19,-1.0230000000000001
1868,AT_Wind_Onshore,2050,8,20,20,-0.5487
1869,AT_Wind_Onshore,2050,8,21,21,-0.5487
1870,AT_Wind_Onshore,2050,8,22,22,-0.5487
1871,AT_Wind_Onshore,2050,8,23,23,-0.5487
1872,AT_Wind_Onshore,2050,8,24,24,-0.5487
1873,AT_Wind_Onshore,2050,9,1,1,0.0
1874,AT_Wind_Onshore,2050,9,2,2,0.0
1875,AT_Wind_Onshore,2050,9,3,3,0.0
1876,AT_Wind_Onshore,2050,9,4,4,0.0
1877,AT_Wind_Onshore,2050,9,5,5,0.0
1878,AT_Wind_Onshore,2050,9,6,6,-0.7611
1879,AT_Wind_Onshore,2050,9,7,7,-0.7611
1880,AT_Wind_Onshore,2050,9,8,8,-0.7611
1881,AT_Wind_Onshore,2050,9,9,9,-0.7611
1882,AT_Wind_Onshore,2050,9,10,10,-0.7611
1883,AT_Wind_Onshore,2050,9,11,11,-0.7611
1884,AT_Wind_Onshore,2050,9,12,12,-0.7611
1885,AT_Wind_Onshore,2050,9,13,13,-0.7611
1886,AT_Wind_Onshore,2050,9,14,14,-0.7611
1887,AT_Wind_Onshore,2050,9,15,15,-0.7611
1888,AT_Wind_Onshore,2050,9,16,16,-0.7611
1889,AT_Wind_Onshore,2050,9,17,17,-0.7611
1890,AT_Wind_Onshore,2050,9,18,18,-0.7611
1891,AT_Wind_Onshore,2050,9,19,19,-0.7611
1892,AT_Wind_Onshore,2050,9,20,20,-0.7611
1893,AT_Wind_Onshore,2050,9,21,21,0.0
1894,AT_Wind_Onshore,2050,9,22,22,0.0
1895,AT_Wind_Onshore,2050,9,23,23,0.0
1896,AT_Wind_Onshore,2050,9,24,24,0.0
1897,AT_Wind_Onshore,2050,10,1,1,-0.8142
1898,AT_Wind_Onshore,2050,10,2,2,-0.8142
1899,AT_Wind_Onshore,2050,10,3,3,-0.8142
1900,AT_Wind_Onshore,2050,10,4,4,-0.8142
1901,AT_Wind_Onshore,2050,10,5,5,-0.8142
1902,AT_Wind_Onshore,2050,10,6,6,-0.8142
1903,AT_Wind_Onshore,2050,10,7,7,-1.518
1904,AT_Wind_Onshore,2050,10,8,8,-1.518
1905,AT_Wind_Onshore,2050,10,9,9,-1.518
1906,AT_Wind_Onshore,2050,10,10,10,-1.518
1907,AT_Wind_Onshore,2050,10,11,11,-1.518
1908,AT_Wind_Onshore,2050,10,12,12,-1.518
1909,AT_Wind_Onshore,2050,10,13,13,-1.518
1910,AT_Wind_Onshore,2050,10,14,14,-1.518
1911,AT_Wind_Onshore,2050,10,15,15,-1.518
1912,AT_Wind_Onshore,2050,10,16,16,-1.518
1913,AT_Wind_Onshore,2050,10,17,17,-2.3459999999999996
1914,AT_Wind_Onshore,2050,10,18,18,-2.3459999999999996
1915,AT_Wind_Onshore,2050,10,19,19,-2.3459999999999996
1916,AT_Wind_Onshore,2050,10,20,20,-1.518
1917,AT_Wind_Onshore,2050,10,21,21,-1.518
1918,AT_Wind_Onshore,2050,10,22,22,-0.8142
1919,AT_Wind_Onshore,2050,10,23,23,-0.8142
1920,AT_Wind_Onshore,2050,10,24,24,-0.8142
1921,BE_Battery,2050,1,1,1,0.0
1922,BE_Battery,2050,1,2,2,0.0
1923,BE_Battery,2050,1,3,3,0.0
1924,BE_Battery,2050,1,4,4,0.0
1925,BE_Battery,2050,1,5,5,0.0
1926,BE_Battery,2050,1,6,6,0.0
1927,BE_Battery,2050,1,7,7,0.0
1928,BE_Battery,2050,1,8,8,0.0
1929,BE_Battery,2050,1,9,9,0.0
1930,BE_Battery,2050,1,10,10,0.0
1931,BE_Battery,2050,1,11,11,0.0
1932,BE_Battery,2050,1,12,12,0.0
1933,BE_Battery,2050,1,13,13,0.0
1934,BE_Battery,2050,1,14,14,0.0
1935,BE_Battery,2050,1,15,15,0.0
1936,BE_Battery,2050,1,16,16,0.0
1937,BE_Battery,2050,1,17,17,0.0
1938,BE_Battery,2050,1,18,18,0.0
1939,BE_Battery,2050,1,19,19,0.0
1940,BE_Battery,2050,1,20,20,0.0
1941,BE_Battery,2050,1,21,21,0.0
1942,BE_Battery,2050,1,22,22,0.0
1943,BE_Battery,2050,1,23,23,0.0
1944,BE_Battery,2050,1,24,24,0.0
1945,BE_Battery,2050,2,1,1,0.0
1946,BE_Battery,2050,2,2,2,0.0
1947,BE_Battery,2050,2,3,3,0.0
1948,BE_Battery,2050,2,4,4,0.0
1949,BE_Battery,2050,2,5,5,0.0
1950,BE_Battery,2050,2,6,6,0.0
1951,BE_Battery,2050,2,7,7,0.0
1952,BE_Battery,2050,2,8,8,0.0
1953,BE_Battery,2050,2,9,9,0.0
1954,BE_Battery,2050,2,10,10,0.0
1955,BE_Battery,2050,2,11,11,0.0
1956,BE_Battery,2050,2,12,12,0.0
1957,BE_Battery,2050,2,13,13,0.0
1958,BE_Battery,2050,2,14,14,0.0
1959,BE_Battery,2050,2,15,15,0.0
1960,BE_Battery,2050,2,16,16,0.0
1961,BE_Battery,2050,2,17,17,0.0
1962,BE_Battery,2050,2,18,18,0.0
1963,BE_Battery,2050,2,19,19,-0.5048999999999999
1964,BE_Battery,2050,2,20,20,0.0
1965,BE_Battery,2050,2,21,21,0.0
1966,BE_Battery,2050,2,22,22,0.0
1967,BE_Battery,2050,2,23,23,0.0
1968,BE_Battery,2050,2,24,24,0.0
1969,BE_Battery,2050,3,1,1,0.0
1970,BE_Battery,2050,3,2,2,0.0
1971,BE_Battery,2050,3,3,3,0.0
1972,BE_Battery,2050,3,4,4,0.0
1973,BE_Battery,2050,3,5,5,0.0
1974,BE_Battery,2050,3,6,6,0.0
1975,BE_Battery,2050,3,7,7,0.0
1976,BE_Battery,2050,3,8,8,0.0
1977,BE_Battery,2050,3,9,9,0.0
1978,BE_Battery,2050,3,10,10,0.0
1979,BE_Battery,2050,3,11,11,0.0
1980,BE_Battery,2050,3,12,12,0.0
1981,BE_Battery,2050,3,13,13,0.0
1982,BE_Battery,2050,3,14,14,0.0
1983,BE_Battery,2050,3,15,15,0.0
1984,BE_Battery,2050,3,16,16,0.0
1985,BE_Battery,2050,3,17,17,0.0
1986,BE_Battery,2050,3,18,18,0.0
1987,BE_Battery,2050,3,19,19,0.0
1988,BE_Battery,2050,3,20,20,0.0
1989,BE_Battery,2050,3,21,21,0.0
1990,BE_Battery,2050,3,22,22,0.0
1991,BE_Battery,2050,3,23,23,0.0
1992,BE_Battery,2050,3,24,24,0.0
1993,BE_Battery,2050,4,1,1,0.0
1994,BE_Battery,2050,4,2,2,0.0
1995,BE_Battery,2050,4,3,3,0.0
1996,BE_Battery,2050,4,4,4,0.0
1997,BE_Battery,2050,4,5,5,0.0
1998,BE_Battery,2050,4,6,6,0.0
1999,BE_Battery,2050,4,7,7,0.0
2000,BE_Battery,2050,4,8,8,0.0
2001,BE_Battery,2050,4,9,9,0.0
2002,BE_Battery,2050,4,10,10,0.0
2003,BE_Battery,2050,4,11,11,0.0
2004,BE_Battery,2050,4,12,12,0.0
2005,BE_Battery,2050,4,13,13,0.0
2006,BE_Battery,2050,4,14,14,0.0
2007,BE_Battery,2050,4,15,15,0.0
2008,BE_Battery,2050,4,16,16,0.0
2009,BE_Battery,2050,4,17,17,0.0
2010,BE_Battery,2050,4,18,18,0.0
2011,BE_Battery,2050,4,19,19,0.0
2012,BE_Battery,2050,4,20,20,0.0
2013,BE_Battery,2050,4,21,21,0.0
2014,BE_Battery,2050,4,22,22,0.0
2015,BE_Battery,2050,4,23,23,0.0
2016,BE_Battery,2050,4,24,24,0.0
2017,BE_Battery,2050,5,1,1,0.0
2018,BE_Battery,2050,5,2,2,0.0
2019,BE_Battery,2050,5,3,3,0.0
2020,BE_Battery,2050,5,4,4,0.0
2021,BE_Battery,2050,5,5,5,0.0
2022,BE_Battery,2050,5,6,6,0.0
2023,BE_Battery,2050,5,7,7,0.0
2024,BE_Battery,2050,5,8,8,0.0
2025,BE_Battery,2050,5,9,9,0.0
2026,BE_Battery,2050,5,10,10,0.0
2027,BE_Battery,2050,5,11,11,0.0
2028,BE_Battery,2050,5,12,12,0.0
2029,BE_Battery,2050,5,13,13,0.0
2030,BE_Battery,2050,5,14,14,0.0
2031,BE_Battery,2050,5,15,15,0.0
2032,BE_Battery,2050,5,16,16,0.0
2033,BE_Battery,2050,5,17,17,0.0
2034,BE_Battery,2050,5,18,18,0.0
2035,BE_Battery,2050,5,19,19,0.0
2036,BE_Battery,2050,5,20,20,0.0
2037,BE_Battery,2050,5,21,21,0.0
2038,BE_Battery,2050,5,22,22,0.0
2039,BE_Battery,2050,5,23,23,0.0
2040,BE_Battery,2050,5,24,24,0.0
2041,BE_Battery,2050,6,1,1,0.0
2042,BE_Battery,2050,6,2,2,0.0
2043,BE_Battery,2050,6,3,3,0.0
2044,BE_Battery,2050,6,4,4,0.0
2045,BE_Battery,2050,6,5,5,0.0
2046,BE_Battery,2050,6,6,6,0.0
2047,BE_Battery,2050,6,7,7,0.0
2048,BE_Battery,2050,6,8,8,0.0
2049,BE_Battery,2050,6,9,9,0.0
2050,BE_Battery,2050,6,10,10,0.0
2051,BE_Battery,2050,6,11,11,0.0
2052,BE_Battery,2050,6,12,12,0.0
2053,BE_Battery,2050,6,13,13,0.0
2054,BE_Battery,2050,6,14,14,0.0
2055,BE_Battery,2050,6,15,15,0.0
2056,BE_Battery,2050,6,16,16,0.0
2057,BE_Battery,2050,6,17,17,0.0
2058,BE_Battery,2050,6,18,18,0.0
2059,BE_Battery,2050,6,19,19,0.0
2060,BE_Battery,2050,6,20,20,0.0
2061,BE_Battery,2050,6,21,21,0.0
2062,BE_Battery,2050,6,22,22,0.0
2063,BE_Battery,2050,6,23,23,0.0
2064,BE_Battery,2050,6,24,24,0.0
2065,BE_Battery,2050,7,1,1,0.0
2066,BE_Battery,2050,7,2,2,0.0
2067,BE_Battery,2050,7,3,3,0.0
2068,BE_Battery,2050,7,4,4,0.0
2069,BE_Battery,2050,7,5,5,0.0
2070,BE_Battery,2050,7,6,6,0.0
2071,BE_Battery,2050,7,7,7,0.0
2072,BE_Battery,2050,7,8,8,0.0
2073,BE_Battery,2050,7,9,9,0.0
2074,BE_Battery,2050,7,10,10,0.0
2075,BE_Battery,2050,7,11,11,0.0
2076,BE_Battery,2050,7,12,12,0.0
2077,BE_Battery,2050,7,13,13,0.0
2078,BE_Battery,2050,7,14,14,0.0
2079,BE_Battery,2050,7,15,15,0.0
2080,BE_Battery,2050,7,16,16,0.0
2081,BE_Battery,2050,7,17,17,0.0
2082,BE_Battery,2050,7,18,18,0.0
2083,BE_Battery,2050,7,19,19,-12.891265705666337
2084,BE_Battery,2050,7,20,20,0.0
2085,BE_Battery,2050,7,21,21,0.0
2086,BE_Battery,2050,7,22,22,0.0
2087,BE_Battery,2050,7,23,23,0.0
2088,BE_Battery,2050,7,24,24,0.0
2089,BE_Battery,2050,8,1,1,0.0
2090,BE_Battery,2050,8,2,2,0.0
2091,BE_Battery,2050,8,3,3,0.0
2092,BE_Battery,2050,8,4,4,0.0
2093,BE_Battery,2050,8,5,5,0.0
2094,BE_Battery,2050,8,6,6,0.0
2095,BE_Battery,2050,8,7,7,0.0
2096,BE_Battery,2050,8,8,8,0.0
2097,BE_Battery,2050,8,9,9,0.0
2098,BE_Battery,2050,8,10,10,0.0
2099,BE_Battery,2050,8,11,11,0.0
2100,BE_Battery,2050,8,12,12,0.0
2101,BE_Battery,2050,8,13,13,0.0
2102,BE_Battery,2050,8,14,14,0.0
2103,BE_Battery,2050,8,15,15,0.0
2104,BE_Battery,2050,8,16,16,0.0
2105,BE_Battery,2050,8,17,17,0.0
2106,BE_Battery,2050,8,18,18,0.0
2107,BE_Battery,2050,8,19,19,0.0
2108,BE_Battery,2050,8,20,20,0.0
2109,BE_Battery,2050,8,21,21,0.0
2110,BE_Battery,2050,8,22,22,0.0
2111,BE_Battery,2050,8,23,23,0.0
2112,BE_Battery,2050,8,24,24,0.0
2113,BE_Battery,2050,9,1,1,0.0
2114,BE_Battery,2050,9,2,2,0.0
2115,BE_Battery,2050,9,3,3,0.0
2116,BE_Battery,2050,9,4,4,0.0
2117,BE_Battery,2050,9,5,5,0.0
2118,BE_Battery,2050,9,6,6,0.0
2119,BE_Battery,2050,9,7,7,0.0
2120,BE_Battery,2050,9,8,8,0.0
2121,BE_Battery,2050,9,9,9,0.0
2122,BE_Battery,2050,9,10,10,0.0
2123,BE_Battery,2050,9,11,11,0.0
2124,BE_Battery,2050,9,12,12,0.0
2125,BE_Battery,2050,9,13,13,0.0
2126,BE_Battery,2050,9,14,14,0.0
2127,BE_Battery,2050,9,15,15,0.0
2128,BE_Battery,2050,9,16,16,0.0
2129,BE_Battery,2050,9,17,17,0.0
2130,BE_Battery,2050,9,18,18,0.0
2131,BE_Battery,2050,9,19,19,0.0
2132,BE_Battery,2050,9,20,20,0.0
2133,BE_Battery,2050,9,21,21,0.0
2134,BE_Battery,2050,9,22,22,0.0
2135,BE_Battery,2050,9,23,23,0.0
2136,BE_Battery,2050,9,24,24,0.0
2137,BE_Battery,2050,10,1,1,0.0
2138,BE_Battery,2050,10,2,2,0.0
2139,BE_Battery,2050,10,3,3,0.0
2140,BE_Battery,2050,10,4,4,0.0
2141,BE_Battery,2050,10,5,5,0.0
2142,BE_Battery,2050,10,6,6,0.0
2143,BE_Battery,2050,10,7,7,0.0
2144,BE_Battery,2050,10,8,8,0.0
2145,BE_Battery,2050,10,9,9,0.0
2146,BE_Battery,2050,10,10,10,0.0
2147,BE_Battery,2050,10,11,11,0.0
2148,BE_Battery,2050,10,12,12,0.0
2149,BE_Battery,2050,10,13,13,0.0
2150,BE_Battery,2050,10,14,14,0.0
2151,BE_Battery,2050,10,15,15,0.0
2152,BE_Battery,2050,10,16,16,0.0
2153,BE_Battery,2050,10,17,17,0.0
2154,BE_Battery,2050,10,18,18,0.0
2155,BE_Battery,2050,10,19,19,0.0
2156,BE_Battery,2050,10,20,20,0.0
2157,BE_Battery,2050,10,21,21,0.0
2158,BE_Battery,2050,10,22,22,0.0
2159,BE_Battery,2050,10,23,23,0.0
2160,BE_Battery,2050,10,24,24,0.0
2161,BE_CCGT,2050,1,1,1,0.0
2162,BE_CCGT,2050,1,2,2,0.0
2163,BE_CCGT,2050,1,3,3,0.0
2164,BE_CCGT,2050,1,4,4,0.0
2165,BE_CCGT,2050,1,5,5,0.0
2166,BE_CCGT,2050,1,6,6,0.0
2167,BE_CCGT,2050,1,7,7,0.0
2168,BE_CCGT,2050,1,8,8,0.0
2169,BE_CCGT,2050,1,9,9,0.0
2170,BE_CCGT,2050,1,10,10,0.0
2171,BE_CCGT,2050,1,11,11,0.0
2172,BE_CCGT,2050,1,12,12,0.0
2173,BE_CCGT,2050,1,13,13,0.0
2174,BE_CCGT,2050,1,14,14,0.0
2175,BE_CCGT,2050,1,15,15,0.0
2176,BE_CCGT,2050,1,16,16,0.0
2177,BE_CCGT,2050,1,17,17,0.0
2178,BE_CCGT,2050,1,18,18,0.0
2179,BE_CCGT,2050,1,19,19,0.0
2180,BE_CCGT,2050,1,20,20,0.0
2181,BE_CCGT,2050,1,21,21,0.0
2182,BE_CCGT,2050,1,22,22,0.0
2183,BE_CCGT,2050,1,23,23,0.0
2184,BE_CCGT,2050,1,24,24,0.0
2185,BE_CCGT,2050,2,1,1,0.0
2186,BE_CCGT,2050,2,2,2,0.0
2187,BE_CCGT,2050,2,3,3,0.0
2188,BE_CCGT,2050,2,4,4,0.0
2189,BE_CCGT,2050,2,5,5,0.0
2190,BE_CCGT,2050,2,6,6,0.0
2191,BE_CCGT,2050,2,7,7,0.0
2192,BE_CCGT,2050,2,8,8,0.0
2193,BE_CCGT,2050,2,9,9,0.0
2194,BE_CCGT,2050,2,10,10,0.0
2195,BE_CCGT,2050,2,11,11,0.0
2196,BE_CCGT,2050,2,12,12,0.0
2197,BE_CCGT,2050,2,13,13,0.0
2198,BE_CCGT,2050,2,14,14,0.0
2199,BE_CCGT,2050,2,15,15,0.0
2200,BE_CCGT,2050,2,16,16,0.0
2201,BE_CCGT,2050,2,17,17,0.0
2202,BE_CCGT,2050,2,18,18,0.0
2203,BE_CCGT,2050,2,19,19,0.0
2204,BE_CCGT,2050,2,20,20,0.0
2205,BE_CCGT,2050,2,21,21,0.0
2206,BE_CCGT,2050,2,22,22,0.0
2207,BE_CCGT,2050,2,23,23,0.0
2208,BE_CCGT,2050,2,24,24,0.0
2209,BE_CCGT,2050,3,1,1,0.0
2210,BE_CCGT,2050,3,2,2,0.0
2211,BE_CCGT,2050,3,3,3,0.0
2212,BE_CCGT,2050,3,4,4,0.0
2213,BE_CCGT,2050,3,5,5,0.0
2214,BE_CCGT,2050,3,6,6,0.0
2215,BE_CCGT,2050,3,7,7,0.0
2216,BE_CCGT,2050,3,8,8,0.0
2217,BE_CCGT,2050,3,9,9,0.0
2218,BE_CCGT,2050,3,10,10,0.0
2219,BE_CCGT,2050,3,11,11,0.0
2220,BE_CCGT,2050,3,12,12,0.0
2221,BE_CCGT,2050,3,13,13,0.0
2222,BE_CCGT,2050,3,14,14,0.0
2223,BE_CCGT,2050,3,15,15,0.0
2224,BE_CCGT,2050,3,16,16,0.0
2225,BE_CCGT,2050,3,17,17,0.0
2226,BE_CCGT,2050,3,18,18,0.0
2227,BE_CCGT,2050,3,19,19,0.0
2228,BE_CCGT,2050,3,20,20,0.0
2229,BE_CCGT,2050,3,21,21,0.0
2230,BE_CCGT,2050,3,22,22,0.0
2231,BE_CCGT,2050,3,23,23,0.0
2232,BE_CCGT,2050,3,24,24,0.0
2233,BE_CCGT,2050,4,1,1,0.0
2234,BE_CCGT,2050,4,2,2,0.0
2235,BE_CCGT,2050,4,3,3,0.0
2236,BE_CCGT,2050,4,4,4,0.0
2237,BE_CCGT,2050,4,5,5,0.0
2238,BE_CCGT,2050,4,6,6,0.0
2239,BE_CCGT,2050,4,7,7,0.0
2240,BE_CCGT,2050,4,8,8,0.0
2241,BE_CCGT,2050,4,9,9,0.0
2242,BE_CCGT,2050,4,10,10,0.0
2243,BE_CCGT,2050,4,11,11,0.0
2244,BE_CCGT,2050,4,12,12,0.0
2245,BE_CCGT,2050,4,13,13,0.0
2246,BE_CCGT,2050,4,14,14,0.0
2247,BE_CCGT,2050,4,15,15,0.0
2248,BE_CCGT,2050,4,16,16,0.0
2249,BE_CCGT,2050,4,17,17,0.0
2250,BE_CCGT,2050,4,18,18,0.0
2251,BE_CCGT,2050,4,19,19,0.0
2252,BE_CCGT,2050,4,20,20,0.0
2253,BE_CCGT,2050,4,21,21,0.0
2254,BE_CCGT,2050,4,22,22,0.0
2255,BE_CCGT,2050,4,23,23,0.0
2256,BE_CCGT,2050,4,24,24,0.0
2257,BE_CCGT,2050,5,1,1,0.0
2258,BE_CCGT,2050,5,2,2,0.0
2259,BE_CCGT,2050,5,3,3,0.0
2260,BE_CCGT,2050,5,4,4,0.0
2261,BE_CCGT,2050,5,5,5,0.0
2262,BE_CCGT,2050,5,6,6,0.0
2263,BE_CCGT,2050,5,7,7,0.0
2264,BE_CCGT,2050,5,8,8,0.0
2265,BE_CCGT,2050,5,9,9,0.0
2266,BE_CCGT,2050,5,10,10,0.0
2267,BE_CCGT,2050,5,11,11,0.0
2268,BE_CCGT,2050,5,12,12,0.0
2269,BE_CCGT,2050,5,13,13,0.0
2270,BE_CCGT,2050,5,14,14,0.0
2271,BE_CCGT,2050,5,15,15,0.0
2272,BE_CCGT,2050,5,16,16,0.0
2273,BE_CCGT,2050,5,17,17,0.0
2274,BE_CCGT,2050,5,18,18,0.0
2275,BE_CCGT,2050,5,19,19,0.0
2276,BE_CCGT,2050,5,20,20,0.0
2277,BE_CCGT,2050,5,21,21,0.0
2278,BE_CCGT,2050,5,22,22,0.0
2279,BE_CCGT,2050,5,23,23,0.0
2280,BE_CCGT,2050,5,24,24,0.0
2281,BE_CCGT,2050,6,1,1,0.0
2282,BE_CCGT,2050,6,2,2,0.0
2283,BE_CCGT,2050,6,3,3,0.0
2284,BE_CCGT,2050,6,4,4,0.0
2285,BE_CCGT,2050,6,5,5,0.0
2286,BE_CCGT,2050,6,6,6,0.0
2287,BE_CCGT,2050,6,7,7,0.0
2288,BE_CCGT,2050,6,8,8,-0.32399999999999984
2289,BE_CCGT,2050,6,9,9,-0.32399999999999984
2290,BE_CCGT,2050,6,10,10,0.0
2291,BE_CCGT,2050,6,11,11,0.0
2292,BE_CCGT,2050,6,12,12,0.0
2293,BE_CCGT,2050,6,13,13,0.0
2294,BE_CCGT,2050,6,14,14,0.0
2295,BE_CCGT,2050,6,15,15,0.0
2296,BE_CCGT,2050,6,16,16,0.0
2297,BE_CCGT,2050,6,17,17,0.0
2298,BE_CCGT,2050,6,18,18,0.0
2299,BE_CCGT,2050,6,19,19,0.0
2300,BE_CCGT,2050,6,20,20,-0.32399999999999984
2301,BE_CCGT,2050,6,21,21,-0.32399999999999984
2302,BE_CCGT,2050,6,22,22,-0.32399999999999984
2303,BE_CCGT,2050,6,23,23,0.0
2304,BE_CCGT,2050,6,24,24,0.0
2305,BE_CCGT,2050,7,1,1,0.0
2306,BE_CCGT,2050,7,2,2,0.0
2307,BE_CCGT,2050,7,3,3,0.0
2308,BE_CCGT,2050,7,4,4,0.0
2309,BE_CCGT,2050,7,5,5,0.0
2310,BE_CCGT,2050,7,6,6,-0.6659999999999997
2311,BE_CCGT,2050,7,7,7,-0.6659999999999997
2312,BE_CCGT,2050,7,8,8,-0.6659999999999997
2313,BE_CCGT,2050,7,9,9,-0.6659999999999997
2314,BE_CCGT,2050,7,10,10,-0.6659999999999997
2315,BE_CCGT,2050,7,11,11,-0.6659999999999997
2316,BE_CCGT,2050,7,12,12,-0.6659999999999997
2317,BE_CCGT,2050,7,13,13,-0.6659999999999997
2318,BE_CCGT,2050,7,14,14,-0.6659999999999997
2319,BE_CCGT,2050,7,15,15,-0.6659999999999997
2320,BE_CCGT,2050,7,16,16,-0.6659999999999997
2321,BE_CCGT,2050,7,17,17,-0.6659999999999997
2322,BE_CCGT,2050,7,18,18,-6.725365705666339
2323,BE_CCGT,2050,7,19,19,-19.616631411332676
2324,BE_CCGT,2050,7,20,20,-0.6659999999999997
2325,BE_CCGT,2050,7,21,21,0.0
2326,BE_CCGT,2050,7,22,22,0.0
2327,BE_CCGT,2050,7,23,23,0.0
2328,BE_CCGT,2050,7,24,24,0.0
2329,BE_CCGT,2050,8,1,1,0.0
2330,BE_CCGT,2050,8,2,2,0.0
2331,BE_CCGT,2050,8,3,3,0.0
2332,BE_CCGT,2050,8,4,4,0.0
2333,BE_CCGT,2050,8,5,5,0.0
2334,BE_CCGT,2050,8,6,6,0.0
2335,BE_CCGT,2050,8,7,7,0.0
2336,BE_CCGT,2050,8,8,8,0.0
2337,BE_CCGT,2050,8,9,9,0.0
2338,BE_CCGT,2050,8,10,10,0.0
2339,BE_CCGT,2050,8,11,11,0.0
2340,BE_CCGT,2050,8,12,12,0.0
2341,BE_CCGT,2050,8,13,13,0.0
2342,BE_CCGT,2050,8,14,14,0.0
2343,BE_CCGT,2050,8,15,15,0.0
2344,BE_CCGT,2050,8,16,16,0.0
2345,BE_CCGT,2050,8,17,17,0.0
2346,BE_CCGT,2050,8,18,18,0.0
2347,BE_CCGT,2050,8,19,19,0.0
2348,BE_CCGT,2050,8,20,20,0.0
2349,BE_CCGT,2050,8,21,21,0.0
2350,BE_CCGT,2050,8,22,22,0.0
2351,BE_CCGT,2050,8,23,23,0.0
2352,BE_CCGT,2050,8,24,24,0.0
2353,BE_CCGT,2050,9,1,1,0.0
2354,BE_CCGT,2050,9,2,2,0.0
2355,BE_CCGT,2050,9,3,3,0.0
2356,BE_CCGT,2050,9,4,4,0.0
2357,BE_CCGT,2050,9,5,5,0.0
2358,BE_CCGT,2050,9,6,6,0.0
2359,BE_CCGT,2050,9,7,7,0.0
2360,BE_CCGT,2050,9,8,8,0.0
2361,BE_CCGT,2050,9,9,9,0.0
2362,BE_CCGT,2050,9,10,10,0.0
2363,BE_CCGT,2050,9,11,11,0.0
2364,BE_CCGT,2050,9,12,12,0.0
2365,BE_CCGT,2050,9,13,13,0.0
2366,BE_CCGT,2050,9,14,14,0.0
2367,BE_CCGT,2050,9,15,15,0.0
2368,BE_CCGT,2050,9,16,16,0.0
2369,BE_CCGT,2050,9,17,17,0.0
2370,BE_CCGT,2050,9,18,18,0.0
2371,BE_CCGT,2050,9,19,19,0.0
2372,BE_CCGT,2050,9,20,20,0.0
2373,BE_CCGT,2050,9,21,21,0.0
2374,BE_CCGT,2050,9,22,22,0.0
2375,BE_CCGT,2050,9,23,23,0.0
2376,BE_CCGT,2050,9,24,24,0.0
2377,BE_CCGT,2050,10,1,1,0.0
2378,BE_CCGT,2050,10,2,2,0.0
2379,BE_CCGT,2050,10,3,3,0.0
2380,BE_CCGT,2050,10,4,4,0.0
2381,BE_CCGT,2050,10,5,5,0.0
2382,BE_CCGT,2050,10,6,6,0.0
2383,BE_CCGT,2050,10,7,7,0.0
2384,BE_CCGT,2050,10,8,8,0.0
2385,BE_CCGT,2050,10,9,9,0.0
2386,BE_CCGT,2050,10,10,10,0.0
2387,BE_CCGT,2050,10,11,11,0.0
2388,BE_CCGT,2050,10,12,12,0.0
2389,BE_CCGT,2050,10,13,13,0.0
2390,BE_CCGT,2050,10,14,14,0.0
2391,BE_CCGT,2050,10,15,15,-0.8279999999999996
2392,BE_CCGT,2050,10,16,16,-0.8279999999999996
2393,BE_CCGT,2050,10,17,17,-0.8279999999999996
2394,BE_CCGT,2050,10,18,18,-0.8279999999999996
2395,BE_CCGT,2050,10,19,19,-0.8279999999999996
2396,BE_CCGT,2050,10,20,20,-0.8279999999999996
2397,BE_CCGT,2050,10,21,21,0.0
2398,BE_CCGT,2050,10,22,22,0.0
2399,BE_CCGT,2050,10,23,23,0.0
2400,BE_CCGT,2050,10,24,24,0.0
2401,BE_Coal,2050,1,1,1,0.0
2402,BE_Coal,2050,1,2,2,0.0
2403,BE_Coal,2050,1,3,3,0.0
2404,BE_Coal,2050,1,4,4,0.0
2405,BE_Coal,2050,1,5,5,0.0
2406,BE_Coal,2050,1,6,6,0.0
2407,BE_Coal,2050,1,7,7,-0.8109000000000001
2408,BE_Coal,2050,1,8,8,-0.8109000000000001
2409,BE_Coal,2050,1,9,9,-0.8109000000000001
2410,BE_Coal,2050,1,10,10,-0.8109000000000001
2411,BE_Coal,2050,1,11,11,-0.8109000000000001
2412,BE_Coal,2050,1,12,12,-0.8109000000000001
2413,BE_Coal,2050,1,13,13,0.0
2414,BE_Coal,2050,1,14,14,0.0
2415,BE_Coal,2050,1,15,15,0.0
2416,BE_Coal,2050,1,16,16,0.0
2417,BE_Coal,2050,1,17,17,0.0
2418,BE_Coal,2050,1,18,18,-0.8109000000000001
2419,BE_Coal,2050,1,19,19,-0.8109000000000001
2420,BE_Coal,2050,1,20,20,-0.8109000000000001
2421,BE_Coal,2050,1,21,21,-0.8109000000000001
2422,BE_Coal,2050,1,22,22,0.0
2423,BE_Coal,2050,1,23,23,0.0
2424,BE_Coal,2050,1,24,24,0.0
2425,BE_Coal,2050,2,1,1,0.0
2426,BE_Coal,2050,2,2,2,0.0
2427,BE_Coal,2050,2,3,3,0.0
2428,BE_Coal,2050,2,4,4,0.0
2429,BE_Coal,2050,2,5,5,0.0
2430,BE_Coal,2050,2,6,6,0.0
2431,BE_Coal,2050,2,7,7,0.0
2432,BE_Coal,2050,2,8,8,0.0
2433,BE_Coal,2050,2,9,9,0.0
2434,BE_Coal,2050,2,10,10,0.0
2435,BE_Coal,2050,2,11,11,0.0
2436,BE_Coal,2050,2,12,12,0.0
2437,BE_Coal,2050,2,13,13,0.0
2438,BE_Coal,2050,2,14,14,0.0
2439,BE_Coal,2050,2,15,15,0.0
2440,BE_Coal,2050,2,16,16,0.0
2441,BE_Coal,2050,2,17,17,0.0
2442,BE_Coal,2050,2,18,18,0.0
2443,BE_Coal,2050,2,19,19,-0.5048999999999999
2444,BE_Coal,2050,2,20,20,0.0
2445,BE_Coal,2050,2,21,21,0.0
2446,BE_Coal,2050,2,22,22,0.0
2447,BE_Coal,2050,2,23,23,0.0
2448,BE_Coal,2050,2,24,24,0.0
2449,BE_Coal,2050,3,1,1,0.0
2450,BE_Coal,2050,3,2,2,0.0
2451,BE_Coal,2050,3,3,3,0.0
2452,BE_Coal,2050,3,4,4,0.0
2453,BE_Coal,2050,3,5,5,0.0
2454,BE_Coal,2050,3,6,6,0.0
2455,BE_Coal,2050,3,7,7,0.0
2456,BE_Coal,2050,3,8,8,0.0
2457,BE_Coal,2050,3,9,9,0.0
2458,BE_Coal,2050,3,10,10,0.0
2459,BE_Coal,2050,3,11,11,0.0
2460,BE_Coal,2050,3,12,12,0.0
2461,BE_Coal,2050,3,13,13,0.0
2462,BE_Coal,2050,3,14,14,0.0
2463,BE_Coal,2050,3,15,15,0.0
2464,BE_Coal,2050,3,16,16,0.0
2465,BE_Coal,2050,3,17,17,0.0
2466,BE_Coal,2050,3,18,18,0.0
2467,BE_Coal,2050,3,19,19,0.0
2468,BE_Coal,2050,3,20,20,0.0
2469,BE_Coal,2050,3,21,21,0.0
2470,BE_Coal,2050,3,22,22,0.0
2471,BE_Coal,2050,3,23,23,0.0
2472,BE_Coal,2050,3,24,24,0.0
2473,BE_Coal,2050,4,1,1,0.0
2474,BE_Coal,2050,4,2,2,0.0
2475,BE_Coal,2050,4,3,3,0.0
2476,BE_Coal,2050,4,4,4,0.0
2477,BE_Coal,2050,4,5,5,0.0
2478,BE_Coal,2050,4,6,6,0.0
2479,BE_Coal,2050,4,7,7,0.0
2480,BE_Coal,2050,4,8,8,0.0
2481,BE_Coal,2050,4,9,9,0.0
2482,BE_Coal,2050,4,10,10,0.0
2483,BE_Coal,2050,4,11,11,0.0
2484,BE_Coal,2050,4,12,12,0.0
2485,BE_Coal,2050,4,13,13,0.0
2486,BE_Coal,2050,4,14,14,0.0
2487,BE_Coal,2050,4,15,15,0.0
2488,BE_Coal,2050,4,16,16,0.0
2489,BE_Coal,2050,4,17,17,0.0
2490,BE_Coal,2050,4,18,18,0.0
2491,BE_Coal,2050,4,19,19,0.0
2492,BE_Coal,2050,4,20,20,0.0
2493,BE_Coal,2050,4,21,21,0.0
2494,BE_Coal,2050,4,22,22,0.0
2495,BE_Coal,2050,4,23,23,0.0
2496,BE_Coal,2050,4,24,24,0.0
2497,BE_Coal,2050,5,1,1,0.0
2498,BE_Coal,2050,5,2,2,0.0
2499,BE_Coal,2050,5,3,3,0.0
2500,BE_Coal,2050,5,4,4,0.0
2501,BE_Coal,2050,5,5,5,0.0
2502,BE_Coal,2050,5,6,6,0.0
2503,BE_Coal,2050,5,7,7,0.0
2504,BE_Coal,2050,5,8,8,0.0
2505,BE_Coal,2050,5,9,9,0.0
2506,BE_Coal,2050,5,10,10,0.0
2507,BE_Coal,2050,5,11,11,0.0
2508,BE_Coal,2050,5,12,12,0.0
2509,BE_Coal,2050,5,13,13,0.0
2510,BE_Coal,2050,5,14,14,0.0
2511,BE_Coal,2050,5,15,15,0.0
2512,BE_Coal,2050,5,16,16,0.0
2513,BE_Coal,2050,5,17,17,0.0
2514,BE_Coal,2050,5,18,18,0.0
2515,BE_Coal,2050,5,19,19,0.0
2516,BE_Coal,2050,5,20,20,0.0
2517,BE_Coal,2050,5,21,21,0.0
2518,BE_Coal,2050,5,22,22,0.0
2519,BE_Coal,2050,5,23,23,0.0
2520,BE_Coal,2050,5,24,24,0.0
2521,BE_Coal,2050,6,1,1,0.0
2522,BE_Coal,2050,6,2,2,0.0
2523,BE_Coal,2050,6,3,3,0.0
2524,BE_Coal,2050,6,4,4,0.0
2525,BE_Coal,2050,6,5,5,0.0
2526,BE_Coal,2050,6,6,6,-0.2754000000000001
2527,BE_Coal,2050,6,7,7,-0.2754000000000001
2528,BE_Coal,2050,6,8,8,-0.5993999999999999
2529,BE_Coal,2050,6,9,9,-0.5993999999999999
2530,BE_Coal,2050,6,10,10,-0.2754000000000001
2531,BE_Coal,2050,6,11,11,-0.2754000000000001
2532,BE_Coal,2050,6,12,12,-0.2754000000000001
2533,BE_Coal,2050,6,13,13,0.0
2534,BE_Coal,2050,6,14,14,0.0
2535,BE_Coal,2050,6,15,15,0.0
2536,BE_Coal,2050,6,16,16,0.0
2537,BE_Coal,2050,6,17,17,0.0
2538,BE_Coal,2050,6,18,18,0.0
2539,BE_Coal,2050,6,19,19,-0.2754000000000001
2540,BE_Coal,2050,6,20,20,-0.5993999999999999
2541,BE_Coal,2050,6,21,21,-0.5993999999999999
2542,BE_Coal,2050,6,22,22,-0.5993999999999999
2543,BE_Coal,2050,6,23,23,-0.2754000000000001
2544,BE_Coal,2050,6,24,24,0.0
2545,BE_Coal,2050,7,1,1,0.0
2546,BE_Coal,2050,7,2,2,0.0
2547,BE_Coal,2050,7,3,3,0.0
2548,BE_Coal,2050,7,4,4,-0.5661
2549,BE_Coal,2050,7,5,5,-0.5661
2550,BE_Coal,2050,7,6,6,-1.2320999999999998
2551,BE_Coal,2050,7,7,7,-1.2320999999999998
2552,BE_Coal,2050,7,8,8,-1.2320999999999998
2553,BE_Coal,2050,7,9,9,-1.2320999999999998
2554,BE_Coal,2050,7,10,10,-1.2320999999999998
2555,BE_Coal,2050,7,11,11,-1.2320999999999998
2556,BE_Coal,2050,7,12,12,-1.2320999999999998
2557,BE_Coal,2050,7,13,13,-1.2320999999999998
2558,BE_Coal,2050,7,14,14,-1.2320999999999998
2559,BE_Coal,2050,7,15,15,-1.2320999999999998
2560,BE_Coal,2050,7,16,16,-1.2320999999999998
2561,BE_Coal,2050,7,17,17,-1.2320999999999998
2562,BE_Coal,2050,7,18,18,-7.291465705666338
2563,BE_Coal,2050,7,19,19,-20.182731411332675
2564,BE_Coal,2050,7,20,20,-1.2320999999999998
2565,BE_Coal,2050,7,21,21,-0.5661
2566,BE_Coal,2050,7,22,22,-0.5661
2567,BE_Coal,2050,7,23,23,0.0
2568,BE_Coal,2050,7,24,24,0.0
2569,BE_Coal,2050,8,1,1,0.0
2570,BE_Coal,2050,8,2,2,0.0
2571,BE_Coal,2050,8,3,3,0.0
2572,BE_Coal,2050,8,4,4,0.0
2573,BE_Coal,2050,8,5,5,0.0
2574,BE_Coal,2050,8,6,6,0.0
2575,BE_Coal,2050,8,7,7,0.0
2576,BE_Coal,2050,8,8,8,0.0
2577,BE_Coal,2050,8,9,9,0.0
2578,BE_Coal,2050,8,10,10,0.0
2579,BE_Coal,2050,8,11,11,0.0
2580,BE_Coal,2050,8,12,12,0.0
2581,BE_Coal,2050,8,13,13,0.0
2582,BE_Coal,2050,8,14,14,0.0
2583,BE_Coal,2050,8,15,15,0.0
2584,BE_Coal,2050,8,16,16,0.0
2585,BE_Coal,2050,8,17,17,0.0
2586,BE_Coal,2050,8,18,18,0.0
2587,BE_Coal,2050,8,19,19,0.0
2588,BE_Coal,2050,8,20,20,0.0
2589,BE_Coal,2050,8,21,21,0.0
2590,BE_Coal,2050,8,22,22,0.0
2591,BE_Coal,2050,8,23,23,0.0
2592,BE_Coal,2050,8,24,24,0.0
2593,BE_Coal,2050,9,1,1,0.0
2594,BE_Coal,2050,9,2,2,0.0
2595,BE_Coal,2050,9,3,3,0.0
2596,BE_Coal,2050,9,4,4,0.0
2597,BE_Coal,2050,9,5,5,0.0
2598,BE_Coal,2050,9,6,6,0.0
2599,BE_Coal,2050,9,7,7,0.0
2600,BE_Coal,2050,9,8,8,0.0
2601,BE_Coal,2050,9,9,9,0.0
2602,BE_Coal,2050,9,10,10,0.0
2603,BE_Coal,2050,9,11,11,0.0
2604,BE_Coal,2050,9,12,12,0.0
2605,BE_Coal,2050,9,13,13,0.0
2606,BE_Coal,2050,9,14,14,0.0
2607,BE_Coal,2050,9,15,15,0.0
2608,BE_Coal,2050,9,16,16,0.0
2609,BE_Coal,2050,9,17,17,0.0
2610,BE_Coal,2050,9,18,18,0.0
2611,BE_Coal,2050,9,19,19,0.0
2612,BE_Coal,2050,9,20,20,0.0
2613,BE_Coal,2050,9,21,21,0.0
2614,BE_Coal,2050,9,22,22,0.0
2615,BE_Coal,2050,9,23,23,0.0
2616,BE_Coal,2050,9,24,24,0.0
2617,BE_Coal,2050,10,1,1,0.0
2618,BE_Coal,2050,10,2,2,0.0
2619,BE_Coal,2050,10,3,3,0.0
2620,BE_Coal,2050,10,4,4,0.0
2621,BE_Coal,2050,10,5,5,0.0
2622,BE_Coal,2050,10,6,6,-0.7038
2623,BE_Coal,2050,10,7,7,-0.7038
2624,BE_Coal,2050,10,8,8,-0.7038
2625,BE_Coal,2050,10,9,9,-0.7038
2626,BE_Coal,2050,10,10,10,-0.7038
2627,BE_Coal,2050,10,11,11,-0.7038
2628,BE_Coal,2050,10,12,12,-0.7038
2629,BE_Coal,2050,10,13,13,-0.7038
2630,BE_Coal,2050,10,14,14,-0.7038
2631,BE_Coal,2050,10,15,15,-1.5317999999999996
2632,BE_Coal,2050,10,16,16,-1.5317999999999996
2633,BE_Coal,2050,10,17,17,-1.5317999999999996
2634,BE_Coal,2050,10,18,18,-1.5317999999999996
2635,BE_Coal,2050,10,19,19,-1.5317999999999996
2636,BE_Coal,2050,10,20,20,-1.5317999999999996
2637,BE_Coal,2050,10,21,21,-0.7038
2638,BE_Coal,2050,10,22,22,0.0
2639,BE_Coal,2050,10,23,23,0.0
2640,BE_Coal,2050,10,24,24,0.0
2641,BE_Nuclear,2050,1,1,1,-0.49290000000000006
2642,BE_Nuclear,2050,1,2,2,-0.49290000000000006
2643,BE_Nuclear,2050,1,3,3,-0.49290000000000006
2644,BE_Nuclear,2050,1,4,4,-0.49290000000000006
2645,BE_Nuclear,2050,1,5,5,-0.49290000000000006
2646,BE_Nuclear,2050,1,6,6,-0.49290000000000006
2647,BE_Nuclear,2050,1,7,7,-1.3038
2648,BE_Nuclear,2050,1,8,8,-1.3038
2649,BE_Nuclear,2050,1,9,9,-1.3038
2650,BE_Nuclear,2050,1,10,10,-1.3038
2651,BE_Nuclear,2050,1,11,11,-1.3038
2652,BE_Nuclear,2050,1,12,12,-1.3038
2653,BE_Nuclear,2050,1,13,13,-0.49290000000000006
2654,BE_Nuclear,2050,1,14,14,-0.49290000000000006
2655,BE_Nuclear,2050,1,15,15,-0.49290000000000006
2656,BE_Nuclear,2050,1,16,16,-0.49290000000000006
2657,BE_Nuclear,2050,1,17,17,-0.49290000000000006
2658,BE_Nuclear,2050,1,18,18,-1.3038
2659,BE_Nuclear,2050,1,19,19,-1.3038
2660,BE_Nuclear,2050,1,20,20,-1.3038
2661,BE_Nuclear,2050,1,21,21,-1.3038
2662,BE_Nuclear,2050,1,22,22,-0.49290000000000006
2663,BE_Nuclear,2050,1,23,23,-0.49290000000000006
2664,BE_Nuclear,2050,1,24,24,-0.49290000000000006
2665,BE_Nuclear,2050,2,1,1,0.0
2666,BE_Nuclear,2050,2,2,2,0.0
2667,BE_Nuclear,2050,2,3,3,0.0
2668,BE_Nuclear,2050,2,4,4,0.0
2669,BE_Nuclear,2050,2,5,5,0.0
2670,BE_Nuclear,2050,2,6,6,0.0
2671,BE_Nuclear,2050,2,7,7,-0.30690000000000006
2672,BE_Nuclear,2050,2,8,8,-0.30690000000000006
2673,BE_Nuclear,2050,2,9,9,-0.30690000000000006
2674,BE_Nuclear,2050,2,10,10,-0.30690000000000006
2675,BE_Nuclear,2050,2,11,11,-0.30690000000000006
2676,BE_Nuclear,2050,2,12,12,-0.30690000000000006
2677,BE_Nuclear,2050,2,13,13,-0.30690000000000006
2678,BE_Nuclear,2050,2,14,14,-0.30690000000000006
2679,BE_Nuclear,2050,2,15,15,-0.30690000000000006
2680,BE_Nuclear,2050,2,16,16,-0.30690000000000006
2681,BE_Nuclear,2050,2,17,17,-0.30690000000000006
2682,BE_Nuclear,2050,2,18,18,-0.30690000000000006
2683,BE_Nuclear,2050,2,19,19,-0.8118
2684,BE_Nuclear,2050,2,20,20,-0.30690000000000006
2685,BE_Nuclear,2050,2,21,21,-0.30690000000000006
2686,BE_Nuclear,2050,2,22,22,-0.30690000000000006
2687,BE_Nuclear,2050,2,23,23,-0.30690000000000006
2688,BE_Nuclear,2050,2,24,24,0.0
2689,BE_Nuclear,2050,3,1,1,0.0
2690,BE_Nuclear,2050,3,2,2,0.0
2691,BE_Nuclear,2050,3,3,3,0.0
2692,BE_Nuclear,2050,3,4,4,0.0
2693,BE_Nuclear,2050,3,5,5,0.0
2694,BE_Nuclear,2050,3,6,6,0.0
2695,BE_Nuclear,2050,3,7,7,0.0
2696,BE_Nuclear,2050,3,8,8,0.0
2697,BE_Nuclear,2050,3,9,9,0.0
2698,BE_Nuclear,2050,3,10,10,0.0
2699,BE_Nuclear,2050,3,11,11,0.0
2700,BE_Nuclear,2050,3,12,12,0.0
2701,BE_Nuclear,2050,3,13,13,0.0
2702,BE_Nuclear,2050,3,14,14,0.0
2703,BE_Nuclear,2050,3,15,15,0.0
2704,BE_Nuclear,2050,3,16,16,0.0
2705,BE_Nuclear,2050,3,17,17,0.0
2706,BE_Nuclear,2050,3,18,18,0.0
2707,BE_Nuclear,2050,3,19,19,0.0
2708,BE_Nuclear,2050,3,20,20,0.0
2709,BE_Nuclear,2050,3,21,21,0.0
2710,BE_Nuclear,2050,3,22,22,0.0
2711,BE_Nuclear,2050,3,23,23,0.0
2712,BE_Nuclear,2050,3,24,24,0.0
2713,BE_Nuclear,2050,4,1,1,0.0
2714,BE_Nuclear,2050,4,2,2,0.0
2715,BE_Nuclear,2050,4,3,3,0.0
2716,BE_Nuclear,2050,4,4,4,0.0
2717,BE_Nuclear,2050,4,5,5,0.0
2718,BE_Nuclear,2050,4,6,6,0.0
2719,BE_Nuclear,2050,4,7,7,0.0
2720,BE_Nuclear,2050,4,8,8,0.0
2721,BE_Nuclear,2050,4,9,9,0.0
2722,BE_Nuclear,2050,4,10,10,0.0
2723,BE_Nuclear,2050,4,11,11,0.0
2724,BE_Nuclear,2050,4,12,12,0.0
2725,BE_Nuclear,2050,4,13,13,0.0
2726,BE_Nuclear,2050,4,14,14,0.0
2727,BE_Nuclear,2050,4,15,15,0.0
2728,BE_Nuclear,2050,4,16,16,0.0
2729,BE_Nuclear,2050,4,17,17,0.0
2730,BE_Nuclear,2050,4,18,18,-0.21390000000000003
2731,BE_Nuclear,2050,4,19,19,-0.21390000000000003
2732,BE_Nuclear,2050,4,20,20,-0.21390000000000003
2733,BE_Nuclear,2050,4,21,21,0.0
2734,BE_Nuclear,2050,4,22,22,0.0
2735,BE_Nuclear,2050,4,23,23,0.0
2736,BE_Nuclear,2050,4,24,24,0.0
2737,BE_Nuclear,2050,5,1,1,0.0
2738,BE_Nuclear,2050,5,2,2,0.0
2739,BE_Nuclear,2050,5,3,3,0.0
2740,BE_Nuclear,2050,5,4,4,0.0
2741,BE_Nuclear,2050,5,5,5,0.0
2742,BE_Nuclear,2050,5,6,6,0.0
2743,BE_Nuclear,2050,5,7,7,0.0
2744,BE_Nuclear,2050,5,8,8,0.0
2745,BE_Nuclear,2050,5,9,9,0.0
2746,BE_Nuclear,2050,5,10,10,0.0
2747,BE_Nuclear,2050,5,11,11,0.0
2748,BE_Nuclear,2050,5,12,12,0.0
2749,BE_Nuclear,2050,5,13,13,0.0
2750,BE_Nuclear,2050,5,14,14,0.0
2751,BE_Nuclear,2050,5,15,15,0.0
2752,BE_Nuclear,2050,5,16,16,0.0
2753,BE_Nuclear,2050,5,17,17,0.0
2754,BE_Nuclear,2050,5,18,18,0.0
2755,BE_Nuclear,2050,5,19,19,0.0
2756,BE_Nuclear,2050,5,20,20,0.0
2757,BE_Nuclear,2050,5,21,21,0.0
2758,BE_Nuclear,2050,5,22,22,0.0
2759,BE_Nuclear,2050,5,23,23,0.0
2760,BE_Nuclear,2050,5,24,24,0.0
2761,BE_Nuclear,2050,6,1,1,-0.1674
2762,BE_Nuclear,2050,6,2,2,-0.1674
2763,BE_Nuclear,2050,6,3,3,-0.1674
2764,BE_Nuclear,2050,6,4,4,-0.1674
2765,BE_Nuclear,2050,6,5,5,-0.1674
2766,BE_Nuclear,2050,6,6,6,-0.4428000000000001
2767,BE_Nuclear,2050,6,7,7,-0.4428000000000001
2768,BE_Nuclear,2050,6,8,8,-0.7667999999999999
2769,BE_Nuclear,2050,6,9,9,-0.7667999999999999
2770,BE_Nuclear,2050,6,10,10,-0.4428000000000001
2771,BE_Nuclear,2050,6,11,11,-0.4428000000000001
2772,BE_Nuclear,2050,6,12,12,-0.4428000000000001
2773,BE_Nuclear,2050,6,13,13,-0.1674
2774,BE_Nuclear,2050,6,14,14,-0.1674
2775,BE_Nuclear,2050,6,15,15,-0.1674
2776,BE_Nuclear,2050,6,16,16,-0.1674
2777,BE_Nuclear,2050,6,17,17,-0.1674
2778,BE_Nuclear,2050,6,18,18,-0.1674
2779,BE_Nuclear,2050,6,19,19,-0.4428000000000001
2780,BE_Nuclear,2050,6,20,20,-0.7667999999999999
2781,BE_Nuclear,2050,6,21,21,-0.7667999999999999
2782,BE_Nuclear,2050,6,22,22,-0.7667999999999999
2783,BE_Nuclear,2050,6,23,23,-0.4428000000000001
2784,BE_Nuclear,2050,6,24,24,-0.1674
2785,BE_Nuclear,2050,7,1,1,-0.3441000000000001
2786,BE_Nuclear,2050,7,2,2,-0.3441000000000001
2787,BE_Nuclear,2050,7,3,3,-0.3441000000000001
2788,BE_Nuclear,2050,7,4,4,-0.9102000000000001
2789,BE_Nuclear,2050,7,5,5,-0.9102000000000001
2790,BE_Nuclear,2050,7,6,6,-1.5761999999999998
2791,BE_Nuclear,2050,7,7,7,-1.5761999999999998
2792,BE_Nuclear,2050,7,8,8,-1.5761999999999998
2793,BE_Nuclear,2050,7,9,9,-1.5761999999999998
2794,BE_Nuclear,2050,7,10,10,-1.5761999999999998
2795,BE_Nuclear,2050,7,11,11,-1.5761999999999998
2796,BE_Nuclear,2050,7,12,12,-1.5761999999999998
2797,BE_Nuclear,2050,7,13,13,-1.5761999999999998
2798,BE_Nuclear,2050,7,14,14,-1.5761999999999998
2799,BE_Nuclear,2050,7,15,15,-1.5761999999999998
2800,BE_Nuclear,2050,7,16,16,-1.5761999999999998
2801,BE_Nuclear,2050,7,17,17,-1.5761999999999998
2802,BE_Nuclear,2050,7,18,18,-7.635565705666339
2803,BE_Nuclear,2050,7,19,19,-20.526831411332676
2804,BE_Nuclear,2050,7,20,20,-1.5761999999999998
2805,BE_Nuclear,2050,7,21,21,-0.9102000000000001
2806,BE_Nuclear,2050,7,22,22,-0.9102000000000001
2807,BE_Nuclear,2050,7,23,23,-0.3441000000000001
2808,BE_Nuclear,2050,7,24,24,-0.3441000000000001
2809,BE_Nuclear,2050,8,1,1,0.0
2810,BE_Nuclear,2050,8,2,2,0.0
2811,BE_Nuclear,2050,8,3,3,0.0
2812,BE_Nuclear,2050,8,4,4,0.0
2813,BE_Nuclear,2050,8,5,5,0.0
2814,BE_Nuclear,2050,8,6,6,0.0
2815,BE_Nuclear,2050,8,7,7,0.0
2816,BE_Nuclear,2050,8,8,8,0.0
2817,BE_Nuclear,2050,8,9,9,0.0
2818,BE_Nuclear,2050,8,10,10,0.0
2819,BE_Nuclear,2050,8,11,11,0.0
2820,BE_Nuclear,2050,8,12,12,0.0
2821,BE_Nuclear,2050,8,13,13,0.0
2822,BE_Nuclear,2050,8,14,14,0.0
2823,BE_Nuclear,2050,8,15,15,0.0
2824,BE_Nuclear,2050,8,16,16,0.0
2825,BE_Nuclear,2050,8,17,17,0.0
2826,BE_Nuclear,2050,8,18,18,0.0
2827,BE_Nuclear,2050,8,19,19,0.0
2828,BE_Nuclear,2050,8,20,20,0.0
2829,BE_Nuclear,2050,8,21,21,0.0
2830,BE_Nuclear,2050,8,22,22,0.0
2831,BE_Nuclear,2050,8,23,23,0.0
2832,BE_Nuclear,2050,8,24,24,0.0
2833,BE_Nuclear,2050,9,1,1,0.0
2834,BE_Nuclear,2050,9,2,2,0.0
2835,BE_Nuclear,2050,9,3,3,0.0
2836,BE_Nuclear,2050,9,4,4,0.0
2837,BE_Nuclear,2050,9,5,5,0.0
2838,BE_Nuclear,2050,9,6,6,0.0
2839,BE_Nuclear,2050,9,7,7,0.0
2840,BE_Nuclear,2050,9,8,8,0.0
2841,BE_Nuclear,2050,9,9,9,0.0
2842,BE_Nuclear,2050,9,10,10,0.0
2843,BE_Nuclear,2050,9,11,11,0.0
2844,BE_Nuclear,2050,9,12,12,0.0
2845,BE_Nuclear,2050,9,13,13,0.0
2846,BE_Nuclear,2050,9,14,14,0.0
2847,BE_Nuclear,2050,9,15,15,0.0
2848,BE_Nuclear,2050,9,16,16,0.0
2849,BE_Nuclear,2050,9,17,17,0.0
2850,BE_Nuclear,2050,9,18,18,-0.39990000000000003
2851,BE_Nuclear,2050,9,19,19,-0.39990000000000003
2852,BE_Nuclear,2050,9,20,20,-0.39990000000000003
2853,BE_Nuclear,2050,9,21,21,-0.39990000000000003
2854,BE_Nuclear,2050,9,22,22,-0.39990000000000003
2855,BE_Nuclear,2050,9,23,23,-0.39990000000000003
2856,BE_Nuclear,2050,9,24,24,-0.39990000000000003
2857,BE_Nuclear,2050,10,1,1,-0.42780000000000007
2858,BE_Nuclear,2050,10,2,2,-0.42780000000000007
2859,BE_Nuclear,2050,10,3,3,-0.42780000000000007
2860,BE_Nuclear,2050,10,4,4,-0.42780000000000007
2861,BE_Nuclear,2050,10,5,5,-0.42780000000000007
2862,BE_Nuclear,2050,10,6,6,-1.1316000000000002
2863,BE_Nuclear,2050,10,7,7,-1.1316000000000002
2864,BE_Nuclear,2050,10,8,8,-1.1316000000000002
2865,BE_Nuclear,2050,10,9,9,-1.1316000000000002
2866,BE_Nuclear,2050,10,10,10,-1.1316000000000002
2867,BE_Nuclear,2050,10,11,11,-1.1316000000000002
2868,BE_Nuclear,2050,10,12,12,-1.1316000000000002
2869,BE_Nuclear,2050,10,13,13,-1.1316000000000002
2870,BE_Nuclear,2050,10,14,14,-1.1316000000000002
2871,BE_Nuclear,2050,10,15,15,-1.9595999999999996
2872,BE_Nuclear,2050,10,16,16,-1.9595999999999996
2873,BE_Nuclear,2050,10,17,17,-1.9595999999999996
2874,BE_Nuclear,2050,10,18,18,-1.9595999999999996
2875,BE_Nuclear,2050,10,19,19,-1.9595999999999996
2876,BE_Nuclear,2050,10,20,20,-1.9595999999999996
2877,BE_Nuclear,2050,10,21,21,-1.1316000000000002
2878,BE_Nuclear,2050,10,22,22,-0.42780000000000007
2879,BE_Nuclear,2050,10,23,23,-0.42780000000000007
2880,BE_Nuclear,2050,10,24,24,-0.42780000000000007
2881,BE_OCGT,2050,1,1,1,0.0
2882,BE_OCGT,2050,1,2,2,0.0
2883,BE_OCGT,2050,1,3,3,0.0
2884,BE_OCGT,2050,1,4,4,0.0
2885,BE_OCGT,2050,1,5,5,0.0
2886,BE_OCGT,2050,1,6,6,0.0
2887,BE_OCGT,2050,1,7,7,0.0
2888,BE_OCGT,2050,1,8,8,0.0
2889,BE_OCGT,2050,1,9,9,0.0
2890,BE_OCGT,2050,1,10,10,0.0
2891,BE_OCGT,2050,1,11,11,0.0
2892,BE_OCGT,2050,1,12,12,0.0
2893,BE_OCGT,2050,1,13,13,0.0
2894,BE_OCGT,2050,1,14,14,0.0
2895,BE_OCGT,2050,1,15,15,0.0
2896,BE_OCGT,2050,1,16,16,0.0
2897,BE_OCGT,2050,1,17,17,0.0
2898,BE_OCGT,2050,1,18,18,0.0
2899,BE_OCGT,2050,1,19,19,0.0
2900,BE_OCGT,2050,1,20,20,0.0
2901,BE_OCGT,2050,1,21,21,0.0
2902,BE_OCGT,2050,1,22,22,0.0
2903,BE_OCGT,2050,1,23,23,0.0
2904,BE_OCGT,2050,1,24,24,0.0
2905,BE_OCGT,2050,2,1,1,0.0
2906,BE_OCGT,2050,2,2,2,0.0
2907,BE_OCGT,2050,2,3,3,0.0
2908,BE_OCGT,2050,2,4,4,0.0
2909,BE_OCGT,2050,2,5,5,0.0
2910,BE_OCGT,2050,2,6,6,0.0
2911,BE_OCGT,2050,2,7,7,0.0
2912,BE_OCGT,2050,2,8,8,0.0
2913,BE_OCGT,2050,2,9,9,0.0
2914,BE_OCGT,2050,2,10,10,0.0
2915,BE_OCGT,2050,2,11,11,0.0
2916,BE_OCGT,2050,2,12,12,0.0
2917,BE_OCGT,2050,2,13,13,0.0
2918,BE_OCGT,2050,2,14,14,0.0
2919,BE_OCGT,2050,2,15,15,0.0
2920,BE_OCGT,2050,2,16,16,0.0
2921,BE_OCGT,2050,2,17,17,0.0
2922,BE_OCGT,2050,2,18,18,0.0
2923,BE_OCGT,2050,2,19,19,0.0
2924,BE_OCGT,2050,2,20,20,0.0
2925,BE_OCGT,2050,2,21,21,0.0
2926,BE_OCGT,2050,2,22,22,0.0
2927,BE_OCGT,2050,2,23,23,0.0
2928,BE_OCGT,2050,2,24,24,0.0
2929,BE_OCGT,2050,3,1,1,0.0
2930,BE_OCGT,2050,3,2,2,0.0
2931,BE_OCGT,2050,3,3,3,0.0
2932,BE_OCGT,2050,3,4,4,0.0
2933,BE_OCGT,2050,3,5,5,0.0
2934,BE_OCGT,2050,3,6,6,0.0
2935,BE_OCGT,2050,3,7,7,0.0
2936,BE_OCGT,2050,3,8,8,0.0
2937,BE_OCGT,2050,3,9,9,0.0
2938,BE_OCGT,2050,3,10,10,0.0
2939,BE_OCGT,2050,3,11,11,0.0
2940,BE_OCGT,2050,3,12,12,0.0
2941,BE_OCGT,2050,3,13,13,0.0
2942,BE_OCGT,2050,3,14,14,0.0
2943,BE_OCGT,2050,3,15,15,0.0
2944,BE_OCGT,2050,3,16,16,0.0
2945,BE_OCGT,2050,3,17,17,0.0
2946,BE_OCGT,2050,3,18,18,0.0
2947,BE_OCGT,2050,3,19,19,0.0
2948,BE_OCGT,2050,3,20,20,0.0
2949,BE_OCGT,2050,3,21,21,0.0
2950,BE_OCGT,2050,3,22,22,0.0
2951,BE_OCGT,2050,3,23,23,0.0
2952,BE_OCGT,2050,3,24,24,0.0
2953,BE_OCGT,2050,4,1,1,0.0
2954,BE_OCGT,2050,4,2,2,0.0
2955,BE_OCGT,2050,4,3,3,0.0
2956,BE_OCGT,2050,4,4,4,0.0
2957,BE_OCGT,2050,4,5,5,0.0
2958,BE_OCGT,2050,4,6,6,0.0
2959,BE_OCGT,2050,4,7,7,0.0
2960,BE_OCGT,2050,4,8,8,0.0
2961,BE_OCGT,2050,4,9,9,0.0
2962,BE_OCGT,2050,4,10,10,0.0
2963,BE_OCGT,2050,4,11,11,0.0
2964,BE_OCGT,2050,4,12,12,0.0
2965,BE_OCGT,2050,4,13,13,0.0
2966,BE_OCGT,2050,4,14,14,0.0
2967,BE_OCGT,2050,4,15,15,0.0
2968,BE_OCGT,2050,4,16,16,0.0
2969,BE_OCGT,2050,4,17,17,0.0
2970,BE_OCGT,2050,4,18,18,0.0
2971,BE_OCGT,2050,4,19,19,0.0
2972,BE_OCGT,2050,4,20,20,0.0
2973,BE_OCGT,2050,4,21,21,0.0
2974,BE_OCGT,2050,4,22,22,0.0
2975,BE_OCGT,2050,4,23,23,0.0
2976,BE_OCGT,2050,4,24,24,0.0
2977,BE_OCGT,2050,5,1,1,0.0
2978,BE_OCGT,2050,5,2,2,0.0
2979,BE_OCGT,2050,5,3,3,0.0
2980,BE_OCGT,2050,5,4,4,0.0
2981,BE_OCGT,2050,5,5,5,0.0
2982,BE_OCGT,2050,5,6,6,0.0
2983,BE_OCGT,2050,5,7,7,0.0
2984,BE_OCGT,2050,5,8,8,0.0
2985,BE_OCGT,2050,5,9,9,0.0
2986,BE_OCGT,2050,5,10,10,0.0
2987,BE_OCGT,2050,5,11,11,0.0
2988,BE_OCGT,2050,5,12,12,0.0
2989,BE_OCGT,2050,5,13,13,0.0
2990,BE_OCGT,2050,5,14,14,0.0
2991,BE_OCGT,2050,5,15,15,0.0
2992,BE_OCGT,2050,5,16,16,0.0
2993,BE_OCGT,2050,5,17,17,0.0
2994,BE_OCGT,2050,5,18,18,0.0
2995,BE_OCGT,2050,5,19,19,0.0
2996,BE_OCGT,2050,5,20,20,0.0
2997,BE_OCGT,2050,5,21,21,0.0
2998,BE_OCGT,2050,5,22,22,0.0
2999,BE_OCGT,2050,5,23,23,0.0
3000,BE_OCGT,2050,5,24,24,0.0
3001,BE_OCGT,2050,6,1,1,0.0
3002,BE_OCGT,2050,6,2,2,0.0
3003,BE_OCGT,2050,6,3,3,0.0
3004,BE_OCGT,2050,6,4,4,0.0
3005,BE_OCGT,2050,6,5,5,0.0
3006,BE_OCGT,2050,6,6,6,0.0
3007,BE_OCGT,2050,6,7,7,0.0
3008,BE_OCGT,2050,6,8,8,0.0
3009,BE_OCGT,2050,6,9,9,0.0
3010,BE_OCGT,2050,6,10,10,0.0
3011,BE_OCGT,2050,6,11,11,0.0
3012,BE_OCGT,2050,6,12,12,0.0
3013,BE_OCGT,2050,6,13,13,0.0
3014,BE_OCGT,2050,6,14,14,0.0
3015,BE_OCGT,2050,6,15,15,0.0
3016,BE_OCGT,2050,6,16,16,0.0
3017,BE_OCGT,2050,6,17,17,0.0
3018,BE_OCGT,2050,6,18,18,0.0
3019,BE_OCGT,2050,6,19,19,0.0
3020,BE_OCGT,2050,6,20,20,0.0
3021,BE_OCGT,2050,6,21,21,0.0
3022,BE_OCGT,2050,6,22,22,0.0
3023,BE_OCGT,2050,6,23,23,0.0
3024,BE_OCGT,2050,6,24,24,0.0
3025,BE_OCGT,2050,7,1,1,0.0
3026,BE_OCGT,2050,7,2,2,0.0
3027,BE_OCGT,2050,7,3,3,0.0
3028,BE_OCGT,2050,7,4,4,0.0
3029,BE_OCGT,2050,7,5,5,0.0
3030,BE_OCGT,2050,7,6,6,0.0
3031,BE_OCGT,2050,7,7,7,0.0
3032,BE_OCGT,2050,7,8,8,0.0
3033,BE_OCGT,2050,7,9,9,0.0
3034,BE_OCGT,2050,7,10,10,0.0
3035,BE_OCGT,2050,7,11,11,0.0
3036,BE_OCGT,2050,7,12,12,0.0
3037,BE_OCGT,2050,7,13,13,0.0
3038,BE_OCGT,2050,7,14,14,0.0
3039,BE_OCGT,2050,7,15,15,0.0
3040,BE_OCGT,2050,7,16,16,0.0
3041,BE_OCGT,2050,7,17,17,0.0
3042,BE_OCGT,2050,7,18,18,-6.059365705666339
3043,BE_OCGT,2050,7,19,19,-18.950631411332676
3044,BE_OCGT,2050,7,20,20,0.0
3045,BE_OCGT,2050,7,21,21,0.0
3046,BE_OCGT,2050,7,22,22,0.0
3047,BE_OCGT,2050,7,23,23,0.0
3048,BE_OCGT,2050,7,24,24,0.0
3049,BE_OCGT,2050,8,1,1,0.0
3050,BE_OCGT,2050,8,2,2,0.0
3051,BE_OCGT,2050,8,3,3,0.0
3052,BE_OCGT,2050,8,4,4,0.0
3053,BE_OCGT,2050,8,5,5,0.0
3054,BE_OCGT,2050,8,6,6,0.0
3055,BE_OCGT,2050,8,7,7,0.0
3056,BE_OCGT,2050,8,8,8,0.0
3057,BE_OCGT,2050,8,9,9,0.0
3058,BE_OCGT,2050,8,10,10,0.0
3059,BE_OCGT,2050,8,11,11,0.0
3060,BE_OCGT,2050,8,12,12,0.0
3061,BE_OCGT,2050,8,13,13,0.0
3062,BE_OCGT,2050,8,14,14,0.0
3063,BE_OCGT,2050,8,15,15,0.0
3064,BE_OCGT,2050,8,16,16,0.0
3065,BE_OCGT,2050,8,17,17,0.0
3066,BE_OCGT,2050,8,18,18,0.0
3067,BE_OCGT,2050,8,19,19,0.0
3068,BE_OCGT,2050,8,20,20,0.0
3069,BE_OCGT,2050,8,21,21,0.0
3070,BE_OCGT,2050,8,22,22,0.0
3071,BE_OCGT,2050,8,23,23,0.0
3072,BE_OCGT,2050,8,24,24,0.0
3073,BE_OCGT,2050,9,1,1,0.0
3074,BE_OCGT,2050,9,2,2,0.0
3075,BE_OCGT,2050,9,3,3,0.0
3076,BE_OCGT,2050,9,4,4,0.0
3077,BE_OCGT,2050,9,5,5,0.0
3078,BE_OCGT,2050,9,6,6,0.0
3079,BE_OCGT,2050,9,7,7,0.0
3080,BE_OCGT,2050,9,8,8,0.0
3081,BE_OCGT,2050,9,9,9,0.0
3082,BE_OCGT,2050,9,10,10,0.0
3083,BE_OCGT,2050,9,11,11,0.0
3084,BE_OCGT,2050,9,12,12,0.0
3085,BE_OCGT,2050,9,13,13,0.0
3086,BE_OCGT,2050,9,14,14,0.0
3087,BE_OCGT,2050,9,15,15,0.0
3088,BE_OCGT,2050,9,16,16,0.0
3089,BE_OCGT,2050,9,17,17,0.0
3090,BE_OCGT,2050,9,18,18,0.0
3091,BE_OCGT,2050,9,19,19,0.0
3092,BE_OCGT,2050,9,20,20,0.0
3093,BE_OCGT,2050,9,21,21,0.0
3094,BE_OCGT,2050,9,22,22,0.0
3095,BE_OCGT,2050,9,23,23,0.0
3096,BE_OCGT,2050,9,24,24,0.0
3097,BE_OCGT,2050,10,1,1,0.0
3098,BE_OCGT,2050,10,2,2,0.0
3099,BE_OCGT,2050,10,3,3,0.0
3100,BE_OCGT,2050,10,4,4,0.0
3101,BE_OCGT,2050,10,5,5,0.0
3102,BE_OCGT,2050,10,6,6,0.0
3103,BE_OCGT,2050,10,7,7,0.0
3104,BE_OCGT,2050,10,8,8,0.0
3105,BE_OCGT,2050,10,9,9,0.0
3106,BE_OCGT,2050,10,10,10,0.0
3107,BE_OCGT,2050,10,11,11,0.0
3108,BE_OCGT,2050,10,12,12,0.0
3109,BE_OCGT,2050,10,13,13,0.0
3110,BE_OCGT,2050,10,14,14,0.0
3111,BE_OCGT,2050,10,15,15,0.0
3112,BE_OCGT,2050,10,16,16,0.0
3113,BE_OCGT,2050,10,17,17,0.0
3114,BE_OCGT,2050,10,18,18,0.0
3115,BE_OCGT,2050,10,19,19,0.0
3116,BE_OCGT,2050,10,20,20,0.0
3117,BE_OCGT,2050,10,21,21,0.0
3118,BE_OCGT,2050,10,22,22,0.0
3119,BE_OCGT,2050,10,23,23,0.0
3120,BE_OCGT,2050,10,24,24,0.0
3121,BE_Solar,2050,1,1,1,-0.9381
3122,BE_Solar,2050,1,2,2,-0.9381
3123,BE_Solar,2050,1,3,3,-0.9381
3124,BE_Solar,2050,1,4,4,-0.9381
3125,BE_Solar,2050,1,5,5,-0.9381
3126,BE_Solar,2050,1,6,6,-0.9381
3127,BE_Solar,2050,1,7,7,-1.749
3128,BE_Solar,2050,1,8,8,-1.749
3129,BE_Solar,2050,1,9,9,-1.749
3130,BE_Solar,2050,1,10,10,-1.749
3131,BE_Solar,2050,1,11,11,-1.749
3132,BE_Solar,2050,1,12,12,-1.749
3133,BE_Solar,2050,1,13,13,-0.9381
3134,BE_Solar,2050,1,14,14,-0.9381
3135,BE_Solar,2050,1,15,15,-0.9381
3136,BE_Solar,2050,1,16,16,-0.9381
3137,BE_Solar,2050,1,17,17,-0.9381
3138,BE_Solar,2050,1,18,18,-1.749
3139,BE_Solar,2050,1,19,19,-1.749
3140,BE_Solar,2050,1,20,20,-1.749
3141,BE_Solar,2050,1,21,21,-1.749
3142,BE_Solar,2050,1,22,22,-0.9381
3143,BE_Solar,2050,1,23,23,-0.9381
3144,BE_Solar,2050,1,24,24,-0.9381
3145,BE_Solar,2050,2,1,1,0.0
3146,BE_Solar,2050,2,2,2,0.0
3147,BE_Solar,2050,2,3,3,0.0
3148,BE_Solar,2050,2,4,4,0.0
3149,BE_Solar,2050,2,5,5,0.0
3150,BE_Solar,2050,2,6,6,0.0
3151,BE_Solar,2050,2,7,7,-0.5841000000000001
3152,BE_Solar,2050,2,8,8,-0.5841000000000001
3153,BE_Solar,2050,2,9,9,-0.5841000000000001
3154,BE_Solar,2050,2,10,10,-0.5841000000000001
3155,BE_Solar,2050,2,11,11,-0.5841000000000001
3156,BE_Solar,2050,2,12,12,-0.5841000000000001
3157,BE_Solar,2050,2,13,13,-0.5841000000000001
3158,BE_Solar,2050,2,14,14,-0.5841000000000001
3159,BE_Solar,2050,2,15,15,-0.5841000000000001
3160,BE_Solar,2050,2,16,16,-0.5841000000000001
3161,BE_Solar,2050,2,17,17,-0.5841000000000001
3162,BE_Solar,2050,2,18,18,-0.5841000000000001
3163,BE_Solar,2050,2,19,19,-1.089
3164,BE_Solar,2050,2,20,20,-0.5841000000000001
3165,BE_Solar,2050,2,21,21,-0.5841000000000001
3166,BE_Solar,2050,2,22,22,-0.5841000000000001
3167,BE_Solar,2050,2,23,23,-0.5841000000000001
3168,BE_Solar,2050,2,24,24,0.0
3169,BE_Solar,2050,3,1,1,0.0
3170,BE_Solar,2050,3,2,2,0.0
3171,BE_Solar,2050,3,3,3,0.0
3172,BE_Solar,2050,3,4,4,0.0
3173,BE_Solar,2050,3,5,5,0.0
3174,BE_Solar,2050,3,6,6,0.0
3175,BE_Solar,2050,3,7,7,0.0
3176,BE_Solar,2050,3,8,8,0.0
3177,BE_Solar,2050,3,9,9,0.0
3178,BE_Solar,2050,3,10,10,0.0
3179,BE_Solar,2050,3,11,11,0.0
3180,BE_Solar,2050,3,12,12,0.0
3181,BE_Solar,2050,3,13,13,0.0
3182,BE_Solar,2050,3,14,14,0.0
3183,BE_Solar,2050,3,15,15,0.0
3184,BE_Solar,2050,3,16,16,0.0
3185,BE_Solar,2050,3,17,17,0.0
3186,BE_Solar,2050,3,18,18,0.0
3187,BE_Solar,2050,3,19,19,0.0
3188,BE_Solar,2050,3,20,20,0.0
3189,BE_Solar,2050,3,21,21,0.0
3190,BE_Solar,2050,3,22,22,0.0
3191,BE_Solar,2050,3,23,23,0.0
3192,BE_Solar,2050,3,24,24,0.0
3193,BE_Solar,2050,4,1,1,0.0
3194,BE_Solar,2050,4,2,2,0.0
3195,BE_Solar,2050,4,3,3,0.0
3196,BE_Solar,2050,4,4,4,0.0
3197,BE_Solar,2050,4,5,5,0.0
3198,BE_Solar,2050,4,6,6,0.0
3199,BE_Solar,2050,4,7,7,0.0
3200,BE_Solar,2050,4,8,8,0.0
3201,BE_Solar,2050,4,9,9,0.0
3202,BE_Solar,2050,4,10,10,0.0
3203,BE_Solar,2050,4,11,11,0.0
3204,BE_Solar,2050,4,12,12,0.0
3205,BE_Solar,2050,4,13,13,0.0
3206,BE_Solar,2050,4,14,14,0.0
3207,BE_Solar,2050,4,15,15,0.0
3208,BE_Solar,2050,4,16,16,0.0
3209,BE_Solar,2050,4,17,17,0.0
3210,BE_Solar,2050,4,18,18,-0.4071
3211,BE_Solar,2050,4,19,19,-0.4071
3212,BE_Solar,2050,4,20,20,-0.4071
3213,BE_Solar,2050,4,21,21,0.0
3214,BE_Solar,2050,4,22,22,0.0
3215,BE_Solar,2050,4,23,23,0.0
3216,BE_Solar,2050,4,24,24,0.0
3217,BE_Solar,2050,5,1,1,0.0
3218,BE_Solar,2050,5,2,2,0.0
3219,BE_Solar,2050,5,3,3,0.0
3220,BE_Solar,2050,5,4,4,0.0
3221,BE_Solar,2050,5,5,5,0.0
3222,BE_Solar,2050,5,6,6,0.0
3223,BE_Solar,2050,5,7,7,0.0
3224,BE_Solar,2050,5,8,8,0.0
3225,BE_Solar,2050,5,9,9,0.0
3226,BE_Solar,2050,5,10,10,0.0
3227,BE_Solar,2050,5,11,11,0.0
3228,BE_Solar,2050,5,12,12,0.0
3229,BE_Solar,2050,5,13,13,0.0
3230,BE_Solar,2050,5,14,14,0.0
3231,BE_Solar,2050,5,15,15,0.0
3232,BE_Solar,2050,5,16,16,0.0
3233,BE_Solar,2050,5,17,17,0.0
3234,BE_Solar,2050,5,18,18,0.0
3235,BE_Solar,2050,5,19,19,0.0
3236,BE_Solar,2050,5,20,20,0.0
3237,BE_Solar,2050,5,21,21,0.0
3238,BE_Solar,2050,5,22,22,0.0
3239,BE_Solar,2050,5,23,23,0.0
3240,BE_Solar,2050,5,24,24,0.0
3241,BE_Solar,2050,6,1,1,-0.3186
3242,BE_Solar,2050,6,2,2,-0.3186
3243,BE_Solar,2050,6,3,3,-0.3186
3244,BE_Solar,2050,6,4,4,-0.3186
3245,BE_Solar,2050,6,5,5,-0.3186
3246,BE_Solar,2050,6,6,6,-0.5940000000000001
3247,BE_Solar,2050,6,7,7,-0.5940000000000001
3248,BE_Solar,2050,6,8,8,-0.9179999999999999
3249,BE_Solar,2050,6,9,9,-0.9179999999999999
3250,BE_Solar,2050,6,10,10,-0.5940000000000001
3251,BE_Solar,2050,6,11,11,-0.5940000000000001
3252,BE_Solar,2050,6,12,12,-0.5940000000000001
3253,BE_Solar,2050,6,13,13,-0.3186
3254,BE_Solar,2050,6,14,14,-0.3186
3255,BE_Solar,2050,6,15,15,-0.3186
3256,BE_Solar,2050,6,16,16,-0.3186
3257,BE_Solar,2050,6,17,17,-0.3186
3258,BE_Solar,2050,6,18,18,-0.3186
3259,BE_Solar,2050,6,19,19,-0.5940000000000001
3260,BE_Solar,2050,6,20,20,-0.9179999999999999
3261,BE_Solar,2050,6,21,21,-0.9179999999999999
3262,BE_Solar,2050,6,22,22,-0.9179999999999999
3263,BE_Solar,2050,6,23,23,-0.5940000000000001
3264,BE_Solar,2050,6,24,24,-0.3186
3265,BE_Solar,2050,7,1,1,-0.6549
3266,BE_Solar,2050,7,2,2,-0.6549
3267,BE_Solar,2050,7,3,3,-0.6549
3268,BE_Solar,2050,7,4,4,-1.221
3269,BE_Solar,2050,7,5,5,-1.221
3270,BE_Solar,2050,7,6,6,-1.8869999999999998
3271,BE_Solar,2050,7,7,7,-1.8869999999999998
3272,BE_Solar,2050,7,8,8,-1.8869999999999998
3273,BE_Solar,2050,7,9,9,-1.8869999999999998
3274,BE_Solar,2050,7,10,10,-1.8869999999999998
3275,BE_Solar,2050,7,11,11,-1.8869999999999998
3276,BE_Solar,2050,7,12,12,-1.8869999999999998
3277,BE_Solar,2050,7,13,13,-1.8869999999999998
3278,BE_Solar,2050,7,14,14,-1.8869999999999998
3279,BE_Solar,2050,7,15,15,-1.8869999999999998
3280,BE_Solar,2050,7,16,16,-1.8869999999999998
3281,BE_Solar,2050,7,17,17,-1.8869999999999998
3282,BE_Solar,2050,7,18,18,-7.946365705666339
3283,BE_Solar,2050,7,19,19,-20.837631411332676
3284,BE_Solar,2050,7,20,20,-1.8869999999999998
3285,BE_Solar,2050,7,21,21,-1.221
3286,BE_Solar,2050,7,22,22,-1.221
3287,BE_Solar,2050,7,23,23,-0.6549
3288,BE_Solar,2050,7,24,24,-0.6549
3289,BE_Solar,2050,8,1,1,0.0
3290,BE_Solar,2050,8,2,2,0.0
3291,BE_Solar,2050,8,3,3,0.0
3292,BE_Solar,2050,8,4,4,0.0
3293,BE_Solar,2050,8,5,5,0.0
3294,BE_Solar,2050,8,6,6,0.0
3295,BE_Solar,2050,8,7,7,0.0
3296,BE_Solar,2050,8,8,8,0.0
3297,BE_Solar,2050,8,9,9,0.0
3298,BE_Solar,2050,8,10,10,0.0
3299,BE_Solar,2050,8,11,11,0.0
3300,BE_Solar,2050,8,12,12,0.0
3301,BE_Solar,2050,8,13,13,0.0
3302,BE_Solar,2050,8,14,14,0.0
3303,BE_Solar,2050,8,15,15,0.0
3304,BE_Solar,2050,8,16,16,0.0
3305,BE_Solar,2050,8,17,17,0.0
3306,BE_Solar,2050,8,18,18,0.0
3307,BE_Solar,2050,8,19,19,0.0
3308,BE_Solar,2050,8,20,20,0.0
3309,BE_Solar,2050,8,21,21,0.0
3310,BE_Solar,2050,8,22,22,0.0
3311,BE_Solar,2050,8,23,23,0.0
3312,BE_Solar,2050,8,24,24,0.0
3313,BE_Solar,2050,9,1,1,0.0
3314,BE_Solar,2050,9,2,2,0.0
3315,BE_Solar,2050,9,3,3,0.0
3316,BE_Solar,2050,9,4,4,0.0
3317,BE_Solar,2050,9,5,5,0.0
3318,BE_Solar,2050,9,6,6,0.0
3319,BE_Solar,2050,9,7,7,0.0
3320,BE_Solar,2050,9,8,8,0.0
3321,BE_Solar,2050,9,9,9,0.0
3322,BE_Solar,2050,9,10,10,0.0
3323,BE_Solar,2050,9,11,11,0.0
3324,BE_Solar,2050,9,12,12,0.0
3325,BE_Solar,2050,9,13,13,0.0
3326,BE_Solar,2050,9,14,14,0.0
3327,BE_Solar,2050,9,15,15,0.0
3328,BE_Solar,2050,9,16,16,0.0
3329,BE_Solar,2050,9,17,17,0.0
3330,BE_Solar,2050,9,18,18,-0.7611
3331,BE_Solar,2050,9,19,19,-0.7611
3332,BE_Solar,2050,9,20,20,-0.7611
3333,BE_Solar,2050,9,21,21,-0.7611
3334,BE_Solar,2050,9,22,22,-0.7611
3335,BE_Solar,2050,9,23,23,-0.7611
3336,BE_Solar,2050,9,24,24,-0.7611
3337,BE_Solar,2050,10,1,1,-0.8142
3338,BE_Solar,2050,10,2,2,-0.8142
3339,BE_Solar,2050,10,3,3,-0.8142
3340,BE_Solar,2050,10,4,4,-0.8142
3341,BE_Solar,2050,10,5,5,-0.8142
3342,BE_Solar,2050,10,6,6,-1.518
3343,BE_Solar,2050,10,7,7,-1.518
3344,BE_Solar,2050,10,8,8,-1.518
3345,BE_Solar,2050,10,9,9,-1.518
3346,BE_Solar,2050,10,10,10,-1.518
3347,BE_Solar,2050,10,11,11,-1.518
3348,BE_Solar,2050,10,12,12,-1.518
3349,BE_Solar,2050,10,13,13,-1.518
3350,BE_Solar,2050,10,14,14,-1.518
3351,BE_Solar,2050,10,15,15,-2.3459999999999996
3352,BE_Solar,2050,10,16,16,-2.3459999999999996
3353,BE_Solar,2050,10,17,17,-2.3459999999999996
3354,BE_Solar,2050,10,18,18,-2.3459999999999996
3355,BE_Solar,2050,10,19,19,-2.3459999999999996
3356,BE_Solar,2050,10,20,20,-2.3459999999999996
3357,BE_Solar,2050,10,21,21,-1.518
3358,BE_Solar,2050,10,22,22,-0.8142
3359,BE_Solar,2050,10,23,23,-0.8142
3360,BE_Solar,2050,10,24,24,-0.8142
3361,BE_Wind_Offshore,2050,1,1,1,-0.9381
3362,BE_Wind_Offshore,2050,1,2,2,-0.9381
3363,BE_Wind_Offshore,2050,1,3,3,-0.9381
3364,BE_Wind_Offshore,2050,1,4,4,-0.9381
3365,BE_Wind_Offshore,2050,1,5,5,-0.9381
3366,BE_Wind_Offshore,2050,1,6,6,-0.9381
3367,BE_Wind_Offshore,2050,1,7,7,-1.749
3368,BE_Wind_Offshore,2050,1,8,8,-1.749
3369,BE_Wind_Offshore,2050,1,9,9,-1.749
3370,BE_Wind_Offshore,2050,1,10,10,-1.749
3371,BE_Wind_Offshore,2050,1,11,11,-1.749
3372,BE_Wind_Offshore,2050,1,12,12,-1.749
3373,BE_Wind_Offshore,2050,1,13,13,-0.9381
3374,BE_Wind_Offshore,2050,1,14,14,-0.9381
3375,BE_Wind_Offshore,2050,1,15,15,-0.9381
3376,BE_Wind_Offshore,2050,1,16,16,-0.9381
3377,BE_Wind_Offshore,2050,1,17,17,-0.9381
3378,BE_Wind_Offshore,2050,1,18,18,-1.749
3379,BE_Wind_Offshore,2050,1,19,19,-1.749
3380,BE_Wind_Offshore,2050,1,20,20,-1.749
3381,BE_Wind_Offshore,2050,1,21,21,-1.749
3382,BE_Wind_Offshore,2050,1,22,22,-0.9381
3383,BE_Wind_Offshore,2050,1,23,23,-0.9381
3384,BE_Wind_Offshore,2050,1,24,24,-0.9381
3385,BE_Wind_Offshore,2050,2,1,1,0.0
3386,BE_Wind_Offshore,2050,2,2,2,0.0
3387,BE_Wind_Offshore,2050,2,3,3,0.0
3388,BE_Wind_Offshore,2050,2,4,4,0.0
3389,BE_Wind_Offshore,2050,2,5,5,0.0
3390,BE_Wind_Offshore,2050,2,6,6,0.0
3391,BE_Wind_Offshore,2050,2,7,7,-0.5841000000000001
3392,BE_Wind_Offshore,2050,2,8,8,-0.5841000000000001
3393,BE_Wind_Offshore,2050,2,9,9,-0.5841000000000001
3394,BE_Wind_Offshore,2050,2,10,10,-0.5841000000000001
3395,BE_Wind_Offshore,2050,2,11,11,-0.5841000000000001
3396,BE_Wind_Offshore,2050,2,12,12,-0.5841000000000001
3397,BE_Wind_Offshore,2050,2,13,13,-0.5841000000000001
3398,BE_Wind_Offshore,2050,2,14,14,-0.5841000000000001
3399,BE_Wind_Offshore,2050,2,15,15,-0.5841000000000001
3400,BE_Wind_Offshore,2050,2,16,16,-0.5841000000000001
3401,BE_Wind_Offshore,2050,2,17,17,-0.5841000000000001
3402,BE_Wind_Offshore,2050,2,18,18,-0.5841000000000001
3403,BE_Wind_Offshore,2050,2,19,19,-1.089
3404,BE_Wind_Offshore,2050,2,20,20,-0.5841000000000001
3405,BE_Wind_Offshore,2050,2,21,21,-0.5841000000000001
3406,BE_Wind_Offshore,2050,2,22,22,-0.5841000000000001
3407,BE_Wind_Offshore,2050,2,23,23,-0.5841000000000001
3408,BE_Wind_Offshore,2050,2,24,24,0.0
3409,BE_Wind_Offshore,2050,3,1,1,0.0
3410,BE_Wind_Offshore,2050,3,2,2,0.0
3411,BE_Wind_Offshore,2050,3,3,3,0.0
3412,BE_Wind_Offshore,2050,3,4,4,0.0
3413,BE_Wind_Offshore,2050,3,5,5,0.0
3414,BE_Wind_Offshore,2050,3,6,6,0.0
3415,BE_Wind_Offshore,2050,3,7,7,0.0
3416,BE_Wind_Offshore,2050,3,8,8,0.0
3417,BE_Wind_Offshore,2050,3,9,9,0.0
3418,BE_Wind_Offshore,2050,3,10,10,0.0
3419,BE_Wind_Offshore,2050,3,11,11,0.0
3420,BE_Wind_Offshore,2050,3,12,12,0.0
3421,BE_Wind_Offshore,2050,3,13,13,0.0
3422,BE_Wind_Offshore,2050,3,14,14,0.0
3423,BE_Wind_Offshore,2050,3,15,15,0.0
3424,BE_Wind_Offshore,2050,3,16,16,0.0
3425,BE_Wind_Offshore,2050,3,17,17,0.0
3426,BE_Wind_Offshore,2050,3,18,18,0.0
3427,BE_Wind_Offshore,2050,3,19,19,0.0
3428,BE_Wind_Offshore,2050,3,20,20,0.0
3429,BE_Wind_Offshore,2050,3,21,21,0.0
3430,BE_Wind_Offshore,2050,3,22,22,0.0
3431,BE_Wind_Offshore,2050,3,23,23,0.0
3432,BE_Wind_Offshore,2050,3,24,24,0.0
3433,BE_Wind_Offshore,2050,4,1,1,0.0
3434,BE_Wind_Offshore,2050,4,2,2,0.0
3435,BE_Wind_Offshore,2050,4,3,3,0.0
3436,BE_Wind_Offshore,2050,4,4,4,0.0
3437,BE_Wind_Offshore,2050,4,5,5,0.0
3438,BE_Wind_Offshore,2050,4,6,6,0.0
3439,BE_Wind_Offshore,2050,4,7,7,0.0
3440,BE_Wind_Offshore,2050,4,8,8,0.0
3441,BE_Wind_Offshore,2050,4,9,9,0.0
3442,BE_Wind_Offshore,2050,4,10,10,0.0
3443,BE_Wind_Offshore,2050,4,11,11,0.0
3444,BE_Wind_Offshore,2050,4,12,12,0.0
3445,BE_Wind_Offshore,2050,4,13,13,0.0
3446,BE_Wind_Offshore,2050,4,14,14,0.0
3447,BE_Wind_Offshore,2050,4,15,15,0.0
3448,BE_Wind_Offshore,2050,4,16,16,0.0
3449,BE_Wind_Offshore,2050,4,17,17,0.0
3450,BE_Wind_Offshore,2050,4,18,18,-0.4071
3451,BE_Wind_Offshore,2050,4,19,19,-0.4071
3452,BE_Wind_Offshore,2050,4,20,20,-0.4071
3453,BE_Wind_Offshore,2050,4,21,21,0.0
3454,BE_Wind_Offshore,2050,4,22,22,0.0
3455,BE_Wind_Offshore,2050,4,23,23,0.0
3456,BE_Wind_Offshore,2050,4,24,24,0.0
3457,BE_Wind_Offshore,2050,5,1,1,0.0
3458,BE_Wind_Offshore,2050,5,2,2,0.0
3459,BE_Wind_Offshore,2050,5,3,3,0.0
3460,BE_Wind_Offshore,2050,5,4,4,0.0
3461,BE_Wind_Offshore,2050,5,5,5,0.0
3462,BE_Wind_Offshore,2050,5,6,6,0.0
3463,BE_Wind_Offshore,2050,5,7,7,0.0
3464,BE_Wind_Offshore,2050,5,8,8,0.0
3465,BE_Wind_Offshore,2050,5,9,9,0.0
3466,BE_Wind_Offshore,2050,5,10,10,0.0
3467,BE_Wind_Offshore,2050,5,11,11,0.0
3468,BE_Wind_Offshore,2050,5,12,12,0.0
3469,BE_Wind_Offshore,2050,5,13,13,0.0
3470,BE_Wind_Offshore,2050,5,14,14,0.0
3471,BE_Wind_Offshore,2050,5,15,15,0.0
3472,BE_Wind_Offshore,2050,5,16,16,0.0
3473,BE_Wind_Offshore,2050,5,17,17,0.0
3474,BE_Wind_Offshore,2050,5,18,18,0.0
3475,BE_Wind_Offshore,2050,5,19,19,0.0
3476,BE_Wind_Offshore,2050,5,20,20,0.0
3477,BE_Wind_Offshore,2050,5,21,21,0.0
3478,BE_Wind_Offshore,2050,5,22,22,0.0
3479,BE_Wind_Offshore,2050,5,23,23,0.0
3480,BE_Wind_Offshore,2050,5,24,24,0.0
3481,BE_Wind_Offshore,2050,6,1,1,-0.3186
3482,BE_Wind_Offshore,2050,6,2,2,-0.3186
3483,BE_Wind_Offshore,2050,6,3,3,-0.3186
3484,BE_Wind_Offshore,2050,6,4,4,-0.3186
3485,BE_Wind_Offshore,2050,6,5,5,-0.3186
3486,BE_Wind_Offshore,2050,6,6,6,-0.5940000000000001
3487,BE_Wind_Offshore,2050,6,7,7,-0.5940000000000001
3488,BE_Wind_Offshore,2050,6,8,8,-0.9179999999999999
3489,BE_Wind_Offshore,2050,6,9,9,-0.9179999999999999
3490,BE_Wind_Offshore,2050,6,10,10,-0.5940000000000001
3491,BE_Wind_Offshore,2050,6,11,11,-0.5940000000000001
3492,BE_Wind_Offshore,2050,6,12,12,-0.5940000000000001
3493,BE_Wind_Offshore,2050,6,13,13,-0.3186
3494,BE_Wind_Offshore,2050,6,14,14,-0.3186
3495,BE_Wind_Offshore,2050,6,15,15,-0.3186
3496,BE_Wind_Offshore,2050,6,16,16,-0.3186
3497,BE_Wind_Offshore,2050,6,17,17,-0.3186
3498,BE_Wind_Offshore,2050,6,18,18,-0.3186
3499,BE_Wind_Offshore,2050,6,19,19,-0.5940000000000001
3500,BE_Wind_Offshore,2050,6,20,20,-0.9179999999999999
3501,BE_Wind_Offshore,2050,6,21,21,-0.9179999999999999
3502,BE_Wind_Offshore,2050,6,22,22,-0.9179999999999999
3503,BE_Wind_Offshore,2050,6,23,23,-0.5940000000000001
3504,BE_Wind_Offshore,2050,6,24,24,-0.3186
3505,BE_Wind_Offshore,2050,7,1,1,-0.6549
3506,BE_Wind_Offshore,2050,7,2,2,-0.6549
3507,BE_Wind_Offshore,2050,7,3,3,-0.6549
3508,BE_Wind_Offshore,2050,7,4,4,-1.221
3509,BE_Wind_Offshore,2050,7,5,5,-1.221
3510,BE_Wind_Offshore,2050,7,6,6,-1.8869999999999998
3511,BE_Wind_Offshore,2050,7,7,7,-1.8869999999999998
3512,BE_Wind_Offshore,2050,7,8,8,-1.8869999999999998
3513,BE_Wind_Offshore,2050,7,9,9,-1.8869999999999998
3514,BE_Wind_Offshore,2050,7,10,10,-1.8869999999999998
3515,BE_Wind_Offshore,2050,7,11,11,-1.8869999999999998
3516,BE_Wind_Offshore,2050,7,12,12,-1.8869999999999998
3517,BE_Wind_Offshore,2050,7,13,13,-1.8869999999999998
3518,BE_Wind_Offshore,2050,7,14,14,-1.8869999999999998
3519,BE_Wind_Offshore,2050,7,15,15,-1.8869999999999998
3520,BE_Wind_Offshore,2050,7,16,16,-1.8869999999999998
3521,BE_Wind_Offshore,2050,7,17,17,-1.8869999999999998
3522,BE_Wind_Offshore,2050,7,18,18,-7.946365705666339
3523,BE_Wind_Offshore,2050,7,19,19,-20.837631411332676
3524,BE_Wind_Offshore,2050,7,20,20,-1.8869999999999998
3525,BE_Wind_Offshore,2050,7,21,21,-1.221
3526,BE_Wind_Offshore,2050,7,22,22,-1.221
3527,BE_Wind_Offshore,2050,7,23,23,-0.6549
3528,BE_Wind_Offshore,2050,7,24,24,-0.6549
3529,BE_Wind_Offshore,2050,8,1,1,0.0
3530,BE_Wind_Offshore,2050,8,2,2,0.0
3531,BE_Wind_Offshore,2050,8,3,3,0.0
3532,BE_Wind_Offshore,2050,8,4,4,0.0
3533,BE_Wind_Offshore,2050,8,5,5,0.0
3534,BE_Wind_Offshore,2050,8,6,6,0.0
3535,BE_Wind_Offshore,2050,8,7,7,0.0
3536,BE_Wind_Offshore,2050,8,8,8,0.0
3537,BE_Wind_Offshore,2050,8,9,9,0.0
3538,BE_Wind_Offshore,2050,8,10,10,0.0
3539,BE_Wind_Offshore,2050,8,11,11,0.0
3540,BE_Wind_Offshore,2050,8,12,12,0.0
3541,BE_Wind_Offshore,2050,8,13,13,0.0
3542,BE_Wind_Offshore,2050,8,14,14,0.0
3543,BE_Wind_Offshore,2050,8,15,15,0.0
3544,BE_Wind_Offshore,2050,8,16,16,0.0
3545,BE_Wind_Offshore,2050,8,17,17,0.0
3546,BE_Wind_Offshore,2050,8,18,18,0.0
3547,BE_Wind_Offshore,2050,8,19,19,0.0
3548,BE_Wind_Offshore,2050,8,20,20,0.0
3549,BE_Wind_Offshore,2050,8,21,21,0.0
3550,BE_Wind_Offshore,2050,8,22,22,0.0
3551,BE_Wind_Offshore,2050,8,23,23,0.0
3552,BE_Wind_Offshore,2050,8,24,24,0.0
3553,BE_Wind_Offshore,2050,9,1,1,0.0
3554,BE_Wind_Offshore,2050,9,2,2,0.0
3555,BE_Wind_Offshore,2050,9,3,3,0.0
3556,BE_Wind_Offshore,2050,9,4,4,0.0
3557,BE_Wind_Offshore,2050,9,5,5,0.0
3558,BE_Wind_Offshore,2050,9,6,6,0.0
3559,BE_Wind_Offshore,2050,9,7,7,0.0
3560,BE_Wind_Offshore,2050,9,8,8,0.0
3561,BE_Wind_Offshore,2050,9,9,9,0.0
3562,BE_Wind_Offshore,2050,9,10,10,0.0
3563,BE_Wind_Offshore,2050,9,11,11,0.0
3564,BE_Wind_Offshore,2050,9,12,12,0.0
3565,BE_Wind_Offshore,2050,9,13,13,0.0
3566,BE_Wind_Offshore,2050,9,14,14,0.0
3567,BE_Wind_Offshore,2050,9,15,15,0.0
3568,BE_Wind_Offshore,2050,9,16,16,0.0
3569,BE_Wind_Offshore,2050,9,17,17,0.0
3570,BE_Wind_Offshore,2050,9,18,18,-0.7611
3571,BE_Wind_Offshore,2050,9,19,19,-0.7611
3572,BE_Wind_Offshore,2050,9,20,20,-0.7611
3573,BE_Wind_Offshore,2050,9,21,21,-0.7611
3574,BE_Wind_Offshore,2050,9,22,22,-0.7611
3575,BE_Wind_Offshore,2050,9,23,23,-0.7611
3576,BE_Wind_Offshore,2050,9,24,24,-0.7611
3577,BE_Wind_Offshore,2050,10,1,1,-0.8142
3578,BE_Wind_Offshore,2050,10,2,2,-0.8142
3579,BE_Wind_Offshore,2050,10,3,3,-0.8142
3580,BE_Wind_Offshore,2050,10,4,4,-0.8142
3581,BE_Wind_Offshore,2050,10,5,5,-0.8142
3582,BE_Wind_Offshore,2050,10,6,6,-1.518
3583,BE_Wind_Offshore,2050,10,7,7,-1.518
3584,BE_Wind_Offshore,2050,10,8,8,-1.518
3585,BE_Wind_Offshore,2050,10,9,9,-1.518
3586,BE_Wind_Offshore,2050,10,10,10,-1.518
3587,BE_Wind_Offshore,2050,10,11,11,-1.518
3588,BE_Wind_Offshore,2050,10,12,12,-1.518
3589,BE_Wind_Offshore,2050,10,13,13,-1.518
3590,BE_Wind_Offshore,2050,10,14,14,-1.518
3591,BE_Wind_Offshore,2050,10,15,15,-2.3459999999999996
3592,BE_Wind_Offshore,2050,10,16,16,-2.3459999999999996
3593,BE_Wind_Offshore,2050,10,17,17,-2.3459999999999996
3594,BE_Wind_Offshore,2050,10,18,18,-2.3459999999999996
3595,BE_Wind_Offshore,2050,10,19,19,-2.3459999999999996
3596,BE_Wind_Offshore,2050,10,20,20,-2.3459999999999996
3597,BE_Wind_Offshore,2050,10,21,21,-1.518
3598,BE_Wind_Offshore,2050,10,22,22,-0.8142
3599,BE_Wind_Offshore,2050,10,23,23,-0.8142
3600,BE_Wind_Offshore,2050,10,24,24,-0.8142
3601,BE_Wind_Onshore,2050,1,1,1,-0.9381
3602,BE_Wind_Onshore,2050,1,2,2,-0.9381
3603,BE_Wind_Onshore,2050,1,3,3,-0.9381
3604,BE_Wind_Onshore,2050,1,4,4,-0.9381
3605,BE_Wind_Onshore,2050,1,5,5,-0.9381
3606,BE_Wind_Onshore,2050,1,6,6,-0.9381
3607,BE_Wind_Onshore,2050,1,7,7,-1.749
3608,BE_Wind_Onshore,2050,1,8,8,-1.749
3609,BE_Wind_Onshore,2050,1,9,9,-1.749
3610,BE_Wind_Onshore,2050,1,10,10,-1.749
3611,BE_Wind_Onshore,2050,1,11,11,-1.749
3612,BE_Wind_Onshore,2050,1,12,12,-1.749
3613,BE_Wind_Onshore,2050,1,13,13,-0.9381
3614,BE_Wind_Onshore,2050,1,14,14,-0.9381
3615,BE_Wind_Onshore,2050,1,15,15,-0.9381
3616,BE_Wind_Onshore,2050,1,16,16,-0.9381
3617,BE_Wind_Onshore,2050,1,17,17,-0.9381
3618,BE_Wind_Onshore,2050,1,18,18,-1.749
3619,BE_Wind_Onshore,2050,1,19,19,-1.749
3620,BE_Wind_Onshore,2050,1,20,20,-1.749
3621,BE_Wind_Onshore,2050,1,21,21,-1.749
3622,BE_Wind_Onshore,2050,1,22,22,-0.9381
3623,BE_Wind_Onshore,2050,1,23,23,-0.9381
3624,BE_Wind_Onshore,2050,1,24,24,-0.9381
3625,BE_Wind_Onshore,2050,2,1,1,0.0
3626,BE_Wind_Onshore,2050,2,2,2,0.0
3627,BE_Wind_Onshore,2050,2,3,3,0.0
3628,BE_Wind_Onshore,2050,2,4,4,0.0
3629,BE_Wind_Onshore,2050,2,5,5,0.0
3630,BE_Wind_Onshore,2050,2,6,6,0.0
3631,BE_Wind_Onshore,2050,2,7,7,-0.5841000000000001
3632,BE_Wind_Onshore,2050,2,8,8,-0.5841000000000001
3633,BE_Wind_Onshore,2050,2,9,9,-0.5841000000000001
3634,BE_Wind_Onshore,2050,2,10,10,-0.5841000000000001
3635,BE_Wind_Onshore,2050,2,11,11,-0.5841000000000001
3636,BE_Wind_Onshore,2050,2,12,12,-0.5841000000000001
3637,BE_Wind_Onshore,2050,2,13,13,-0.5841000000000001
3638,BE_Wind_Onshore,2050,2,14,14,-0.5841000000000001
3639,BE_Wind_Onshore,2050,2,15,15,-0.5841000000000001
3640,BE_Wind_Onshore,2050,2,16,16,-0.5841000000000001
3641,BE_Wind_Onshore,2050,2,17,17,-0.5841000000000001
3642,BE_Wind_Onshore,2050,2,18,18,-0.5841000000000001
3643,BE_Wind_Onshore,2050,2,19,19,-1.089
3644,BE_Wind_Onshore,2050,2,20,20,-0.5841000000000001
3645,BE_Wind_Onshore,2050,2,21,21,-0.5841000000000001
3646,BE_Wind_Onshore,2050,2,22,22,-0.5841000000000001
3647,BE_Wind_Onshore,2050,2,23,23,-0.5841000000000001
3648,BE_Wind_Onshore,2050,2,24,24,0.0
3649,BE_Wind_Onshore,2050,3,1,1,0.0
3650,BE_Wind_Onshore,2050,3,2,2,0.0
3651,BE_Wind_Onshore,2050,3,3,3,0.0
3652,BE_Wind_Onshore,2050,3,4,4,0.0
3653,BE_Wind_Onshore,2050,3,5,5,0.0
3654,BE_Wind_Onshore,2050,3,6,6,0.0
3655,BE_Wind_Onshore,2050,3,7,7,0.0
3656,BE_Wind_Onshore,2050,3,8,8,0.0
3657,BE_Wind_Onshore,2050,3,9,9,0.0
3658,BE_Wind_Onshore,2050,3,10,10,0.0
3659,BE_Wind_Onshore,2050,3,11,11,0.0
3660,BE_Wind_Onshore,2050,3,12,12,0.0
3661,BE_Wind_Onshore,2050,3,13,13,0.0
3662,BE_Wind_Onshore,2050,3,14,14,0.0
3663,BE_Wind_Onshore,2050,3,15,15,0.0
3664,BE_Wind_Onshore,2050,3,16,16,0.0
3665,BE_Wind_Onshore,2050,3,17,17,0.0
3666,BE_Wind_Onshore,2050,3,18,18,0.0
3667,BE_Wind_Onshore,2050,3,19,19,0.0
3668,BE_Wind_Onshore,2050,3,20,20,0.0
3669,BE_Wind_Onshore,2050,3,21,21,0.0
3670,BE_Wind_Onshore,2050,3,22,22,0.0
3671,BE_Wind_Onshore,2050,3,23,23,0.0
3672,BE_Wind_Onshore,2050,3,24,24,0.0
3673,BE_Wind_Onshore,2050,4,1,1,0.0
3674,BE_Wind_Onshore,2050,4,2,2,0.0
3675,BE_Wind_Onshore,2050,4,3,3,0.0
3676,BE_Wind_Onshore,2050,4,4,4,0.0
3677,BE_Wind_Onshore,2050,4,5,5,0.0
3678,BE_Wind_Onshore,2050,4,6,6,0.0
3679,BE_Wind_Onshore,2050,4,7,7,0.0
3680,BE_Wind_Onshore,2050,4,8,8,0.0
3681,BE_Wind_Onshore,2050,4,9,9,0.0
3682,BE_Wind_Onshore,2050,4,10,10,0.0
3683,BE_Wind_Onshore,2050,4,11,11,0.0
3684,BE_Wind_Onshore,2050,4,12,12,0.0
3685,BE_Wind_Onshore,2050,4,13,13,0.0
3686,BE_Wind_Onshore,2050,4,14,14,0.0
3687,BE_Wind_Onshore,2050,4,15,15,0.0
3688,BE_Wind_Onshore,2050,4,16,16,0.0
3689,BE_Wind_Onshore,2050,4,17,17,0.0
3690,BE_Wind_Onshore,2050,4,18,18,-0.4071
3691,BE_Wind_Onshore,2050,4,19,19,-0.4071
3692,BE_Wind_Onshore,2050,4,20,20,-0.4071
3693,BE_Wind_Onshore,2050,4,21,21,0.0
3694,BE_Wind_Onshore,2050,4,22,22,0.0
3695,BE_Wind_Onshore,2050,4,23,23,0.0
3696,BE_Wind_Onshore,2050,4,24,24,0.0
3697,BE_Wind_Onshore,2050,5,1,1,0.0
3698,BE_Wind_Onshore,2050,5,2,2,0.0
3699,BE_Wind_Onshore,2050,5,3,3,0.0
3700,BE_Wind_Onshore,2050,5,4,4,0.0
3701,BE_Wind_Onshore,2050,5,5,5,0.0
3702,BE_Wind_Onshore,2050,5,6,6,0.0
3703,BE_Wind_Onshore,2050,5,7,7,0.0
3704,BE_Wind_Onshore,2050,5,8,8,0.0
3705,BE_Wind_Onshore,2050,5,9,9,0.0
3706,BE_Wind_Onshore,2050,5,10,10,0.0
3707,BE_Wind_Onshore,2050,5,11,11,0.0
3708,BE_Wind_Onshore,2050,5,12,12,0.0
3709,BE_Wind_Onshore,2050,5,13,13,0.0
3710,BE_Wind_Onshore,2050,5,14,14,0.0
3711,BE_Wind_Onshore,2050,5,15,15,0.0
3712,BE_Wind_Onshore,2050,5,16,16,0.0
3713,BE_Wind_Onshore,2050,5,17,17,0.0
3714,BE_Wind_Onshore,2050,5,18,18,0.0
3715,BE_Wind_Onshore,2050,5,19,19,0.0
3716,BE_Wind_Onshore,2050,5,20,20,0.0
3717,BE_Wind_Onshore,2050,5,21,21,0.0
3718,BE_Wind_Onshore,2050,5,22,22,0.0
3719,BE_Wind_Onshore,2050,5,23,23,0.0
3720,BE_Wind_Onshore,2050,5,24,24,0.0
3721,BE_Wind_Onshore,2050,6,1,1,-0.3186
3722,BE_Wind_Onshore,2050,6,2,2,-0.3186
3723,BE_Wind_Onshore,2050,6,3,3,-0.3186
3724,BE_Wind_Onshore,2050,6,4,4,-0.3186
3725,BE_Wind_Onshore,2050,6,5,5,-0.3186
3726,BE_Wind_Onshore,2050,6,6,6,-0.5940000000000001
3727,BE_Wind_Onshore,2050,6,7,7,-0.5940000000000001
3728,BE_Wind_Onshore,2050,6,8,8,-0.9179999999999999
3729,BE_Wind_Onshore,2050,6,9,9,-0.9179999999999999
3730,BE_Wind_Onshore,2050,6,10,10,-0.5940000000000001
3731,BE_Wind_Onshore,2050,6,11,11,-0.5940000000000001
3732,BE_Wind_Onshore,2050,6,12,12,-0.5940000000000001
3733,BE_Wind_Onshore,2050,6,13,13,-0.3186
3734,BE_Wind_Onshore,2050,6,14,14,-0.3186
3735,BE_Wind_Onshore,2050,6,15,15,-0.3186
3736,BE_Wind_Onshore,2050,6,16,16,-0.3186
3737,BE_Wind_Onshore,2050,6,17,17,-0.3186
3738,BE_Wind_Onshore,2050,6,18,18,-0.3186
3739,BE_Wind_Onshore,2050,6,19,19,-0.5940000000000001
3740,BE_Wind_Onshore,2050,6,20,20,-0.9179999999999999
3741,BE_Wind_Onshore,2050,6,21,21,-0.9179999999999999
3742,BE_Wind_Onshore,2050,6,22,22,-0.9179999999999999
3743,BE_Wind_Onshore,2050,6,23,23,-0.5940000000000001
3744,BE_Wind_Onshore,2050,6,24,24,-0.3186
3745,BE_Wind_Onshore,2050,7,1,1,-0.6549
3746,BE_Wind_Onshore,2050,7,2,2,-0.6549
3747,BE_Wind_Onshore,2050,7,3,3,-0.6549
3748,BE_Wind_Onshore,2050,7,4,4,-1.221
3749,BE_Wind_Onshore,2050,7,5,5,-1.221
3750,BE_Wind_Onshore,2050,7,6,6,-1.8869999999999998
3751,BE_Wind_Onshore,2050,7,7,7,-1.8869999999999998
3752,BE_Wind_Onshore,2050,7,8,8,-1.8869999999999998
3753,BE_Wind_Onshore,2050,7,9,9,-1.8869999999999998
3754,BE_Wind_Onshore,2050,7,10,10,-1.8869999999999998
3755,BE_Wind_Onshore,2050,7,11,11,-1.8869999999999998
3756,BE_Wind_Onshore,2050,7,12,12,-1.8869999999999998
3757,BE_Wind_Onshore,2050,7,13,13,-1.8869999999999998
3758,BE_Wind_Onshore,2050,7,14,14,-1.8869999999999998
3759,BE_Wind_Onshore,2050,7,15,15,-1.8869999999999998
3760,BE_Wind_Onshore,2050,7,16,16,-1.8869999999999998
3761,BE_Wind_Onshore,2050,7,17,17,-1.8869999999999998
3762,BE_Wind_Onshore,2050,7,18,18,-7.946365705666339
3763,BE_Wind_Onshore,2050,7,19,19,-20.837631411332676
3764,BE_Wind_Onshore,2050,7,20,20,-1.8869999999999998
3765,BE_Wind_Onshore,2050,7,21,21,-1.221
3766,BE_Wind_Onshore,2050,7,22,22,-1.221
3767,BE_Wind_Onshore,2050,7,23,23,-0.6549
3768,BE_Wind_Onshore,2050,7,24,24,-0.6549
3769,BE_Wind_Onshore,2050,8,1,1,0.0
3770,BE_Wind_Onshore,2050,8,2,2,0.0
3771,BE_Wind_Onshore,2050,8,3,3,0.0
3772,BE_Wind_Onshore,2050,8,4,4,0.0
3773,BE_Wind_Onshore,2050,8,5,5,0.0
3774,BE_Wind_Onshore,2050,8,6,6,0.0
3775,BE_Wind_Onshore,2050,8,7,7,0.0
3776,BE_Wind_Onshore,2050,8,8,8,0.0
3777,BE_Wind_Onshore,2050,8,9,9,0.0
3778,BE_Wind_Onshore,2050,8,10,10,0.0
3779,BE_Wind_Onshore,2050,8,11,11,0.0
3780,BE_Wind_Onshore,2050,8,12,12,0.0
3781,BE_Wind_Onshore,2050,8,13,13,0.0
3782,BE_Wind_Onshore,2050,8,14,14,0.0
3783,BE_Wind_Onshore,2050,8,15,15,0.0
3784,BE_Wind_Onshore,2050,8,16,16,0.0
3785,BE_Wind_Onshore,2050,8,17,17,0.0
3786,BE_Wind_Onshore,2050,8,18,18,0.0
3787,BE_Wind_Onshore,2050,8,19,19,0.0
3788,BE_Wind_Onshore,2050,8,20,20,0.0
3789,BE_Wind_Onshore,2050,8,21,21,0.0
3790,BE_Wind_Onshore,2050,8,22,22,0.0
3791,BE_Wind_Onshore,2050,8,23,23,0.0
3792,BE_Wind_Onshore,2050,8,24,24,0.0
3793,BE_Wind_Onshore,2050,9,1,1,0.0
3794,BE_Wind_Onshore,2050,9,2,2,0.0
3795,BE_Wind_Onshore,2050,9,3,3,0.0
3796,BE_Wind_Onshore,2050,9,4,4,0.0
3797,BE_Wind_Onshore,2050,9,5,5,0.0
3798,BE_Wind_Onshore,2050,9,6,6,0.0
3799,BE_Wind_Onshore,2050,9,7,7,0.0
3800,BE_Wind_Onshore,2050,9,8,8,0.0
3801,BE_Wind_Onshore,2050,9,9,9,0.0
3802,BE_Wind_Onshore,2050,9,10,10,0.0
3803,BE_Wind_Onshore,2050,9,11,11,0.0
3804,BE_Wind_Onshore,2050,9,12,12,0.0
3805,BE_Wind_Onshore,2050,9,13,13,0.0
3806,BE_Wind_Onshore,2050,9,14,14,0.0
3807,BE_Wind_Onshore,2050,9,15,15,0.0
3808,BE_Wind_Onshore,2050,9,16,16,0.0
3809,BE_Wind_Onshore,2050,9,17,17,0.0
3810,BE_Wind_Onshore,2050,9,18,18,-0.7611
3811,BE_Wind_Onshore,2050,9,19,19,-0.7611
3812,BE_Wind_Onshore,2050,9,20,20,-0.7611
3813,BE_Wind_Onshore,2050,9,21,21,-0.7611
3814,BE_Wind_Onshore,2050,9,22,22,-0.7611
3815,BE_Wind_Onshore,2050,9,23,23,-0.7611
3816,BE_Wind_Onshore,2050,9,24,24,-0.7611
3817,BE_Wind_Onshore,2050,10,1,1,-0.8142
3818,BE_Wind_Onshore,2050,10,2,2,-0.8142
3819,BE_Wind_Onshore,2050,10,3,3,-0.8142
3820,BE_Wind_Onshore,2050,10,4,4,-0.8142
3821,BE_Wind_Onshore,2050,10,5,5,-0.8142
3822,BE_Wind_Onshore,2050,10,6,6,-1.518
3823,BE_Wind_Onshore,2050,10,7,7,-1.518
3824,BE_Wind_Onshore,2050,10,8,8,-1.518
3825,BE_Wind_Onshore,2050,10,9,9,-1.518
3826,BE_Wind_Onshore,2050,10,10,10,-1.518
3827,BE_Wind_Onshore,2050,10,11,11,-1.518
3828,BE_Wind_Onshore,2050,10,12,12,-1.518
3829,BE_Wind_Onshore,2050,10,13,13,-1.518
3830,BE_Wind_Onshore,2050,10,14,14,-1.518
3831,BE_Wind_Onshore,2050,10,15,15,-2.3459999999999996
3832,BE_Wind_Onshore,2050,10,16,16,-2.3459999999999996
3833,BE_Wind_Onshore,2050,10,17,17,-2.3459999999999996
3834,BE_Wind_Onshore,2050,10,18,18,-2.3459999999999996
3835,BE_Wind_Onshore,2050,10,19,19,-2.3459999999999996
3836,BE_Wind_Onshore,2050,10,20,20,-2.3459999999999996
3837,BE_Wind_Onshore,2050,10,21,21,-1.518
3838,BE_Wind_Onshore,2050,10,22,22,-0.8142
3839,BE_Wind_Onshore,2050,10,23,23,-0.8142
3840,BE_Wind_Onshore,2050,10,24,24,-0.8142
3841,BG_Battery,2050,1,1,1,0.0
3842,BG_Battery,2050,1,2,2,0.0
3843,BG_Battery,2050,1,3,3,0.0
3844,BG_Battery,2050,1,4,4,0.0
3845,BG_Battery,2050,1,5,5,0.0
3846,BG_Battery,2050,1,6,6,0.0
3847,BG_Battery,2050,1,7,7,0.0
3848,BG_Battery,2050,1,8,8,0.0
3849,BG_Battery,2050,1,9,9,0.0
3850,BG_Battery,2050,1,10,10,0.0
3851,BG_Battery,2050,1,11,11,0.0
3852,BG_Battery,2050,1,12,12,0.0
3853,BG_Battery,2050,1,13,13,0.0
3854,BG_Battery,2050,1,14,14,0.0
3855,BG_Battery,2050,1,15,15,0.0
3856,BG_Battery,2050,1,16,16,0.0
3857,BG_Battery,2050,1,17,17,0.0
3858,BG_Battery,2050,1,18,18,0.0
3859,BG_Battery,2050,1,19,19,0.0
3860,BG_Battery,2050,1,20,20,0.0
3861,BG_Battery,2050,1,21,21,0.0
3862,BG_Battery,2050,1,22,22,0.0
3863,BG_Battery,2050,1,23,23,0.0
3864,BG_Battery,2050,1,24,24,0.0
3865,BG_Battery,2050,2,1,1,0.0
3866,BG_Battery,2050,2,2,2,0.0
3867,BG_Battery,2050,2,3,3,0.0
3868,BG_Battery,2050,2,4,4,0.0
3869,BG_Battery,2050,2,5,5,0.0
3870,BG_Battery,2050,2,6,6,0.0
3871,BG_Battery,2050,2,7,7,0.0
3872,BG_Battery,2050,2,8,8,0.0
3873,BG_Battery,2050,2,9,9,0.0
3874,BG_Battery,2050,2,10,10,0.0
3875,BG_Battery,2050,2,11,11,0.0
3876,BG_Battery,2050,2,12,12,0.0
3877,BG_Battery,2050,2,13,13,0.0
3878,BG_Battery,2050,2,14,14,0.0
3879,BG_Battery,2050,2,15,15,0.0
3880,BG_Battery,2050,2,16,16,0.0
3881,BG_Battery,2050,2,17,17,0.0
3882,BG_Battery,2050,2,18,18,0.0
3883,BG_Battery,2050,2,19,19,0.0
3884,BG_Battery,2050,2,20,20,0.0
3885,BG_Battery,2050,2,21,21,0.0
3886,BG_Battery,2050,2,22,22,0.0
3887,BG_Battery,2050,2,23,23,0.0
3888,BG_Battery,2050,2,24,24,0.0
3889,BG_Battery,2050,3,1,1,0.0
3890,BG_Battery,2050,3,2,2,0.0
3891,BG_Battery,2050,3,3,3,0.0
3892,BG_Battery,2050,3,4,4,0.0
3893,BG_Battery,2050,3,5,5,0.0
3894,BG_Battery,2050,3,6,6,0.0
3895,BG_Battery,2050,3,7,7,0.0
3896,BG_Battery,2050,3,8,8,0.0
3897,BG_Battery,2050,3,9,9,0.0
3898,BG_Battery,2050,3,10,10,0.0
3899,BG_Battery,2050,3,11,11,0.0
3900,BG_Battery,2050,3,12,12,0.0
3901,BG_Battery,2050,3,13,13,0.0
3902,BG_Battery,2050,3,14,14,0.0
3903,BG_Battery,2050,3,15,15,0.0
3904,BG_Battery,2050,3,16,16,0.0
3905,BG_Battery,2050,3,17,17,-13.396165705666336
3906,BG_Battery,2050,3,18,18,0.0
3907,BG_Battery,2050,3,19,19,0.0
3908,BG_Battery,2050,3,20,20,0.0
3909,BG_Battery,2050,3,21,21,0.0
3910,BG_Battery,2050,3,22,22,0.0
3911,BG_Battery,2050,3,23,23,0.0
3912,BG_Battery,2050,3,24,24,0.0
3913,BG_Battery,2050,4,1,1,0.0
3914,BG_Battery,2050,4,2,2,0.0
3915,BG_Battery,2050,4,3,3,0.0
3916,BG_Battery,2050,4,4,4,0.0
3917,BG_Battery,2050,4,5,5,0.0
3918,BG_Battery,2050,4,6,6,0.0
3919,BG_Battery,2050,4,7,7,0.0
3920,BG_Battery,2050,4,8,8,0.0
3921,BG_Battery,2050,4,9,9,0.0
3922,BG_Battery,2050,4,10,10,0.0
3923,BG_Battery,2050,4,11,11,0.0
3924,BG_Battery,2050,4,12,12,0.0
3925,BG_Battery,2050,4,13,13,0.0
3926,BG_Battery,2050,4,14,14,0.0
3927,BG_Battery,2050,4,15,15,0.0
3928,BG_Battery,2050,4,16,16,0.0
3929,BG_Battery,2050,4,17,17,0.0
3930,BG_Battery,2050,4,18,18,0.0
3931,BG_Battery,2050,4,19,19,0.0
3932,BG_Battery,2050,4,20,20,0.0
3933,BG_Battery,2050,4,21,21,0.0
3934,BG_Battery,2050,4,22,22,0.0
3935,BG_Battery,2050,4,23,23,0.0
3936,BG_Battery,2050,4,24,24,0.0
3937,BG_Battery,2050,5,1,1,0.0
3938,BG_Battery,2050,5,2,2,0.0
3939,BG_Battery,2050,5,3,3,0.0
3940,BG_Battery,2050,5,4,4,0.0
3941,BG_Battery,2050,5,5,5,0.0
3942,BG_Battery,2050,5,6,6,0.0
3943,BG_Battery,2050,5,7,7,0.0
3944,BG_Battery,2050,5,8,8,0.0
3945,BG_Battery,2050,5,9,9,0.0
3946,BG_Battery,2050,5,10,10,0.0
3947,BG_Battery,2050,5,11,11,0.0
3948,BG_Battery,2050,5,12,12,0.0
3949,BG_Battery,2050,5,13,13,0.0
3950,BG_Battery,2050,5,14,14,0.0
3951,BG_Battery,2050,5,15,15,0.0
3952,BG_Battery,2050,5,16,16,0.0
3953,BG_Battery,2050,5,17,17,0.0
3954,BG_Battery,2050,5,18,18,0.0
3955,BG_Battery,2050,5,19,19,0.0
3956,BG_Battery,2050,5,20,20,0.0
3957,BG_Battery,2050,5,21,21,0.0
3958,BG_Battery,2050,5,22,22,0.0
3959,BG_Battery,2050,5,23,23,0.0
3960,BG_Battery,2050,5,24,24,0.0
3961,BG_Battery,2050,6,1,1,0.0
3962,BG_Battery,2050,6,2,2,0.0
3963,BG_Battery,2050,6,3,3,0.0
3964,BG_Battery,2050,6,4,4,0.0
3965,BG_Battery,2050,6,5,5,0.0
3966,BG_Battery,2050,6,6,6,0.0
3967,BG_Battery,2050,6,7,7,0.0
3968,BG_Battery,2050,6,8,8,0.0
3969,BG_Battery,2050,6,9,9,0.0
3970,BG_Battery,2050,6,10,10,0.0
3971,BG_Battery,2050,6,11,11,0.0
3972,BG_Battery,2050,6,12,12,0.0
3973,BG_Battery,2050,6,13,13,0.0
3974,BG_Battery,2050,6,14,14,0.0
3975,BG_Battery,2050,6,15,15,0.0
3976,BG_Battery,2050,6,16,16,0.0
3977,BG_Battery,2050,6,17,17,0.0
3978,BG_Battery,2050,6,18,18,0.0
3979,BG_Battery,2050,6,19,19,0.0
3980,BG_Battery,2050,6,20,20,0.0
3981,BG_Battery,2050,6,21,21,0.0
3982,BG_Battery,2050,6,22,22,0.0
3983,BG_Battery,2050,6,23,23,0.0
3984,BG_Battery,2050,6,24,24,0.0
3985,BG_Battery,2050,7,1,1,0.0
3986,BG_Battery,2050,7,2,2,0.0
3987,BG_Battery,2050,7,3,3,0.0
3988,BG_Battery,2050,7,4,4,0.0
3989,BG_Battery,2050,7,5,5,0.0
3990,BG_Battery,2050,7,6,6,0.0
3991,BG_Battery,2050,7,7,7,0.0
3992,BG_Battery,2050,7,8,8,0.0
3993,BG_Battery,2050,7,9,9,0.0
3994,BG_Battery,2050,7,10,10,0.0
3995,BG_Battery,2050,7,11,11,0.0
3996,BG_Battery,2050,7,12,12,0.0
3997,BG_Battery,2050,7,13,13,0.0
3998,BG_Battery,2050,7,14,14,0.0
3999,BG_Battery,2050,7,15,15,0.0
4000,BG_Battery,2050,7,16,16,0.0
4001,BG_Battery,2050,7,17,17,0.0
4002,BG_Battery,2050,7,18,18,0.0
4003,BG_Battery,2050,7,19,19,0.0
4004,BG_Battery,2050,7,20,20,0.0
4005,BG_Battery,2050,7,21,21,0.0
4006,BG_Battery,2050,7,22,22,0.0
4007,BG_Battery,2050,7,23,23,0.0
4008,BG_Battery,2050,7,24,24,0.0
4009,BG_Battery,2050,8,1,1,0.0
4010,BG_Battery,2050,8,2,2,0.0
4011,BG_Battery,2050,8,3,3,0.0
4012,BG_Battery,2050,8,4,4,0.0
4013,BG_Battery,2050,8,5,5,0.0
4014,BG_Battery,2050,8,6,6,0.0
4015,BG_Battery,2050,8,7,7,0.0
4016,BG_Battery,2050,8,8,8,0.0
4017,BG_Battery,2050,8,9,9,0.0
4018,BG_Battery,2050,8,10,10,0.0
4019,BG_Battery,2050,8,11,11,0.0
4020,BG_Battery,2050,8,12,12,0.0
4021,BG_Battery,2050,8,13,13,0.0
4022,BG_Battery,2050,8,14,14,0.0
4023,BG_Battery,2050,8,15,15,0.0
4024,BG_Battery,2050,8,16,16,0.0
4025,BG_Battery,2050,8,17,17,0.0
4026,BG_Battery,2050,8,18,18,0.0
4027,BG_Battery,2050,8,19,19,0.0
4028,BG_Battery,2050,8,20,20,0.0
4029,BG_Battery,2050,8,21,21,0.0
4030,BG_Battery,2050,8,22,22,0.0
4031,BG_Battery,2050,8,23,23,0.0
4032,BG_Battery,2050,8,24,24,0.0
4033,BG_Battery,2050,9,1,1,0.0
4034,BG_Battery,2050,9,2,2,0.0
4035,BG_Battery,2050,9,3,3,0.0
4036,BG_Battery,2050,9,4,4,0.0
4037,BG_Battery,2050,9,5,5,0.0
4038,BG_Battery,2050,9,6,6,0.0
4039,BG_Battery,2050,9,7,7,0.0
4040,BG_Battery,2050,9,8,8,0.0
4041,BG_Battery,2050,9,9,9,0.0
4042,BG_Battery,2050,9,10,10,0.0
4043,BG_Battery,2050,9,11,11,0.0
4044,BG_Battery,2050,9,12,12,0.0
4045,BG_Battery,2050,9,13,13,0.0
4046,BG_Battery,2050,9,14,14,0.0
4047,BG_Battery,2050,9,15,15,0.0
4048,BG_Battery,2050,9,16,16,0.0
4049,BG_Battery,2050,9,17,17,0.0
4050,BG_Battery,2050,9,18,18,0.0
4051,BG_Battery,2050,9,19,19,0.0
4052,BG_Battery,2050,9,20,20,0.0
4053,BG_Battery,2050,9,21,21,0.0
4054,BG_Battery,2050,9,22,22,0.0
4055,BG_Battery,2050,9,23,23,0.0
4056,BG_Battery,2050,9,24,24,0.0
4057,BG_Battery,2050,10,1,1,0.0
4058,BG_Battery,2050,10,2,2,0.0
4059,BG_Battery,2050,10,3,3,0.0
4060,BG_Battery,2050,10,4,4,0.0
4061,BG_Battery,2050,10,5,5,0.0
4062,BG_Battery,2050,10,6,6,0.0
4063,BG_Battery,2050,10,7,7,0.0
4064,BG_Battery,2050,10,8,8,0.0
4065,BG_Battery,2050,10,9,9,0.0
4066,BG_Battery,2050,10,10,10,0.0
4067,BG_Battery,2050,10,11,11,0.0
4068,BG_Battery,2050,10,12,12,0.0
4069,BG_Battery,2050,10,13,13,0.0
4070,BG_Battery,2050,10,14,14,0.0
4071,BG_Battery,2050,10,15,15,0.0
4072,BG_Battery,2050,10,16,16,0.0
4073,BG_Battery,2050,10,17,17,0.0
4074,BG_Battery,2050,10,18,18,0.0
4075,BG_Battery,2050,10,19,19,0.0
4076,BG_Battery,2050,10,20,20,0.0
4077,BG_Battery,2050,10,21,21,0.0
4078,BG_Battery,2050,10,22,22,0.0
4079,BG_Battery,2050,10,23,23,0.0
4080,BG_Battery,2050,10,24,24,0.0
4081,BG_Nuclear,2050,1,1,1,-0.49290000000000006
4082,BG_Nuclear,2050,1,2,2,-0.49290000000000006
4083,BG_Nuclear,2050,1,3,3,-0.49290000000000006
4084,BG_Nuclear,2050,1,4,4,-0.49290000000000006
4085,BG_Nuclear,2050,1,5,5,-0.49290000000000006
4086,BG_Nuclear,2050,1,6,6,-0.49290000000000006
4087,BG_Nuclear,2050,1,7,7,-0.49290000000000006
4088,BG_Nuclear,2050,1,8,8,-0.49290000000000006
4089,BG_Nuclear,2050,1,9,9,-0.49290000000000006
4090,BG_Nuclear,2050,1,10,10,-0.49290000000000006
4091,BG_Nuclear,2050,1,11,11,-0.49290000000000006
4092,BG_Nuclear,2050,1,12,12,-0.49290000000000006
4093,BG_Nuclear,2050,1,13,13,-0.49290000000000006
4094,BG_Nuclear,2050,1,14,14,-0.49290000000000006
4095,BG_Nuclear,2050,1,15,15,-0.49290000000000006
4096,BG_Nuclear,2050,1,16,16,-0.49290000000000006
4097,BG_Nuclear,2050,1,17,17,-0.49290000000000006
4098,BG_Nuclear,2050,1,18,18,-1.3038
4099,BG_Nuclear,2050,1,19,19,-1.3038
4100,BG_Nuclear,2050,1,20,20,-1.3038
4101,BG_Nuclear,2050,1,21,21,-0.49290000000000006
4102,BG_Nuclear,2050,1,22,22,-0.49290000000000006
4103,BG_Nuclear,2050,1,23,23,-0.49290000000000006
4104,BG_Nuclear,2050,1,24,24,-0.49290000000000006
4105,BG_Nuclear,2050,2,1,1,0.0
4106,BG_Nuclear,2050,2,2,2,0.0
4107,BG_Nuclear,2050,2,3,3,0.0
4108,BG_Nuclear,2050,2,4,4,0.0
4109,BG_Nuclear,2050,2,5,5,0.0
4110,BG_Nuclear,2050,2,6,6,0.0
4111,BG_Nuclear,2050,2,7,7,0.0
4112,BG_Nuclear,2050,2,8,8,0.0
4113,BG_Nuclear,2050,2,9,9,0.0
4114,BG_Nuclear,2050,2,10,10,0.0
4115,BG_Nuclear,2050,2,11,11,0.0
4116,BG_Nuclear,2050,2,12,12,0.0
4117,BG_Nuclear,2050,2,13,13,0.0
4118,BG_Nuclear,2050,2,14,14,0.0
4119,BG_Nuclear,2050,2,15,15,0.0
4120,BG_Nuclear,2050,2,16,16,0.0
4121,BG_Nuclear,2050,2,17,17,0.0
4122,BG_Nuclear,2050,2,18,18,0.0
4123,BG_Nuclear,2050,2,19,19,0.0
4124,BG_Nuclear,2050,2,20,20,0.0
4125,BG_Nuclear,2050,2,21,21,0.0
4126,BG_Nuclear,2050,2,22,22,0.0
4127,BG_Nuclear,2050,2,23,23,0.0
4128,BG_Nuclear,2050,2,24,24,0.0
4129,BG_Nuclear,2050,3,1,1,-0.2697
4130,BG_Nuclear,2050,3,2,2,-0.2697
4131,BG_Nuclear,2050,3,3,3,-0.2697
4132,BG_Nuclear,2050,3,4,4,-0.2697
4133,BG_Nuclear,2050,3,5,5,-0.2697
4134,BG_Nuclear,2050,3,6,6,-0.7134
4135,BG_Nuclear,2050,3,7,7,-1.2353999999999998
4136,BG_Nuclear,2050,3,8,8,-1.2353999999999998
4137,BG_Nuclear,2050,3,9,9,-1.2353999999999998
4138,BG_Nuclear,2050,3,10,10,-0.7134
4139,BG_Nuclear,2050,3,11,11,-0.7134
4140,BG_Nuclear,2050,3,12,12,-0.7134
4141,BG_Nuclear,2050,3,13,13,-0.7134
4142,BG_Nuclear,2050,3,14,14,-1.2353999999999998
4143,BG_Nuclear,2050,3,15,15,-1.2353999999999998
4144,BG_Nuclear,2050,3,16,16,-4.933465705666336
4145,BG_Nuclear,2050,3,17,17,-18.32963141133267
4146,BG_Nuclear,2050,3,18,18,-1.2353999999999998
4147,BG_Nuclear,2050,3,19,19,-1.2353999999999998
4148,BG_Nuclear,2050,3,20,20,-1.2353999999999998
4149,BG_Nuclear,2050,3,21,21,-1.2353999999999998
4150,BG_Nuclear,2050,3,22,22,-0.2697
4151,BG_Nuclear,2050,3,23,23,-0.2697
4152,BG_Nuclear,2050,3,24,24,-0.2697
4153,BG_Nuclear,2050,4,1,1,0.0
4154,BG_Nuclear,2050,4,2,2,0.0
4155,BG_Nuclear,2050,4,3,3,0.0
4156,BG_Nuclear,2050,4,4,4,0.0
4157,BG_Nuclear,2050,4,5,5,-0.21390000000000003
4158,BG_Nuclear,2050,4,6,6,-0.21390000000000003
4159,BG_Nuclear,2050,4,7,7,-0.21390000000000003
4160,BG_Nuclear,2050,4,8,8,-0.21390000000000003
4161,BG_Nuclear,2050,4,9,9,-0.21390000000000003
4162,BG_Nuclear,2050,4,10,10,-0.21390000000000003
4163,BG_Nuclear,2050,4,11,11,-0.21390000000000003
4164,BG_Nuclear,2050,4,12,12,-0.21390000000000003
4165,BG_Nuclear,2050,4,13,13,-0.21390000000000003
4166,BG_Nuclear,2050,4,14,14,-0.21390000000000003
4167,BG_Nuclear,2050,4,15,15,-0.21390000000000003
4168,BG_Nuclear,2050,4,16,16,-0.21390000000000003
4169,BG_Nuclear,2050,4,17,17,-0.5658000000000001
4170,BG_Nuclear,2050,4,18,18,-0.5658000000000001
4171,BG_Nuclear,2050,4,19,19,-0.5658000000000001
4172,BG_Nuclear,2050,4,20,20,-0.21390000000000003
4173,BG_Nuclear,2050,4,21,21,-0.21390000000000003
4174,BG_Nuclear,2050,4,22,22,-0.21390000000000003
4175,BG_Nuclear,2050,4,23,23,-0.21390000000000003
4176,BG_Nuclear,2050,4,24,24,0.0
4177,BG_Nuclear,2050,5,1,1,0.0
4178,BG_Nuclear,2050,5,2,2,0.0
4179,BG_Nuclear,2050,5,3,3,0.0
4180,BG_Nuclear,2050,5,4,4,0.0
4181,BG_Nuclear,2050,5,5,5,-0.48360000000000003
4182,BG_Nuclear,2050,5,6,6,-0.48360000000000003
4183,BG_Nuclear,2050,5,7,7,-0.48360000000000003
4184,BG_Nuclear,2050,5,8,8,-0.48360000000000003
4185,BG_Nuclear,2050,5,9,9,-0.48360000000000003
4186,BG_Nuclear,2050,5,10,10,-0.48360000000000003
4187,BG_Nuclear,2050,5,11,11,0.0
4188,BG_Nuclear,2050,5,12,12,0.0
4189,BG_Nuclear,2050,5,13,13,0.0
4190,BG_Nuclear,2050,5,14,14,0.0
4191,BG_Nuclear,2050,5,15,15,0.0
4192,BG_Nuclear,2050,5,16,16,-0.48360000000000003
4193,BG_Nuclear,2050,5,17,17,-0.48360000000000003
4194,BG_Nuclear,2050,5,18,18,-0.48360000000000003
4195,BG_Nuclear,2050,5,19,19,-0.48360000000000003
4196,BG_Nuclear,2050,5,20,20,-0.48360000000000003
4197,BG_Nuclear,2050,5,21,21,-0.48360000000000003
4198,BG_Nuclear,2050,5,22,22,-0.48360000000000003
4199,BG_Nuclear,2050,5,23,23,0.0
4200,BG_Nuclear,2050,5,24,24,0.0
4201,BG_Nuclear,2050,6,1,1,-0.1674
4202,BG_Nuclear,2050,6,2,2,-0.1674
4203,BG_Nuclear,2050,6,3,3,-0.1674
4204,BG_Nuclear,2050,6,4,4,-0.1674
4205,BG_Nuclear,2050,6,5,5,-0.1674
4206,BG_Nuclear,2050,6,6,6,-0.1674
4207,BG_Nuclear,2050,6,7,7,-0.1674
4208,BG_Nuclear,2050,6,8,8,-0.1674
4209,BG_Nuclear,2050,6,9,9,-0.1674
4210,BG_Nuclear,2050,6,10,10,-0.1674
4211,BG_Nuclear,2050,6,11,11,-0.1674
4212,BG_Nuclear,2050,6,12,12,-0.1674
4213,BG_Nuclear,2050,6,13,13,-0.1674
4214,BG_Nuclear,2050,6,14,14,-0.1674
4215,BG_Nuclear,2050,6,15,15,-0.1674
4216,BG_Nuclear,2050,6,16,16,-0.1674
4217,BG_Nuclear,2050,6,17,17,-0.1674
4218,BG_Nuclear,2050,6,18,18,-0.1674
4219,BG_Nuclear,2050,6,19,19,-0.1674
4220,BG_Nuclear,2050,6,20,20,-0.1674
4221,BG_Nuclear,2050,6,21,21,-0.1674
4222,BG_Nuclear,2050,6,22,22,-0.1674
4223,BG_Nuclear,2050,6,23,23,-0.1674
4224,BG_Nuclear,2050,6,24,24,-0.1674
4225,BG_Nuclear,2050,7,1,1,-0.3441000000000001
4226,BG_Nuclear,2050,7,2,2,-0.3441000000000001
4227,BG_Nuclear,2050,7,3,3,-0.3441000000000001
4228,BG_Nuclear,2050,7,4,4,-0.3441000000000001
4229,BG_Nuclear,2050,7,5,5,-0.3441000000000001
4230,BG_Nuclear,2050,7,6,6,-0.3441000000000001
4231,BG_Nuclear,2050,7,7,7,-0.3441000000000001
4232,BG_Nuclear,2050,7,8,8,-0.3441000000000001
4233,BG_Nuclear,2050,7,9,9,-0.3441000000000001
4234,BG_Nuclear,2050,7,10,10,-0.3441000000000001
4235,BG_Nuclear,2050,7,11,11,-0.3441000000000001
4236,BG_Nuclear,2050,7,12,12,-0.3441000000000001
4237,BG_Nuclear,2050,7,13,13,-0.3441000000000001
4238,BG_Nuclear,2050,7,14,14,-0.3441000000000001
4239,BG_Nuclear,2050,7,15,15,-0.3441000000000001
4240,BG_Nuclear,2050,7,16,16,-0.3441000000000001
4241,BG_Nuclear,2050,7,17,17,-0.3441000000000001
4242,BG_Nuclear,2050,7,18,18,-0.3441000000000001
4243,BG_Nuclear,2050,7,19,19,-0.3441000000000001
4244,BG_Nuclear,2050,7,20,20,-0.3441000000000001
4245,BG_Nuclear,2050,7,21,21,-0.3441000000000001
4246,BG_Nuclear,2050,7,22,22,-0.3441000000000001
4247,BG_Nuclear,2050,7,23,23,-0.3441000000000001
4248,BG_Nuclear,2050,7,24,24,-0.3441000000000001
4249,BG_Nuclear,2050,8,1,1,-0.2883
4250,BG_Nuclear,2050,8,2,2,-0.2883
4251,BG_Nuclear,2050,8,3,3,-0.2883
4252,BG_Nuclear,2050,8,4,4,-0.2883
4253,BG_Nuclear,2050,8,5,5,-0.2883
4254,BG_Nuclear,2050,8,6,6,-0.2883
4255,BG_Nuclear,2050,8,7,7,-0.2883
4256,BG_Nuclear,2050,8,8,8,-0.2883
4257,BG_Nuclear,2050,8,9,9,-0.2883
4258,BG_Nuclear,2050,8,10,10,-0.2883
4259,BG_Nuclear,2050,8,11,11,-0.2883
4260,BG_Nuclear,2050,8,12,12,-0.2883
4261,BG_Nuclear,2050,8,13,13,-0.2883
4262,BG_Nuclear,2050,8,14,14,-0.2883
4263,BG_Nuclear,2050,8,15,15,-0.2883
4264,BG_Nuclear,2050,8,16,16,-0.2883
4265,BG_Nuclear,2050,8,17,17,-0.2883
4266,BG_Nuclear,2050,8,18,18,-0.7626000000000002
4267,BG_Nuclear,2050,8,19,19,-0.7626000000000002
4268,BG_Nuclear,2050,8,20,20,-0.7626000000000002
4269,BG_Nuclear,2050,8,21,21,-0.2883
4270,BG_Nuclear,2050,8,22,22,-0.2883
4271,BG_Nuclear,2050,8,23,23,-0.2883
4272,BG_Nuclear,2050,8,24,24,-0.2883
4273,BG_Nuclear,2050,9,1,1,-0.39990000000000003
4274,BG_Nuclear,2050,9,2,2,-0.39990000000000003
4275,BG_Nuclear,2050,9,3,3,-0.39990000000000003
4276,BG_Nuclear,2050,9,4,4,-0.39990000000000003
4277,BG_Nuclear,2050,9,5,5,-1.0578
4278,BG_Nuclear,2050,9,6,6,-1.0578
4279,BG_Nuclear,2050,9,7,7,-1.0578
4280,BG_Nuclear,2050,9,8,8,-1.0578
4281,BG_Nuclear,2050,9,9,9,-1.0578
4282,BG_Nuclear,2050,9,10,10,-0.39990000000000003
4283,BG_Nuclear,2050,9,11,11,-0.39990000000000003
4284,BG_Nuclear,2050,9,12,12,-0.39990000000000003
4285,BG_Nuclear,2050,9,13,13,-0.39990000000000003
4286,BG_Nuclear,2050,9,14,14,-0.39990000000000003
4287,BG_Nuclear,2050,9,15,15,-0.39990000000000003
4288,BG_Nuclear,2050,9,16,16,-0.39990000000000003
4289,BG_Nuclear,2050,9,17,17,-1.8318
4290,BG_Nuclear,2050,9,18,18,-1.8318
4291,BG_Nuclear,2050,9,19,19,-1.8318
4292,BG_Nuclear,2050,9,20,20,-1.0578
4293,BG_Nuclear,2050,9,21,21,-0.39990000000000003
4294,BG_Nuclear,2050,9,22,22,-0.39990000000000003
4295,BG_Nuclear,2050,9,23,23,-0.39990000000000003
4296,BG_Nuclear,2050,9,24,24,-0.39990000000000003
4297,BG_Nuclear,2050,10,1,1,-0.42780000000000007
4298,BG_Nuclear,2050,10,2,2,-0.42780000000000007
4299,BG_Nuclear,2050,10,3,3,-0.42780000000000007
4300,BG_Nuclear,2050,10,4,4,-0.42780000000000007
4301,BG_Nuclear,2050,10,5,5,-1.1316000000000002
4302,BG_Nuclear,2050,10,6,6,-1.1316000000000002
4303,BG_Nuclear,2050,10,7,7,-1.1316000000000002
4304,BG_Nuclear,2050,10,8,8,-1.1316000000000002
4305,BG_Nuclear,2050,10,9,9,-0.42780000000000007
4306,BG_Nuclear,2050,10,10,10,-0.42780000000000007
4307,BG_Nuclear,2050,10,11,11,-0.42780000000000007
4308,BG_Nuclear,2050,10,12,12,-0.42780000000000007
4309,BG_Nuclear,2050,10,13,13,-0.42780000000000007
4310,BG_Nuclear,2050,10,14,14,-0.42780000000000007
4311,BG_Nuclear,2050,10,15,15,-0.42780000000000007
4312,BG_Nuclear,2050,10,16,16,-1.9595999999999996
4313,BG_Nuclear,2050,10,17,17,-1.9595999999999996
4314,BG_Nuclear,2050,10,18,18,-1.9595999999999996
4315,BG_Nuclear,2050,10,19,19,-1.9595999999999996
4316,BG_Nuclear,2050,10,20,20,-1.1316000000000002
4317,BG_Nuclear,2050,10,21,21,-1.1316000000000002
4318,BG_Nuclear,2050,10,22,22,-0.42780000000000007
4319,BG_Nuclear,2050,10,23,23,-0.42780000000000007
4320,BG_Nuclear,2050,10,24,24,-0.42780000000000007
4321,BG_OCGT,2050,1,1,1,0.0
4322,BG_OCGT,2050,1,2,2,0.0
4323,BG_OCGT,2050,1,3,3,0.0
4324,BG_OCGT,2050,1,4,4,0.0
4325,BG_OCGT,2050,1,5,5,0.0
4326,BG_OCGT,2050,1,6,6,0.0
4327,BG_OCGT,2050,1,7,7,0.0
4328,BG_OCGT,2050,1,8,8,0.0
4329,BG_OCGT,2050,1,9,9,0.0
4330,BG_OCGT,2050,1,10,10,0.0
4331,BG_OCGT,2050,1,11,11,0.0
4332,BG_OCGT,2050,1,12,12,0.0
4333,BG_OCGT,2050,1,13,13,0.0
4334,BG_OCGT,2050,1,14,14,0.0
4335,BG_OCGT,2050,1,15,15,0.0
4336,BG_OCGT,2050,1,16,16,0.0
4337,BG_OCGT,2050,1,17,17,0.0
4338,BG_OCGT,2050,1,18,18,0.0
4339,BG_OCGT,2050,1,19,19,0.0
4340,BG_OCGT,2050,1,20,20,0.0
4341,BG_OCGT,2050,1,21,21,0.0
4342,BG_OCGT,2050,1,22,22,0.0
4343,BG_OCGT,2050,1,23,23,0.0
4344,BG_OCGT,2050,1,24,24,0.0
4345,BG_OCGT,2050,2,1,1,0.0
4346,BG_OCGT,2050,2,2,2,0.0
4347,BG_OCGT,2050,2,3,3,0.0
4348,BG_OCGT,2050,2,4,4,0.0
4349,BG_OCGT,2050,2,5,5,0.0
4350,BG_OCGT,2050,2,6,6,0.0
4351,BG_OCGT,2050,2,7,7,0.0
4352,BG_OCGT,2050,2,8,8,0.0
4353,BG_OCGT,2050,2,9,9,0.0
4354,BG_OCGT,2050,2,10,10,0.0
4355,BG_OCGT,2050,2,11,11,0.0
4356,BG_OCGT,2050,2,12,12,0.0
4357,BG_OCGT,2050,2,13,13,0.0
4358,BG_OCGT,2050,2,14,14,0.0
4359,BG_OCGT,2050,2,15,15,0.0
4360,BG_OCGT,2050,2,16,16,0.0
4361,BG_OCGT,2050,2,17,17,0.0
4362,BG_OCGT,2050,2,18,18,0.0
4363,BG_OCGT,2050,2,19,19,0.0
4364,BG_OCGT,2050,2,20,20,0.0
4365,BG_OCGT,2050,2,21,21,0.0
4366,BG_OCGT,2050,2,22,22,0.0
4367,BG_OCGT,2050,2,23,23,0.0
4368,BG_OCGT,2050,2,24,24,0.0
4369,BG_OCGT,2050,3,1,1,0.0
4370,BG_OCGT,2050,3,2,2,0.0
4371,BG_OCGT,2050,3,3,3,0.0
4372,BG_OCGT,2050,3,4,4,0.0
4373,BG_OCGT,2050,3,5,5,0.0
4374,BG_OCGT,2050,3,6,6,0.0
4375,BG_OCGT,2050,3,7,7,0.0
4376,BG_OCGT,2050,3,8,8,0.0
4377,BG_OCGT,2050,3,9,9,0.0
4378,BG_OCGT,2050,3,10,10,0.0
4379,BG_OCGT,2050,3,11,11,0.0
4380,BG_OCGT,2050,3,12,12,0.0
4381,BG_OCGT,2050,3,13,13,0.0
4382,BG_OCGT,2050,3,14,14,0.0
4383,BG_OCGT,2050,3,15,15,0.0
4384,BG_OCGT,2050,3,16,16,-3.6980657056663357
4385,BG_OCGT,2050,3,17,17,-17.09423141133267
4386,BG_OCGT,2050,3,18,18,0.0
4387,BG_OCGT,2050,3,19,19,0.0
4388,BG_OCGT,2050,3,20,20,0.0
4389,BG_OCGT,2050,3,21,21,0.0
4390,BG_OCGT,2050,3,22,22,0.0
4391,BG_OCGT,2050,3,23,23,0.0
4392,BG_OCGT,2050,3,24,24,0.0
4393,BG_OCGT,2050,4,1,1,0.0
4394,BG_OCGT,2050,4,2,2,0.0
4395,BG_OCGT,2050,4,3,3,0.0
4396,BG_OCGT,2050,4,4,4,0.0
4397,BG_OCGT,2050,4,5,5,0.0
4398,BG_OCGT,2050,4,6,6,0.0
4399,BG_OCGT,2050,4,7,7,0.0
4400,BG_OCGT,2050,4,8,8,0.0
4401,BG_OCGT,2050,4,9,9,0.0
4402,BG_OCGT,2050,4,10,10,0.0
4403,BG_OCGT,2050,4,11,11,0.0
4404,BG_OCGT,2050,4,12,12,0.0
4405,BG_OCGT,2050,4,13,13,0.0
4406,BG_OCGT,2050,4,14,14,0.0
4407,BG_OCGT,2050,4,15,15,0.0
4408,BG_OCGT,2050,4,16,16,0.0
4409,BG_OCGT,2050,4,17,17,0.0
4410,BG_OCGT,2050,4,18,18,0.0
4411,BG_OCGT,2050,4,19,19,0.0
4412,BG_OCGT,2050,4,20,20,0.0
4413,BG_OCGT,2050,4,21,21,0.0
4414,BG_OCGT,2050,4,22,22,0.0
4415,BG_OCGT,2050,4,23,23,0.0
4416,BG_OCGT,2050,4,24,24,0.0
4417,BG_OCGT,2050,5,1,1,0.0
4418,BG_OCGT,2050,5,2,2,0.0
4419,BG_OCGT,2050,5,3,3,0.0
4420,BG_OCGT,2050,5,4,4,0.0
4421,BG_OCGT,2050,5,5,5,0.0
4422,BG_OCGT,2050,5,6,6,0.0
4423,BG_OCGT,2050,5,7,7,0.0
4424,BG_OCGT,2050,5,8,8,0.0
4425,BG_OCGT,2050,5,9,9,0.0
4426,BG_OCGT,2050,5,10,10,0.0
4427,BG_OCGT,2050,5,11,11,0.0
4428,BG_OCGT,2050,5,12,12,0.0
4429,BG_OCGT,2050,5,13,13,0.0
4430,BG_OCGT,2050,5,14,14,0.0
4431,BG_OCGT,2050,5,15,15,0.0
4432,BG_OCGT,2050,5,16,16,0.0
4433,BG_OCGT,2050,5,17,17,0.0
4434,BG_OCGT,2050,5,18,18,0.0
4435,BG_OCGT,2050,5,19,19,0.0
4436,BG_OCGT,2050,5,20,20,0.0
4437,BG_OCGT,2050,5,21,21,0.0
4438,BG_OCGT,2050,5,22,22,0.0
4439,BG_OCGT,2050,5,23,23,0.0
4440,BG_OCGT,2050,5,24,24,0.0
4441,BG_OCGT,2050,6,1,1,0.0
4442,BG_OCGT,2050,6,2,2,0.0
4443,BG_OCGT,2050,6,3,3,0.0
4444,BG_OCGT,2050,6,4,4,0.0
4445,BG_OCGT,2050,6,5,5,0.0
4446,BG_OCGT,2050,6,6,6,0.0
4447,BG_OCGT,2050,6,7,7,0.0
4448,BG_OCGT,2050,6,8,8,0.0
4449,BG_OCGT,2050,6,9,9,0.0
4450,BG_OCGT,2050,6,10,10,0.0
4451,BG_OCGT,2050,6,11,11,0.0
4452,BG_OCGT,2050,6,12,12,0.0
4453,BG_OCGT,2050,6,13,13,0.0
4454,BG_OCGT,2050,6,14,14,0.0
4455,BG_OCGT,2050,6,15,15,0.0
4456,BG_OCGT,2050,6,16,16,0.0
4457,BG_OCGT,2050,6,17,17,0.0
4458,BG_OCGT,2050,6,18,18,0.0
4459,BG_OCGT,2050,6,19,19,0.0
4460,BG_OCGT,2050,6,20,20,0.0
4461,BG_OCGT,2050,6,21,21,0.0
4462,BG_OCGT,2050,6,22,22,0.0
4463,BG_OCGT,2050,6,23,23,0.0
4464,BG_OCGT,2050,6,24,24,0.0
4465,BG_OCGT,2050,7,1,1,0.0
4466,BG_OCGT,2050,7,2,2,0.0
4467,BG_OCGT,2050,7,3,3,0.0
4468,BG_OCGT,2050,7,4,4,0.0
4469,BG_OCGT,2050,7,5,5,0.0
4470,BG_OCGT,2050,7,6,6,0.0
4471,BG_OCGT,2050,7,7,7,0.0
4472,BG_OCGT,2050,7,8,8,0.0
4473,BG_OCGT,2050,7,9,9,0.0
4474,BG_OCGT,2050,7,10,10,0.0
4475,BG_OCGT,2050,7,11,11,0.0
4476,BG_OCGT,2050,7,12,12,0.0
4477,BG_OCGT,2050,7,13,13,0.0
4478,BG_OCGT,2050,7,14,14,0.0
4479,BG_OCGT,2050,7,15,15,0.0
4480,BG_OCGT,2050,7,16,16,0.0
4481,BG_OCGT,2050,7,17,17,0.0
4482,BG_OCGT,2050,7,18,18,0.0
4483,BG_OCGT,2050,7,19,19,0.0
4484,BG_OCGT,2050,7,20,20,0.0
4485,BG_OCGT,2050,7,21,21,0.0
4486,BG_OCGT,2050,7,22,22,0.0
4487,BG_OCGT,2050,7,23,23,0.0
4488,BG_OCGT,2050,7,24,24,0.0
4489,BG_OCGT,2050,8,1,1,0.0
4490,BG_OCGT,2050,8,2,2,0.0
4491,BG_OCGT,2050,8,3,3,0.0
4492,BG_OCGT,2050,8,4,4,0.0
4493,BG_OCGT,2050,8,5,5,0.0
4494,BG_OCGT,2050,8,6,6,0.0
4495,BG_OCGT,2050,8,7,7,0.0
4496,BG_OCGT,2050,8,8,8,0.0
4497,BG_OCGT,2050,8,9,9,0.0
4498,BG_OCGT,2050,8,10,10,0.0
4499,BG_OCGT,2050,8,11,11,0.0
4500,BG_OCGT,2050,8,12,12,0.0
4501,BG_OCGT,2050,8,13,13,0.0
4502,BG_OCGT,2050,8,14,14,0.0
4503,BG_OCGT,2050,8,15,15,0.0
4504,BG_OCGT,2050,8,16,16,0.0
4505,BG_OCGT,2050,8,17,17,0.0
4506,BG_OCGT,2050,8,18,18,0.0
4507,BG_OCGT,2050,8,19,19,0.0
4508,BG_OCGT,2050,8,20,20,0.0
4509,BG_OCGT,2050,8,21,21,0.0
4510,BG_OCGT,2050,8,22,22,0.0
4511,BG_OCGT,2050,8,23,23,0.0
4512,BG_OCGT,2050,8,24,24,0.0
4513,BG_OCGT,2050,9,1,1,0.0
4514,BG_OCGT,2050,9,2,2,0.0
4515,BG_OCGT,2050,9,3,3,0.0
4516,BG_OCGT,2050,9,4,4,0.0
4517,BG_OCGT,2050,9,5,5,0.0
4518,BG_OCGT,2050,9,6,6,0.0
4519,BG_OCGT,2050,9,7,7,0.0
4520,BG_OCGT,2050,9,8,8,0.0
4521,BG_OCGT,2050,9,9,9,0.0
4522,BG_OCGT,2050,9,10,10,0.0
4523,BG_OCGT,2050,9,11,11,0.0
4524,BG_OCGT,2050,9,12,12,0.0
4525,BG_OCGT,2050,9,13,13,0.0
4526,BG_OCGT,2050,9,14,14,0.0
4527,BG_OCGT,2050,9,15,15,0.0
4528,BG_OCGT,2050,9,16,16,0.0
4529,BG_OCGT,2050,9,17,17,0.0
4530,BG_OCGT,2050,9,18,18,0.0
4531,BG_OCGT,2050,9,19,19,0.0
4532,BG_OCGT,2050,9,20,20,0.0
4533,BG_OCGT,2050,9,21,21,0.0
4534,BG_OCGT,2050,9,22,22,0.0
4535,BG_OCGT,2050,9,23,23,0.0
4536,BG_OCGT,2050,9,24,24,0.0
4537,BG_OCGT,2050,10,1,1,0.0
4538,BG_OCGT,2050,10,2,2,0.0
4539,BG_OCGT,2050,10,3,3,0.0
4540,BG_OCGT,2050,10,4,4,0.0
4541,BG_OCGT,2050,10,5,5,0.0
4542,BG_OCGT,2050,10,6,6,0.0
4543,BG_OCGT,2050,10,7,7,0.0
4544,BG_OCGT,2050,10,8,8,0.0
4545,BG_OCGT,2050,10,9,9,0.0
4546,BG_OCGT,2050,10,10,10,0.0
4547,BG_OCGT,2050,10,11,11,0.0
4548,BG_OCGT,2050,10,12,12,0.0
4549,BG_OCGT,2050,10,13,13,0.0
4550,BG_OCGT,2050,10,14,14,0.0
4551,BG_OCGT,2050,10,15,15,0.0
4552,BG_OCGT,2050,10,16,16,0.0
4553,BG_OCGT,2050,10,17,17,0.0
4554,BG_OCGT,2050,10,18,18,0.0
4555,BG_OCGT,2050,10,19,19,0.0
4556,BG_OCGT,2050,10,20,20,0.0
4557,BG_OCGT,2050,10,21,21,0.0
4558,BG_OCGT,2050,10,22,22,0.0
4559,BG_OCGT,2050,10,23,23,0.0
4560,BG_OCGT,2050,10,24,24,0.0
4561,BG_Solar,2050,1,1,1,-0.9381
4562,BG_Solar,2050,1,2,2,-0.9381
4563,BG_Solar,2050,1,3,3,-0.9381
4564,BG_Solar,2050,1,4,4,-0.9381
4565,BG_Solar,2050,1,5,5,-0.9381
4566,BG_Solar,2050,1,6,6,-0.9381
4567,BG_Solar,2050,1,7,7,-0.9381
4568,BG_Solar,2050,1,8,8,-0.9381
4569,BG_Solar,2050,1,9,9,-0.9381
4570,BG_Solar,2050,1,10,10,-0.9381
4571,BG_Solar,2050,1,11,11,-0.9381
4572,BG_Solar,2050,1,12,12,-0.9381
4573,BG_Solar,2050,1,13,13,-0.9381
4574,BG_Solar,2050,1,14,14,-0.9381
4575,BG_Solar,2050,1,15,15,-0.9381
4576,BG_Solar,2050,1,16,16,-0.9381
4577,BG_Solar,2050,1,17,17,-0.9381
4578,BG_Solar,2050,1,18,18,-1.749
4579,BG_Solar,2050,1,19,19,-1.749
4580,BG_Solar,2050,1,20,20,-1.749
4581,BG_Solar,2050,1,21,21,-0.9381
4582,BG_Solar,2050,1,22,22,-0.9381
4583,BG_Solar,2050,1,23,23,-0.9381
4584,BG_Solar,2050,1,24,24,-0.9381
4585,BG_Solar,2050,2,1,1,0.0
4586,BG_Solar,2050,2,2,2,0.0
4587,BG_Solar,2050,2,3,3,0.0
4588,BG_Solar,2050,2,4,4,0.0
4589,BG_Solar,2050,2,5,5,0.0
4590,BG_Solar,2050,2,6,6,0.0
4591,BG_Solar,2050,2,7,7,0.0
4592,BG_Solar,2050,2,8,8,0.0
4593,BG_Solar,2050,2,9,9,0.0
4594,BG_Solar,2050,2,10,10,0.0
4595,BG_Solar,2050,2,11,11,0.0
4596,BG_Solar,2050,2,12,12,0.0
4597,BG_Solar,2050,2,13,13,0.0
4598,BG_Solar,2050,2,14,14,0.0
4599,BG_Solar,2050,2,15,15,0.0
4600,BG_Solar,2050,2,16,16,0.0
4601,BG_Solar,2050,2,17,17,0.0
4602,BG_Solar,2050,2,18,18,0.0
4603,BG_Solar,2050,2,19,19,0.0
4604,BG_Solar,2050,2,20,20,0.0
4605,BG_Solar,2050,2,21,21,0.0
4606,BG_Solar,2050,2,22,22,0.0
4607,BG_Solar,2050,2,23,23,0.0
4608,BG_Solar,2050,2,24,24,0.0
4609,BG_Solar,2050,3,1,1,-0.5133
4610,BG_Solar,2050,3,2,2,-0.5133
4611,BG_Solar,2050,3,3,3,-0.5133
4612,BG_Solar,2050,3,4,4,-0.5133
4613,BG_Solar,2050,3,5,5,-0.5133
4614,BG_Solar,2050,3,6,6,-0.9570000000000001
4615,BG_Solar,2050,3,7,7,-1.4789999999999999
4616,BG_Solar,2050,3,8,8,-1.4789999999999999
4617,BG_Solar,2050,3,9,9,-1.4789999999999999
4618,BG_Solar,2050,3,10,10,-0.9570000000000001
4619,BG_Solar,2050,3,11,11,-0.9570000000000001
4620,BG_Solar,2050,3,12,12,-0.9570000000000001
4621,BG_Solar,2050,3,13,13,-0.9570000000000001
4622,BG_Solar,2050,3,14,14,-1.4789999999999999
4623,BG_Solar,2050,3,15,15,-1.4789999999999999
4624,BG_Solar,2050,3,16,16,-5.177065705666336
4625,BG_Solar,2050,3,17,17,-18.57323141133267
4626,BG_Solar,2050,3,18,18,-1.4789999999999999
4627,BG_Solar,2050,3,19,19,-1.4789999999999999
4628,BG_Solar,2050,3,20,20,-1.4789999999999999
4629,BG_Solar,2050,3,21,21,-1.4789999999999999
4630,BG_Solar,2050,3,22,22,-0.5133
4631,BG_Solar,2050,3,23,23,-0.5133
4632,BG_Solar,2050,3,24,24,-0.5133
4633,BG_Solar,2050,4,1,1,0.0
4634,BG_Solar,2050,4,2,2,0.0
4635,BG_Solar,2050,4,3,3,0.0
4636,BG_Solar,2050,4,4,4,0.0
4637,BG_Solar,2050,4,5,5,-0.4071
4638,BG_Solar,2050,4,6,6,-0.4071
4639,BG_Solar,2050,4,7,7,-0.4071
4640,BG_Solar,2050,4,8,8,-0.4071
4641,BG_Solar,2050,4,9,9,-0.4071
4642,BG_Solar,2050,4,10,10,-0.4071
4643,BG_Solar,2050,4,11,11,-0.4071
4644,BG_Solar,2050,4,12,12,-0.4071
4645,BG_Solar,2050,4,13,13,-0.4071
4646,BG_Solar,2050,4,14,14,-0.4071
4647,BG_Solar,2050,4,15,15,-0.4071
4648,BG_Solar,2050,4,16,16,-0.4071
4649,BG_Solar,2050,4,17,17,-0.759
4650,BG_Solar,2050,4,18,18,-0.759
4651,BG_Solar,2050,4,19,19,-0.759
4652,BG_Solar,2050,4,20,20,-0.4071
4653,BG_Solar,2050,4,21,21,-0.4071
4654,BG_Solar,2050,4,22,22,-0.4071
4655,BG_Solar,2050,4,23,23,-0.4071
4656,BG_Solar,2050,4,24,24,0.0
4657,BG_Solar,2050,5,1,1,0.0
4658,BG_Solar,2050,5,2,2,0.0
4659,BG_Solar,2050,5,3,3,0.0
4660,BG_Solar,2050,5,4,4,0.0
4661,BG_Solar,2050,5,5,5,-0.9204
4662,BG_Solar,2050,5,6,6,-0.9204
4663,BG_Solar,2050,5,7,7,-0.9204
4664,BG_Solar,2050,5,8,8,-0.9204
4665,BG_Solar,2050,5,9,9,-0.9204
4666,BG_Solar,2050,5,10,10,-0.9204
4667,BG_Solar,2050,5,11,11,0.0
4668,BG_Solar,2050,5,12,12,0.0
4669,BG_Solar,2050,5,13,13,0.0
4670,BG_Solar,2050,5,14,14,0.0
4671,BG_Solar,2050,5,15,15,0.0
4672,BG_Solar,2050,5,16,16,-0.9204
4673,BG_Solar,2050,5,17,17,-0.9204
4674,BG_Solar,2050,5,18,18,-0.9204
4675,BG_Solar,2050,5,19,19,-0.9204
4676,BG_Solar,2050,5,20,20,-0.9204
4677,BG_Solar,2050,5,21,21,-0.9204
4678,BG_Solar,2050,5,22,22,-0.9204
4679,BG_Solar,2050,5,23,23,0.0
4680,BG_Solar,2050,5,24,24,0.0
4681,BG_Solar,2050,6,1,1,-0.3186
4682,BG_Solar,2050,6,2,2,-0.3186
4683,BG_Solar,2050,6,3,3,-0.3186
4684,BG_Solar,2050,6,4,4,-0.3186
4685,BG_Solar,2050,6,5,5,-0.3186
4686,BG_Solar,2050,6,6,6,-0.3186
4687,BG_Solar,2050,6,7,7,-0.3186
4688,BG_Solar,2050,6,8,8,-0.3186
4689,BG_Solar,2050,6,9,9,-0.3186
4690,BG_Solar,2050,6,10,10,-0.3186
4691,BG_Solar,2050,6,11,11,-0.3186
4692,BG_Solar,2050,6,12,12,-0.3186
4693,BG_Solar,2050,6,13,13,-0.3186
4694,BG_Solar,2050,6,14,14,-0.3186
4695,BG_Solar,2050,6,15,15,-0.3186
4696,BG_Solar,2050,6,16,16,-0.3186
4697,BG_Solar,2050,6,17,17,-0.3186
4698,BG_Solar,2050,6,18,18,-0.3186
4699,BG_Solar,2050,6,19,19,-0.3186
4700,BG_Solar,2050,6,20,20,-0.3186
4701,BG_Solar,2050,6,21,21,-0.3186
4702,BG_Solar,2050,6,22,22,-0.3186
4703,BG_Solar,2050,6,23,23,-0.3186
4704,BG_Solar,2050,6,24,24,-0.3186
4705,BG_Solar,2050,7,1,1,-0.6549
4706,BG_Solar,2050,7,2,2,-0.6549
4707,BG_Solar,2050,7,3,3,-0.6549
4708,BG_Solar,2050,7,4,4,-0.6549
4709,BG_Solar,2050,7,5,5,-0.6549
4710,BG_Solar,2050,7,6,6,-0.6549
4711,BG_Solar,2050,7,7,7,-0.6549
4712,BG_Solar,2050,7,8,8,-0.6549
4713,BG_Solar,2050,7,9,9,-0.6549
4714,BG_Solar,2050,7,10,10,-0.6549
4715,BG_Solar,2050,7,11,11,-0.6549
4716,BG_Solar,2050,7,12,12,-0.6549
4717,BG_Solar,2050,7,13,13,-0.6549
4718,BG_Solar,2050,7,14,14,-0.6549
4719,BG_Solar,2050,7,15,15,-0.6549
4720,BG_Solar,2050,7,16,16,-0.6549
4721,BG_Solar,2050,7,17,17,-0.6549
4722,BG_Solar,2050,7,18,18,-0.6549
4723,BG_Solar,2050,7,19,19,-0.6549
4724,BG_Solar,2050,7,20,20,-0.6549
4725,BG_Solar,2050,7,21,21,-0.6549
4726,BG_Solar,2050,7,22,22,-0.6549
4727,BG_Solar,2050,7,23,23,-0.6549
4728,BG_Solar,2050,7,24,24,-0.6549
4729,BG_Solar,2050,8,1,1,-0.5487
4730,BG_Solar,2050,8,2,2,-0.5487
4731,BG_Solar,2050,8,3,3,-0.5487
4732,BG_Solar,2050,8,4,4,-0.5487
4733,BG_Solar,2050,8,5,5,-0.5487
4734,BG_Solar,2050,8,6,6,-0.5487
4735,BG_Solar,2050,8,7,7,-0.5487
4736,BG_Solar,2050,8,8,8,-0.5487
4737,BG_Solar,2050,8,9,9,-0.5487
4738,BG_Solar,2050,8,10,10,-0.5487
4739,BG_Solar,2050,8,11,11,-0.5487
4740,BG_Solar,2050,8,12,12,-0.5487
4741,BG_Solar,2050,8,13,13,-0.5487
4742,BG_Solar,2050,8,14,14,-0.5487
4743,BG_Solar,2050,8,15,15,-0.5487
4744,BG_Solar,2050,8,16,16,-0.5487
4745,BG_Solar,2050,8,17,17,-0.5487
4746,BG_Solar,2050,8,18,18,-1.0230000000000001
4747,BG_Solar,2050,8,19,19,-1.0230000000000001
4748,BG_Solar,2050,8,20,20,-1.0230000000000001
4749,BG_Solar,2050,8,21,21,-0.5487
4750,BG_Solar,2050,8,22,22,-0.5487
4751,BG_Solar,2050,8,23,23,-0.5487
4752,BG_Solar,2050,8,24,24,-0.5487
4753,BG_Solar,2050,9,1,1,-0.7611
4754,BG_Solar,2050,9,2,2,-0.7611
4755,BG_Solar,2050,9,3,3,-0.7611
4756,BG_Solar,2050,9,4,4,-0.7611
4757,BG_Solar,2050,9,5,5,-1.419
4758,BG_Solar,2050,9,6,6,-1.419
4759,BG_Solar,2050,9,7,7,-1.419
4760,BG_Solar,2050,9,8,8,-1.419
4761,BG_Solar,2050,9,9,9,-1.419
4762,BG_Solar,2050,9,10,10,-0.7611
4763,BG_Solar,2050,9,11,11,-0.7611
4764,BG_Solar,2050,9,12,12,-0.7611
4765,BG_Solar,2050,9,13,13,-0.7611
4766,BG_Solar,2050,9,14,14,-0.7611
4767,BG_Solar,2050,9,15,15,-0.7611
4768,BG_Solar,2050,9,16,16,-0.7611
4769,BG_Solar,2050,9,17,17,-2.193
4770,BG_Solar,2050,9,18,18,-2.193
4771,BG_Solar,2050,9,19,19,-2.193
4772,BG_Solar,2050,9,20,20,-1.419
4773,BG_Solar,2050,9,21,21,-0.7611
4774,BG_Solar,2050,9,22,22,-0.7611
4775,BG_Solar,2050,9,23,23,-0.7611
4776,BG_Solar,2050,9,24,24,-0.7611
4777,BG_Solar,2050,10,1,1,-0.8142
4778,BG_Solar,2050,10,2,2,-0.8142
4779,BG_Solar,2050,10,3,3,-0.8142
4780,BG_Solar,2050,10,4,4,-0.8142
4781,BG_Solar,2050,10,5,5,-1.518
4782,BG_Solar,2050,10,6,6,-1.518
4783,BG_Solar,2050,10,7,7,-1.518
4784,BG_Solar,2050,10,8,8,-1.518
4785,BG_Solar,2050,10,9,9,-0.8142
4786,BG_Solar,2050,10,10,10,-0.8142
4787,BG_Solar,2050,10,11,11,-0.8142
4788,BG_Solar,2050,10,12,12,-0.8142
4789,BG_Solar,2050,10,13,13,-0.8142
4790,BG_Solar,2050,10,14,14,-0.8142
4791,BG_Solar,2050,10,15,15,-0.8142
4792,BG_Solar,2050,10,16,16,-2.3459999999999996
4793,BG_Solar,2050,10,17,17,-2.3459999999999996
4794,BG_Solar,2050,10,18,18,-2.3459999999999996
4795,BG_Solar,2050,10,19,19,-2.3459999999999996
4796,BG_Solar,2050,10,20,20,-1.518
4797,BG_Solar,2050,10,21,21,-1.518
4798,BG_Solar,2050,10,22,22,-0.8142
4799,BG_Solar,2050,10,23,23,-0.8142
4800,BG_Solar,2050,10,24,24,-0.8142
4801,BG_Wind_Offshore,2050,1,1,1,-0.9381
4802,BG_Wind_Offshore,2050,1,2,2,-0.9381
4803,BG_Wind_Offshore,2050,1,3,3,-0.9381
4804,BG_Wind_Offshore,2050,1,4,4,-0.9381
4805,BG_Wind_Offshore,2050,1,5,5,-0.9381
4806,BG_Wind_Offshore,2050,1,6,6,-0.9381
4807,BG_Wind_Offshore,2050,1,7,7,-0.9381
4808,BG_Wind_Offshore,2050,1,8,8,-0.9381
4809,BG_Wind_Offshore,2050,1,9,9,-0.9381
4810,BG_Wind_Offshore,2050,1,10,10,-0.9381
4811,BG_Wind_Offshore,2050,1,11,11,-0.9381
4812,BG_Wind_Offshore,2050,1,12,12,-0.9381
4813,BG_Wind_Offshore,2050,1,13,13,-0.9381
4814,BG_Wind_Offshore,2050,1,14,14,-0.9381
4815,BG_Wind_Offshore,2050,1,15,15,-0.9381
4816,BG_Wind_Offshore,2050,1,16,16,-0.9381
4817,BG_Wind_Offshore,2050,1,17,17,-0.9381
4818,BG_Wind_Offshore,2050,1,18,18,-1.749
4819,BG_Wind_Offshore,2050,1,19,19,-1.749
4820,BG_Wind_Offshore,2050,1,20,20,-1.749
4821,BG_Wind_Offshore,2050,1,21,21,-0.9381
4822,BG_Wind_Offshore,2050,1,22,22,-0.9381
4823,BG_Wind_Offshore,2050,1,23,23,-0.9381
4824,BG_Wind_Offshore,2050,1,24,24,-0.9381
4825,BG_Wind_Offshore,2050,2,1,1,0.0
4826,BG_Wind_Offshore,2050,2,2,2,0.0
4827,BG_Wind_Offshore,2050,2,3,3,0.0
4828,BG_Wind_Offshore,2050,2,4,4,0.0
4829,BG_Wind_Offshore,2050,2,5,5,0.0
4830,BG_Wind_Offshore,2050,2,6,6,0.0
4831,BG_Wind_Offshore,2050,2,7,7,0.0
4832,BG_Wind_Offshore,2050,2,8,8,0.0
4833,BG_Wind_Offshore,2050,2,9,9,0.0
4834,BG_Wind_Offshore,2050,2,10,10,0.0
4835,BG_Wind_Offshore,2050,2,11,11,0.0
4836,BG_Wind_Offshore,2050,2,12,12,0.0
4837,BG_Wind_Offshore,2050,2,13,13,0.0
4838,BG_Wind_Offshore,2050,2,14,14,0.0
4839,BG_Wind_Offshore,2050,2,15,15,0.0
4840,BG_Wind_Offshore,2050,2,16,16,0.0
4841,BG_Wind_Offshore,2050,2,17,17,0.0
4842,BG_Wind_Offshore,2050,2,18,18,0.0
4843,BG_Wind_Offshore,2050,2,19,19,0.0
4844,BG_Wind_Offshore,2050,2,20,20,0.0
4845,BG_Wind_Offshore,2050,2,21,21,0.0
4846,BG_Wind_Offshore,2050,2,22,22,0.0
4847,BG_Wind_Offshore,2050,2,23,23,0.0
4848,BG_Wind_Offshore,2050,2,24,24,0.0
4849,BG_Wind_Offshore,2050,3,1,1,-0.5133
4850,BG_Wind_Offshore,2050,3,2,2,-0.5133
4851,BG_Wind_Offshore,2050,3,3,3,-0.5133
4852,BG_Wind_Offshore,2050,3,4,4,-0.5133
4853,BG_Wind_Offshore,2050,3,5,5,-0.5133
4854,BG_Wind_Offshore,2050,3,6,6,-0.9570000000000001
4855,BG_Wind_Offshore,2050,3,7,7,-1.4789999999999999
4856,BG_Wind_Offshore,2050,3,8,8,-1.4789999999999999
4857,BG_Wind_Offshore,2050,3,9,9,-1.4789999999999999
4858,BG_Wind_Offshore,2050,3,10,10,-0.9570000000000001
4859,BG_Wind_Offshore,2050,3,11,11,-0.9570000000000001
4860,BG_Wind_Offshore,2050,3,12,12,-0.9570000000000001
4861,BG_Wind_Offshore,2050,3,13,13,-0.9570000000000001
4862,BG_Wind_Offshore,2050,3,14,14,-1.4789999999999999
4863,BG_Wind_Offshore,2050,3,15,15,-1.4789999999999999
4864,BG_Wind_Offshore,2050,3,16,16,-5.177065705666336
4865,BG_Wind_Offshore,2050,3,17,17,-18.57323141133267
4866,BG_Wind_Offshore,2050,3,18,18,-1.4789999999999999
4867,BG_Wind_Offshore,2050,3,19,19,-1.4789999999999999
4868,BG_Wind_Offshore,2050,3,20,20,-1.4789999999999999
4869,BG_Wind_Offshore,2050,3,21,21,-1.4789999999999999
4870,BG_Wind_Offshore,2050,3,22,22,-0.5133
4871,BG_Wind_Offshore,2050,3,23,23,-0.5133
4872,BG_Wind_Offshore,2050,3,24,24,-0.5133
4873,BG_Wind_Offshore,2050,4,1,1,0.0
4874,BG_Wind_Offshore,2050,4,2,2,0.0
4875,BG_Wind_Offshore,2050,4,3,3,0.0
4876,BG_Wind_Offshore,2050,4,4,4,0.0
4877,BG_Wind_Offshore,2050,4,5,5,-0.4071
4878,BG_Wind_Offshore,2050,4,6,6,-0.4071
4879,BG_Wind_Offshore,2050,4,7,7,-0.4071
4880,BG_Wind_Offshore,2050,4,8,8,-0.4071
4881,BG_Wind_Offshore,2050,4,9,9,-0.4071
4882,BG_Wind_Offshore,2050,4,10,10,-0.4071
4883,BG_Wind_Offshore,2050,4,11,11,-0.4071
4884,BG_Wind_Offshore,2050,4,12,12,-0.4071
4885,BG_Wind_Offshore,2050,4,13,13,-0.4071
4886,BG_Wind_Offshore,2050,4,14,14,-0.4071
4887,BG_Wind_Offshore,2050,4,15,15,-0.4071
4888,BG_Wind_Offshore,2050,4,16,16,-0.4071
4889,BG_Wind_Offshore,2050,4,17,17,-0.759
4890,BG_Wind_Offshore,2050,4,18,18,-0.759
4891,BG_Wind_Offshore,2050,4,19,19,-0.759
4892,BG_Wind_Offshore,2050,4,20,20,-0.4071
4893,BG_Wind_Offshore,2050,4,21,21,-0.4071
4894,BG_Wind_Offshore,2050,4,22,22,-0.4071
4895,BG_Wind_Offshore,2050,4,23,23,-0.4071
4896,BG_Wind_Offshore,2050,4,24,24,0.0
4897,BG_Wind_Offshore,2050,5,1,1,0.0
4898,BG_Wind_Offshore,2050,5,2,2,0.0
4899,BG_Wind_Offshore,2050,5,3,3,0.0
4900,BG_Wind_Offshore,2050,5,4,4,0.0
4901,BG_Wind_Offshore,2050,5,5,5,-0.9204
4902,BG_Wind_Offshore,2050,5,6,6,-0.9204
4903,BG_Wind_Offshore,2050,5,7,7,-0.9204
4904,BG_Wind_Offshore,2050,5,8,8,-0.9204
4905,BG_Wind_Offshore,2050,5,9,9,-0.9204
4906,BG_Wind_Offshore,2050,5,10,10,-0.9204
4907,BG_Wind_Offshore,2050,5,11,11,0.0
4908,BG_Wind_Offshore,2050,5,12,12,0.0
4909,BG_Wind_Offshore,2050,5,13,13,0.0
4910,BG_Wind_Offshore,2050,5,14,14,0.0
4911,BG_Wind_Offshore,2050,5,15,15,0.0
4912,BG_Wind_Offshore,2050,5,16,16,-0.9204
4913,BG_Wind_Offshore,2050,5,17,17,-0.9204
4914,BG_Wind_Offshore,2050,5,18,18,-0.9204
4915,BG_Wind_Offshore,2050,5,19,19,-0.9204
4916,BG_Wind_Offshore,2050,5,20,20,-0.9204
4917,BG_Wind_Offshore,2050,5,21,21,-0.9204
4918,BG_Wind_Offshore,2050,5,22,22,-0.9204
4919,BG_Wind_Offshore,2050,5,23,23,0.0
4920,BG_Wind_Offshore,2050,5,24,24,0.0
4921,BG_Wind_Offshore,2050,6,1,1,-0.3186
4922,BG_Wind_Offshore,2050,6,2,2,-0.3186
4923,BG_Wind_Offshore,2050,6,3,3,-0.3186
4924,BG_Wind_Offshore,2050,6,4,4,-0.3186
4925,BG_Wind_Offshore,2050,6,5,5,-0.3186
4926,BG_Wind_Offshore,2050,6,6,6,-0.3186
4927,BG_Wind_Offshore,2050,6,7,7,-0.3186
4928,BG_Wind_Offshore,2050,6,8,8,-0.3186
4929,BG_Wind_Offshore,2050,6,9,9,-0.3186
4930,BG_Wind_Offshore,2050,6,10,10,-0.3186
4931,BG_Wind_Offshore,2050,6,11,11,-0.3186
4932,BG_Wind_Offshore,2050,6,12,12,-0.3186
4933,BG_Wind_Offshore,2050,6,13,13,-0.3186
4934,BG_Wind_Offshore,2050,6,14,14,-0.3186
4935,BG_Wind_Offshore,2050,6,15,15,-0.3186
4936,BG_Wind_Offshore,2050,6,16,16,-0.3186
4937,BG_Wind_Offshore,2050,6,17,17,-0.3186
4938,BG_Wind_Offshore,2050,6,18,18,-0.3186
4939,BG_Wind_Offshore,2050,6,19,19,-0.3186
4940,BG_Wind_Offshore,2050,6,20,20,-0.3186
4941,BG_Wind_Offshore,2050,6,21,21,-0.3186
4942,BG_Wind_Offshore,2050,6,22,22,-0.3186
4943,BG_Wind_Offshore,2050,6,23,23,-0.3186
4944,BG_Wind_Offshore,2050,6,24,24,-0.3186
4945,BG_CCGT,2050,1,1,1,0.0
4946,BG_CCGT,2050,1,2,2,0.0
4947,BG_CCGT,2050,1,3,3,0.0
4948,BG_CCGT,2050,1,4,4,0.0
4949,BG_CCGT,2050,1,5,5,0.0
4950,BG_CCGT,2050,1,6,6,0.0
4951,BG_CCGT,2050,1,7,7,0.0
4952,BG_CCGT,2050,1,8,8,0.0
4953,BG_CCGT,2050,1,9,9,0.0
4954,BG_CCGT,2050,1,10,10,0.0
4955,BG_CCGT,2050,1,11,11,0.0
4956,BG_CCGT,2050,1,12,12,0.0
4957,BG_CCGT,2050,1,13,13,0.0
4958,BG_CCGT,2050,1,14,14,0.0
4959,BG_CCGT,2050,1,15,15,0.0
4960,BG_CCGT,2050,1,16,16,0.0
4961,BG_CCGT,2050,1,17,17,0.0
4962,BG_CCGT,2050,1,18,18,0.0
4963,BG_CCGT,2050,1,19,19,0.0
4964,BG_CCGT,2050,1,20,20,0.0
4965,BG_CCGT,2050,1,21,21,0.0
4966,BG_CCGT,2050,1,22,22,0.0
4967,BG_CCGT,2050,1,23,23,0.0
4968,BG_CCGT,2050,1,24,24,0.0
4969,BG_CCGT,2050,2,1,1,0.0
4970,BG_CCGT,2050,2,2,2,0.0
4971,BG_CCGT,2050,2,3,3,0.0
4972,BG_CCGT,2050,2,4,4,0.0
4973,BG_CCGT,2050,2,5,5,0.0
4974,BG_CCGT,2050,2,6,6,0.0
4975,BG_CCGT,2050,2,7,7,0.0
4976,BG_CCGT,2050,2,8,8,0.0
4977,BG_CCGT,2050,2,9,9,0.0
4978,BG_CCGT,2050,2,10,10,0.0
4979,BG_CCGT,2050,2,11,11,0.0
4980,BG_CCGT,2050,2,12,12,0.0
4981,BG_CCGT,2050,2,13,13,0.0
4982,BG_CCGT,2050,2,14,14,0.0
4983,BG_CCGT,2050,2,15,15,0.0
4984,BG_CCGT,2050,2,16,16,0.0
4985,BG_CCGT,2050,2,17,17,0.0
4986,BG_CCGT,2050,2,18,18,0.0
4987,BG_CCGT,2050,2,19,19,0.0
4988,BG_CCGT,2050,2,20,20,0.0
4989,BG_CCGT,2050,2,21,21,0.0
4990,BG_CCGT,2050,2,22,22,0.0
4991,BG_CCGT,2050,2,23,23,0.0
4992,BG_CCGT,2050,2,24,24,0.0
4993,BG_CCGT,2050,3,1,1,0.0
4994,BG_CCGT,2050,3,2,2,0.0
4995,BG_CCGT,2050,3,3,3,0.0
4996,BG_CCGT,2050,3,4,4,0.0
4997,BG_CCGT,2050,3,5,5,0.0
4998,BG_CCGT,2050,3,6,6,0.0
4999,BG_CCGT,2050,3,7,7,-0.5219999999999998
5000,BG_CCGT,2050,3,8,8,-0.5219999999999998
5001,BG_CCGT,2050,3,9,9,-0.5219999999999998
5002,BG_CCGT,2050,3,10,10,0.0
5003,BG_CCGT,2050,3,11,11,0.0
5004,BG_CCGT,2050,3,12,12,0.0
5005,BG_CCGT,2050,3,13,13,0.0
5006,BG_CCGT,2050,3,14,14,-0.5219999999999998
5007,BG_CCGT,2050,3,15,15,-0.5219999999999998
5008,BG_CCGT,2050,3,16,16,-4.220065705666336
5009,BG_CCGT,2050,3,17,17,-17.61623141133267
5010,BG_CCGT,2050,3,18,18,-0.5219999999999998
5011,BG_CCGT,2050,3,19,19,-0.5219999999999998
5012,BG_CCGT,2050,3,20,20,-0.5219999999999998
5013,BG_CCGT,2050,3,21,21,-0.5219999999999998
5014,BG_CCGT,2050,3,22,22,0.0
5015,BG_CCGT,2050,3,23,23,0.0
5016,BG_CCGT,2050,3,24,24,0.0
5017,BG_CCGT,2050,4,1,1,0.0
5018,BG_CCGT,2050,4,2,2,0.0
5019,BG_CCGT,2050,4,3,3,0.0
5020,BG_CCGT,2050,4,4,4,0.0
5021,BG_CCGT,2050,4,5,5,0.0
5022,BG_CCGT,2050,4,6,6,0.0
5023,BG_CCGT,2050,4,7,7,0.0
5024,BG_CCGT,2050,4,8,8,0.0
5025,BG_CCGT,2050,4,9,9,0.0
5026,BG_CCGT,2050,4,10,10,0.0
5027,BG_CCGT,2050,4,11,11,0.0
5028,BG_CCGT,2050,4,12,12,0.0
5029,BG_CCGT,2050,4,13,13,0.0
5030,BG_CCGT,2050,4,14,14,0.0
5031,BG_CCGT,2050,4,15,15,0.0
5032,BG_CCGT,2050,4,16,16,0.0
5033,BG_CCGT,2050,4,17,17,0.0
5034,BG_CCGT,2050,4,18,18,0.0
5035,BG_CCGT,2050,4,19,19,0.0
5036,BG_CCGT,2050,4,20,20,0.0
5037,BG_CCGT,2050,4,21,21,0.0
5038,BG_CCGT,2050,4,22,22,0.0
5039,BG_CCGT,2050,4,23,23,0.0
5040,BG_CCGT,2050,4,24,24,0.0
5041,BG_CCGT,2050,5,1,1,0.0
5042,BG_CCGT,2050,5,2,2,0.0
5043,BG_CCGT,2050,5,3,3,0.0
5044,BG_CCGT,2050,5,4,4,0.0
5045,BG_CCGT,2050,5,5,5,0.0
5046,BG_CCGT,2050,5,6,6,0.0
5047,BG_CCGT,2050,5,7,7,0.0
5048,BG_CCGT,2050,5,8,8,0.0
5049,BG_CCGT,2050,5,9,9,0.0
5050,BG_CCGT,2050,5,10,10,0.0
5051,BG_CCGT,2050,5,11,11,0.0
5052,BG_CCGT,2050,5,12,12,0.0
5053,BG_CCGT,2050,5,13,13,0.0
5054,BG_CCGT,2050,5,14,14,0.0
5055,BG_CCGT,2050,5,15,15,0.0
5056,BG_CCGT,2050,5,16,16,0.0
5057,BG_CCGT,2050,5,17,17,0.0
5058,BG_CCGT,2050,5,18,18,0.0
5059,BG_CCGT,2050,5,19,19,0.0
5060,BG_CCGT,2050,5,20,20,0.0
5061,BG_CCGT,2050,5,21,21,0.0
5062,BG_CCGT,2050,5,22,22,0.0
5063,BG_CCGT,2050,5,23,23,0.0
5064,BG_CCGT,2050,5,24,24,0.0
5065,BG_CCGT,2050,6,1,1,0.0
5066,BG_CCGT,2050,6,2,2,0.0
5067,BG_CCGT,2050,6,3,3,0.0
5068,BG_CCGT,2050,6,4,4,0.0
5069,BG_CCGT,2050,6,5,5,0.0
5070,BG_CCGT,2050,6,6,6,0.0
5071,BG_CCGT,2050,6,7,7,0.0
5072,BG_CCGT,2050,6,8,8,0.0
5073,BG_CCGT,2050,6,9,9,0.0
5074,BG_CCGT,2050,6,10,10,0.0
5075,BG_CCGT,2050,6,11,11,0.0
5076,BG_CCGT,2050,6,12,12,0.0
5077,BG_CCGT,2050,6,13,13,0.0
5078,BG_CCGT,2050,6,14,14,0.0
5079,BG_CCGT,2050,6,15,15,0.0
5080,BG_CCGT,2050,6,16,16,0.0
5081,BG_CCGT,2050,6,17,17,0.0
5082,BG_CCGT,2050,6,18,18,0.0
5083,BG_CCGT,2050,6,19,19,0.0
5084,BG_CCGT,2050,6,20,20,0.0
5085,BG_CCGT,2050,6,21,21,0.0
5086,BG_CCGT,2050,6,22,22,0.0
5087,BG_CCGT,2050,6,23,23,0.0
5088,BG_CCGT,2050,6,24,24,0.0
5089,BG_CCGT,2050,7,1,1,0.0
5090,BG_CCGT,2050,7,2,2,0.0
5091,BG_CCGT,2050,7,3,3,0.0
5092,BG_CCGT,2050,7,4,4,0.0
5093,BG_CCGT,2050,7,5,5,0.0
5094,BG_CCGT,2050,7,6,6,0.0
5095,BG_CCGT,2050,7,7,7,0.0
5096,BG_CCGT,2050,7,8,8,0.0
5097,BG_CCGT,2050,7,9,9,0.0
5098,BG_CCGT,2050,7,10,10,0.0
5099,BG_CCGT,2050,7,11,11,0.0
5100,BG_CCGT,2050,7,12,12,0.0
5101,BG_CCGT,2050,7,13,13,0.0
5102,BG_CCGT,2050,7,14,14,0.0
5103,BG_CCGT,2050,7,15,15,0.0
5104,BG_CCGT,2050,7,16,16,0.0
5105,BG_CCGT,2050,7,17,17,0.0
5106,BG_CCGT,2050,7,18,18,0.0
5107,BG_CCGT,2050,7,19,19,0.0
5108,BG_CCGT,2050,7,20,20,0.0
5109,BG_CCGT,2050,7,21,21,0.0
5110,BG_CCGT,2050,7,22,22,0.0
5111,BG_CCGT,2050,7,23,23,0.0
5112,BG_CCGT,2050,7,24,24,0.0
5113,BG_CCGT,2050,8,1,1,0.0
5114,BG_CCGT,2050,8,2,2,0.0
5115,BG_CCGT,2050,8,3,3,0.0
5116,BG_CCGT,2050,8,4,4,0.0
5117,BG_CCGT,2050,8,5,5,0.0
5118,BG_CCGT,2050,8,6,6,0.0
5119,BG_CCGT,2050,8,7,7,0.0
5120,BG_CCGT,2050,8,8,8,0.0
5121,BG_CCGT,2050,8,9,9,0.0
5122,BG_CCGT,2050,8,10,10,0.0
5123,BG_CCGT,2050,8,11,11,0.0
5124,BG_CCGT,2050,8,12,12,0.0
5125,BG_CCGT,2050,8,13,13,0.0
5126,BG_CCGT,2050,8,14,14,0.0
5127,BG_CCGT,2050,8,15,15,0.0
5128,BG_CCGT,2050,8,16,16,0.0
5129,BG_CCGT,2050,8,17,17,0.0
5130,BG_CCGT,2050,8,18,18,0.0
5131,BG_CCGT,2050,8,19,19,0.0
5132,BG_CCGT,2050,8,20,20,0.0
5133,BG_CCGT,2050,8,21,21,0.0
5134,BG_CCGT,2050,8,22,22,0.0
5135,BG_CCGT,2050,8,23,23,0.0
5136,BG_CCGT,2050,8,24,24,0.0
5137,BG_CCGT,2050,9,1,1,0.0
5138,BG_CCGT,2050,9,2,2,0.0
5139,BG_CCGT,2050,9,3,3,0.0
5140,BG_CCGT,2050,9,4,4,0.0
5141,BG_CCGT,2050,9,5,5,0.0
5142,BG_CCGT,2050,9,6,6,0.0
5143,BG_CCGT,2050,9,7,7,0.0
5144,BG_CCGT,2050,9,8,8,0.0
5145,BG_CCGT,2050,9,9,9,0.0
5146,BG_CCGT,2050,9,10,10,0.0
5147,BG_CCGT,2050,9,11,11,0.0
5148,BG_CCGT,2050,9,12,12,0.0
5149,BG_CCGT,2050,9,13,13,0.0
5150,BG_CCGT,2050,9,14,14,0.0
5151,BG_CCGT,2050,9,15,15,0.0
5152,BG_CCGT,2050,9,16,16,0.0
5153,BG_CCGT,2050,9,17,17,-0.774
5154,BG_CCGT,2050,9,18,18,-0.774
5155,BG_CCGT,2050,9,19,19,-0.774
5156,BG_CCGT,2050,9,20,20,0.0
5157,BG_CCGT,2050,9,21,21,0.0
5158,BG_CCGT,2050,9,22,22,0.0
5159,BG_CCGT,2050,9,23,23,0.0
5160,BG_CCGT,2050,9,24,24,0.0
5161,BG_CCGT,2050,10,1,1,0.0
5162,BG_CCGT,2050,10,2,2,0.0
5163,BG_CCGT,2050,10,3,3,0.0
5164,BG_CCGT,2050,10,4,4,0.0
5165,BG_CCGT,2050,10,5,5,0.0
5166,BG_CCGT,2050,10,6,6,0.0
5167,BG_CCGT,2050,10,7,7,0.0
5168,BG_CCGT,2050,10,8,8,0.0
5169,BG_CCGT,2050,10,9,9,0.0
5170,BG_CCGT,2050,10,10,10,0.0
5171,BG_CCGT,2050,10,11,11,0.0
5172,BG_CCGT,2050,10,12,12,0.0
5173,BG_CCGT,2050,10,13,13,0.0
5174,BG_CCGT,2050,10,14,14,0.0
5175,BG_CCGT,2050,10,15,15,0.0
5176,BG_CCGT,2050,10,16,16,-0.8279999999999996
5177,BG_CCGT,2050,10,17,17,-0.8279999999999996
5178,BG_CCGT,2050,10,18,18,-0.8279999999999996
5179,BG_CCGT,2050,10,19,19,-0.8279999999999996
5180,BG_CCGT,2050,10,20,20,0.0
5181,BG_CCGT,2050,10,21,21,0.0
5182,BG_CCGT,2050,10,22,22,0.0
5183,BG_CCGT,2050,10,23,23,0.0
5184,BG_CCGT,2050,10,24,24,0.0
5185,BG_Coal,2050,1,1,1,0.0
5186,BG_Coal,2050,1,2,2,0.0
5187,BG_Coal,2050,1,3,3,0.0
5188,BG_Coal,2050,1,4,4,0.0
5189,BG_Coal,2050,1,5,5,0.0
5190,BG_Coal,2050,1,6,6,0.0
5191,BG_Coal,2050,1,7,7,0.0
5192,BG_Coal,2050,1,8,8,0.0
5193,BG_Coal,2050,1,9,9,0.0
5194,BG_Coal,2050,1,10,10,0.0
5195,BG_Coal,2050,1,11,11,0.0
5196,BG_Coal,2050,1,12,12,0.0
5197,BG_Coal,2050,1,13,13,0.0
5198,BG_Coal,2050,1,14,14,0.0
5199,BG_Coal,2050,1,15,15,0.0
5200,BG_Coal,2050,1,16,16,0.0
5201,BG_Coal,2050,1,17,17,0.0
5202,BG_Coal,2050,1,18,18,-0.8109000000000001
5203,BG_Coal,2050,1,19,19,-0.8109000000000001
5204,BG_Coal,2050,1,20,20,-0.8109000000000001
5205,BG_Coal,2050,1,21,21,0.0
5206,BG_Coal,2050,1,22,22,0.0
5207,BG_Coal,2050,1,23,23,0.0
5208,BG_Coal,2050,1,24,24,0.0
5209,BG_Coal,2050,2,1,1,0.0
5210,BG_Coal,2050,2,2,2,0.0
5211,BG_Coal,2050,2,3,3,0.0
5212,BG_Coal,2050,2,4,4,0.0
5213,BG_Coal,2050,2,5,5,0.0
5214,BG_Coal,2050,2,6,6,0.0
5215,BG_Coal,2050,2,7,7,0.0
5216,BG_Coal,2050,2,8,8,0.0
5217,BG_Coal,2050,2,9,9,0.0
5218,BG_Coal,2050,2,10,10,0.0
5219,BG_Coal,2050,2,11,11,0.0
5220,BG_Coal,2050,2,12,12,0.0
5221,BG_Coal,2050,2,13,13,0.0
5222,BG_Coal,2050,2,14,14,0.0
5223,BG_Coal,2050,2,15,15,0.0
5224,BG_Coal,2050,2,16,16,0.0
5225,BG_Coal,2050,2,17,17,0.0
5226,BG_Coal,2050,2,18,18,0.0
5227,BG_Coal,2050,2,19,19,0.0
5228,BG_Coal,2050,2,20,20,0.0
5229,BG_Coal,2050,2,21,21,0.0
5230,BG_Coal,2050,2,22,22,0.0
5231,BG_Coal,2050,2,23,23,0.0
5232,BG_Coal,2050,2,24,24,0.0
5233,BG_Coal,2050,3,1,1,0.0
5234,BG_Coal,2050,3,2,2,0.0
5235,BG_Coal,2050,3,3,3,0.0
5236,BG_Coal,2050,3,4,4,0.0
5237,BG_Coal,2050,3,5,5,0.0
5238,BG_Coal,2050,3,6,6,-0.4437000000000001
5239,BG_Coal,2050,3,7,7,-0.9656999999999999
5240,BG_Coal,2050,3,8,8,-0.9656999999999999
5241,BG_Coal,2050,3,9,9,-0.9656999999999999
5242,BG_Coal,2050,3,10,10,-0.4437000000000001
5243,BG_Coal,2050,3,11,11,-0.4437000000000001
5244,BG_Coal,2050,3,12,12,-0.4437000000000001
5245,BG_Coal,2050,3,13,13,-0.4437000000000001
5246,BG_Coal,2050,3,14,14,-0.9656999999999999
5247,BG_Coal,2050,3,15,15,-0.9656999999999999
5248,BG_Coal,2050,3,16,16,-4.663765705666336
5249,BG_Coal,2050,3,17,17,-18.05993141133267
5250,BG_Coal,2050,3,18,18,-0.9656999999999999
5251,BG_Coal,2050,3,19,19,-0.9656999999999999
5252,BG_Coal,2050,3,20,20,-0.9656999999999999
5253,BG_Coal,2050,3,21,21,-0.9656999999999999
5254,BG_Coal,2050,3,22,22,0.0
5255,BG_Coal,2050,3,23,23,0.0
5256,BG_Coal,2050,3,24,24,0.0
5257,BG_Coal,2050,4,1,1,0.0
5258,BG_Coal,2050,4,2,2,0.0
5259,BG_Coal,2050,4,3,3,0.0
5260,BG_Coal,2050,4,4,4,0.0
5261,BG_Coal,2050,4,5,5,0.0
5262,BG_Coal,2050,4,6,6,0.0
5263,BG_Coal,2050,4,7,7,0.0
5264,BG_Coal,2050,4,8,8,0.0
5265,BG_Coal,2050,4,9,9,0.0
5266,BG_Coal,2050,4,10,10,0.0
5267,BG_Coal,2050,4,11,11,0.0
5268,BG_Coal,2050,4,12,12,0.0
5269,BG_Coal,2050,4,13,13,0.0
5270,BG_Coal,2050,4,14,14,0.0
5271,BG_Coal,2050,4,15,15,0.0
5272,BG_Coal,2050,4,16,16,0.0
5273,BG_Coal,2050,4,17,17,-0.3519
5274,BG_Coal,2050,4,18,18,-0.3519
5275,BG_Coal,2050,4,19,19,-0.3519
5276,BG_Coal,2050,4,20,20,0.0
5277,BG_Coal,2050,4,21,21,0.0
5278,BG_Coal,2050,4,22,22,0.0
5279,BG_Coal,2050,4,23,23,0.0
5280,BG_Coal,2050,4,24,24,0.0
5281,BG_Coal,2050,5,1,1,0.0
5282,BG_Coal,2050,5,2,2,0.0
5283,BG_Coal,2050,5,3,3,0.0
5284,BG_Coal,2050,5,4,4,0.0
5285,BG_Coal,2050,5,5,5,0.0
5286,BG_Coal,2050,5,6,6,0.0
5287,BG_Coal,2050,5,7,7,0.0
5288,BG_Coal,2050,5,8,8,0.0
5289,BG_Coal,2050,5,9,9,0.0
5290,BG_Coal,2050,5,10,10,0.0
5291,BG_Coal,2050,5,11,11,0.0
5292,BG_Coal,2050,5,12,12,0.0
5293,BG_Coal,2050,5,13,13,0.0
5294,BG_Coal,2050,5,14,14,0.0
5295,BG_Coal,2050,5,15,15,0.0
5296,BG_Coal,2050,5,16,16,0.0
5297,BG_Coal,2050,5,17,17,0.0
5298,BG_Coal,2050,5,18,18,0.0
5299,BG_Coal,2050,5,19,19,0.0
5300,BG_Coal,2050,5,20,20,0.0
5301,BG_Coal,2050,5,21,21,0.0
5302,BG_Coal,2050,5,22,22,0.0
5303,BG_Coal,2050,5,23,23,0.0
5304,BG_Coal,2050,5,24,24,0.0
5305,BG_Coal,2050,6,1,1,0.0
5306,BG_Coal,2050,6,2,2,0.0
5307,BG_Coal,2050,6,3,3,0.0
5308,BG_Coal,2050,6,4,4,0.0
5309,BG_Coal,2050,6,5,5,0.0
5310,BG_Coal,2050,6,6,6,0.0
5311,BG_Coal,2050,6,7,7,0.0
5312,BG_Coal,2050,6,8,8,0.0
5313,BG_Coal,2050,6,9,9,0.0
5314,BG_Coal,2050,6,10,10,0.0
5315,BG_Coal,2050,6,11,11,0.0
5316,BG_Coal,2050,6,12,12,0.0
5317,BG_Coal,2050,6,13,13,0.0
5318,BG_Coal,2050,6,14,14,0.0
5319,BG_Coal,2050,6,15,15,0.0
5320,BG_Coal,2050,6,16,16,0.0
5321,BG_Coal,2050,6,17,17,0.0
5322,BG_Coal,2050,6,18,18,0.0
5323,BG_Coal,2050,6,19,19,0.0
5324,BG_Coal,2050,6,20,20,0.0
5325,BG_Coal,2050,6,21,21,0.0
5326,BG_Coal,2050,6,22,22,0.0
5327,BG_Coal,2050,6,23,23,0.0
5328,BG_Coal,2050,6,24,24,0.0
5329,BG_Coal,2050,7,1,1,0.0
5330,BG_Coal,2050,7,2,2,0.0
5331,BG_Coal,2050,7,3,3,0.0
5332,BG_Coal,2050,7,4,4,0.0
5333,BG_Coal,2050,7,5,5,0.0
5334,BG_Coal,2050,7,6,6,0.0
5335,BG_Coal,2050,7,7,7,0.0
5336,BG_Coal,2050,7,8,8,0.0
5337,BG_Coal,2050,7,9,9,0.0
5338,BG_Coal,2050,7,10,10,0.0
5339,BG_Coal,2050,7,11,11,0.0
5340,BG_Coal,2050,7,12,12,0.0
5341,BG_Coal,2050,7,13,13,0.0
5342,BG_Coal,2050,7,14,14,0.0
5343,BG_Coal,2050,7,15,15,0.0
5344,BG_Coal,2050,7,16,16,0.0
5345,BG_Coal,2050,7,17,17,0.0
5346,BG_Coal,2050,7,18,18,0.0
5347,BG_Coal,2050,7,19,19,0.0
5348,BG_Coal,2050,7,20,20,0.0
5349,BG_Coal,2050,7,21,21,0.0
5350,BG_Coal,2050,7,22,22,0.0
5351,BG_Coal,2050,7,23,23,0.0
5352,BG_Coal,2050,7,24,24,0.0
5353,BG_Coal,2050,8,1,1,0.0
5354,BG_Coal,2050,8,2,2,0.0
5355,BG_Coal,2050,8,3,3,0.0
5356,BG_Coal,2050,8,4,4,0.0
5357,BG_Coal,2050,8,5,5,0.0
5358,BG_Coal,2050,8,6,6,0.0
5359,BG_Coal,2050,8,7,7,0.0
5360,BG_Coal,2050,8,8,8,0.0
5361,BG_Coal,2050,8,9,9,0.0
5362,BG_Coal,2050,8,10,10,0.0
5363,BG_Coal,2050,8,11,11,0.0
5364,BG_Coal,2050,8,12,12,0.0
5365,BG_Coal,2050,8,13,13,0.0
5366,BG_Coal,2050,8,14,14,0.0
5367,BG_Coal,2050,8,15,15,0.0
5368,BG_Coal,2050,8,16,16,0.0
5369,BG_Coal,2050,8,17,17,0.0
5370,BG_Coal,2050,8,18,18,-0.47430000000000017
5371,BG_Coal,2050,8,19,19,-0.47430000000000017
5372,BG_Coal,2050,8,20,20,-0.47430000000000017
5373,BG_Coal,2050,8,21,21,0.0
5374,BG_Coal,2050,8,22,22,0.0
5375,BG_Coal,2050,8,23,23,0.0
5376,BG_Coal,2050,8,24,24,0.0
5377,BG_Coal,2050,9,1,1,0.0
5378,BG_Coal,2050,9,2,2,0.0
5379,BG_Coal,2050,9,3,3,0.0
5380,BG_Coal,2050,9,4,4,0.0
5381,BG_Coal,2050,9,5,5,-0.6579
5382,BG_Coal,2050,9,6,6,-0.6579
5383,BG_Coal,2050,9,7,7,-0.6579
5384,BG_Coal,2050,9,8,8,-0.6579
5385,BG_Coal,2050,9,9,9,-0.6579
5386,BG_Coal,2050,9,10,10,0.0
5387,BG_Coal,2050,9,11,11,0.0
5388,BG_Coal,2050,9,12,12,0.0
5389,BG_Coal,2050,9,13,13,0.0
5390,BG_Coal,2050,9,14,14,0.0
5391,BG_Coal,2050,9,15,15,0.0
5392,BG_Coal,2050,9,16,16,0.0
5393,BG_Coal,2050,9,17,17,-1.4319000000000002
5394,BG_Coal,2050,9,18,18,-1.4319000000000002
5395,BG_Coal,2050,9,19,19,-1.4319000000000002
5396,BG_Coal,2050,9,20,20,-0.6579
5397,BG_Coal,2050,9,21,21,0.0
5398,BG_Coal,2050,9,22,22,0.0
5399,BG_Coal,2050,9,23,23,0.0
5400,BG_Coal,2050,9,24,24,0.0
5401,BG_Coal,2050,10,1,1,0.0
5402,BG_Coal,2050,10,2,2,0.0
5403,BG_Coal,2050,10,3,3,0.0
5404,BG_Coal,2050,10,4,4,0.0
5405,BG_Coal,2050,10,5,5,-0.7038
5406,BG_Coal,2050,10,6,6,-0.7038
5407,BG_Coal,2050,10,7,7,-0.7038
5408,BG_Coal,2050,10,8,8,-0.7038
5409,BG_Coal,2050,10,9,9,0.0
5410,BG_Coal,2050,10,10,10,0.0
5411,BG_Coal,2050,10,11,11,0.0
5412,BG_Coal,2050,10,12,12,0.0
5413,BG_Coal,2050,10,13,13,0.0
5414,BG_Coal,2050,10,14,14,0.0
5415,BG_Coal,2050,10,15,15,0.0
5416,BG_Coal,2050,10,16,16,-1.5317999999999996
5417,BG_Coal,2050,10,17,17,-1.5317999999999996
5418,BG_Coal,2050,10,18,18,-1.5317999999999996
5419,BG_Coal,2050,10,19,19,-1.5317999999999996
5420,BG_Coal,2050,10,20,20,-0.7038
5421,BG_Coal,2050,10,21,21,-0.7038
5422,BG_Coal,2050,10,22,22,0.0
5423,BG_Coal,2050,10,23,23,0.0
5424,BG_Coal,2050,10,24,24,0.0
5425,BG_Wind_Offshore,2050,7,1,1,-0.6549
5426,BG_Wind_Offshore,2050,7,2,2,-0.6549
5427,BG_Wind_Offshore,2050,7,3,3,-0.6549
5428,BG_Wind_Offshore,2050,7,4,4,-0.6549
5429,BG_Wind_Offshore,2050,7,5,5,-0.6549
5430,BG_Wind_Offshore,2050,7,6,6,-0.6549
5431,BG_Wind_Offshore,2050,7,7,7,-0.6549
5432,BG_Wind_Offshore,2050,7,8,8,-0.6549
5433,BG_Wind_Offshore,2050,7,9,9,-0.6549
5434,BG_Wind_Offshore,2050,7,10,10,-0.6549
5435,BG_Wind_Offshore,2050,7,11,11,-0.6549
5436,BG_Wind_Offshore,2050,7,12,12,-0.6549
5437,BG_Wind_Offshore,2050,7,13,13,-0.6549
5438,BG_Wind_Offshore,2050,7,14,14,-0.6549
5439,BG_Wind_Offshore,2050,7,15,15,-0.6549
5440,BG_Wind_Offshore,2050,7,16,16,-0.6549
5441,BG_Wind_Offshore,2050,7,17,17,-0.6549
5442,BG_Wind_Offshore,2050,7,18,18,-0.6549
5443,BG_Wind_Offshore,2050,7,19,19,-0.6549
5444,BG_Wind_Offshore,2050,7,20,20,-0.6549
5445,BG_Wind_Offshore,2050,7,21,21,-0.6549
5446,BG_Wind_Offshore,2050,7,22,22,-0.6549
5447,BG_Wind_Offshore,2050,7,23,23,-0.6549
5448,BG_Wind_Offshore,2050,7,24,24,-0.6549
5449,BG_Wind_Offshore,2050,8,1,1,-0.5487
5450,BG_Wind_Offshore,2050,8,2,2,-0.5487
5451,BG_Wind_Offshore,2050,8,3,3,-0.5487
5452,BG_Wind_Offshore,2050,8,4,4,-0.5487
5453,BG_Wind_Offshore,2050,8,5,5,-0.5487
5454,BG_Wind_Offshore,2050,8,6,6,-0.5487
5455,BG_Wind_Offshore,2050,8,7,7,-0.5487
5456,BG_Wind_Offshore,2050,8,8,8,-0.5487
5457,BG_Wind_Offshore,2050,8,9,9,-0.5487
5458,BG_Wind_Offshore,2050,8,10,10,-0.5487
5459,BG_Wind_Offshore,2050,8,11,11,-0.5487
5460,BG_Wind_Offshore,2050,8,12,12,-0.5487
5461,BG_Wind_Offshore,2050,8,13,13,-0.5487
5462,BG_Wind_Offshore,2050,8,14,14,-0.5487
5463,BG_Wind_Offshore,2050,8,15,15,-0.5487
5464,BG_Wind_Offshore,2050,8,16,16,-0.5487
5465,BG_Wind_Offshore,2050,8,17,17,-0.5487
5466,BG_Wind_Offshore,2050,8,18,18,-1.0230000000000001
5467,BG_Wind_Offshore,2050,8,19,19,-1.0230000000000001
5468,BG_Wind_Offshore,2050,8,20,20,-1.0230000000000001
5469,BG_Wind_Offshore,2050,8,21,21,-0.5487
5470,BG_Wind_Offshore,2050,8,22,22,-0.5487
5471,BG_Wind_Offshore,2050,8,23,23,-0.5487
5472,BG_Wind_Offshore,2050,8,24,24,-0.5487
5473,BG_Wind_Offshore,2050,9,1,1,-0.7611
5474,BG_Wind_Offshore,2050,9,2,2,-0.7611
5475,BG_Wind_Offshore,2050,9,3,3,-0.7611
5476,BG_Wind_Offshore,2050,9,4,4,-0.7611
5477,BG_Wind_Offshore,2050,9,5,5,-1.419
5478,BG_Wind_Offshore,2050,9,6,6,-1.419
5479,BG_Wind_Offshore,2050,9,7,7,-1.419
5480,BG_Wind_Offshore,2050,9,8,8,-1.419
5481,BG_Wind_Offshore,2050,9,9,9,-1.419
5482,BG_Wind_Offshore,2050,9,10,10,-0.7611
5483,BG_Wind_Offshore,2050,9,11,11,-0.7611
5484,BG_Wind_Offshore,2050,9,12,12,-0.7611
5485,BG_Wind_Offshore,2050,9,13,13,-0.7611
5486,BG_Wind_Offshore,2050,9,14,14,-0.7611
5487,BG_Wind_Offshore,2050,9,15,15,-0.7611
5488,BG_Wind_Offshore,2050,9,16,16,-0.7611
5489,BG_Wind_Offshore,2050,9,17,17,-2.193
5490,BG_Wind_Offshore,2050,9,18,18,-2.193
5491,BG_Wind_Offshore,2050,9,19,19,-2.193
5492,BG_Wind_Offshore,2050,9,20,20,-1.419
5493,BG_Wind_Offshore,2050,9,21,21,-0.7611
5494,BG_Wind_Offshore,2050,9,22,22,-0.7611
5495,BG_Wind_Offshore,2050,9,23,23,-0.7611
5496,BG_Wind_Offshore,2050,9,24,24,-0.7611
5497,BG_Wind_Offshore,2050,10,1,1,-0.8142
5498,BG_Wind_Offshore,2050,10,2,2,-0.8142
5499,BG_Wind_Offshore,2050,10,3,3,-0.8142
5500,BG_Wind_Offshore,2050,10,4,4,-0.8142
5501,BG_Wind_Offshore,2050,10,5,5,-1.518
5502,BG_Wind_Offshore,2050,10,6,6,-1.518
5503,BG_Wind_Offshore,2050,10,7,7,-1.518
5504,BG_Wind_Offshore,2050,10,8,8,-1.518
5505,BG_Wind_Offshore,2050,10,9,9,-0.8142
5506,BG_Wind_Offshore,2050,10,10,10,-0.8142
5507,BG_Wind_Offshore,2050,10,11,11,-0.8142
5508,BG_Wind_Offshore,2050,10,12,12,-0.8142
5509,BG_Wind_Offshore,2050,10,13,13,-0.8142
5510,BG_Wind_Offshore,2050,10,14,14,-0.8142
5511,BG_Wind_Offshore,2050,10,15,15,-0.8142
5512,BG_Wind_Offshore,2050,10,16,16,-2.3459999999999996
5513,BG_Wind_Offshore,2050,10,17,17,-2.3459999999999996
5514,BG_Wind_Offshore,2050,10,18,18,-2.3459999999999996
5515,BG_Wind_Offshore,2050,10,19,19,-2.3459999999999996
5516,BG_Wind_Offshore,2050,10,20,20,-1.518
5517,BG_Wind_Offshore,2050,10,21,21,-1.518
5518,BG_Wind_Offshore,2050,10,22,22,-0.8142
5519,BG_Wind_Offshore,2050,10,23,23,-0.8142
5520,BG_Wind_Offshore,2050,10,24,24,-0.8142
5521,BG_Wind_Onshore,2050,1,1,1,-0.9381
5522,BG_Wind_Onshore,2050,1,2,2,-0.9381
5523,BG_Wind_Onshore,2050,1,3,3,-0.9381
5524,BG_Wind_Onshore,2050,1,4,4,-0.9381
5525,BG_Wind_Onshore,2050,1,5,5,-0.9381
5526,BG_Wind_Onshore,2050,1,6,6,-0.9381
5527,BG_Wind_Onshore,2050,1,7,7,-0.9381
5528,BG_Wind_Onshore,2050,1,8,8,-0.9381
5529,BG_Wind_Onshore,2050,1,9,9,-0.9381
5530,BG_Wind_Onshore,2050,1,10,10,-0.9381
5531,BG_Wind_Onshore,2050,1,11,11,-0.9381
5532,BG_Wind_Onshore,2050,1,12,12,-0.9381
5533,BG_Wind_Onshore,2050,1,13,13,-0.9381
5534,BG_Wind_Onshore,2050,1,14,14,-0.9381
5535,BG_Wind_Onshore,2050,1,15,15,-0.9381
5536,BG_Wind_Onshore,2050,1,16,16,-0.9381
5537,BG_Wind_Onshore,2050,1,17,17,-0.9381
5538,BG_Wind_Onshore,2050,1,18,18,-1.749
5539,BG_Wind_Onshore,2050,1,19,19,-1.749
5540,BG_Wind_Onshore,2050,1,20,20,-1.749
5541,BG_Wind_Onshore,2050,1,21,21,-0.9381
5542,BG_Wind_Onshore,2050,1,22,22,-0.9381
5543,BG_Wind_Onshore,2050,1,23,23,-0.9381
5544,BG_Wind_Onshore,2050,1,24,24,-0.9381
5545,BG_Wind_Onshore,2050,2,1,1,0.0
5546,BG_Wind_Onshore,2050,2,2,2,0.0
5547,BG_Wind_Onshore,2050,2,3,3,0.0
5548,BG_Wind_Onshore,2050,2,4,4,0.0
5549,BG_Wind_Onshore,2050,2,5,5,0.0
5550,BG_Wind_Onshore,2050,2,6,6,0.0
5551,BG_Wind_Onshore,2050,2,7,7,0.0
5552,BG_Wind_Onshore,2050,2,8,8,0.0
5553,BG_Wind_Onshore,2050,2,9,9,0.0
5554,BG_Wind_Onshore,2050,2,10,10,0.0
5555,BG_Wind_Onshore,2050,2,11,11,0.0
5556,BG_Wind_Onshore,2050,2,12,12,0.0
5557,BG_Wind_Onshore,2050,2,13,13,0.0
5558,BG_Wind_Onshore,2050,2,14,14,0.0
5559,BG_Wind_Onshore,2050,2,15,15,0.0
5560,BG_Wind_Onshore,2050,2,16,16,0.0
5561,BG_Wind_Onshore,2050,2,17,17,0.0
5562,BG_Wind_Onshore,2050,2,18,18,0.0
5563,BG_Wind_Onshore,2050,2,19,19,0.0
5564,BG_Wind_Onshore,2050,2,20,20,0.0
5565,BG_Wind_Onshore,2050,2,21,21,0.0
5566,BG_Wind_Onshore,2050,2,22,22,0.0
5567,BG_Wind_Onshore,2050,2,23,23,0.0
5568,BG_Wind_Onshore,2050,2,24,24,0.0
5569,BG_Wind_Onshore,2050,3,1,1,-0.5133
5570,BG_Wind_Onshore,2050,3,2,2,-0.5133
5571,BG_Wind_Onshore,2050,3,3,3,-0.5133
5572,BG_Wind_Onshore,2050,3,4,4,-0.5133
5573,BG_Wind_Onshore,2050,3,5,5,-0.5133
5574,BG_Wind_Onshore,2050,3,6,6,-0.9570000000000001
5575,BG_Wind_Onshore,2050,3,7,7,-1.4789999999999999
5576,BG_Wind_Onshore,2050,3,8,8,-1.4789999999999999
5577,BG_Wind_Onshore,2050,3,9,9,-1.4789999999999999
5578,BG_Wind_Onshore,2050,3,10,10,-0.9570000000000001
5579,BG_Wind_Onshore,2050,3,11,11,-0.9570000000000001
5580,BG_Wind_Onshore,2050,3,12,12,-0.9570000000000001
5581,BG_Wind_Onshore,2050,3,13,13,-0.9570000000000001
5582,BG_Wind_Onshore,2050,3,14,14,-1.4789999999999999
5583,BG_Wind_Onshore,2050,3,15,15,-1.4789999999999999
5584,BG_Wind_Onshore,2050,3,16,16,-5.177065705666336
5585,BG_Wind_Onshore,2050,3,17,17,-18.57323141133267
5586,BG_Wind_Onshore,2050,3,18,18,-1.4789999999999999
5587,BG_Wind_Onshore,2050,3,19,19,-1.4789999999999999
5588,BG_Wind_Onshore,2050,3,20,20,-1.4789999999999999
5589,BG_Wind_Onshore,2050,3,21,21,-1.4789999999999999
5590,BG_Wind_Onshore,2050,3,22,22,-0.5133
5591,BG_Wind_Onshore,2050,3,23,23,-0.5133
5592,BG_Wind_Onshore,2050,3,24,24,-0.5133
5593,BG_Wind_Onshore,2050,4,1,1,0.0
5594,BG_Wind_Onshore,2050,4,2,2,0.0
5595,BG_Wind_Onshore,2050,4,3,3,0.0
5596,BG_Wind_Onshore,2050,4,4,4,0.0
5597,BG_Wind_Onshore,2050,4,5,5,-0.4071
5598,BG_Wind_Onshore,2050,4,6,6,-0.4071
5599,BG_Wind_Onshore,2050,4,7,7,-0.4071
5600,BG_Wind_Onshore,2050,4,8,8,-0.4071
5601,BG_Wind_Onshore,2050,4,9,9,-0.4071
5602,BG_Wind_Onshore,2050,4,10,10,-0.4071
5603,BG_Wind_Onshore,2050,4,11,11,-0.4071
5604,BG_Wind_Onshore,2050,4,12,12,-0.4071
5605,BG_Wind_Onshore,2050,4,13,13,-0.4071
5606,BG_Wind_Onshore,2050,4,14,14,-0.4071
5607,BG_Wind_Onshore,2050,4,15,15,-0.4071
5608,BG_Wind_Onshore,2050,4,16,16,-0.4071
5609,BG_Wind_Onshore,2050,4,17,17,-0.759
5610,BG_Wind_Onshore,2050,4,18,18,-0.759
5611,BG_Wind_Onshore,2050,4,19,19,-0.759
5612,BG_Wind_Onshore,2050,4,20,20,-0.4071
5613,BG_Wind_Onshore,2050,4,21,21,-0.4071
5614,BG_Wind_Onshore,2050,4,22,22,-0.4071
5615,BG_Wind_Onshore,2050,4,23,23,-0.4071
5616,BG_Wind_Onshore,2050,4,24,24,0.0
5617,BG_Wind_Onshore,2050,5,1,1,0.0
5618,BG_Wind_Onshore,2050,5,2,2,0.0
5619,BG_Wind_Onshore,2050,5,3,3,0.0
5620,BG_Wind_Onshore,2050,5,4,4,0.0
5621,BG_Wind_Onshore,2050,5,5,5,-0.9204
5622,BG_Wind_Onshore,2050,5,6,6,-0.9204
5623,BG_Wind_Onshore,2050,5,7,7,-0.9204
5624,BG_Wind_Onshore,2050,5,8,8,-0.9204
5625,BG_Wind_Onshore,2050,5,9,9,-0.9204
5626,BG_Wind_Onshore,2050,5,10,10,-0.9204
5627,BG_Wind_Onshore,2050,5,11,11,0.0
5628,BG_Wind_Onshore,2050,5,12,12,0.0
5629,BG_Wind_Onshore,2050,5,13,13,0.0
5630,BG_Wind_Onshore,2050,5,14,14,0.0
5631,BG_Wind_Onshore,2050,5,15,15,0.0
5632,BG_Wind_Onshore,2050,5,16,16,-0.9204
5633,BG_Wind_Onshore,2050,5,17,17,-0.9204
5634,BG_Wind_Onshore,2050,5,18,18,-0.9204
5635,BG_Wind_Onshore,2050,5,19,19,-0.9204
5636,BG_Wind_Onshore,2050,5,20,20,-0.9204
5637,BG_Wind_Onshore,2050,5,21,21,-0.9204
5638,BG_Wind_Onshore,2050,5,22,22,-0.9204
5639,BG_Wind_Onshore,2050,5,23,23,0.0
5640,BG_Wind_Onshore,2050,5,24,24,0.0
5641,BG_Wind_Onshore,2050,6,1,1,-0.3186
5642,BG_Wind_Onshore,2050,6,2,2,-0.3186
5643,BG_Wind_Onshore,2050,6,3,3,-0.3186
5644,BG_Wind_Onshore,2050,6,4,4,-0.3186
5645,BG_Wind_Onshore,2050,6,5,5,-0.3186
5646,BG_Wind_Onshore,2050,6,6,6,-0.3186
5647,BG_Wind_Onshore,2050,6,7,7,-0.3186
5648,BG_Wind_Onshore,2050,6,8,8,-0.3186
5649,BG_Wind_Onshore,2050,6,9,9,-0.3186
5650,BG_Wind_Onshore,2050,6,10,10,-0.3186
5651,BG_Wind_Onshore,2050,6,11,11,-0.3186
5652,BG_Wind_Onshore,2050,6,12,12,-0.3186
5653,BG_Wind_Onshore,2050,6,13,13,-0.3186
5654,BG_Wind_Onshore,2050,6,14,14,-0.3186
5655,BG_Wind_Onshore,2050,6,15,15,-0.3186
5656,BG_Wind_Onshore,2050,6,16,16,-0.3186
5657,BG_Wind_Onshore,2050,6,17,17,-0.3186
5658,BG_Wind_Onshore,2050,6,18,18,-0.3186
5659,BG_Wind_Onshore,2050,6,19,19,-0.3186
5660,BG_Wind_Onshore,2050,6,20,20,-0.3186
5661,BG_Wind_Onshore,2050,6,21,21,-0.3186
5662,BG_Wind_Onshore,2050,6,22,22,-0.3186
5663,BG_Wind_Onshore,2050,6,23,23,-0.3186
5664,BG_Wind_Onshore,2050,6,24,24,-0.3186
5665,BG_Wind_Onshore,2050,7,1,1,-0.6549
5666,BG_Wind_Onshore,2050,7,2,2,-0.6549
5667,BG_Wind_Onshore,2050,7,3,3,-0.6549
5668,BG_Wind_Onshore,2050,7,4,4,-0.6549
5669,BG_Wind_Onshore,2050,7,5,5,-0.6549
5670,BG_Wind_Onshore,2050,7,6,6,-0.6549
5671,BG_Wind_Onshore,2050,7,7,7,-0.6549
5672,BG_Wind_Onshore,2050,7,8,8,-0.6549
5673,BG_Wind_Onshore,2050,7,9,9,-0.6549
5674,BG_Wind_Onshore,2050,7,10,10,-0.6549
5675,BG_Wind_Onshore,2050,7,11,11,-0.6549
5676,BG_Wind_Onshore,2050,7,12,12,-0.6549
5677,BG_Wind_Onshore,2050,7,13,13,-0.6549
5678,BG_Wind_Onshore,2050,7,14,14,-0.6549
5679,BG_Wind_Onshore,2050,7,15,15,-0.6549
5680,BG_Wind_Onshore,2050,7,16,16,-0.6549
5681,BG_Wind_Onshore,2050,7,17,17,-0.6549
5682,BG_Wind_Onshore,2050,7,18,18,-0.6549
5683,BG_Wind_Onshore,2050,7,19,19,-0.6549
5684,BG_Wind_Onshore,2050,7,20,20,-0.6549
5685,BG_Wind_Onshore,2050,7,21,21,-0.6549
5686,BG_Wind_Onshore,2050,7,22,22,-0.6549
5687,BG_Wind_Onshore,2050,7,23,23,-0.6549
5688,BG_Wind_Onshore,2050,7,24,24,-0.6549
5689,BG_Wind_Onshore,2050,8,1,1,-0.5487
5690,BG_Wind_Onshore,2050,8,2,2,-0.5487
5691,BG_Wind_Onshore,2050,8,3,3,-0.5487
5692,BG_Wind_Onshore,2050,8,4,4,-0.5487
5693,BG_Wind_Onshore,2050,8,5,5,-0.5487
5694,BG_Wind_Onshore,2050,8,6,6,-0.5487
5695,BG_Wind_Onshore,2050,8,7,7,-0.5487
5696,BG_Wind_Onshore,2050,8,8,8,-0.5487
5697,BG_Wind_Onshore,2050,8,9,9,-0.5487
5698,BG_Wind_Onshore,2050,8,10,10,-0.5487
5699,BG_Wind_Onshore,2050,8,11,11,-0.5487
5700,BG_Wind_Onshore,2050,8,12,12,-0.5487
5701,BG_Wind_Onshore,2050,8,13,13,-0.5487
5702,BG_Wind_Onshore,2050,8,14,14,-0.5487
5703,BG_Wind_Onshore,2050,8,15,15,-0.5487
5704,BG_Wind_Onshore,2050,8,16,16,-0.5487
5705,BG_Wind_Onshore,2050,8,17,17,-0.5487
5706,BG_Wind_Onshore,2050,8,18,18,-1.0230000000000001
5707,BG_Wind_Onshore,2050,8,19,19,-1.0230000000000001
5708,BG_Wind_Onshore,2050,8,20,20,-1.0230000000000001
5709,BG_Wind_Onshore,2050,8,21,21,-0.5487
5710,BG_Wind_Onshore,2050,8,22,22,-0.5487
5711,BG_Wind_Onshore,2050,8,23,23,-0.5487
5712,BG_Wind_Onshore,2050,8,24,24,-0.5487
5713,BG_Wind_Onshore,2050,9,1,1,-0.7611
5714,BG_Wind_Onshore,2050,9,2,2,-0.7611
5715,BG_Wind_Onshore,2050,9,3,3,-0.7611
5716,BG_Wind_Onshore,2050,9,4,4,-0.7611
5717,BG_Wind_Onshore,2050,9,5,5,-1.419
5718,BG_Wind_Onshore,2050,9,6,6,-1.419
5719,BG_Wind_Onshore,2050,9,7,7,-1.419
5720,BG_Wind_Onshore,2050,9,8,8,-1.419
5721,BG_Wind_Onshore,2050,9,9,9,-1.419
5722,BG_Wind_Onshore,2050,9,10,10,-0.7611
5723,BG_Wind_Onshore,2050,9,11,11,-0.7611
5724,BG_Wind_Onshore,2050,9,12,12,-0.7611
5725,BG_Wind_Onshore,2050,9,13,13,-0.7611
5726,BG_Wind_Onshore,2050,9,14,14,-0.7611
5727,BG_Wind_Onshore,2050,9,15,15,-0.7611
5728,BG_Wind_Onshore,2050,9,16,16,-0.7611
5729,BG_Wind_Onshore,2050,9,17,17,-2.193
5730,BG_Wind_Onshore,2050,9,18,18,-2.193
5731,BG_Wind_Onshore,2050,9,19,19,-2.193
5732,BG_Wind_Onshore,2050,9,20,20,-1.419
5733,BG_Wind_Onshore,2050,9,21,21,-0.7611
5734,BG_Wind_Onshore,2050,9,22,22,-0.7611
5735,BG_Wind_Onshore,2050,9,23,23,-0.7611
5736,BG_Wind_Onshore,2050,9,24,24,-0.7611
5737,BG_Wind_Onshore,2050,10,1,1,-0.8142
5738,BG_Wind_Onshore,2050,10,2,2,-0.8142
5739,BG_Wind_Onshore,2050,10,3,3,-0.8142
5740,BG_Wind_Onshore,2050,10,4,4,-0.8142
5741,BG_Wind_Onshore,2050,10,5,5,-1.518
5742,BG_Wind_Onshore,2050,10,6,6,-1.518
5743,BG_Wind_Onshore,2050,10,7,7,-1.518
5744,BG_Wind_Onshore,2050,10,8,8,-1.518
5745,BG_Wind_Onshore,2050,10,9,9,-0.8142
5746,BG_Wind_Onshore,2050,10,10,10,-0.8142
5747,BG_Wind_Onshore,2050,10,11,11,-0.8142
5748,BG_Wind_Onshore,2050,10,12,12,-0.8142
5749,BG_Wind_Onshore,2050,10,13,13,-0.8142
5750,BG_Wind_Onshore,2050,10,14,14,-0.8142
5751,BG_Wind_Onshore,2050,10,15,15,-0.8142
5752,BG_Wind_Onshore,2050,10,16,16,-2.3459999999999996
5753,BG_Wind_Onshore,2050,10,17,17,-2.3459999999999996
5754,BG_Wind_Onshore,2050,10,18,18,-2.3459999999999996
5755,BG_Wind_Onshore,2050,10,19,19,-2.3459999999999996
5756,BG_Wind_Onshore,2050,10,20,20,-1.518
5757,BG_Wind_Onshore,2050,10,21,21,-1.518
5758,BG_Wind_Onshore,2050,10,22,22,-0.8142
5759,BG_Wind_Onshore,2050,10,23,23,-0.8142
5760,BG_Wind_Onshore,2050,10,24,24,-0.8142
5761,CH_Battery,2050,1,1,1,0.0
5762,CH_Battery,2050,1,2,2,0.0
5763,CH_Battery,2050,1,3,3,0.0
5764,CH_Battery,2050,1,4,4,0.0
5765,CH_Battery,2050,1,5,5,0.0
5766,CH_Battery,2050,1,6,6,0.0
5767,CH_Battery,2050,1,7,7,0.0
5768,CH_Battery,2050,1,8,8,0.0
5769,CH_Battery,2050,1,9,9,0.0
5770,CH_Battery,2050,1,10,10,0.0
5771,CH_Battery,2050,1,11,11,0.0
5772,CH_Battery,2050,1,12,12,0.0
5773,CH_Battery,2050,1,13,13,0.0
5774,CH_Battery,2050,1,14,14,0.0
5775,CH_Battery,2050,1,15,15,0.0
5776,CH_Battery,2050,1,16,16,0.0
5777,CH_Battery,2050,1,17,17,0.0
5778,CH_Battery,2050,1,18,18,0.0
5779,CH_Battery,2050,1,19,19,0.0
5780,CH_Battery,2050,1,20,20,0.0
5781,CH_Battery,2050,1,21,21,0.0
5782,CH_Battery,2050,1,22,22,0.0
5783,CH_Battery,2050,1,23,23,0.0
5784,CH_Battery,2050,1,24,24,0.0
5785,CH_Battery,2050,2,1,1,0.0
5786,CH_Battery,2050,2,2,2,0.0
5787,CH_Battery,2050,2,3,3,0.0
5788,CH_Battery,2050,2,4,4,0.0
5789,CH_Battery,2050,2,5,5,0.0
5790,CH_Battery,2050,2,6,6,0.0
5791,CH_Battery,2050,2,7,7,0.0
5792,CH_Battery,2050,2,8,8,0.0
5793,CH_Battery,2050,2,9,9,0.0
5794,CH_Battery,2050,2,10,10,0.0
5795,CH_Battery,2050,2,11,11,0.0
5796,CH_Battery,2050,2,12,12,0.0
5797,CH_Battery,2050,2,13,13,0.0
5798,CH_Battery,2050,2,14,14,0.0
5799,CH_Battery,2050,2,15,15,0.0
5800,CH_Battery,2050,2,16,16,0.0
5801,CH_Battery,2050,2,17,17,0.0
5802,CH_Battery,2050,2,18,18,0.0
5803,CH_Battery,2050,2,19,19,0.0
5804,CH_Battery,2050,2,20,20,0.0
5805,CH_Battery,2050,2,21,21,0.0
5806,CH_Battery,2050,2,22,22,0.0
5807,CH_Battery,2050,2,23,23,0.0
5808,CH_Battery,2050,2,24,24,0.0
5809,CH_Battery,2050,3,1,1,0.0
5810,CH_Battery,2050,3,2,2,0.0
5811,CH_Battery,2050,3,3,3,0.0
5812,CH_Battery,2050,3,4,4,0.0
5813,CH_Battery,2050,3,5,5,0.0
5814,CH_Battery,2050,3,6,6,0.0
5815,CH_Battery,2050,3,7,7,0.0
5816,CH_Battery,2050,3,8,8,0.0
5817,CH_Battery,2050,3,9,9,0.0
5818,CH_Battery,2050,3,10,10,0.0
5819,CH_Battery,2050,3,11,11,0.0
5820,CH_Battery,2050,3,12,12,0.0
5821,CH_Battery,2050,3,13,13,0.0
5822,CH_Battery,2050,3,14,14,0.0
5823,CH_Battery,2050,3,15,15,0.0
5824,CH_Battery,2050,3,16,16,0.0
5825,CH_Battery,2050,3,17,17,0.0
5826,CH_Battery,2050,3,18,18,-13.077565705666336
5827,CH_Battery,2050,3,19,19,0.0
5828,CH_Battery,2050,3,20,20,0.0
5829,CH_Battery,2050,3,21,21,0.0
5830,CH_Battery,2050,3,22,22,0.0
5831,CH_Battery,2050,3,23,23,0.0
5832,CH_Battery,2050,3,24,24,0.0
5833,CH_Battery,2050,4,1,1,0.0
5834,CH_Battery,2050,4,2,2,0.0
5835,CH_Battery,2050,4,3,3,0.0
5836,CH_Battery,2050,4,4,4,0.0
5837,CH_Battery,2050,4,5,5,0.0
5838,CH_Battery,2050,4,6,6,0.0
5839,CH_Battery,2050,4,7,7,0.0
5840,CH_Battery,2050,4,8,8,0.0
5841,CH_Battery,2050,4,9,9,0.0
5842,CH_Battery,2050,4,10,10,0.0
5843,CH_Battery,2050,4,11,11,0.0
5844,CH_Battery,2050,4,12,12,0.0
5845,CH_Battery,2050,4,13,13,0.0
5846,CH_Battery,2050,4,14,14,0.0
5847,CH_Battery,2050,4,15,15,0.0
5848,CH_Battery,2050,4,16,16,0.0
5849,CH_Battery,2050,4,17,17,0.0
5850,CH_Battery,2050,4,18,18,0.0
5851,CH_Battery,2050,4,19,19,0.0
5852,CH_Battery,2050,4,20,20,0.0
5853,CH_Battery,2050,4,21,21,0.0
5854,CH_Battery,2050,4,22,22,0.0
5855,CH_Battery,2050,4,23,23,0.0
5856,CH_Battery,2050,4,24,24,0.0
5857,CH_Battery,2050,5,1,1,0.0
5858,CH_Battery,2050,5,2,2,0.0
5859,CH_Battery,2050,5,3,3,0.0
5860,CH_Battery,2050,5,4,4,0.0
5861,CH_Battery,2050,5,5,5,0.0
5862,CH_Battery,2050,5,6,6,0.0
5863,CH_Battery,2050,5,7,7,0.0
5864,CH_Battery,2050,5,8,8,0.0
5865,CH_Battery,2050,5,9,9,0.0
5866,CH_Battery,2050,5,10,10,0.0
5867,CH_Battery,2050,5,11,11,0.0
5868,CH_Battery,2050,5,12,12,0.0
5869,CH_Battery,2050,5,13,13,0.0
5870,CH_Battery,2050,5,14,14,0.0
5871,CH_Battery,2050,5,15,15,0.0
5872,CH_Battery,2050,5,16,16,0.0
5873,CH_Battery,2050,5,17,17,0.0
5874,CH_Battery,2050,5,18,18,0.0
5875,CH_Battery,2050,5,19,19,0.0
5876,CH_Battery,2050,5,20,20,0.0
5877,CH_Battery,2050,5,21,21,0.0
5878,CH_Battery,2050,5,22,22,0.0
5879,CH_Battery,2050,5,23,23,0.0
5880,CH_Battery,2050,5,24,24,0.0
5881,CH_Battery,2050,6,1,1,0.0
5882,CH_Battery,2050,6,2,2,0.0
5883,CH_Battery,2050,6,3,3,0.0
5884,CH_Battery,2050,6,4,4,0.0
5885,CH_Battery,2050,6,5,5,0.0
5886,CH_Battery,2050,6,6,6,0.0
5887,CH_Battery,2050,6,7,7,0.0
5888,CH_Battery,2050,6,8,8,0.0
5889,CH_Battery,2050,6,9,9,0.0
5890,CH_Battery,2050,6,10,10,0.0
5891,CH_Battery,2050,6,11,11,0.0
5892,CH_Battery,2050,6,12,12,-0.3186
5893,CH_Battery,2050,6,13,13,0.0
5894,CH_Battery,2050,6,14,14,0.0
5895,CH_Battery,2050,6,15,15,0.0
5896,CH_Battery,2050,6,16,16,0.0
5897,CH_Battery,2050,6,17,17,0.0
5898,CH_Battery,2050,6,18,18,0.0
5899,CH_Battery,2050,6,19,19,0.0
5900,CH_Battery,2050,6,20,20,0.0
5901,CH_Battery,2050,6,21,21,0.0
5902,CH_Battery,2050,6,22,22,0.0
5903,CH_Battery,2050,6,23,23,0.0
5904,CH_Battery,2050,6,24,24,0.0
5905,CH_Battery,2050,7,1,1,0.0
5906,CH_Battery,2050,7,2,2,0.0
5907,CH_Battery,2050,7,3,3,0.0
5908,CH_Battery,2050,7,4,4,0.0
5909,CH_Battery,2050,7,5,5,0.0
5910,CH_Battery,2050,7,6,6,0.0
5911,CH_Battery,2050,7,7,7,0.0
5912,CH_Battery,2050,7,8,8,0.0
5913,CH_Battery,2050,7,9,9,0.0
5914,CH_Battery,2050,7,10,10,0.0
5915,CH_Battery,2050,7,11,11,0.0
5916,CH_Battery,2050,7,12,12,0.0
5917,CH_Battery,2050,7,13,13,0.0
5918,CH_Battery,2050,7,14,14,0.0
5919,CH_Battery,2050,7,15,15,0.0
5920,CH_Battery,2050,7,16,16,0.0
5921,CH_Battery,2050,7,17,17,0.0
5922,CH_Battery,2050,7,18,18,0.0
5923,CH_Battery,2050,7,19,19,0.0
5924,CH_Battery,2050,7,20,20,0.0
5925,CH_Battery,2050,7,21,21,0.0
5926,CH_Battery,2050,7,22,22,0.0
5927,CH_Battery,2050,7,23,23,0.0
5928,CH_Battery,2050,7,24,24,0.0
5929,CH_Battery,2050,8,1,1,0.0
5930,CH_Battery,2050,8,2,2,0.0
5931,CH_Battery,2050,8,3,3,0.0
5932,CH_Battery,2050,8,4,4,0.0
5933,CH_Battery,2050,8,5,5,0.0
5934,CH_Battery,2050,8,6,6,0.0
5935,CH_Battery,2050,8,7,7,0.0
5936,CH_Battery,2050,8,8,8,0.0
5937,CH_Battery,2050,8,9,9,0.0
5938,CH_Battery,2050,8,10,10,0.0
5939,CH_Battery,2050,8,11,11,0.0
5940,CH_Battery,2050,8,12,12,0.0
5941,CH_Battery,2050,8,13,13,0.0
5942,CH_Battery,2050,8,14,14,0.0
5943,CH_Battery,2050,8,15,15,0.0
5944,CH_Battery,2050,8,16,16,0.0
5945,CH_Battery,2050,8,17,17,0.0
5946,CH_Battery,2050,8,18,18,0.0
5947,CH_Battery,2050,8,19,19,0.0
5948,CH_Battery,2050,8,20,20,0.0
5949,CH_Battery,2050,8,21,21,0.0
5950,CH_Battery,2050,8,22,22,0.0
5951,CH_Battery,2050,8,23,23,0.0
5952,CH_Battery,2050,8,24,24,0.0
5953,CH_Battery,2050,9,1,1,0.0
5954,CH_Battery,2050,9,2,2,0.0
5955,CH_Battery,2050,9,3,3,0.0
5956,CH_Battery,2050,9,4,4,0.0
5957,CH_Battery,2050,9,5,5,0.0
5958,CH_Battery,2050,9,6,6,0.0
5959,CH_Battery,2050,9,7,7,0.0
5960,CH_Battery,2050,9,8,8,0.0
5961,CH_Battery,2050,9,9,9,0.0
5962,CH_Battery,2050,9,10,10,0.0
5963,CH_Battery,2050,9,11,11,0.0
5964,CH_Battery,2050,9,12,12,0.0
5965,CH_Battery,2050,9,13,13,0.0
5966,CH_Battery,2050,9,14,14,0.0
5967,CH_Battery,2050,9,15,15,0.0
5968,CH_Battery,2050,9,16,16,0.0
5969,CH_Battery,2050,9,17,17,0.0
5970,CH_Battery,2050,9,18,18,0.0
5971,CH_Battery,2050,9,19,19,0.0
5972,CH_Battery,2050,9,20,20,0.0
5973,CH_Battery,2050,9,21,21,0.0
5974,CH_Battery,2050,9,22,22,0.0
5975,CH_Battery,2050,9,23,23,0.0
5976,CH_Battery,2050,9,24,24,0.0
5977,CH_Battery,2050,10,1,1,0.0
5978,CH_Battery,2050,10,2,2,0.0
5979,CH_Battery,2050,10,3,3,0.0
5980,CH_Battery,2050,10,4,4,0.0
5981,CH_Battery,2050,10,5,5,0.0
5982,CH_Battery,2050,10,6,6,0.0
5983,CH_Battery,2050,10,7,7,0.0
5984,CH_Battery,2050,10,8,8,0.0
5985,CH_Battery,2050,10,9,9,0.0
5986,CH_Battery,2050,10,10,10,0.0
5987,CH_Battery,2050,10,11,11,0.0
5988,CH_Battery,2050,10,12,12,0.0
5989,CH_Battery,2050,10,13,13,0.0
5990,CH_Battery,2050,10,14,14,0.0
5991,CH_Battery,2050,10,15,15,0.0
5992,CH_Battery,2050,10,16,16,0.0
5993,CH_Battery,2050,10,17,17,0.0
5994,CH_Battery,2050,10,18,18,0.0
5995,CH_Battery,2050,10,19,19,0.0
5996,CH_Battery,2050,10,20,20,0.0
5997,CH_Battery,2050,10,21,21,0.0
5998,CH_Battery,2050,10,22,22,0.0
5999,CH_Battery,2050,10,23,23,0.0
6000,CH_Battery,2050,10,24,24,0.0
6001,CH_CCGT,2050,1,1,1,0.0
6002,CH_CCGT,2050,1,2,2,0.0
6003,CH_CCGT,2050,1,3,3,0.0
6004,CH_CCGT,2050,1,4,4,0.0
6005,CH_CCGT,2050,1,5,5,0.0
6006,CH_CCGT,2050,1,6,6,0.0
6007,CH_CCGT,2050,1,7,7,0.0
6008,CH_CCGT,2050,1,8,8,0.0
6009,CH_CCGT,2050,1,9,9,0.0
6010,CH_CCGT,2050,1,10,10,0.0
6011,CH_CCGT,2050,1,11,11,0.0
6012,CH_CCGT,2050,1,12,12,0.0
6013,CH_CCGT,2050,1,13,13,0.0
6014,CH_CCGT,2050,1,14,14,0.0
6015,CH_CCGT,2050,1,15,15,0.0
6016,CH_CCGT,2050,1,16,16,0.0
6017,CH_CCGT,2050,1,17,17,0.0
6018,CH_CCGT,2050,1,18,18,0.0
6019,CH_CCGT,2050,1,19,19,0.0
6020,CH_CCGT,2050,1,20,20,0.0
6021,CH_CCGT,2050,1,21,21,0.0
6022,CH_CCGT,2050,1,22,22,0.0
6023,CH_CCGT,2050,1,23,23,0.0
6024,CH_CCGT,2050,1,24,24,0.0
6025,CH_CCGT,2050,2,1,1,0.0
6026,CH_CCGT,2050,2,2,2,0.0
6027,CH_CCGT,2050,2,3,3,0.0
6028,CH_CCGT,2050,2,4,4,0.0
6029,CH_CCGT,2050,2,5,5,0.0
6030,CH_CCGT,2050,2,6,6,0.0
6031,CH_CCGT,2050,2,7,7,0.0
6032,CH_CCGT,2050,2,8,8,0.0
6033,CH_CCGT,2050,2,9,9,0.0
6034,CH_CCGT,2050,2,10,10,0.0
6035,CH_CCGT,2050,2,11,11,0.0
6036,CH_CCGT,2050,2,12,12,0.0
6037,CH_CCGT,2050,2,13,13,0.0
6038,CH_CCGT,2050,2,14,14,0.0
6039,CH_CCGT,2050,2,15,15,0.0
6040,CH_CCGT,2050,2,16,16,0.0
6041,CH_CCGT,2050,2,17,17,0.0
6042,CH_CCGT,2050,2,18,18,0.0
6043,CH_CCGT,2050,2,19,19,0.0
6044,CH_CCGT,2050,2,20,20,0.0
6045,CH_CCGT,2050,2,21,21,0.0
6046,CH_CCGT,2050,2,22,22,0.0
6047,CH_CCGT,2050,2,23,23,0.0
6048,CH_CCGT,2050,2,24,24,0.0
6049,CH_CCGT,2050,3,1,1,-0.5219999999999998
6050,CH_CCGT,2050,3,2,2,-0.5219999999999998
6051,CH_CCGT,2050,3,3,3,-0.5219999999999998
6052,CH_CCGT,2050,3,4,4,-0.5219999999999998
6053,CH_CCGT,2050,3,5,5,-0.5219999999999998
6054,CH_CCGT,2050,3,6,6,-0.5219999999999998
6055,CH_CCGT,2050,3,7,7,-0.5219999999999998
6056,CH_CCGT,2050,3,8,8,-0.5219999999999998
6057,CH_CCGT,2050,3,9,9,-0.5219999999999998
6058,CH_CCGT,2050,3,10,10,-0.5219999999999998
6059,CH_CCGT,2050,3,11,11,-0.5219999999999998
6060,CH_CCGT,2050,3,12,12,-0.5219999999999998
6061,CH_CCGT,2050,3,13,13,0.0
6062,CH_CCGT,2050,3,14,14,0.0
6063,CH_CCGT,2050,3,15,15,0.0
6064,CH_CCGT,2050,3,16,16,-0.5219999999999998
6065,CH_CCGT,2050,3,17,17,-0.5219999999999998
6066,CH_CCGT,2050,3,18,18,-20.329731411332673
6067,CH_CCGT,2050,3,19,19,-0.5219999999999998
6068,CH_CCGT,2050,3,20,20,-0.5219999999999998
6069,CH_CCGT,2050,3,21,21,-0.5219999999999998
6070,CH_CCGT,2050,3,22,22,-0.5219999999999998
6071,CH_CCGT,2050,3,23,23,-0.5219999999999998
6072,CH_CCGT,2050,3,24,24,-0.5219999999999998
6073,CH_CCGT,2050,4,1,1,0.0
6074,CH_CCGT,2050,4,2,2,0.0
6075,CH_CCGT,2050,4,3,3,0.0
6076,CH_CCGT,2050,4,4,4,0.0
6077,CH_CCGT,2050,4,5,5,0.0
6078,CH_CCGT,2050,4,6,6,0.0
6079,CH_CCGT,2050,4,7,7,0.0
6080,CH_CCGT,2050,4,8,8,0.0
6081,CH_CCGT,2050,4,9,9,0.0
6082,CH_CCGT,2050,4,10,10,0.0
6083,CH_CCGT,2050,4,11,11,0.0
6084,CH_CCGT,2050,4,12,12,0.0
6085,CH_CCGT,2050,4,13,13,0.0
6086,CH_CCGT,2050,4,14,14,0.0
6087,CH_CCGT,2050,4,15,15,0.0
6088,CH_CCGT,2050,4,16,16,0.0
6089,CH_CCGT,2050,4,17,17,0.0
6090,CH_CCGT,2050,4,18,18,0.0
6091,CH_CCGT,2050,4,19,19,0.0
6092,CH_CCGT,2050,4,20,20,0.0
6093,CH_CCGT,2050,4,21,21,0.0
6094,CH_CCGT,2050,4,22,22,0.0
6095,CH_CCGT,2050,4,23,23,0.0
6096,CH_CCGT,2050,4,24,24,0.0
6097,CH_CCGT,2050,5,1,1,0.0
6098,CH_CCGT,2050,5,2,2,0.0
6099,CH_CCGT,2050,5,3,3,0.0
6100,CH_CCGT,2050,5,4,4,0.0
6101,CH_CCGT,2050,5,5,5,0.0
6102,CH_CCGT,2050,5,6,6,0.0
6103,CH_CCGT,2050,5,7,7,0.0
6104,CH_CCGT,2050,5,8,8,0.0
6105,CH_CCGT,2050,5,9,9,0.0
6106,CH_CCGT,2050,5,10,10,0.0
6107,CH_CCGT,2050,5,11,11,0.0
6108,CH_CCGT,2050,5,12,12,0.0
6109,CH_CCGT,2050,5,13,13,0.0
6110,CH_CCGT,2050,5,14,14,0.0
6111,CH_CCGT,2050,5,15,15,0.0
6112,CH_CCGT,2050,5,16,16,0.0
6113,CH_CCGT,2050,5,17,17,0.0
6114,CH_CCGT,2050,5,18,18,0.0
6115,CH_CCGT,2050,5,19,19,0.0
6116,CH_CCGT,2050,5,20,20,0.0
6117,CH_CCGT,2050,5,21,21,0.0
6118,CH_CCGT,2050,5,22,22,0.0
6119,CH_CCGT,2050,5,23,23,0.0
6120,CH_CCGT,2050,5,24,24,0.0
6121,CH_CCGT,2050,6,1,1,0.0
6122,CH_CCGT,2050,6,2,2,0.0
6123,CH_CCGT,2050,6,3,3,0.0
6124,CH_CCGT,2050,6,4,4,0.0
6125,CH_CCGT,2050,6,5,5,0.0
6126,CH_CCGT,2050,6,6,6,0.0
6127,CH_CCGT,2050,6,7,7,0.0
6128,CH_CCGT,2050,6,8,8,0.0
6129,CH_CCGT,2050,6,9,9,0.0
6130,CH_CCGT,2050,6,10,10,0.0
6131,CH_CCGT,2050,6,11,11,0.0
6132,CH_CCGT,2050,6,12,12,0.0
6133,CH_CCGT,2050,6,13,13,0.0
6134,CH_CCGT,2050,6,14,14,0.0
6135,CH_CCGT,2050,6,15,15,0.0
6136,CH_CCGT,2050,6,16,16,0.0
6137,CH_CCGT,2050,6,17,17,0.0
6138,CH_CCGT,2050,6,18,18,0.0
6139,CH_CCGT,2050,6,19,19,0.0
6140,CH_CCGT,2050,6,20,20,0.0
6141,CH_CCGT,2050,6,21,21,0.0
6142,CH_CCGT,2050,6,22,22,0.0
6143,CH_CCGT,2050,6,23,23,0.0
6144,CH_CCGT,2050,6,24,24,0.0
6145,CH_CCGT,2050,7,1,1,0.0
6146,CH_CCGT,2050,7,2,2,0.0
6147,CH_CCGT,2050,7,3,3,0.0
6148,CH_CCGT,2050,7,4,4,0.0
6149,CH_CCGT,2050,7,5,5,-0.6659999999999997
6150,CH_CCGT,2050,7,6,6,-0.6659999999999997
6151,CH_CCGT,2050,7,7,7,-0.6659999999999997
6152,CH_CCGT,2050,7,8,8,-0.6659999999999997
6153,CH_CCGT,2050,7,9,9,-0.6659999999999997
6154,CH_CCGT,2050,7,10,10,0.0
6155,CH_CCGT,2050,7,11,11,0.0
6156,CH_CCGT,2050,7,12,12,0.0
6157,CH_CCGT,2050,7,13,13,0.0
6158,CH_CCGT,2050,7,14,14,0.0
6159,CH_CCGT,2050,7,15,15,0.0
6160,CH_CCGT,2050,7,16,16,0.0
6161,CH_CCGT,2050,7,17,17,0.0
6162,CH_CCGT,2050,7,18,18,0.0
6163,CH_CCGT,2050,7,19,19,0.0
6164,CH_CCGT,2050,7,20,20,0.0
6165,CH_CCGT,2050,7,21,21,0.0
6166,CH_CCGT,2050,7,22,22,0.0
6167,CH_CCGT,2050,7,23,23,0.0
6168,CH_CCGT,2050,7,24,24,0.0
6169,CH_CCGT,2050,8,1,1,0.0
6170,CH_CCGT,2050,8,2,2,0.0
6171,CH_CCGT,2050,8,3,3,0.0
6172,CH_CCGT,2050,8,4,4,0.0
6173,CH_CCGT,2050,8,5,5,0.0
6174,CH_CCGT,2050,8,6,6,0.0
6175,CH_CCGT,2050,8,7,7,0.0
6176,CH_CCGT,2050,8,8,8,0.0
6177,CH_CCGT,2050,8,9,9,0.0
6178,CH_CCGT,2050,8,10,10,0.0
6179,CH_CCGT,2050,8,11,11,0.0
6180,CH_CCGT,2050,8,12,12,0.0
6181,CH_CCGT,2050,8,13,13,0.0
6182,CH_CCGT,2050,8,14,14,0.0
6183,CH_CCGT,2050,8,15,15,0.0
6184,CH_CCGT,2050,8,16,16,0.0
6185,CH_CCGT,2050,8,17,17,0.0
6186,CH_CCGT,2050,8,18,18,0.0
6187,CH_CCGT,2050,8,19,19,0.0
6188,CH_CCGT,2050,8,20,20,0.0
6189,CH_CCGT,2050,8,21,21,0.0
6190,CH_CCGT,2050,8,22,22,0.0
6191,CH_CCGT,2050,8,23,23,0.0
6192,CH_CCGT,2050,8,24,24,0.0
6193,CH_CCGT,2050,9,1,1,0.0
6194,CH_CCGT,2050,9,2,2,0.0
6195,CH_CCGT,2050,9,3,3,0.0
6196,CH_CCGT,2050,9,4,4,0.0
6197,CH_CCGT,2050,9,5,5,0.0
6198,CH_CCGT,2050,9,6,6,0.0
6199,CH_CCGT,2050,9,7,7,0.0
6200,CH_CCGT,2050,9,8,8,0.0
6201,CH_CCGT,2050,9,9,9,0.0
6202,CH_CCGT,2050,9,10,10,0.0
6203,CH_CCGT,2050,9,11,11,0.0
6204,CH_CCGT,2050,9,12,12,0.0
6205,CH_CCGT,2050,9,13,13,0.0
6206,CH_CCGT,2050,9,14,14,0.0
6207,CH_CCGT,2050,9,15,15,0.0
6208,CH_CCGT,2050,9,16,16,0.0
6209,CH_CCGT,2050,9,17,17,0.0
6210,CH_CCGT,2050,9,18,18,0.0
6211,CH_CCGT,2050,9,19,19,0.0
6212,CH_CCGT,2050,9,20,20,0.0
6213,CH_CCGT,2050,9,21,21,0.0
6214,CH_CCGT,2050,9,22,22,0.0
6215,CH_CCGT,2050,9,23,23,0.0
6216,CH_CCGT,2050,9,24,24,0.0
6217,CH_CCGT,2050,10,1,1,0.0
6218,CH_CCGT,2050,10,2,2,0.0
6219,CH_CCGT,2050,10,3,3,0.0
6220,CH_CCGT,2050,10,4,4,0.0
6221,CH_CCGT,2050,10,5,5,0.0
6222,CH_CCGT,2050,10,6,6,0.0
6223,CH_CCGT,2050,10,7,7,-0.8279999999999996
6224,CH_CCGT,2050,10,8,8,-0.8279999999999996
6225,CH_CCGT,2050,10,9,9,-0.8279999999999996
6226,CH_CCGT,2050,10,10,10,0.0
6227,CH_CCGT,2050,10,11,11,0.0
6228,CH_CCGT,2050,10,12,12,0.0
6229,CH_CCGT,2050,10,13,13,0.0
6230,CH_CCGT,2050,10,14,14,0.0
6231,CH_CCGT,2050,10,15,15,0.0
6232,CH_CCGT,2050,10,16,16,0.0
6233,CH_CCGT,2050,10,17,17,0.0
6234,CH_CCGT,2050,10,18,18,0.0
6235,CH_CCGT,2050,10,19,19,0.0
6236,CH_CCGT,2050,10,20,20,0.0
6237,CH_CCGT,2050,10,21,21,0.0
6238,CH_CCGT,2050,10,22,22,0.0
6239,CH_CCGT,2050,10,23,23,0.0
6240,CH_CCGT,2050,10,24,24,0.0
6241,CH_Coal,2050,1,1,1,0.0
6242,CH_Coal,2050,1,2,2,0.0
6243,CH_Coal,2050,1,3,3,0.0
6244,CH_Coal,2050,1,4,4,0.0
6245,CH_Coal,2050,1,5,5,-0.8109000000000001
6246,CH_Coal,2050,1,6,6,-0.8109000000000001
6247,CH_Coal,2050,1,7,7,-0.8109000000000001
6248,CH_Coal,2050,1,8,8,0.0
6249,CH_Coal,2050,1,9,9,0.0
6250,CH_Coal,2050,1,10,10,0.0
6251,CH_Coal,2050,1,11,11,0.0
6252,CH_Coal,2050,1,12,12,0.0
6253,CH_Coal,2050,1,13,13,0.0
6254,CH_Coal,2050,1,14,14,0.0
6255,CH_Coal,2050,1,15,15,0.0
6256,CH_Coal,2050,1,16,16,0.0
6257,CH_Coal,2050,1,17,17,0.0
6258,CH_Coal,2050,1,18,18,0.0
6259,CH_Coal,2050,1,19,19,0.0
6260,CH_Coal,2050,1,20,20,0.0
6261,CH_Coal,2050,1,21,21,0.0
6262,CH_Coal,2050,1,22,22,0.0
6263,CH_Coal,2050,1,23,23,0.0
6264,CH_Coal,2050,1,24,24,0.0
6265,CH_Coal,2050,2,1,1,0.0
6266,CH_Coal,2050,2,2,2,0.0
6267,CH_Coal,2050,2,3,3,0.0
6268,CH_Coal,2050,2,4,4,0.0
6269,CH_Coal,2050,2,5,5,0.0
6270,CH_Coal,2050,2,6,6,0.0
6271,CH_Coal,2050,2,7,7,0.0
6272,CH_Coal,2050,2,8,8,0.0
6273,CH_Coal,2050,2,9,9,0.0
6274,CH_Coal,2050,2,10,10,0.0
6275,CH_Coal,2050,2,11,11,0.0
6276,CH_Coal,2050,2,12,12,0.0
6277,CH_Coal,2050,2,13,13,0.0
6278,CH_Coal,2050,2,14,14,0.0
6279,CH_Coal,2050,2,15,15,0.0
6280,CH_Coal,2050,2,16,16,0.0
6281,CH_Coal,2050,2,17,17,0.0
6282,CH_Coal,2050,2,18,18,0.0
6283,CH_Coal,2050,2,19,19,0.0
6284,CH_Coal,2050,2,20,20,0.0
6285,CH_Coal,2050,2,21,21,0.0
6286,CH_Coal,2050,2,22,22,0.0
6287,CH_Coal,2050,2,23,23,0.0
6288,CH_Coal,2050,2,24,24,0.0
6289,CH_Coal,2050,3,1,1,-0.9656999999999999
6290,CH_Coal,2050,3,2,2,-0.9656999999999999
6291,CH_Coal,2050,3,3,3,-0.9656999999999999
6292,CH_Coal,2050,3,4,4,-0.9656999999999999
6293,CH_Coal,2050,3,5,5,-0.9656999999999999
6294,CH_Coal,2050,3,6,6,-0.9656999999999999
6295,CH_Coal,2050,3,7,7,-0.9656999999999999
6296,CH_Coal,2050,3,8,8,-0.9656999999999999
6297,CH_Coal,2050,3,9,9,-0.9656999999999999
6298,CH_Coal,2050,3,10,10,-0.9656999999999999
6299,CH_Coal,2050,3,11,11,-0.9656999999999999
6300,CH_Coal,2050,3,12,12,-0.9656999999999999
6301,CH_Coal,2050,3,13,13,-0.4437000000000001
6302,CH_Coal,2050,3,14,14,-0.4437000000000001
6303,CH_Coal,2050,3,15,15,-0.4437000000000001
6304,CH_Coal,2050,3,16,16,-0.9656999999999999
6305,CH_Coal,2050,3,17,17,-0.9656999999999999
6306,CH_Coal,2050,3,18,18,-20.773431411332673
6307,CH_Coal,2050,3,19,19,-0.9656999999999999
6308,CH_Coal,2050,3,20,20,-0.9656999999999999
6309,CH_Coal,2050,3,21,21,-0.9656999999999999
6310,CH_Coal,2050,3,22,22,-0.9656999999999999
6311,CH_Coal,2050,3,23,23,-0.9656999999999999
6312,CH_Coal,2050,3,24,24,-0.9656999999999999
6313,CH_Coal,2050,4,1,1,0.0
6314,CH_Coal,2050,4,2,2,0.0
6315,CH_Coal,2050,4,3,3,0.0
6316,CH_Coal,2050,4,4,4,0.0
6317,CH_Coal,2050,4,5,5,0.0
6318,CH_Coal,2050,4,6,6,-0.3519
6319,CH_Coal,2050,4,7,7,-0.3519
6320,CH_Coal,2050,4,8,8,-0.3519
6321,CH_Coal,2050,4,9,9,-0.3519
6322,CH_Coal,2050,4,10,10,-0.3519
6323,CH_Coal,2050,4,11,11,0.0
6324,CH_Coal,2050,4,12,12,0.0
6325,CH_Coal,2050,4,13,13,0.0
6326,CH_Coal,2050,4,14,14,0.0
6327,CH_Coal,2050,4,15,15,0.0
6328,CH_Coal,2050,4,16,16,0.0
6329,CH_Coal,2050,4,17,17,0.0
6330,CH_Coal,2050,4,18,18,-0.7658999999999998
6331,CH_Coal,2050,4,19,19,-0.7658999999999998
6332,CH_Coal,2050,4,20,20,-0.7658999999999998
6333,CH_Coal,2050,4,21,21,0.0
6334,CH_Coal,2050,4,22,22,0.0
6335,CH_Coal,2050,4,23,23,0.0
6336,CH_Coal,2050,4,24,24,0.0
6337,CH_Coal,2050,5,1,1,0.0
6338,CH_Coal,2050,5,2,2,0.0
6339,CH_Coal,2050,5,3,3,0.0
6340,CH_Coal,2050,5,4,4,0.0
6341,CH_Coal,2050,5,5,5,0.0
6342,CH_Coal,2050,5,6,6,0.0
6343,CH_Coal,2050,5,7,7,0.0
6344,CH_Coal,2050,5,8,8,0.0
6345,CH_Coal,2050,5,9,9,0.0
6346,CH_Coal,2050,5,10,10,0.0
6347,CH_Coal,2050,5,11,11,0.0
6348,CH_Coal,2050,5,12,12,0.0
6349,CH_Coal,2050,5,13,13,0.0
6350,CH_Coal,2050,5,14,14,0.0
6351,CH_Coal,2050,5,15,15,0.0
6352,CH_Coal,2050,5,16,16,0.0
6353,CH_Coal,2050,5,17,17,0.0
6354,CH_Coal,2050,5,18,18,0.0
6355,CH_Coal,2050,5,19,19,0.0
6356,CH_Coal,2050,5,20,20,0.0
6357,CH_Coal,2050,5,21,21,0.0
6358,CH_Coal,2050,5,22,22,0.0
6359,CH_Coal,2050,5,23,23,0.0
6360,CH_Coal,2050,5,24,24,0.0
6361,CH_Coal,2050,6,1,1,0.0
6362,CH_Coal,2050,6,2,2,0.0
6363,CH_Coal,2050,6,3,3,0.0
6364,CH_Coal,2050,6,4,4,0.0
6365,CH_Coal,2050,6,5,5,0.0
6366,CH_Coal,2050,6,6,6,0.0
6367,CH_Coal,2050,6,7,7,0.0
6368,CH_Coal,2050,6,8,8,0.0
6369,CH_Coal,2050,6,9,9,0.0
6370,CH_Coal,2050,6,10,10,0.0
6371,CH_Coal,2050,6,11,11,0.0
6372,CH_Coal,2050,6,12,12,0.0
6373,CH_Coal,2050,6,13,13,0.0
6374,CH_Coal,2050,6,14,14,0.0
6375,CH_Coal,2050,6,15,15,0.0
6376,CH_Coal,2050,6,16,16,0.0
6377,CH_Coal,2050,6,17,17,0.0
6378,CH_Coal,2050,6,18,18,0.0
6379,CH_Coal,2050,6,19,19,0.0
6380,CH_Coal,2050,6,20,20,0.0
6381,CH_Coal,2050,6,21,21,0.0
6382,CH_Coal,2050,6,22,22,0.0
6383,CH_Coal,2050,6,23,23,0.0
6384,CH_Coal,2050,6,24,24,0.0
6385,CH_Coal,2050,7,1,1,-0.5661
6386,CH_Coal,2050,7,2,2,-0.5661
6387,CH_Coal,2050,7,3,3,-0.5661
6388,CH_Coal,2050,7,4,4,-0.5661
6389,CH_Coal,2050,7,5,5,-1.2320999999999998
6390,CH_Coal,2050,7,6,6,-1.2320999999999998
6391,CH_Coal,2050,7,7,7,-1.2320999999999998
6392,CH_Coal,2050,7,8,8,-1.2320999999999998
6393,CH_Coal,2050,7,9,9,-1.2320999999999998
6394,CH_Coal,2050,7,10,10,-0.5661
6395,CH_Coal,2050,7,11,11,-0.5661
6396,CH_Coal,2050,7,12,12,0.0
6397,CH_Coal,2050,7,13,13,0.0
6398,CH_Coal,2050,7,14,14,0.0
6399,CH_Coal,2050,7,15,15,0.0
6400,CH_Coal,2050,7,16,16,0.0
6401,CH_Coal,2050,7,17,17,0.0
6402,CH_Coal,2050,7,18,18,-0.5661
6403,CH_Coal,2050,7,19,19,-0.5661
6404,CH_Coal,2050,7,20,20,-0.5661
6405,CH_Coal,2050,7,21,21,-0.5661
6406,CH_Coal,2050,7,22,22,0.0
6407,CH_Coal,2050,7,23,23,0.0
6408,CH_Coal,2050,7,24,24,0.0
6409,CH_Coal,2050,8,1,1,0.0
6410,CH_Coal,2050,8,2,2,0.0
6411,CH_Coal,2050,8,3,3,0.0
6412,CH_Coal,2050,8,4,4,0.0
6413,CH_Coal,2050,8,5,5,0.0
6414,CH_Coal,2050,8,6,6,0.0
6415,CH_Coal,2050,8,7,7,0.0
6416,CH_Coal,2050,8,8,8,0.0
6417,CH_Coal,2050,8,9,9,0.0
6418,CH_Coal,2050,8,10,10,0.0
6419,CH_Coal,2050,8,11,11,0.0
6420,CH_Coal,2050,8,12,12,0.0
6421,CH_Coal,2050,8,13,13,0.0
6422,CH_Coal,2050,8,14,14,0.0
6423,CH_Coal,2050,8,15,15,0.0
6424,CH_Coal,2050,8,16,16,0.0
6425,CH_Coal,2050,8,17,17,0.0
6426,CH_Coal,2050,8,18,18,0.0
6427,CH_Coal,2050,8,19,19,0.0
6428,CH_Coal,2050,8,20,20,0.0
6429,CH_Coal,2050,8,21,21,0.0
6430,CH_Coal,2050,8,22,22,0.0
6431,CH_Coal,2050,8,23,23,0.0
6432,CH_Coal,2050,8,24,24,0.0
6433,CH_Coal,2050,9,1,1,0.0
6434,CH_Coal,2050,9,2,2,0.0
6435,CH_Coal,2050,9,3,3,0.0
6436,CH_Coal,2050,9,4,4,0.0
6437,CH_Coal,2050,9,5,5,0.0
6438,CH_Coal,2050,9,6,6,0.0
6439,CH_Coal,2050,9,7,7,0.0
6440,CH_Coal,2050,9,8,8,0.0
6441,CH_Coal,2050,9,9,9,0.0
6442,CH_Coal,2050,9,10,10,0.0
6443,CH_Coal,2050,9,11,11,0.0
6444,CH_Coal,2050,9,12,12,0.0
6445,CH_Coal,2050,9,13,13,0.0
6446,CH_Coal,2050,9,14,14,0.0
6447,CH_Coal,2050,9,15,15,0.0
6448,CH_Coal,2050,9,16,16,0.0
6449,CH_Coal,2050,9,17,17,0.0
6450,CH_Coal,2050,9,18,18,0.0
6451,CH_Coal,2050,9,19,19,0.0
6452,CH_Coal,2050,9,20,20,0.0
6453,CH_Coal,2050,9,21,21,0.0
6454,CH_Coal,2050,9,22,22,0.0
6455,CH_Coal,2050,9,23,23,0.0
6456,CH_Coal,2050,9,24,24,0.0
6457,CH_Coal,2050,10,1,1,-0.7038
6458,CH_Coal,2050,10,2,2,-0.7038
6459,CH_Coal,2050,10,3,3,-0.7038
6460,CH_Coal,2050,10,4,4,-0.7038
6461,CH_Coal,2050,10,5,5,-0.7038
6462,CH_Coal,2050,10,6,6,-0.7038
6463,CH_Coal,2050,10,7,7,-1.5317999999999996
6464,CH_Coal,2050,10,8,8,-1.5317999999999996
6465,CH_Coal,2050,10,9,9,-1.5317999999999996
6466,CH_Coal,2050,10,10,10,-0.7038
6467,CH_Coal,2050,10,11,11,-0.7038
6468,CH_Coal,2050,10,12,12,0.0
6469,CH_Coal,2050,10,13,13,0.0
6470,CH_Coal,2050,10,14,14,0.0
6471,CH_Coal,2050,10,15,15,0.0
6472,CH_Coal,2050,10,16,16,0.0
6473,CH_Coal,2050,10,17,17,-0.7038
6474,CH_Coal,2050,10,18,18,-0.7038
6475,CH_Coal,2050,10,19,19,-0.7038
6476,CH_Coal,2050,10,20,20,-0.7038
6477,CH_Coal,2050,10,21,21,-0.7038
6478,CH_Coal,2050,10,22,22,0.0
6479,CH_Coal,2050,10,23,23,0.0
6480,CH_Coal,2050,10,24,24,0.0
6481,CH_Nuclear,2050,1,1,1,-0.49290000000000006
6482,CH_Nuclear,2050,1,2,2,-0.49290000000000006
6483,CH_Nuclear,2050,1,3,3,-0.49290000000000006
6484,CH_Nuclear,2050,1,4,4,-0.49290000000000006
6485,CH_Nuclear,2050,1,5,5,-1.3038
6486,CH_Nuclear,2050,1,6,6,-1.3038
6487,CH_Nuclear,2050,1,7,7,-1.3038
6488,CH_Nuclear,2050,1,8,8,-0.49290000000000006
6489,CH_Nuclear,2050,1,9,9,-0.49290000000000006
6490,CH_Nuclear,2050,1,10,10,-0.49290000000000006
6491,CH_Nuclear,2050,1,11,11,-0.49290000000000006
6492,CH_Nuclear,2050,1,12,12,-0.49290000000000006
6493,CH_Nuclear,2050,1,13,13,-0.49290000000000006
6494,CH_Nuclear,2050,1,14,14,-0.49290000000000006
6495,CH_Nuclear,2050,1,15,15,-0.49290000000000006
6496,CH_Nuclear,2050,1,16,16,-0.49290000000000006
6497,CH_Nuclear,2050,1,17,17,-0.49290000000000006
6498,CH_Nuclear,2050,1,18,18,-0.49290000000000006
6499,CH_Nuclear,2050,1,19,19,-0.49290000000000006
6500,CH_Nuclear,2050,1,20,20,-0.49290000000000006
6501,CH_Nuclear,2050,1,21,21,-0.49290000000000006
6502,CH_Nuclear,2050,1,22,22,-0.49290000000000006
6503,CH_Nuclear,2050,1,23,23,-0.49290000000000006
6504,CH_Nuclear,2050,1,24,24,-0.49290000000000006
6505,CH_Nuclear,2050,2,1,1,-0.30690000000000006
6506,CH_Nuclear,2050,2,2,2,-0.30690000000000006
6507,CH_Nuclear,2050,2,3,3,-0.30690000000000006
6508,CH_Nuclear,2050,2,4,4,-0.30690000000000006
6509,CH_Nuclear,2050,2,5,5,-0.30690000000000006
6510,CH_Nuclear,2050,2,6,6,-0.30690000000000006
6511,CH_Nuclear,2050,2,7,7,-0.30690000000000006
6512,CH_Nuclear,2050,2,8,8,-0.30690000000000006
6513,CH_Nuclear,2050,2,9,9,-0.30690000000000006
6514,CH_Nuclear,2050,2,10,10,-0.30690000000000006
6515,CH_Nuclear,2050,2,11,11,-0.30690000000000006
6516,CH_Nuclear,2050,2,12,12,-0.30690000000000006
6517,CH_Nuclear,2050,2,13,13,0.0
6518,CH_Nuclear,2050,2,14,14,0.0
6519,CH_Nuclear,2050,2,15,15,0.0
6520,CH_Nuclear,2050,2,16,16,0.0
6521,CH_Nuclear,2050,2,17,17,0.0
6522,CH_Nuclear,2050,2,18,18,-0.30690000000000006
6523,CH_Nuclear,2050,2,19,19,-0.30690000000000006
6524,CH_Nuclear,2050,2,20,20,-0.30690000000000006
6525,CH_Nuclear,2050,2,21,21,-0.30690000000000006
6526,CH_Nuclear,2050,2,22,22,-0.30690000000000006
6527,CH_Nuclear,2050,2,23,23,-0.30690000000000006
6528,CH_Nuclear,2050,2,24,24,-0.30690000000000006
6529,CH_Nuclear,2050,3,1,1,-1.2353999999999998
6530,CH_Nuclear,2050,3,2,2,-1.2353999999999998
6531,CH_Nuclear,2050,3,3,3,-1.2353999999999998
6532,CH_Nuclear,2050,3,4,4,-1.2353999999999998
6533,CH_Nuclear,2050,3,5,5,-1.2353999999999998
6534,CH_Nuclear,2050,3,6,6,-1.2353999999999998
6535,CH_Nuclear,2050,3,7,7,-1.2353999999999998
6536,CH_Nuclear,2050,3,8,8,-1.2353999999999998
6537,CH_Nuclear,2050,3,9,9,-1.2353999999999998
6538,CH_Nuclear,2050,3,10,10,-1.2353999999999998
6539,CH_Nuclear,2050,3,11,11,-1.2353999999999998
6540,CH_Nuclear,2050,3,12,12,-1.2353999999999998
6541,CH_Nuclear,2050,3,13,13,-0.7134
6542,CH_Nuclear,2050,3,14,14,-0.7134
6543,CH_Nuclear,2050,3,15,15,-0.7134
6544,CH_Nuclear,2050,3,16,16,-1.2353999999999998
6545,CH_Nuclear,2050,3,17,17,-1.2353999999999998
6546,CH_Nuclear,2050,3,18,18,-21.043131411332674
6547,CH_Nuclear,2050,3,19,19,-1.2353999999999998
6548,CH_Nuclear,2050,3,20,20,-1.2353999999999998
6549,CH_Nuclear,2050,3,21,21,-1.2353999999999998
6550,CH_Nuclear,2050,3,22,22,-1.2353999999999998
6551,CH_Nuclear,2050,3,23,23,-1.2353999999999998
6552,CH_Nuclear,2050,3,24,24,-1.2353999999999998
6553,CH_Nuclear,2050,4,1,1,-0.21390000000000003
6554,CH_Nuclear,2050,4,2,2,-0.21390000000000003
6555,CH_Nuclear,2050,4,3,3,-0.21390000000000003
6556,CH_Nuclear,2050,4,4,4,-0.21390000000000003
6557,CH_Nuclear,2050,4,5,5,-0.21390000000000003
6558,CH_Nuclear,2050,4,6,6,-0.5658000000000001
6559,CH_Nuclear,2050,4,7,7,-0.5658000000000001
6560,CH_Nuclear,2050,4,8,8,-0.5658000000000001
6561,CH_Nuclear,2050,4,9,9,-0.5658000000000001
6562,CH_Nuclear,2050,4,10,10,-0.5658000000000001
6563,CH_Nuclear,2050,4,11,11,-0.21390000000000003
6564,CH_Nuclear,2050,4,12,12,-0.21390000000000003
6565,CH_Nuclear,2050,4,13,13,-0.21390000000000003
6566,CH_Nuclear,2050,4,14,14,-0.21390000000000003
6567,CH_Nuclear,2050,4,15,15,-0.21390000000000003
6568,CH_Nuclear,2050,4,16,16,-0.21390000000000003
6569,CH_Nuclear,2050,4,17,17,-0.21390000000000003
6570,CH_Nuclear,2050,4,18,18,-0.9797999999999998
6571,CH_Nuclear,2050,4,19,19,-0.9797999999999998
6572,CH_Nuclear,2050,4,20,20,-0.9797999999999998
6573,CH_Nuclear,2050,4,21,21,-0.21390000000000003
6574,CH_Nuclear,2050,4,22,22,-0.21390000000000003
6575,CH_Nuclear,2050,4,23,23,-0.21390000000000003
6576,CH_Nuclear,2050,4,24,24,-0.21390000000000003
6577,CH_Nuclear,2050,5,1,1,-0.48360000000000003
6578,CH_Nuclear,2050,5,2,2,-0.48360000000000003
6579,CH_Nuclear,2050,5,3,3,-0.48360000000000003
6580,CH_Nuclear,2050,5,4,4,-0.48360000000000003
6581,CH_Nuclear,2050,5,5,5,-0.48360000000000003
6582,CH_Nuclear,2050,5,6,6,-0.48360000000000003
6583,CH_Nuclear,2050,5,7,7,-0.48360000000000003
6584,CH_Nuclear,2050,5,8,8,-0.48360000000000003
6585,CH_Nuclear,2050,5,9,9,-0.48360000000000003
6586,CH_Nuclear,2050,5,10,10,-0.48360000000000003
6587,CH_Nuclear,2050,5,11,11,-0.48360000000000003
6588,CH_Nuclear,2050,5,12,12,-0.48360000000000003
6589,CH_Nuclear,2050,5,13,13,-0.48360000000000003
6590,CH_Nuclear,2050,5,14,14,-0.48360000000000003
6591,CH_Nuclear,2050,5,15,15,-0.48360000000000003
6592,CH_Nuclear,2050,5,16,16,-0.48360000000000003
6593,CH_Nuclear,2050,5,17,17,-0.48360000000000003
6594,CH_Nuclear,2050,5,18,18,-0.48360000000000003
6595,CH_Nuclear,2050,5,19,19,-0.48360000000000003
6596,CH_Nuclear,2050,5,20,20,-0.48360000000000003
6597,CH_Nuclear,2050,5,21,21,-0.48360000000000003
6598,CH_Nuclear,2050,5,22,22,-0.48360000000000003
6599,CH_Nuclear,2050,5,23,23,-0.48360000000000003
6600,CH_Nuclear,2050,5,24,24,-0.48360000000000003
6601,CH_Nuclear,2050,6,1,1,-0.1674
6602,CH_Nuclear,2050,6,2,2,-0.1674
6603,CH_Nuclear,2050,6,3,3,-0.1674
6604,CH_Nuclear,2050,6,4,4,-0.1674
6605,CH_Nuclear,2050,6,5,5,-0.1674
6606,CH_Nuclear,2050,6,6,6,-0.1674
6607,CH_Nuclear,2050,6,7,7,-0.1674
6608,CH_Nuclear,2050,6,8,8,-0.1674
6609,CH_Nuclear,2050,6,9,9,-0.1674
6610,CH_Nuclear,2050,6,10,10,-0.1674
6611,CH_Nuclear,2050,6,11,11,0.0
6612,CH_Nuclear,2050,6,12,12,-0.1674
6613,CH_Nuclear,2050,6,13,13,0.0
6614,CH_Nuclear,2050,6,14,14,0.0
6615,CH_Nuclear,2050,6,15,15,0.0
6616,CH_Nuclear,2050,6,16,16,0.0
6617,CH_Nuclear,2050,6,17,17,0.0
6618,CH_Nuclear,2050,6,18,18,-0.1674
6619,CH_Nuclear,2050,6,19,19,-0.1674
6620,CH_Nuclear,2050,6,20,20,-0.1674
6621,CH_Nuclear,2050,6,21,21,-0.1674
6622,CH_Nuclear,2050,6,22,22,-0.1674
6623,CH_Nuclear,2050,6,23,23,-0.1674
6624,CH_Nuclear,2050,6,24,24,-0.1674
6625,CH_Nuclear,2050,7,1,1,-0.9102000000000001
6626,CH_Nuclear,2050,7,2,2,-0.9102000000000001
6627,CH_Nuclear,2050,7,3,3,-0.9102000000000001
6628,CH_Nuclear,2050,7,4,4,-0.9102000000000001
6629,CH_Nuclear,2050,7,5,5,-1.5761999999999998
6630,CH_Nuclear,2050,7,6,6,-1.5761999999999998
6631,CH_Nuclear,2050,7,7,7,-1.5761999999999998
6632,CH_Nuclear,2050,7,8,8,-1.5761999999999998
6633,CH_Nuclear,2050,7,9,9,-1.5761999999999998
6634,CH_Nuclear,2050,7,10,10,-0.9102000000000001
6635,CH_Nuclear,2050,7,11,11,-0.9102000000000001
6636,CH_Nuclear,2050,7,12,12,-0.3441000000000001
6637,CH_Nuclear,2050,7,13,13,-0.3441000000000001
6638,CH_Nuclear,2050,7,14,14,-0.3441000000000001
6639,CH_Nuclear,2050,7,15,15,-0.3441000000000001
6640,CH_Nuclear,2050,7,16,16,-0.3441000000000001
6641,CH_Nuclear,2050,7,17,17,-0.3441000000000001
6642,CH_Nuclear,2050,7,18,18,-0.9102000000000001
6643,CH_Nuclear,2050,7,19,19,-0.9102000000000001
6644,CH_Nuclear,2050,7,20,20,-0.9102000000000001
6645,CH_Nuclear,2050,7,21,21,-0.9102000000000001
6646,CH_Nuclear,2050,7,22,22,-0.3441000000000001
6647,CH_Nuclear,2050,7,23,23,-0.3441000000000001
6648,CH_Nuclear,2050,7,24,24,-0.3441000000000001
6649,CH_Nuclear,2050,8,1,1,-0.2883
6650,CH_Nuclear,2050,8,2,2,-0.2883
6651,CH_Nuclear,2050,8,3,3,-0.2883
6652,CH_Nuclear,2050,8,4,4,-0.2883
6653,CH_Nuclear,2050,8,5,5,-0.2883
6654,CH_Nuclear,2050,8,6,6,-0.2883
6655,CH_Nuclear,2050,8,7,7,-0.2883
6656,CH_Nuclear,2050,8,8,8,-0.2883
6657,CH_Nuclear,2050,8,9,9,-0.2883
6658,CH_Nuclear,2050,8,10,10,-0.2883
6659,CH_Nuclear,2050,8,11,11,-0.2883
6660,CH_Nuclear,2050,8,12,12,-0.2883
6661,CH_Nuclear,2050,8,13,13,-0.2883
6662,CH_Nuclear,2050,8,14,14,-0.2883
6663,CH_Nuclear,2050,8,15,15,0.0
6664,CH_Nuclear,2050,8,16,16,0.0
6665,CH_Nuclear,2050,8,17,17,-0.2883
6666,CH_Nuclear,2050,8,18,18,-0.2883
6667,CH_Nuclear,2050,8,19,19,-0.2883
6668,CH_Nuclear,2050,8,20,20,-0.2883
6669,CH_Nuclear,2050,8,21,21,-0.2883
6670,CH_Nuclear,2050,8,22,22,-0.2883
6671,CH_Nuclear,2050,8,23,23,-0.2883
6672,CH_Nuclear,2050,8,24,24,-0.2883
6673,CH_Nuclear,2050,9,1,1,-0.39990000000000003
6674,CH_Nuclear,2050,9,2,2,-0.39990000000000003
6675,CH_Nuclear,2050,9,3,3,-0.39990000000000003
6676,CH_Nuclear,2050,9,4,4,-0.39990000000000003
6677,CH_Nuclear,2050,9,5,5,-0.39990000000000003
6678,CH_Nuclear,2050,9,6,6,-0.39990000000000003
6679,CH_Nuclear,2050,9,7,7,-0.39990000000000003
6680,CH_Nuclear,2050,9,8,8,-0.39990000000000003
6681,CH_Nuclear,2050,9,9,9,-0.39990000000000003
6682,CH_Nuclear,2050,9,10,10,-0.39990000000000003
6683,CH_Nuclear,2050,9,11,11,-0.39990000000000003
6684,CH_Nuclear,2050,9,12,12,-0.39990000000000003
6685,CH_Nuclear,2050,9,13,13,-0.39990000000000003
6686,CH_Nuclear,2050,9,14,14,-0.39990000000000003
6687,CH_Nuclear,2050,9,15,15,-0.39990000000000003
6688,CH_Nuclear,2050,9,16,16,-0.39990000000000003
6689,CH_Nuclear,2050,9,17,17,-0.39990000000000003
6690,CH_Nuclear,2050,9,18,18,-0.39990000000000003
6691,CH_Nuclear,2050,9,19,19,-0.39990000000000003
6692,CH_Nuclear,2050,9,20,20,-0.39990000000000003
6693,CH_Nuclear,2050,9,21,21,-0.39990000000000003
6694,CH_Nuclear,2050,9,22,22,-0.39990000000000003
6695,CH_Nuclear,2050,9,23,23,-0.39990000000000003
6696,CH_Nuclear,2050,9,24,24,-0.39990000000000003
6697,CH_Nuclear,2050,10,1,1,-1.1316000000000002
6698,CH_Nuclear,2050,10,2,2,-1.1316000000000002
6699,CH_Nuclear,2050,10,3,3,-1.1316000000000002
6700,CH_Nuclear,2050,10,4,4,-1.1316000000000002
6701,CH_Nuclear,2050,10,5,5,-1.1316000000000002
6702,CH_Nuclear,2050,10,6,6,-1.1316000000000002
6703,CH_Nuclear,2050,10,7,7,-1.9595999999999996
6704,CH_Nuclear,2050,10,8,8,-1.9595999999999996
6705,CH_Nuclear,2050,10,9,9,-1.9595999999999996
6706,CH_Nuclear,2050,10,10,10,-1.1316000000000002
6707,CH_Nuclear,2050,10,11,11,-1.1316000000000002
6708,CH_Nuclear,2050,10,12,12,-0.42780000000000007
6709,CH_Nuclear,2050,10,13,13,-0.42780000000000007
6710,CH_Nuclear,2050,10,14,14,-0.42780000000000007
6711,CH_Nuclear,2050,10,15,15,-0.42780000000000007
6712,CH_Nuclear,2050,10,16,16,-0.42780000000000007
6713,CH_Nuclear,2050,10,17,17,-1.1316000000000002
6714,CH_Nuclear,2050,10,18,18,-1.1316000000000002
6715,CH_Nuclear,2050,10,19,19,-1.1316000000000002
6716,CH_Nuclear,2050,10,20,20,-1.1316000000000002
6717,CH_Nuclear,2050,10,21,21,-1.1316000000000002
6718,CH_Nuclear,2050,10,22,22,-0.42780000000000007
6719,CH_Nuclear,2050,10,23,23,-0.42780000000000007
6720,CH_Nuclear,2050,10,24,24,-0.42780000000000007
6721,CH_OCGT,2050,1,1,1,0.0
6722,CH_OCGT,2050,1,2,2,0.0
6723,CH_OCGT,2050,1,3,3,0.0
6724,CH_OCGT,2050,1,4,4,0.0
6725,CH_OCGT,2050,1,5,5,0.0
6726,CH_OCGT,2050,1,6,6,0.0
6727,CH_OCGT,2050,1,7,7,0.0
6728,CH_OCGT,2050,1,8,8,0.0
6729,CH_OCGT,2050,1,9,9,0.0
6730,CH_OCGT,2050,1,10,10,0.0
6731,CH_OCGT,2050,1,11,11,0.0
6732,CH_OCGT,2050,1,12,12,0.0
6733,CH_OCGT,2050,1,13,13,0.0
6734,CH_OCGT,2050,1,14,14,0.0
6735,CH_OCGT,2050,1,15,15,0.0
6736,CH_OCGT,2050,1,16,16,0.0
6737,CH_OCGT,2050,1,17,17,0.0
6738,CH_OCGT,2050,1,18,18,0.0
6739,CH_OCGT,2050,1,19,19,0.0
6740,CH_OCGT,2050,1,20,20,0.0
6741,CH_OCGT,2050,1,21,21,0.0
6742,CH_OCGT,2050,1,22,22,0.0
6743,CH_OCGT,2050,1,23,23,0.0
6744,CH_OCGT,2050,1,24,24,0.0
6745,CH_OCGT,2050,2,1,1,0.0
6746,CH_OCGT,2050,2,2,2,0.0
6747,CH_OCGT,2050,2,3,3,0.0
6748,CH_OCGT,2050,2,4,4,0.0
6749,CH_OCGT,2050,2,5,5,0.0
6750,CH_OCGT,2050,2,6,6,0.0
6751,CH_OCGT,2050,2,7,7,0.0
6752,CH_OCGT,2050,2,8,8,0.0
6753,CH_OCGT,2050,2,9,9,0.0
6754,CH_OCGT,2050,2,10,10,0.0
6755,CH_OCGT,2050,2,11,11,0.0
6756,CH_OCGT,2050,2,12,12,0.0
6757,CH_OCGT,2050,2,13,13,0.0
6758,CH_OCGT,2050,2,14,14,0.0
6759,CH_OCGT,2050,2,15,15,0.0
6760,CH_OCGT,2050,2,16,16,0.0
6761,CH_OCGT,2050,2,17,17,0.0
6762,CH_OCGT,2050,2,18,18,0.0
6763,CH_OCGT,2050,2,19,19,0.0
6764,CH_OCGT,2050,2,20,20,0.0
6765,CH_OCGT,2050,2,21,21,0.0
6766,CH_OCGT,2050,2,22,22,0.0
6767,CH_OCGT,2050,2,23,23,0.0
6768,CH_OCGT,2050,2,24,24,0.0
6769,CH_OCGT,2050,3,1,1,0.0
6770,CH_OCGT,2050,3,2,2,0.0
6771,CH_OCGT,2050,3,3,3,0.0
6772,CH_OCGT,2050,3,4,4,0.0
6773,CH_OCGT,2050,3,5,5,0.0
6774,CH_OCGT,2050,3,6,6,0.0
6775,CH_OCGT,2050,3,7,7,0.0
6776,CH_OCGT,2050,3,8,8,0.0
6777,CH_OCGT,2050,3,9,9,0.0
6778,CH_OCGT,2050,3,10,10,0.0
6779,CH_OCGT,2050,3,11,11,0.0
6780,CH_OCGT,2050,3,12,12,0.0
6781,CH_OCGT,2050,3,13,13,0.0
6782,CH_OCGT,2050,3,14,14,0.0
6783,CH_OCGT,2050,3,15,15,0.0
6784,CH_OCGT,2050,3,16,16,0.0
6785,CH_OCGT,2050,3,17,17,0.0
6786,CH_OCGT,2050,3,18,18,-19.807731411332675
6787,CH_OCGT,2050,3,19,19,0.0
6788,CH_OCGT,2050,3,20,20,0.0
6789,CH_OCGT,2050,3,21,21,0.0
6790,CH_OCGT,2050,3,22,22,0.0
6791,CH_OCGT,2050,3,23,23,0.0
6792,CH_OCGT,2050,3,24,24,0.0
6793,CH_OCGT,2050,4,1,1,0.0
6794,CH_OCGT,2050,4,2,2,0.0
6795,CH_OCGT,2050,4,3,3,0.0
6796,CH_OCGT,2050,4,4,4,0.0
6797,CH_OCGT,2050,4,5,5,0.0
6798,CH_OCGT,2050,4,6,6,0.0
6799,CH_OCGT,2050,4,7,7,0.0
6800,CH_OCGT,2050,4,8,8,0.0
6801,CH_OCGT,2050,4,9,9,0.0
6802,CH_OCGT,2050,4,10,10,0.0
6803,CH_OCGT,2050,4,11,11,0.0
6804,CH_OCGT,2050,4,12,12,0.0
6805,CH_OCGT,2050,4,13,13,0.0
6806,CH_OCGT,2050,4,14,14,0.0
6807,CH_OCGT,2050,4,15,15,0.0
6808,CH_OCGT,2050,4,16,16,0.0
6809,CH_OCGT,2050,4,17,17,0.0
6810,CH_OCGT,2050,4,18,18,0.0
6811,CH_OCGT,2050,4,19,19,0.0
6812,CH_OCGT,2050,4,20,20,0.0
6813,CH_OCGT,2050,4,21,21,0.0
6814,CH_OCGT,2050,4,22,22,0.0
6815,CH_OCGT,2050,4,23,23,0.0
6816,CH_OCGT,2050,4,24,24,0.0
6817,CH_OCGT,2050,5,1,1,0.0
6818,CH_OCGT,2050,5,2,2,0.0
6819,CH_OCGT,2050,5,3,3,0.0
6820,CH_OCGT,2050,5,4,4,0.0
6821,CH_OCGT,2050,5,5,5,0.0
6822,CH_OCGT,2050,5,6,6,0.0
6823,CH_OCGT,2050,5,7,7,0.0
6824,CH_OCGT,2050,5,8,8,0.0
6825,CH_OCGT,2050,5,9,9,0.0
6826,CH_OCGT,2050,5,10,10,0.0
6827,CH_OCGT,2050,5,11,11,0.0
6828,CH_OCGT,2050,5,12,12,0.0
6829,CH_OCGT,2050,5,13,13,0.0
6830,CH_OCGT,2050,5,14,14,0.0
6831,CH_OCGT,2050,5,15,15,0.0
6832,CH_OCGT,2050,5,16,16,0.0
6833,CH_OCGT,2050,5,17,17,0.0
6834,CH_OCGT,2050,5,18,18,0.0
6835,CH_OCGT,2050,5,19,19,0.0
6836,CH_OCGT,2050,5,20,20,0.0
6837,CH_OCGT,2050,5,21,21,0.0
6838,CH_OCGT,2050,5,22,22,0.0
6839,CH_OCGT,2050,5,23,23,0.0
6840,CH_OCGT,2050,5,24,24,0.0
6841,CH_OCGT,2050,6,1,1,0.0
6842,CH_OCGT,2050,6,2,2,0.0
6843,CH_OCGT,2050,6,3,3,0.0
6844,CH_OCGT,2050,6,4,4,0.0
6845,CH_OCGT,2050,6,5,5,0.0
6846,CH_OCGT,2050,6,6,6,0.0
6847,CH_OCGT,2050,6,7,7,0.0
6848,CH_OCGT,2050,6,8,8,0.0
6849,CH_OCGT,2050,6,9,9,0.0
6850,CH_OCGT,2050,6,10,10,0.0
6851,CH_OCGT,2050,6,11,11,0.0
6852,CH_OCGT,2050,6,12,12,0.0
6853,CH_OCGT,2050,6,13,13,0.0
6854,CH_OCGT,2050,6,14,14,0.0
6855,CH_OCGT,2050,6,15,15,0.0
6856,CH_OCGT,2050,6,16,16,0.0
6857,CH_OCGT,2050,6,17,17,0.0
6858,CH_OCGT,2050,6,18,18,0.0
6859,CH_OCGT,2050,6,19,19,0.0
6860,CH_OCGT,2050,6,20,20,0.0
6861,CH_OCGT,2050,6,21,21,0.0
6862,CH_OCGT,2050,6,22,22,0.0
6863,CH_OCGT,2050,6,23,23,0.0
6864,CH_OCGT,2050,6,24,24,0.0
6865,CH_OCGT,2050,7,1,1,0.0
6866,CH_OCGT,2050,7,2,2,0.0
6867,CH_OCGT,2050,7,3,3,0.0
6868,CH_OCGT,2050,7,4,4,0.0
6869,CH_OCGT,2050,7,5,5,0.0
6870,CH_OCGT,2050,7,6,6,0.0
6871,CH_OCGT,2050,7,7,7,0.0
6872,CH_OCGT,2050,7,8,8,0.0
6873,CH_OCGT,2050,7,9,9,0.0
6874,CH_OCGT,2050,7,10,10,0.0
6875,CH_OCGT,2050,7,11,11,0.0
6876,CH_OCGT,2050,7,12,12,0.0
6877,CH_OCGT,2050,7,13,13,0.0
6878,CH_OCGT,2050,7,14,14,0.0
6879,CH_OCGT,2050,7,15,15,0.0
6880,CH_OCGT,2050,7,16,16,0.0
6881,CH_OCGT,2050,7,17,17,0.0
6882,CH_OCGT,2050,7,18,18,0.0
6883,CH_OCGT,2050,7,19,19,0.0
6884,CH_OCGT,2050,7,20,20,0.0
6885,CH_OCGT,2050,7,21,21,0.0
6886,CH_OCGT,2050,7,22,22,0.0
6887,CH_OCGT,2050,7,23,23,0.0
6888,CH_OCGT,2050,7,24,24,0.0
6889,CH_OCGT,2050,8,1,1,0.0
6890,CH_OCGT,2050,8,2,2,0.0
6891,CH_OCGT,2050,8,3,3,0.0
6892,CH_OCGT,2050,8,4,4,0.0
6893,CH_OCGT,2050,8,5,5,0.0
6894,CH_OCGT,2050,8,6,6,0.0
6895,CH_OCGT,2050,8,7,7,0.0
6896,CH_OCGT,2050,8,8,8,0.0
6897,CH_OCGT,2050,8,9,9,0.0
6898,CH_OCGT,2050,8,10,10,0.0
6899,CH_OCGT,2050,8,11,11,0.0
6900,CH_OCGT,2050,8,12,12,0.0
6901,CH_OCGT,2050,8,13,13,0.0
6902,CH_OCGT,2050,8,14,14,0.0
6903,CH_OCGT,2050,8,15,15,0.0
6904,CH_OCGT,2050,8,16,16,0.0
6905,CH_OCGT,2050,8,17,17,0.0
6906,CH_OCGT,2050,8,18,18,0.0
6907,CH_OCGT,2050,8,19,19,0.0
6908,CH_OCGT,2050,8,20,20,0.0
6909,CH_OCGT,2050,8,21,21,0.0
6910,CH_OCGT,2050,8,22,22,0.0
6911,CH_OCGT,2050,8,23,23,0.0
6912,CH_OCGT,2050,8,24,24,0.0
6913,CH_OCGT,2050,9,1,1,0.0
6914,CH_OCGT,2050,9,2,2,0.0
6915,CH_OCGT,2050,9,3,3,0.0
6916,CH_OCGT,2050,9,4,4,0.0
6917,CH_OCGT,2050,9,5,5,0.0
6918,CH_OCGT,2050,9,6,6,0.0
6919,CH_OCGT,2050,9,7,7,0.0
6920,CH_OCGT,2050,9,8,8,0.0
6921,CH_OCGT,2050,9,9,9,0.0
6922,CH_OCGT,2050,9,10,10,0.0
6923,CH_OCGT,2050,9,11,11,0.0
6924,CH_OCGT,2050,9,12,12,0.0
6925,CH_OCGT,2050,9,13,13,0.0
6926,CH_OCGT,2050,9,14,14,0.0
6927,CH_OCGT,2050,9,15,15,0.0
6928,CH_OCGT,2050,9,16,16,0.0
6929,CH_OCGT,2050,9,17,17,0.0
6930,CH_OCGT,2050,9,18,18,0.0
6931,CH_OCGT,2050,9,19,19,0.0
6932,CH_OCGT,2050,9,20,20,0.0
6933,CH_OCGT,2050,9,21,21,0.0
6934,CH_OCGT,2050,9,22,22,0.0
6935,CH_OCGT,2050,9,23,23,0.0
6936,CH_OCGT,2050,9,24,24,0.0
6937,CH_OCGT,2050,10,1,1,0.0
6938,CH_OCGT,2050,10,2,2,0.0
6939,CH_OCGT,2050,10,3,3,0.0
6940,CH_OCGT,2050,10,4,4,0.0
6941,CH_OCGT,2050,10,5,5,0.0
6942,CH_OCGT,2050,10,6,6,0.0
6943,CH_OCGT,2050,10,7,7,0.0
6944,CH_OCGT,2050,10,8,8,0.0
6945,CH_OCGT,2050,10,9,9,0.0
6946,CH_OCGT,2050,10,10,10,0.0
6947,CH_OCGT,2050,10,11,11,0.0
6948,CH_OCGT,2050,10,12,12,0.0
6949,CH_OCGT,2050,10,13,13,0.0
6950,CH_OCGT,2050,10,14,14,0.0
6951,CH_OCGT,2050,10,15,15,0.0
6952,CH_OCGT,2050,10,16,16,0.0
6953,CH_OCGT,2050,10,17,17,0.0
6954,CH_OCGT,2050,10,18,18,0.0
6955,CH_OCGT,2050,10,19,19,0.0
6956,CH_OCGT,2050,10,20,20,0.0
6957,CH_OCGT,2050,10,21,21,0.0
6958,CH_OCGT,2050,10,22,22,0.0
6959,CH_OCGT,2050,10,23,23,0.0
6960,CH_OCGT,2050,10,24,24,0.0
6961,CH_Solar,2050,1,1,1,-0.9381
6962,CH_Solar,2050,1,2,2,-0.9381
6963,CH_Solar,2050,1,3,3,-0.9381
6964,CH_Solar,2050,1,4,4,-0.9381
6965,CH_Solar,2050,1,5,5,-1.749
6966,CH_Solar,2050,1,6,6,-1.749
6967,CH_Solar,2050,1,7,7,-1.749
6968,CH_Solar,2050,1,8,8,-0.9381
6969,CH_Solar,2050,1,9,9,-0.9381
6970,CH_Solar,2050,1,10,10,-0.9381
6971,CH_Solar,2050,1,11,11,-0.9381
6972,CH_Solar,2050,1,12,12,-0.9381
6973,CH_Solar,2050,1,13,13,-0.9381
6974,CH_Solar,2050,1,14,14,-0.9381
6975,CH_Solar,2050,1,15,15,-0.9381
6976,CH_Solar,2050,1,16,16,-0.9381
6977,CH_Solar,2050,1,17,17,-0.9381
6978,CH_Solar,2050,1,18,18,-0.9381
6979,CH_Solar,2050,1,19,19,-0.9381
6980,CH_Solar,2050,1,20,20,-0.9381
6981,CH_Solar,2050,1,21,21,-0.9381
6982,CH_Solar,2050,1,22,22,-0.9381
6983,CH_Solar,2050,1,23,23,-0.9381
6984,CH_Solar,2050,1,24,24,-0.9381
6985,CH_Solar,2050,2,1,1,-0.5841000000000001
6986,CH_Solar,2050,2,2,2,-0.5841000000000001
6987,CH_Solar,2050,2,3,3,-0.5841000000000001
6988,CH_Solar,2050,2,4,4,-0.5841000000000001
6989,CH_Solar,2050,2,5,5,-0.5841000000000001
6990,CH_Solar,2050,2,6,6,-0.5841000000000001
6991,CH_Solar,2050,2,7,7,-0.5841000000000001
6992,CH_Solar,2050,2,8,8,-0.5841000000000001
6993,CH_Solar,2050,2,9,9,-0.5841000000000001
6994,CH_Solar,2050,2,10,10,-0.5841000000000001
6995,CH_Solar,2050,2,11,11,-0.5841000000000001
6996,CH_Solar,2050,2,12,12,-0.5841000000000001
6997,CH_Solar,2050,2,13,13,0.0
6998,CH_Solar,2050,2,14,14,0.0
6999,CH_Solar,2050,2,15,15,0.0
7000,CH_Solar,2050,2,16,16,0.0
7001,CH_Solar,2050,2,17,17,0.0
7002,CH_Solar,2050,2,18,18,-0.5841000000000001
7003,CH_Solar,2050,2,19,19,-0.5841000000000001
7004,CH_Solar,2050,2,20,20,-0.5841000000000001
7005,CH_Solar,2050,2,21,21,-0.5841000000000001
7006,CH_Solar,2050,2,22,22,-0.5841000000000001
7007,CH_Solar,2050,2,23,23,-0.5841000000000001
7008,CH_Solar,2050,2,24,24,-0.5841000000000001
7009,CH_Solar,2050,3,1,1,-1.4789999999999999
7010,CH_Solar,2050,3,2,2,-1.4789999999999999
7011,CH_Solar,2050,3,3,3,-1.4789999999999999
7012,CH_Solar,2050,3,4,4,-1.4789999999999999
7013,CH_Solar,2050,3,5,5,-1.4789999999999999
7014,CH_Solar,2050,3,6,6,-1.4789999999999999
7015,CH_Solar,2050,3,7,7,-1.4789999999999999
7016,CH_Solar,2050,3,8,8,-1.4789999999999999
7017,CH_Solar,2050,3,9,9,-1.4789999999999999
7018,CH_Solar,2050,3,10,10,-1.4789999999999999
7019,CH_Solar,2050,3,11,11,-1.4789999999999999
7020,CH_Solar,2050,3,12,12,-1.4789999999999999
7021,CH_Solar,2050,3,13,13,-0.9570000000000001
7022,CH_Solar,2050,3,14,14,-0.9570000000000001
7023,CH_Solar,2050,3,15,15,-0.9570000000000001
7024,CH_Solar,2050,3,16,16,-1.4789999999999999
7025,CH_Solar,2050,3,17,17,-1.4789999999999999
7026,CH_Solar,2050,3,18,18,-21.286731411332674
7027,CH_Solar,2050,3,19,19,-1.4789999999999999
7028,CH_Solar,2050,3,20,20,-1.4789999999999999
7029,CH_Solar,2050,3,21,21,-1.4789999999999999
7030,CH_Solar,2050,3,22,22,-1.4789999999999999
7031,CH_Solar,2050,3,23,23,-1.4789999999999999
7032,CH_Solar,2050,3,24,24,-1.4789999999999999
7033,CH_Solar,2050,4,1,1,-0.4071
7034,CH_Solar,2050,4,2,2,-0.4071
7035,CH_Solar,2050,4,3,3,-0.4071
7036,CH_Solar,2050,4,4,4,-0.4071
7037,CH_Solar,2050,4,5,5,-0.4071
7038,CH_Solar,2050,4,6,6,-0.759
7039,CH_Solar,2050,4,7,7,-0.759
7040,CH_Solar,2050,4,8,8,-0.759
7041,CH_Solar,2050,4,9,9,-0.759
7042,CH_Solar,2050,4,10,10,-0.759
7043,CH_Solar,2050,4,11,11,-0.4071
7044,CH_Solar,2050,4,12,12,-0.4071
7045,CH_Solar,2050,4,13,13,-0.4071
7046,CH_Solar,2050,4,14,14,-0.4071
7047,CH_Solar,2050,4,15,15,-0.4071
7048,CH_Solar,2050,4,16,16,-0.4071
7049,CH_Solar,2050,4,17,17,-0.4071
7050,CH_Solar,2050,4,18,18,-1.1729999999999998
7051,CH_Solar,2050,4,19,19,-1.1729999999999998
7052,CH_Solar,2050,4,20,20,-1.1729999999999998
7053,CH_Solar,2050,4,21,21,-0.4071
7054,CH_Solar,2050,4,22,22,-0.4071
7055,CH_Solar,2050,4,23,23,-0.4071
7056,CH_Solar,2050,4,24,24,-0.4071
7057,CH_Solar,2050,5,1,1,-0.9204
7058,CH_Solar,2050,5,2,2,-0.9204
7059,CH_Solar,2050,5,3,3,-0.9204
7060,CH_Solar,2050,5,4,4,-0.9204
7061,CH_Solar,2050,5,5,5,-0.9204
7062,CH_Solar,2050,5,6,6,-0.9204
7063,CH_Solar,2050,5,7,7,-0.9204
7064,CH_Solar,2050,5,8,8,-0.9204
7065,CH_Solar,2050,5,9,9,-0.9204
7066,CH_Solar,2050,5,10,10,-0.9204
7067,CH_Solar,2050,5,11,11,-0.9204
7068,CH_Solar,2050,5,12,12,-0.9204
7069,CH_Solar,2050,5,13,13,-0.9204
7070,CH_Solar,2050,5,14,14,-0.9204
7071,CH_Solar,2050,5,15,15,-0.9204
7072,CH_Solar,2050,5,16,16,-0.9204
7073,CH_Solar,2050,5,17,17,-0.9204
7074,CH_Solar,2050,5,18,18,-0.9204
7075,CH_Solar,2050,5,19,19,-0.9204
7076,CH_Solar,2050,5,20,20,-0.9204
7077,CH_Solar,2050,5,21,21,-0.9204
7078,CH_Solar,2050,5,22,22,-0.9204
7079,CH_Solar,2050,5,23,23,-0.9204
7080,CH_Solar,2050,5,24,24,-0.9204
7081,CH_Solar,2050,6,1,1,-0.3186
7082,CH_Solar,2050,6,2,2,-0.3186
7083,CH_Solar,2050,6,3,3,-0.3186
7084,CH_Solar,2050,6,4,4,-0.3186
7085,CH_Solar,2050,6,5,5,-0.3186
7086,CH_Solar,2050,6,6,6,-0.3186
7087,CH_Solar,2050,6,7,7,-0.3186
7088,CH_Solar,2050,6,8,8,-0.3186
7089,CH_Solar,2050,6,9,9,-0.3186
7090,CH_Solar,2050,6,10,10,-0.3186
7091,CH_Solar,2050,6,11,11,0.0
7092,CH_Solar,2050,6,12,12,-0.3186
7093,CH_Solar,2050,6,13,13,0.0
7094,CH_Solar,2050,6,14,14,0.0
7095,CH_Solar,2050,6,15,15,0.0
7096,CH_Solar,2050,6,16,16,0.0
7097,CH_Solar,2050,6,17,17,0.0
7098,CH_Solar,2050,6,18,18,-0.3186
7099,CH_Solar,2050,6,19,19,-0.3186
7100,CH_Solar,2050,6,20,20,-0.3186
7101,CH_Solar,2050,6,21,21,-0.3186
7102,CH_Solar,2050,6,22,22,-0.3186
7103,CH_Solar,2050,6,23,23,-0.3186
7104,CH_Solar,2050,6,24,24,-0.3186
7105,CH_Solar,2050,7,1,1,-1.221
7106,CH_Solar,2050,7,2,2,-1.221
7107,CH_Solar,2050,7,3,3,-1.221
7108,CH_Solar,2050,7,4,4,-1.221
7109,CH_Solar,2050,7,5,5,-1.8869999999999998
7110,CH_Solar,2050,7,6,6,-1.8869999999999998
7111,CH_Solar,2050,7,7,7,-1.8869999999999998
7112,CH_Solar,2050,7,8,8,-1.8869999999999998
7113,CH_Solar,2050,7,9,9,-1.8869999999999998
7114,CH_Solar,2050,7,10,10,-1.221
7115,CH_Solar,2050,7,11,11,-1.221
7116,CH_Solar,2050,7,12,12,-0.6549
7117,CH_Solar,2050,7,13,13,-0.6549
7118,CH_Solar,2050,7,14,14,-0.6549
7119,CH_Solar,2050,7,15,15,-0.6549
7120,CH_Solar,2050,7,16,16,-0.6549
7121,CH_Solar,2050,7,17,17,-0.6549
7122,CH_Solar,2050,7,18,18,-1.221
7123,CH_Solar,2050,7,19,19,-1.221
7124,CH_Solar,2050,7,20,20,-1.221
7125,CH_Solar,2050,7,21,21,-1.221
7126,CH_Solar,2050,7,22,22,-0.6549
7127,CH_Solar,2050,7,23,23,-0.6549
7128,CH_Solar,2050,7,24,24,-0.6549
7129,CH_Solar,2050,8,1,1,-0.5487
7130,CH_Solar,2050,8,2,2,-0.5487
7131,CH_Solar,2050,8,3,3,-0.5487
7132,CH_Solar,2050,8,4,4,-0.5487
7133,CH_Solar,2050,8,5,5,-0.5487
7134,CH_Solar,2050,8,6,6,-0.5487
7135,CH_Solar,2050,8,7,7,-0.5487
7136,CH_Solar,2050,8,8,8,-0.5487
7137,CH_Solar,2050,8,9,9,-0.5487
7138,CH_Solar,2050,8,10,10,-0.5487
7139,CH_Solar,2050,8,11,11,-0.5487
7140,CH_Solar,2050,8,12,12,-0.5487
7141,CH_Solar,2050,8,13,13,-0.5487
7142,CH_Solar,2050,8,14,14,-0.5487
7143,CH_Solar,2050,8,15,15,0.0
7144,CH_Solar,2050,8,16,16,0.0
7145,CH_Solar,2050,8,17,17,-0.5487
7146,CH_Solar,2050,8,18,18,-0.5487
7147,CH_Solar,2050,8,19,19,-0.5487
7148,CH_Solar,2050,8,20,20,-0.5487
7149,CH_Solar,2050,8,21,21,-0.5487
7150,CH_Solar,2050,8,22,22,-0.5487
7151,CH_Solar,2050,8,23,23,-0.5487
7152,CH_Solar,2050,8,24,24,-0.5487
7153,CH_Solar,2050,9,1,1,-0.7611
7154,CH_Solar,2050,9,2,2,-0.7611
7155,CH_Solar,2050,9,3,3,-0.7611
7156,CH_Solar,2050,9,4,4,-0.7611
7157,CH_Solar,2050,9,5,5,-0.7611
7158,CH_Solar,2050,9,6,6,-0.7611
7159,CH_Solar,2050,9,7,7,-0.7611
7160,CH_Solar,2050,9,8,8,-0.7611
7161,CH_Solar,2050,9,9,9,-0.7611
7162,CH_Solar,2050,9,10,10,-0.7611
7163,CH_Solar,2050,9,11,11,-0.7611
7164,CH_Solar,2050,9,12,12,-0.7611
7165,CH_Solar,2050,9,13,13,-0.7611
7166,CH_Solar,2050,9,14,14,-0.7611
7167,CH_Solar,2050,9,15,15,-0.7611
7168,CH_Solar,2050,9,16,16,-0.7611
7169,CH_Solar,2050,9,17,17,-0.7611
7170,CH_Solar,2050,9,18,18,-0.7611
7171,CH_Solar,2050,9,19,19,-0.7611
7172,CH_Solar,2050,9,20,20,-0.7611
7173,CH_Solar,2050,9,21,21,-0.7611
7174,CH_Solar,2050,9,22,22,-0.7611
7175,CH_Solar,2050,9,23,23,-0.7611
7176,CH_Solar,2050,9,24,24,-0.7611
7177,CH_Solar,2050,10,1,1,-1.518
7178,CH_Solar,2050,10,2,2,-1.518
7179,CH_Solar,2050,10,3,3,-1.518
7180,CH_Solar,2050,10,4,4,-1.518
7181,CH_Solar,2050,10,5,5,-1.518
7182,CH_Solar,2050,10,6,6,-1.518
7183,CH_Solar,2050,10,7,7,-2.3459999999999996
7184,CH_Solar,2050,10,8,8,-2.3459999999999996
7185,CH_Solar,2050,10,9,9,-2.3459999999999996
7186,CH_Solar,2050,10,10,10,-1.518
7187,CH_Solar,2050,10,11,11,-1.518
7188,CH_Solar,2050,10,12,12,-0.8142
7189,CH_Solar,2050,10,13,13,-0.8142
7190,CH_Solar,2050,10,14,14,-0.8142
7191,CH_Solar,2050,10,15,15,-0.8142
7192,CH_Solar,2050,10,16,16,-0.8142
7193,CH_Solar,2050,10,17,17,-1.518
7194,CH_Solar,2050,10,18,18,-1.518
7195,CH_Solar,2050,10,19,19,-1.518
7196,CH_Solar,2050,10,20,20,-1.518
7197,CH_Solar,2050,10,21,21,-1.518
7198,CH_Solar,2050,10,22,22,-0.8142
7199,CH_Solar,2050,10,23,23,-0.8142
7200,CH_Solar,2050,10,24,24,-0.8142
7201,CH_Wind_Offshore,2050,1,1,1,-0.9381
7202,CH_Wind_Offshore,2050,1,2,2,-0.9381
7203,CH_Wind_Offshore,2050,1,3,3,-0.9381
7204,CH_Wind_Offshore,2050,1,4,4,-0.9381
7205,CH_Wind_Offshore,2050,1,5,5,-1.749
7206,CH_Wind_Offshore,2050,1,6,6,-1.749
7207,CH_Wind_Offshore,2050,1,7,7,-1.749
7208,CH_Wind_Offshore,2050,1,8,8,-0.9381
7209,CH_Wind_Offshore,2050,1,9,9,-0.9381
7210,CH_Wind_Offshore,2050,1,10,10,-0.9381
7211,CH_Wind_Offshore,2050,1,11,11,-0.9381
7212,CH_Wind_Offshore,2050,1,12,12,-0.9381
7213,CH_Wind_Offshore,2050,1,13,13,-0.9381
7214,CH_Wind_Offshore,2050,1,14,14,-0.9381
7215,CH_Wind_Offshore,2050,1,15,15,-0.9381
7216,CH_Wind_Offshore,2050,1,16,16,-0.9381
7217,CH_Wind_Offshore,2050,1,17,17,-0.9381
7218,CH_Wind_Offshore,2050,1,18,18,-0.9381
7219,CH_Wind_Offshore,2050,1,19,19,-0.9381
7220,CH_Wind_Offshore,2050,1,20,20,-0.9381
7221,CH_Wind_Offshore,2050,1,21,21,-0.9381
7222,CH_Wind_Offshore,2050,1,22,22,-0.9381
7223,CH_Wind_Offshore,2050,1,23,23,-0.9381
7224,CH_Wind_Offshore,2050,1,24,24,-0.9381
7225,CH_Wind_Offshore,2050,2,1,1,-0.5841000000000001
7226,CH_Wind_Offshore,2050,2,2,2,-0.5841000000000001
7227,CH_Wind_Offshore,2050,2,3,3,-0.5841000000000001
7228,CH_Wind_Offshore,2050,2,4,4,-0.5841000000000001
7229,CH_Wind_Offshore,2050,2,5,5,-0.5841000000000001
7230,CH_Wind_Offshore,2050,2,6,6,-0.5841000000000001
7231,CH_Wind_Offshore,2050,2,7,7,-0.5841000000000001
7232,CH_Wind_Offshore,2050,2,8,8,-0.5841000000000001
7233,CH_Wind_Offshore,2050,2,9,9,-0.5841000000000001
7234,CH_Wind_Offshore,2050,2,10,10,-0.5841000000000001
7235,CH_Wind_Offshore,2050,2,11,11,-0.5841000000000001
7236,CH_Wind_Offshore,2050,2,12,12,-0.5841000000000001
7237,CH_Wind_Offshore,2050,2,13,13,0.0
7238,CH_Wind_Offshore,2050,2,14,14,0.0
7239,CH_Wind_Offshore,2050,2,15,15,0.0
7240,CH_Wind_Offshore,2050,2,16,16,0.0
7241,CH_Wind_Offshore,2050,2,17,17,0.0
7242,CH_Wind_Offshore,2050,2,18,18,-0.5841000000000001
7243,CH_Wind_Offshore,2050,2,19,19,-0.5841000000000001
7244,CH_Wind_Offshore,2050,2,20,20,-0.5841000000000001
7245,CH_Wind_Offshore,2050,2,21,21,-0.5841000000000001
7246,CH_Wind_Offshore,2050,2,22,22,-0.5841000000000001
7247,CH_Wind_Offshore,2050,2,23,23,-0.5841000000000001
7248,CH_Wind_Offshore,2050,2,24,24,-0.5841000000000001
7249,CH_Wind_Offshore,2050,3,1,1,-1.4789999999999999
7250,CH_Wind_Offshore,2050,3,2,2,-1.4789999999999999
7251,CH_Wind_Offshore,2050,3,3,3,-1.4789999999999999
7252,CH_Wind_Offshore,2050,3,4,4,-1.4789999999999999
7253,CH_Wind_Offshore,2050,3,5,5,-1.4789999999999999
7254,CH_Wind_Offshore,2050,3,6,6,-1.4789999999999999
7255,CH_Wind_Offshore,2050,3,7,7,-1.4789999999999999
7256,CH_Wind_Offshore,2050,3,8,8,-1.4789999999999999
7257,CH_Wind_Offshore,2050,3,9,9,-1.4789999999999999
7258,CH_Wind_Offshore,2050,3,10,10,-1.4789999999999999
7259,CH_Wind_Offshore,2050,3,11,11,-1.4789999999999999
7260,CH_Wind_Offshore,2050,3,12,12,-1.4789999999999999
7261,CH_Wind_Offshore,2050,3,13,13,-0.9570000000000001
7262,CH_Wind_Offshore,2050,3,14,14,-0.9570000000000001
7263,CH_Wind_Offshore,2050,3,15,15,-0.9570000000000001
7264,CH_Wind_Offshore,2050,3,16,16,-1.4789999999999999
7265,CH_Wind_Offshore,2050,3,17,17,-1.4789999999999999
7266,CH_Wind_Offshore,2050,3,18,18,-21.286731411332674
7267,CH_Wind_Offshore,2050,3,19,19,-1.4789999999999999
7268,CH_Wind_Offshore,2050,3,20,20,-1.4789999999999999
7269,CH_Wind_Offshore,2050,3,21,21,-1.4789999999999999
7270,CH_Wind_Offshore,2050,3,22,22,-1.4789999999999999
7271,CH_Wind_Offshore,2050,3,23,23,-1.4789999999999999
7272,CH_Wind_Offshore,2050,3,24,24,-1.4789999999999999
7273,CH_Wind_Offshore,2050,4,1,1,-0.4071
7274,CH_Wind_Offshore,2050,4,2,2,-0.4071
7275,CH_Wind_Offshore,2050,4,3,3,-0.4071
7276,CH_Wind_Offshore,2050,4,4,4,-0.4071
7277,CH_Wind_Offshore,2050,4,5,5,-0.4071
7278,CH_Wind_Offshore,2050,4,6,6,-0.759
7279,CH_Wind_Offshore,2050,4,7,7,-0.759
7280,CH_Wind_Offshore,2050,4,8,8,-0.759
7281,CH_Wind_Offshore,2050,4,9,9,-0.759
7282,CH_Wind_Offshore,2050,4,10,10,-0.759
7283,CH_Wind_Offshore,2050,4,11,11,-0.4071
7284,CH_Wind_Offshore,2050,4,12,12,-0.4071
7285,CH_Wind_Offshore,2050,4,13,13,-0.4071
7286,CH_Wind_Offshore,2050,4,14,14,-0.4071
7287,CH_Wind_Offshore,2050,4,15,15,-0.4071
7288,CH_Wind_Offshore,2050,4,16,16,-0.4071
7289,CH_Wind_Offshore,2050,4,17,17,-0.4071
7290,CH_Wind_Offshore,2050,4,18,18,-1.1729999999999998
7291,CH_Wind_Offshore,2050,4,19,19,-1.1729999999999998
7292,CH_Wind_Offshore,2050,4,20,20,-1.1729999999999998
7293,CH_Wind_Offshore,2050,4,21,21,-0.4071
7294,CH_Wind_Offshore,2050,4,22,22,-0.4071
7295,CH_Wind_Offshore,2050,4,23,23,-0.4071
7296,CH_Wind_Offshore,2050,4,24,24,-0.4071
7297,CH_Wind_Offshore,2050,5,1,1,-0.9204
7298,CH_Wind_Offshore,2050,5,2,2,-0.9204
7299,CH_Wind_Offshore,2050,5,3,3,-0.9204
7300,CH_Wind_Offshore,2050,5,4,4,-0.9204
7301,CH_Wind_Offshore,2050,5,5,5,-0.9204
7302,CH_Wind_Offshore,2050,5,6,6,-0.9204
7303,CH_Wind_Offshore,2050,5,7,7,-0.9204
7304,CH_Wind_Offshore,2050,5,8,8,-0.9204
7305,CH_Wind_Offshore,2050,5,9,9,-0.9204
7306,CH_Wind_Offshore,2050,5,10,10,-0.9204
7307,CH_Wind_Offshore,2050,5,11,11,-0.9204
7308,CH_Wind_Offshore,2050,5,12,12,-0.9204
7309,CH_Wind_Offshore,2050,5,13,13,-0.9204
7310,CH_Wind_Offshore,2050,5,14,14,-0.9204
7311,CH_Wind_Offshore,2050,5,15,15,-0.9204
7312,CH_Wind_Offshore,2050,5,16,16,-0.9204
7313,CH_Wind_Offshore,2050,5,17,17,-0.9204
7314,CH_Wind_Offshore,2050,5,18,18,-0.9204
7315,CH_Wind_Offshore,2050,5,19,19,-0.9204
7316,CH_Wind_Offshore,2050,5,20,20,-0.9204
7317,CH_Wind_Offshore,2050,5,21,21,-0.9204
7318,CH_Wind_Offshore,2050,5,22,22,-0.9204
7319,CH_Wind_Offshore,2050,5,23,23,-0.9204
7320,CH_Wind_Offshore,2050,5,24,24,-0.9204
7321,CH_Wind_Offshore,2050,6,1,1,-0.3186
7322,CH_Wind_Offshore,2050,6,2,2,-0.3186
7323,CH_Wind_Offshore,2050,6,3,3,-0.3186
7324,CH_Wind_Offshore,2050,6,4,4,-0.3186
7325,CH_Wind_Offshore,2050,6,5,5,-0.3186
7326,CH_Wind_Offshore,2050,6,6,6,-0.3186
7327,CH_Wind_Offshore,2050,6,7,7,-0.3186
7328,CH_Wind_Offshore,2050,6,8,8,-0.3186
7329,CH_Wind_Offshore,2050,6,9,9,-0.3186
7330,CH_Wind_Offshore,2050,6,10,10,-0.3186
7331,CH_Wind_Offshore,2050,6,11,11,0.0
7332,CH_Wind_Offshore,2050,6,12,12,-0.3186
7333,CH_Wind_Offshore,2050,6,13,13,0.0
7334,CH_Wind_Offshore,2050,6,14,14,0.0
7335,CH_Wind_Offshore,2050,6,15,15,0.0
7336,CH_Wind_Offshore,2050,6,16,16,0.0
7337,CH_Wind_Offshore,2050,6,17,17,0.0
7338,CH_Wind_Offshore,2050,6,18,18,-0.3186
7339,CH_Wind_Offshore,2050,6,19,19,-0.3186
7340,CH_Wind_Offshore,2050,6,20,20,-0.3186
7341,CH_Wind_Offshore,2050,6,21,21,-0.3186
7342,CH_Wind_Offshore,2050,6,22,22,-0.3186
7343,CH_Wind_Offshore,2050,6,23,23,-0.3186
7344,CH_Wind_Offshore,2050,6,24,24,-0.3186
7345,CH_Wind_Offshore,2050,7,1,1,-1.221
7346,CH_Wind_Offshore,2050,7,2,2,-1.221
7347,CH_Wind_Offshore,2050,7,3,3,-1.221
7348,CH_Wind_Offshore,2050,7,4,4,-1.221
7349,CH_Wind_Offshore,2050,7,5,5,-1.8869999999999998
7350,CH_Wind_Offshore,2050,7,6,6,-1.8869999999999998
7351,CH_Wind_Offshore,2050,7,7,7,-1.8869999999999998
7352,CH_Wind_Offshore,2050,7,8,8,-1.8869999999999998
7353,CH_Wind_Offshore,2050,7,9,9,-1.8869999999999998
7354,CH_Wind_Offshore,2050,7,10,10,-1.221
7355,CH_Wind_Offshore,2050,7,11,11,-1.221
7356,CH_Wind_Offshore,2050,7,12,12,-0.6549
7357,CH_Wind_Offshore,2050,7,13,13,-0.6549
7358,CH_Wind_Offshore,2050,7,14,14,-0.6549
7359,CH_Wind_Offshore,2050,7,15,15,-0.6549
7360,CH_Wind_Offshore,2050,7,16,16,-0.6549
7361,CH_Wind_Offshore,2050,7,17,17,-0.6549
7362,CH_Wind_Offshore,2050,7,18,18,-1.221
7363,CH_Wind_Offshore,2050,7,19,19,-1.221
7364,CH_Wind_Offshore,2050,7,20,20,-1.221
7365,CH_Wind_Offshore,2050,7,21,21,-1.221
7366,CH_Wind_Offshore,2050,7,22,22,-0.6549
7367,CH_Wind_Offshore,2050,7,23,23,-0.6549
7368,CH_Wind_Offshore,2050,7,24,24,-0.6549
7369,CH_Wind_Offshore,2050,8,1,1,-0.5487
7370,CH_Wind_Offshore,2050,8,2,2,-0.5487
7371,CH_Wind_Offshore,2050,8,3,3,-0.5487
7372,CH_Wind_Offshore,2050,8,4,4,-0.5487
7373,CH_Wind_Offshore,2050,8,5,5,-0.5487
7374,CH_Wind_Offshore,2050,8,6,6,-0.5487
7375,CH_Wind_Offshore,2050,8,7,7,-0.5487
7376,CH_Wind_Offshore,2050,8,8,8,-0.5487
7377,CH_Wind_Offshore,2050,8,9,9,-0.5487
7378,CH_Wind_Offshore,2050,8,10,10,-0.5487
7379,CH_Wind_Offshore,2050,8,11,11,-0.5487
7380,CH_Wind_Offshore,2050,8,12,12,-0.5487
7381,CH_Wind_Offshore,2050,8,13,13,-0.5487
7382,CH_Wind_Offshore,2050,8,14,14,-0.5487
7383,CH_Wind_Offshore,2050,8,15,15,0.0
7384,CH_Wind_Offshore,2050,8,16,16,0.0
7385,CH_Wind_Offshore,2050,8,17,17,-0.5487
7386,CH_Wind_Offshore,2050,8,18,18,-0.5487
7387,CH_Wind_Offshore,2050,8,19,19,-0.5487
7388,CH_Wind_Offshore,2050,8,20,20,-0.5487
7389,CH_Wind_Offshore,2050,8,21,21,-0.5487
7390,CH_Wind_Offshore,2050,8,22,22,-0.5487
7391,CH_Wind_Offshore,2050,8,23,23,-0.5487
7392,CH_Wind_Offshore,2050,8,24,24,-0.5487
7393,CH_Wind_Offshore,2050,9,1,1,-0.7611
7394,CH_Wind_Offshore,2050,9,2,2,-0.7611
7395,CH_Wind_Offshore,2050,9,3,3,-0.7611
7396,CH_Wind_Offshore,2050,9,4,4,-0.7611
7397,CH_Wind_Offshore,2050,9,5,5,-0.7611
7398,CH_Wind_Offshore,2050,9,6,6,-0.7611
7399,CH_Wind_Offshore,2050,9,7,7,-0.7611
7400,CH_Wind_Offshore,2050,9,8,8,-0.7611
7401,CH_Wind_Offshore,2050,9,9,9,-0.7611
7402,CH_Wind_Offshore,2050,9,10,10,-0.7611
7403,CH_Wind_Offshore,2050,9,11,11,-0.7611
7404,CH_Wind_Offshore,2050,9,12,12,-0.7611
7405,CH_Wind_Offshore,2050,9,13,13,-0.7611
7406,CH_Wind_Offshore,2050,9,14,14,-0.7611
7407,CH_Wind_Offshore,2050,9,15,15,-0.7611
7408,CH_Wind_Offshore,2050,9,16,16,-0.7611
7409,CH_Wind_Offshore,2050,9,17,17,-0.7611
7410,CH_Wind_Offshore,2050,9,18,18,-0.7611
7411,CH_Wind_Offshore,2050,9,19,19,-0.7611
7412,CH_Wind_Offshore,2050,9,20,20,-0.7611
7413,CH_Wind_Offshore,2050,9,21,21,-0.7611
7414,CH_Wind_Offshore,2050,9,22,22,-0.7611
7415,CH_Wind_Offshore,2050,9,23,23,-0.7611
7416,CH_Wind_Offshore,2050,9,24,24,-0.7611
7417,CH_Wind_Offshore,2050,10,1,1,-1.518
7418,CH_Wind_Offshore,2050,10,2,2,-1.518
7419,CH_Wind_Offshore,2050,10,3,3,-1.518
7420,CH_Wind_Offshore,2050,10,4,4,-1.518
7421,CH_Wind_Offshore,2050,10,5,5,-1.518
7422,CH_Wind_Offshore,2050,10,6,6,-1.518
7423,CH_Wind_Offshore,2050,10,7,7,-2.3459999999999996
7424,CH_Wind_Offshore,2050,10,8,8,-2.3459999999999996
7425,CH_Wind_Offshore,2050,10,9,9,-2.3459999999999996
7426,CH_Wind_Offshore,2050,10,10,10,-1.518
7427,CH_Wind_Offshore,2050,10,11,11,-1.518
7428,CH_Wind_Offshore,2050,10,12,12,-0.8142
7429,CH_Wind_Offshore,2050,10,13,13,-0.8142
7430,CH_Wind_Offshore,2050,10,14,14,-0.8142
7431,CH_Wind_Offshore,2050,10,15,15,-0.8142
7432,CH_Wind_Offshore,2050,10,16,16,-0.8142
7433,CH_Wind_Offshore,2050,10,17,17,-1.518
7434,CH_Wind_Offshore,2050,10,18,18,-1.518
7435,CH_Wind_Offshore,2050,10,19,19,-1.518
7436,CH_Wind_Offshore,2050,10,20,20,-1.518
7437,CH_Wind_Offshore,2050,10,21,21,-1.518
7438,CH_Wind_Offshore,2050,10,22,22,-0.8142
7439,CH_Wind_Offshore,2050,10,23,23,-0.8142
7440,CH_Wind_Offshore,2050,10,24,24,-0.8142
7441,CH_Wind_Onshore,2050,1,1,1,-0.9381
7442,CH_Wind_Onshore,2050,1,2,2,-0.9381
7443,CH_Wind_Onshore,2050,1,3,3,-0.9381
7444,CH_Wind_Onshore,2050,1,4,4,-0.9381
7445,CH_Wind_Onshore,2050,1,5,5,-1.749
7446,CH_Wind_Onshore,2050,1,6,6,-1.749
7447,CH_Wind_Onshore,2050,1,7,7,-1.749
7448,CH_Wind_Onshore,2050,1,8,8,-0.9381
7449,CH_Wind_Onshore,2050,1,9,9,-0.9381
7450,CH_Wind_Onshore,2050,1,10,10,-0.9381
7451,CH_Wind_Onshore,2050,1,11,11,-0.9381
7452,CH_Wind_Onshore,2050,1,12,12,-0.9381
7453,CH_Wind_Onshore,2050,1,13,13,-0.9381
7454,CH_Wind_Onshore,2050,1,14,14,-0.9381
7455,CH_Wind_Onshore,2050,1,15,15,-0.9381
7456,CH_Wind_Onshore,2050,1,16,16,-0.9381
7457,CH_Wind_Onshore,2050,1,17,17,-0.9381
7458,CH_Wind_Onshore,2050,1,18,18,-0.9381
7459,CH_Wind_Onshore,2050,1,19,19,-0.9381
7460,CH_Wind_Onshore,2050,1,20,20,-0.9381
7461,CH_Wind_Onshore,2050,1,21,21,-0.9381
7462,CH_Wind_Onshore,2050,1,22,22,-0.9381
7463,CH_Wind_Onshore,2050,1,23,23,-0.9381
7464,CH_Wind_Onshore,2050,1,24,24,-0.9381
7465,CH_Wind_Onshore,2050,2,1,1,-0.5841000000000001
7466,CH_Wind_Onshore,2050,2,2,2,-0.5841000000000001
7467,CH_Wind_Onshore,2050,2,3,3,-0.5841000000000001
7468,CH_Wind_Onshore,2050,2,4,4,-0.5841000000000001
7469,CH_Wind_Onshore,2050,2,5,5,-0.5841000000000001
7470,CH_Wind_Onshore,2050,2,6,6,-0.5841000000000001
7471,CH_Wind_Onshore,2050,2,7,7,-0.5841000000000001
7472,CH_Wind_Onshore,2050,2,8,8,-0.5841000000000001
7473,CH_Wind_Onshore,2050,2,9,9,-0.5841000000000001
7474,CH_Wind_Onshore,2050,2,10,10,-0.5841000000000001
7475,CH_Wind_Onshore,2050,2,11,11,-0.5841000000000001
7476,CH_Wind_Onshore,2050,2,12,12,-0.5841000000000001
7477,CH_Wind_Onshore,2050,2,13,13,0.0
7478,CH_Wind_Onshore,2050,2,14,14,0.0
7479,CH_Wind_Onshore,2050,2,15,15,0.0
7480,CH_Wind_Onshore,2050,2,16,16,0.0
7481,CH_Wind_Onshore,2050,2,17,17,0.0
7482,CH_Wind_Onshore,2050,2,18,18,-0.5841000000000001
7483,CH_Wind_Onshore,2050,2,19,19,-0.5841000000000001
7484,CH_Wind_Onshore,2050,2,20,20,-0.5841000000000001
7485,CH_Wind_Onshore,2050,2,21,21,-0.5841000000000001
7486,CH_Wind_Onshore,2050,2,22,22,-0.5841000000000001
7487,CH_Wind_Onshore,2050,2,23,23,-0.5841000000000001
7488,CH_Wind_Onshore,2050,2,24,24,-0.5841000000000001
7489,CH_Wind_Onshore,2050,3,1,1,-1.4789999999999999
7490,CH_Wind_Onshore,2050,3,2,2,-1.4789999999999999
7491,CH_Wind_Onshore,2050,3,3,3,-1.4789999999999999
7492,CH_Wind_Onshore,2050,3,4,4,-1.4789999999999999
7493,CH_Wind_Onshore,2050,3,5,5,-1.4789999999999999
7494,CH_Wind_Onshore,2050,3,6,6,-1.4789999999999999
7495,CH_Wind_Onshore,2050,3,7,7,-1.4789999999999999
7496,CH_Wind_Onshore,2050,3,8,8,-1.4789999999999999
7497,CH_Wind_Onshore,2050,3,9,9,-1.4789999999999999
7498,CH_Wind_Onshore,2050,3,10,10,-1.4789999999999999
7499,CH_Wind_Onshore,2050,3,11,11,-1.4789999999999999
7500,CH_Wind_Onshore,2050,3,12,12,-1.4789999999999999
7501,CH_Wind_Onshore,2050,3,13,13,-0.9570000000000001
7502,CH_Wind_Onshore,2050,3,14,14,-0.9570000000000001
7503,CH_Wind_Onshore,2050,3,15,15,-0.9570000000000001
7504,CH_Wind_Onshore,2050,3,16,16,-1.4789999999999999
7505,CH_Wind_Onshore,2050,3,17,17,-1.4789999999999999
7506,CH_Wind_Onshore,2050,3,18,18,-21.286731411332674
7507,CH_Wind_Onshore,2050,3,19,19,-1.4789999999999999
7508,CH_Wind_Onshore,2050,3,20,20,-1.4789999999999999
7509,CH_Wind_Onshore,2050,3,21,21,-1.4789999999999999
7510,CH_Wind_Onshore,2050,3,22,22,-1.4789999999999999
7511,CH_Wind_Onshore,2050,3,23,23,-1.4789999999999999
7512,CH_Wind_Onshore,2050,3,24,24,-1.4789999999999999
7513,CH_Wind_Onshore,2050,4,1,1,-0.4071
7514,CH_Wind_Onshore,2050,4,2,2,-0.4071
7515,CH_Wind_Onshore,2050,4,3,3,-0.4071
7516,CH_Wind_Onshore,2050,4,4,4,-0.4071
7517,CH_Wind_Onshore,2050,4,5,5,-0.4071
7518,CH_Wind_Onshore,2050,4,6,6,-0.759
7519,CH_Wind_Onshore,2050,4,7,7,-0.759
7520,CH_Wind_Onshore,2050,4,8,8,-0.759
7521,CH_Wind_Onshore,2050,4,9,9,-0.759
7522,CH_Wind_Onshore,2050,4,10,10,-0.759
7523,CH_Wind_Onshore,2050,4,11,11,-0.4071
7524,CH_Wind_Onshore,2050,4,12,12,-0.4071
7525,CH_Wind_Onshore,2050,4,13,13,-0.4071
7526,CH_Wind_Onshore,2050,4,14,14,-0.4071
7527,CH_Wind_Onshore,2050,4,15,15,-0.4071
7528,CH_Wind_Onshore,2050,4,16,16,-0.4071
7529,CH_Wind_Onshore,2050,4,17,17,-0.4071
7530,CH_Wind_Onshore,2050,4,18,18,-1.1729999999999998
7531,CH_Wind_Onshore,2050,4,19,19,-1.1729999999999998
7532,CH_Wind_Onshore,2050,4,20,20,-1.1729999999999998
7533,CH_Wind_Onshore,2050,4,21,21,-0.4071
7534,CH_Wind_Onshore,2050,4,22,22,-0.4071
7535,CH_Wind_Onshore,2050,4,23,23,-0.4071
7536,CH_Wind_Onshore,2050,4,24,24,-0.4071
7537,CH_Wind_Onshore,2050,5,1,1,-0.9204
7538,CH_Wind_Onshore,2050,5,2,2,-0.9204
7539,CH_Wind_Onshore,2050,5,3,3,-0.9204
7540,CH_Wind_Onshore,2050,5,4,4,-0.9204
7541,CH_Wind_Onshore,2050,5,5,5,-0.9204
7542,CH_Wind_Onshore,2050,5,6,6,-0.9204
7543,CH_Wind_Onshore,2050,5,7,7,-0.9204
7544,CH_Wind_Onshore,2050,5,8,8,-0.9204
7545,CH_Wind_Onshore,2050,5,9,9,-0.9204
7546,CH_Wind_Onshore,2050,5,10,10,-0.9204
7547,CH_Wind_Onshore,2050,5,11,11,-0.9204
7548,CH_Wind_Onshore,2050,5,12,12,-0.9204
7549,CH_Wind_Onshore,2050,5,13,13,-0.9204
7550,CH_Wind_Onshore,2050,5,14,14,-0.9204
7551,CH_Wind_Onshore,2050,5,15,15,-0.9204
7552,CH_Wind_Onshore,2050,5,16,16,-0.9204
7553,CH_Wind_Onshore,2050,5,17,17,-0.9204
7554,CH_Wind_Onshore,2050,5,18,18,-0.9204
7555,CH_Wind_Onshore,2050,5,19,19,-0.9204
7556,CH_Wind_Onshore,2050,5,20,20,-0.9204
7557,CH_Wind_Onshore,2050,5,21,21,-0.9204
7558,CH_Wind_Onshore,2050,5,22,22,-0.9204
7559,CH_Wind_Onshore,2050,5,23,23,-0.9204
7560,CH_Wind_Onshore,2050,5,24,24,-0.9204
7561,CH_Wind_Onshore,2050,6,1,1,-0.3186
7562,CH_Wind_Onshore,2050,6,2,2,-0.3186
7563,CH_Wind_Onshore,2050,6,3,3,-0.3186
7564,CH_Wind_Onshore,2050,6,4,4,-0.3186
7565,CH_Wind_Onshore,2050,6,5,5,-0.3186
7566,CH_Wind_Onshore,2050,6,6,6,-0.3186
7567,CH_Wind_Onshore,2050,6,7,7,-0.3186
7568,CH_Wind_Onshore,2050,6,8,8,-0.3186
7569,CH_Wind_Onshore,2050,6,9,9,-0.3186
7570,CH_Wind_Onshore,2050,6,10,10,-0.3186
7571,CH_Wind_Onshore,2050,6,11,11,0.0
7572,CH_Wind_Onshore,2050,6,12,12,-0.3186
7573,CH_Wind_Onshore,2050,6,13,13,0.0
7574,CH_Wind_Onshore,2050,6,14,14,0.0
7575,CH_Wind_Onshore,2050,6,15,15,0.0
7576,CH_Wind_Onshore,2050,6,16,16,0.0
7577,CH_Wind_Onshore,2050,6,17,17,0.0
7578,CH_Wind_Onshore,2050,6,18,18,-0.3186
7579,CH_Wind_Onshore,2050,6,19,19,-0.3186
7580,CH_Wind_Onshore,2050,6,20,20,-0.3186
7581,CH_Wind_Onshore,2050,6,21,21,-0.3186
7582,CH_Wind_Onshore,2050,6,22,22,-0.3186
7583,CH_Wind_Onshore,2050,6,23,23,-0.3186
7584,CH_Wind_Onshore,2050,6,24,24,-0.3186
7585,CH_Wind_Onshore,2050,7,1,1,-1.221
7586,CH_Wind_Onshore,2050,7,2,2,-1.221
7587,CH_Wind_Onshore,2050,7,3,3,-1.221
7588,CH_Wind_Onshore,2050,7,4,4,-1.221
7589,CH_Wind_Onshore,2050,7,5,5,-1.8869999999999998
7590,CH_Wind_Onshore,2050,7,6,6,-1.8869999999999998
7591,CH_Wind_Onshore,2050,7,7,7,-1.8869999999999998
7592,CH_Wind_Onshore,2050,7,8,8,-1.8869999999999998
7593,CH_Wind_Onshore,2050,7,9,9,-1.8869999999999998
7594,CH_Wind_Onshore,2050,7,10,10,-1.221
7595,CH_Wind_Onshore,2050,7,11,11,-1.221
7596,CH_Wind_Onshore,2050,7,12,12,-0.6549
7597,CH_Wind_Onshore,2050,7,13,13,-0.6549
7598,CH_Wind_Onshore,2050,7,14,14,-0.6549
7599,CH_Wind_Onshore,2050,7,15,15,-0.6549
7600,CH_Wind_Onshore,2050,7,16,16,-0.6549
7601,CH_Wind_Onshore,2050,7,17,17,-0.6549
7602,CH_Wind_Onshore,2050,7,18,18,-1.221
7603,CH_Wind_Onshore,2050,7,19,19,-1.221
7604,CH_Wind_Onshore,2050,7,20,20,-1.221
7605,CH_Wind_Onshore,2050,7,21,21,-1.221
7606,CH_Wind_Onshore,2050,7,22,22,-0.6549
7607,CH_Wind_Onshore,2050,7,23,23,-0.6549
7608,CH_Wind_Onshore,2050,7,24,24,-0.6549
7609,CH_Wind_Onshore,2050,8,1,1,-0.5487
7610,CH_Wind_Onshore,2050,8,2,2,-0.5487
7611,CH_Wind_Onshore,2050,8,3,3,-0.5487
7612,CH_Wind_Onshore,2050,8,4,4,-0.5487
7613,CH_Wind_Onshore,2050,8,5,5,-0.5487
7614,CH_Wind_Onshore,2050,8,6,6,-0.5487
7615,CH_Wind_Onshore,2050,8,7,7,-0.5487
7616,CH_Wind_Onshore,2050,8,8,8,-0.5487
7617,CH_Wind_Onshore,2050,8,9,9,-0.5487
7618,CH_Wind_Onshore,2050,8,10,10,-0.5487
7619,CH_Wind_Onshore,2050,8,11,11,-0.5487
7620,CH_Wind_Onshore,2050,8,12,12,-0.5487
7621,CH_Wind_Onshore,2050,8,13,13,-0.5487
7622,CH_Wind_Onshore,2050,8,14,14,-0.5487
7623,CH_Wind_Onshore,2050,8,15,15,0.0
7624,CH_Wind_Onshore,2050,8,16,16,0.0
7625,CH_Wind_Onshore,2050,8,17,17,-0.5487
7626,CH_Wind_Onshore,2050,8,18,18,-0.5487
7627,CH_Wind_Onshore,2050,8,19,19,-0.5487
7628,CH_Wind_Onshore,2050,8,20,20,-0.5487
7629,CH_Wind_Onshore,2050,8,21,21,-0.5487
7630,CH_Wind_Onshore,2050,8,22,22,-0.5487
7631,CH_Wind_Onshore,2050,8,23,23,-0.5487
7632,CH_Wind_Onshore,2050,8,24,24,-0.5487
7633,CH_Wind_Onshore,2050,9,1,1,-0.7611
7634,CH_Wind_Onshore,2050,9,2,2,-0.7611
7635,CH_Wind_Onshore,2050,9,3,3,-0.7611
7636,CH_Wind_Onshore,2050,9,4,4,-0.7611
7637,CH_Wind_Onshore,2050,9,5,5,-0.7611
7638,CH_Wind_Onshore,2050,9,6,6,-0.7611
7639,CH_Wind_Onshore,2050,9,7,7,-0.7611
7640,CH_Wind_Onshore,2050,9,8,8,-0.7611
7641,CH_Wind_Onshore,2050,9,9,9,-0.7611
7642,CH_Wind_Onshore,2050,9,10,10,-0.7611
7643,CH_Wind_Onshore,2050,9,11,11,-0.7611
7644,CH_Wind_Onshore,2050,9,12,12,-0.7611
7645,CH_Wind_Onshore,2050,9,13,13,-0.7611
7646,CH_Wind_Onshore,2050,9,14,14,-0.7611
7647,CH_Wind_Onshore,2050,9,15,15,-0.7611
7648,CH_Wind_Onshore,2050,9,16,16,-0.7611
7649,CH_Wind_Onshore,2050,9,17,17,-0.7611
7650,CH_Wind_Onshore,2050,9,18,18,-0.7611
7651,CH_Wind_Onshore,2050,9,19,19,-0.7611
7652,CH_Wind_Onshore,2050,9,20,20,-0.7611
7653,CH_Wind_Onshore,2050,9,21,21,-0.7611
7654,CH_Wind_Onshore,2050,9,22,22,-0.7611
7655,CH_Wind_Onshore,2050,9,23,23,-0.7611
7656,CH_Wind_Onshore,2050,9,24,24,-0.7611
7657,CH_Wind_Onshore,2050,10,1,1,-1.518
7658,CH_Wind_Onshore,2050,10,2,2,-1.518
7659,CH_Wind_Onshore,2050,10,3,3,-1.518
7660,CH_Wind_Onshore,2050,10,4,4,-1.518
7661,CH_Wind_Onshore,2050,10,5,5,-1.518
7662,CH_Wind_Onshore,2050,10,6,6,-1.518
7663,CH_Wind_Onshore,2050,10,7,7,-2.3459999999999996
7664,CH_Wind_Onshore,2050,10,8,8,-2.3459999999999996
7665,CH_Wind_Onshore,2050,10,9,9,-2.3459999999999996
7666,CH_Wind_Onshore,2050,10,10,10,-1.518
7667,CH_Wind_Onshore,2050,10,11,11,-1.518
7668,CH_Wind_Onshore,2050,10,12,12,-0.8142
7669,CH_Wind_Onshore,2050,10,13,13,-0.8142
7670,CH_Wind_Onshore,2050,10,14,14,-0.8142
7671,CH_Wind_Onshore,2050,10,15,15,-0.8142
7672,CH_Wind_Onshore,2050,10,16,16,-0.8142
7673,CH_Wind_Onshore,2050,10,17,17,-1.518
7674,CH_Wind_Onshore,2050,10,18,18,-1.518
7675,CH_Wind_Onshore,2050,10,19,19,-1.518
7676,CH_Wind_Onshore,2050,10,20,20,-1.518
7677,CH_Wind_Onshore,2050,10,21,21,-1.518
7678,CH_Wind_Onshore,2050,10,22,22,-0.8142
7679,CH_Wind_Onshore,2050,10,23,23,-0.8142
7680,CH_Wind_Onshore,2050,10,24,24,-0.8142
7681,CY_Battery,2050,1,1,1,0.0
7682,CY_Battery,2050,1,2,2,0.0
7683,CY_Battery,2050,1,3,3,0.0
7684,CY_Battery,2050,1,4,4,0.0
7685,CY_Battery,2050,1,5,5,0.0
7686,CY_Battery,2050,1,6,6,0.0
7687,CY_Battery,2050,1,7,7,0.0
7688,CY_Battery,2050,1,8,8,0.0
7689,CY_Battery,2050,1,9,9,0.0
7690,CY_Battery,2050,1,10,10,0.0
7691,CY_Battery,2050,1,11,11,0.0
7692,CY_Battery,2050,1,12,12,0.0
7693,CY_Battery,2050,1,13,13,0.0
7694,CY_Battery,2050,1,14,14,0.0
7695,CY_Battery,2050,1,15,15,0.0
7696,CY_Battery,2050,1,16,16,0.0
7697,CY_Battery,2050,1,17,17,0.0
7698,CY_Battery,2050,1,18,18,0.0
7699,CY_Battery,2050,1,19,19,0.0
7700,CY_Battery,2050,1,20,20,0.0
7701,CY_Battery,2050,1,21,21,0.0
7702,CY_Battery,2050,1,22,22,0.0
7703,CY_Battery,2050,1,23,23,0.0
7704,CY_Battery,2050,1,24,24,0.0
7705,CY_Battery,2050,2,1,1,0.0
7706,CY_Battery,2050,2,2,2,0.0
7707,CY_Battery,2050,2,3,3,0.0
7708,CY_Battery,2050,2,4,4,0.0
7709,CY_Battery,2050,2,5,5,0.0
7710,CY_Battery,2050,2,6,6,0.0
7711,CY_Battery,2050,2,7,7,0.0
7712,CY_Battery,2050,2,8,8,0.0
7713,CY_Battery,2050,2,9,9,0.0
7714,CY_Battery,2050,2,10,10,0.0
7715,CY_Battery,2050,2,11,11,0.0
7716,CY_Battery,2050,2,12,12,0.0
7717,CY_Battery,2050,2,13,13,0.0
7718,CY_Battery,2050,2,14,14,0.0
7719,CY_Battery,2050,2,15,15,0.0
7720,CY_Battery,2050,2,16,16,0.0
7721,CY_Battery,2050,2,17,17,0.0
7722,CY_Battery,2050,2,18,18,0.0
7723,CY_Battery,2050,2,19,19,0.0
7724,CY_Battery,2050,2,20,20,0.0
7725,CY_Battery,2050,2,21,21,0.0
7726,CY_Battery,2050,2,22,22,0.0
7727,CY_Battery,2050,2,23,23,0.0
7728,CY_Battery,2050,2,24,24,0.0
7729,CY_Battery,2050,3,1,1,0.0
7730,CY_Battery,2050,3,2,2,0.0
7731,CY_Battery,2050,3,3,3,0.0
7732,CY_Battery,2050,3,4,4,0.0
7733,CY_Battery,2050,3,5,5,0.0
7734,CY_Battery,2050,3,6,6,0.0
7735,CY_Battery,2050,3,7,7,0.0
7736,CY_Battery,2050,3,8,8,0.0
7737,CY_Battery,2050,3,9,9,0.0
7738,CY_Battery,2050,3,10,10,0.0
7739,CY_Battery,2050,3,11,11,0.0
7740,CY_Battery,2050,3,12,12,0.0
7741,CY_Battery,2050,3,13,13,0.0
7742,CY_Battery,2050,3,14,14,0.0
7743,CY_Battery,2050,3,15,15,0.0
7744,CY_Battery,2050,3,16,16,0.0
7745,CY_Battery,2050,3,17,17,0.0
7746,CY_Battery,2050,3,18,18,0.0
7747,CY_Battery,2050,3,19,19,0.0
7748,CY_Battery,2050,3,20,20,0.0
7749,CY_Battery,2050,3,21,21,0.0
7750,CY_Battery,2050,3,22,22,0.0
7751,CY_Battery,2050,3,23,23,0.0
7752,CY_Battery,2050,3,24,24,0.0
7753,CY_Battery,2050,4,1,1,0.0
7754,CY_Battery,2050,4,2,2,0.0
7755,CY_Battery,2050,4,3,3,0.0
7756,CY_Battery,2050,4,4,4,0.0
7757,CY_Battery,2050,4,5,5,0.0
7758,CY_Battery,2050,4,6,6,0.0
7759,CY_Battery,2050,4,7,7,0.0
7760,CY_Battery,2050,4,8,8,0.0
7761,CY_Battery,2050,4,9,9,0.0
7762,CY_Battery,2050,4,10,10,0.0
7763,CY_Battery,2050,4,11,11,0.0
7764,CY_Battery,2050,4,12,12,0.0
7765,CY_Battery,2050,4,13,13,0.0
7766,CY_Battery,2050,4,14,14,0.0
7767,CY_Battery,2050,4,15,15,0.0
7768,CY_Battery,2050,4,16,16,0.0
7769,CY_Battery,2050,4,17,17,0.0
7770,CY_Battery,2050,4,18,18,0.0
7771,CY_Battery,2050,4,19,19,0.0
7772,CY_Battery,2050,4,20,20,0.0
7773,CY_Battery,2050,4,21,21,0.0
7774,CY_Battery,2050,4,22,22,0.0
7775,CY_Battery,2050,4,23,23,0.0
7776,CY_Battery,2050,4,24,24,0.0
7777,CY_Battery,2050,5,1,1,0.0
7778,CY_Battery,2050,5,2,2,0.0
7779,CY_Battery,2050,5,3,3,0.0
7780,CY_Battery,2050,5,4,4,0.0
7781,CY_Battery,2050,5,5,5,0.0
7782,CY_Battery,2050,5,6,6,0.0
7783,CY_Battery,2050,5,7,7,0.0
7784,CY_Battery,2050,5,8,8,0.0
7785,CY_Battery,2050,5,9,9,0.0
7786,CY_Battery,2050,5,10,10,0.0
7787,CY_Battery,2050,5,11,11,0.0
7788,CY_Battery,2050,5,12,12,0.0
7789,CY_Battery,2050,5,13,13,0.0
7790,CY_Battery,2050,5,14,14,0.0
7791,CY_Battery,2050,5,15,15,0.0
7792,CY_Battery,2050,5,16,16,0.0
7793,CY_Battery,2050,5,17,17,0.0
7794,CY_Battery,2050,5,18,18,0.0
7795,CY_Battery,2050,5,19,19,0.0
7796,CY_Battery,2050,5,20,20,0.0
7797,CY_Battery,2050,5,21,21,0.0
7798,CY_Battery,2050,5,22,22,0.0
7799,CY_Battery,2050,5,23,23,0.0
7800,CY_Battery,2050,5,24,24,0.0
7801,CY_Battery,2050,6,1,1,0.0
7802,CY_Battery,2050,6,2,2,0.0
7803,CY_Battery,2050,6,3,3,0.0
7804,CY_Battery,2050,6,4,4,0.0
7805,CY_Battery,2050,6,5,5,0.0
7806,CY_Battery,2050,6,6,6,0.0
7807,CY_Battery,2050,6,7,7,0.0
7808,CY_Battery,2050,6,8,8,0.0
7809,CY_Battery,2050,6,9,9,0.0
7810,CY_Battery,2050,6,10,10,0.0
7811,CY_Battery,2050,6,11,11,0.0
7812,CY_Battery,2050,6,12,12,0.0
7813,CY_Battery,2050,6,13,13,0.0
7814,CY_Battery,2050,6,14,14,0.0
7815,CY_Battery,2050,6,15,15,0.0
7816,CY_Battery,2050,6,16,16,0.0
7817,CY_Battery,2050,6,17,17,0.0
7818,CY_Battery,2050,6,18,18,0.0
7819,CY_Battery,2050,6,19,19,0.0
7820,CY_Battery,2050,6,20,20,0.0
7821,CY_Battery,2050,6,21,21,0.0
7822,CY_Battery,2050,6,22,22,0.0
7823,CY_Battery,2050,6,23,23,0.0
7824,CY_Battery,2050,6,24,24,0.0
7825,CY_Battery,2050,7,1,1,0.0
7826,CY_Battery,2050,7,2,2,0.0
7827,CY_Battery,2050,7,3,3,0.0
7828,CY_Battery,2050,7,4,4,0.0
7829,CY_Battery,2050,7,5,5,0.0
7830,CY_Battery,2050,7,6,6,0.0
7831,CY_Battery,2050,7,7,7,0.0
7832,CY_Battery,2050,7,8,8,0.0
7833,CY_Battery,2050,7,9,9,0.0
7834,CY_Battery,2050,7,10,10,0.0
7835,CY_Battery,2050,7,11,11,0.0
7836,CY_Battery,2050,7,12,12,0.0
7837,CY_Battery,2050,7,13,13,0.0
7838,CY_Battery,2050,7,14,14,0.0
7839,CY_Battery,2050,7,15,15,0.0
7840,CY_Battery,2050,7,16,16,0.0
7841,CY_Battery,2050,7,17,17,0.0
7842,CY_Battery,2050,7,18,18,0.0
7843,CY_Battery,2050,7,19,19,0.0
7844,CY_Battery,2050,7,20,20,0.0
7845,CY_Battery,2050,7,21,21,0.0
7846,CY_Battery,2050,7,22,22,0.0
7847,CY_Battery,2050,7,23,23,0.0
7848,CY_Battery,2050,7,24,24,0.0
7849,CY_Battery,2050,8,1,1,0.0
7850,CY_Battery,2050,8,2,2,0.0
7851,CY_Battery,2050,8,3,3,0.0
7852,CY_Battery,2050,8,4,4,0.0
7853,CY_Battery,2050,8,5,5,0.0
7854,CY_Battery,2050,8,6,6,0.0
7855,CY_Battery,2050,8,7,7,0.0
7856,CY_Battery,2050,8,8,8,0.0
7857,CY_Battery,2050,8,9,9,0.0
7858,CY_Battery,2050,8,10,10,0.0
7859,CY_Battery,2050,8,11,11,0.0
7860,CY_Battery,2050,8,12,12,0.0
7861,CY_Battery,2050,8,13,13,0.0
7862,CY_Battery,2050,8,14,14,0.0
7863,CY_Battery,2050,8,15,15,0.0
7864,CY_Battery,2050,8,16,16,0.0
7865,CY_Battery,2050,8,17,17,0.0
7866,CY_Battery,2050,8,18,18,0.0
7867,CY_Battery,2050,8,19,19,0.0
7868,CY_Battery,2050,8,20,20,0.0
7869,CY_Battery,2050,8,21,21,0.0
7870,CY_Battery,2050,8,22,22,0.0
7871,CY_Battery,2050,8,23,23,0.0
7872,CY_Battery,2050,8,24,24,0.0
7873,CY_Battery,2050,9,1,1,0.0
7874,CY_Battery,2050,9,2,2,0.0
7875,CY_Battery,2050,9,3,3,0.0
7876,CY_Battery,2050,9,4,4,0.0
7877,CY_Battery,2050,9,5,5,0.0
7878,CY_Battery,2050,9,6,6,0.0
7879,CY_Battery,2050,9,7,7,0.0
7880,CY_Battery,2050,9,8,8,0.0
7881,CY_Battery,2050,9,9,9,0.0
7882,CY_Battery,2050,9,10,10,-12.121765705666336
7883,CY_Battery,2050,9,11,11,0.0
7884,CY_Battery,2050,9,12,12,0.0
7885,CY_Battery,2050,9,13,13,0.0
7886,CY_Battery,2050,9,14,14,0.0
7887,CY_Battery,2050,9,15,15,0.0
7888,CY_Battery,2050,9,16,16,0.0
7889,CY_Battery,2050,9,17,17,0.0
7890,CY_Battery,2050,9,18,18,0.0
7891,CY_Battery,2050,9,19,19,0.0
7892,CY_Battery,2050,9,20,20,0.0
7893,CY_Battery,2050,9,21,21,0.0
7894,CY_Battery,2050,9,22,22,0.0
7895,CY_Battery,2050,9,23,23,0.0
7896,CY_Battery,2050,9,24,24,0.0
7897,CY_Battery,2050,10,1,1,0.0
7898,CY_Battery,2050,10,2,2,0.0
7899,CY_Battery,2050,10,3,3,0.0
7900,CY_Battery,2050,10,4,4,0.0
7901,CY_Battery,2050,10,5,5,0.0
7902,CY_Battery,2050,10,6,6,0.0
7903,CY_Battery,2050,10,7,7,0.0
7904,CY_Battery,2050,10,8,8,0.0
7905,CY_Battery,2050,10,9,9,0.0
7906,CY_Battery,2050,10,10,10,0.0
7907,CY_Battery,2050,10,11,11,0.0
7908,CY_Battery,2050,10,12,12,0.0
7909,CY_Battery,2050,10,13,13,0.0
7910,CY_Battery,2050,10,14,14,0.0
7911,CY_Battery,2050,10,15,15,0.0
7912,CY_Battery,2050,10,16,16,0.0
7913,CY_Battery,2050,10,17,17,0.0
7914,CY_Battery,2050,10,18,18,0.0
7915,CY_Battery,2050,10,19,19,0.0
7916,CY_Battery,2050,10,20,20,0.0
7917,CY_Battery,2050,10,21,21,0.0
7918,CY_Battery,2050,10,22,22,0.0
7919,CY_Battery,2050,10,23,23,0.0
7920,CY_Battery,2050,10,24,24,0.0
7921,CY_CCGT,2050,1,1,1,0.0
7922,CY_CCGT,2050,1,2,2,0.0
7923,CY_CCGT,2050,1,3,3,0.0
7924,CY_CCGT,2050,1,4,4,0.0
7925,CY_CCGT,2050,1,5,5,0.0
7926,CY_CCGT,2050,1,6,6,0.0
7927,CY_CCGT,2050,1,7,7,0.0
7928,CY_CCGT,2050,1,8,8,0.0
7929,CY_CCGT,2050,1,9,9,0.0
7930,CY_CCGT,2050,1,10,10,0.0
7931,CY_CCGT,2050,1,11,11,0.0
7932,CY_CCGT,2050,1,12,12,0.0
7933,CY_CCGT,2050,1,13,13,0.0
7934,CY_CCGT,2050,1,14,14,0.0
7935,CY_CCGT,2050,1,15,15,0.0
7936,CY_CCGT,2050,1,16,16,0.0
7937,CY_CCGT,2050,1,17,17,0.0
7938,CY_CCGT,2050,1,18,18,-10.478965705666338
7939,CY_CCGT,2050,1,19,19,-10.478965705666338
7940,CY_CCGT,2050,1,20,20,-10.478965705666338
7941,CY_CCGT,2050,1,21,21,0.0
7942,CY_CCGT,2050,1,22,22,0.0
7943,CY_CCGT,2050,1,23,23,0.0
7944,CY_CCGT,2050,1,24,24,0.0
7945,CY_CCGT,2050,2,1,1,0.0
7946,CY_CCGT,2050,2,2,2,0.0
7947,CY_CCGT,2050,2,3,3,0.0
7948,CY_CCGT,2050,2,4,4,0.0
7949,CY_CCGT,2050,2,5,5,0.0
7950,CY_CCGT,2050,2,6,6,0.0
7951,CY_CCGT,2050,2,7,7,0.0
7952,CY_CCGT,2050,2,8,8,0.0
7953,CY_CCGT,2050,2,9,9,0.0
7954,CY_CCGT,2050,2,10,10,0.0
7955,CY_CCGT,2050,2,11,11,0.0
7956,CY_CCGT,2050,2,12,12,0.0
7957,CY_CCGT,2050,2,13,13,0.0
7958,CY_CCGT,2050,2,14,14,0.0
7959,CY_CCGT,2050,2,15,15,0.0
7960,CY_CCGT,2050,2,16,16,0.0
7961,CY_CCGT,2050,2,17,17,0.0
7962,CY_CCGT,2050,2,18,18,0.0
7963,CY_CCGT,2050,2,19,19,0.0
7964,CY_CCGT,2050,2,20,20,0.0
7965,CY_CCGT,2050,2,21,21,0.0
7966,CY_CCGT,2050,2,22,22,0.0
7967,CY_CCGT,2050,2,23,23,0.0
7968,CY_CCGT,2050,2,24,24,0.0
7969,CY_CCGT,2050,3,1,1,0.0
7970,CY_CCGT,2050,3,2,2,0.0
7971,CY_CCGT,2050,3,3,3,0.0
7972,CY_CCGT,2050,3,4,4,0.0
7973,CY_CCGT,2050,3,5,5,0.0
7974,CY_CCGT,2050,3,6,6,0.0
7975,CY_CCGT,2050,3,7,7,0.0
7976,CY_CCGT,2050,3,8,8,0.0
7977,CY_CCGT,2050,3,9,9,0.0
7978,CY_CCGT,2050,3,10,10,0.0
7979,CY_CCGT,2050,3,11,11,0.0
7980,CY_CCGT,2050,3,12,12,0.0
7981,CY_CCGT,2050,3,13,13,0.0
7982,CY_CCGT,2050,3,14,14,0.0
7983,CY_CCGT,2050,3,15,15,0.0
7984,CY_CCGT,2050,3,16,16,0.0
7985,CY_CCGT,2050,3,17,17,0.0
7986,CY_CCGT,2050,3,18,18,0.0
7987,CY_CCGT,2050,3,19,19,0.0
7988,CY_CCGT,2050,3,20,20,0.0
7989,CY_CCGT,2050,3,21,21,0.0
7990,CY_CCGT,2050,3,22,22,0.0
7991,CY_CCGT,2050,3,23,23,0.0
7992,CY_CCGT,2050,3,24,24,0.0
7993,CY_CCGT,2050,4,1,1,0.0
7994,CY_CCGT,2050,4,2,2,0.0
7995,CY_CCGT,2050,4,3,3,0.0
7996,CY_CCGT,2050,4,4,4,0.0
7997,CY_CCGT,2050,4,5,5,0.0
7998,CY_CCGT,2050,4,6,6,0.0
7999,CY_CCGT,2050,4,7,7,0.0
8000,CY_CCGT,2050,4,8,8,0.0
8001,CY_CCGT,2050,4,9,9,0.0
8002,CY_CCGT,2050,4,10,10,0.0
8003,CY_CCGT,2050,4,11,11,0.0
8004,CY_CCGT,2050,4,12,12,0.0
8005,CY_CCGT,2050,4,13,13,0.0
8006,CY_CCGT,2050,4,14,14,0.0
8007,CY_CCGT,2050,4,15,15,0.0
8008,CY_CCGT,2050,4,16,16,0.0
8009,CY_CCGT,2050,4,17,17,0.0
8010,CY_CCGT,2050,4,18,18,0.0
8011,CY_CCGT,2050,4,19,19,0.0
8012,CY_CCGT,2050,4,20,20,0.0
8013,CY_CCGT,2050,4,21,21,0.0
8014,CY_CCGT,2050,4,22,22,0.0
8015,CY_CCGT,2050,4,23,23,0.0
8016,CY_CCGT,2050,4,24,24,0.0
8017,CY_CCGT,2050,5,1,1,0.0
8018,CY_CCGT,2050,5,2,2,0.0
8019,CY_CCGT,2050,5,3,3,0.0
8020,CY_CCGT,2050,5,4,4,0.0
8021,CY_CCGT,2050,5,5,5,0.0
8022,CY_CCGT,2050,5,6,6,0.0
8023,CY_CCGT,2050,5,7,7,0.0
8024,CY_CCGT,2050,5,8,8,0.0
8025,CY_CCGT,2050,5,9,9,0.0
8026,CY_CCGT,2050,5,10,10,0.0
8027,CY_CCGT,2050,5,11,11,0.0
8028,CY_CCGT,2050,5,12,12,0.0
8029,CY_CCGT,2050,5,13,13,0.0
8030,CY_CCGT,2050,5,14,14,0.0
8031,CY_CCGT,2050,5,15,15,0.0
8032,CY_CCGT,2050,5,16,16,0.0
8033,CY_CCGT,2050,5,17,17,0.0
8034,CY_CCGT,2050,5,18,18,0.0
8035,CY_CCGT,2050,5,19,19,0.0
8036,CY_CCGT,2050,5,20,20,0.0
8037,CY_CCGT,2050,5,21,21,0.0
8038,CY_CCGT,2050,5,22,22,0.0
8039,CY_CCGT,2050,5,23,23,0.0
8040,CY_CCGT,2050,5,24,24,0.0
8041,CY_CCGT,2050,6,1,1,0.0
8042,CY_CCGT,2050,6,2,2,0.0
8043,CY_CCGT,2050,6,3,3,0.0
8044,CY_CCGT,2050,6,4,4,0.0
8045,CY_CCGT,2050,6,5,5,0.0
8046,CY_CCGT,2050,6,6,6,0.0
8047,CY_CCGT,2050,6,7,7,0.0
8048,CY_CCGT,2050,6,8,8,0.0
8049,CY_CCGT,2050,6,9,9,0.0
8050,CY_CCGT,2050,6,10,10,0.0
8051,CY_CCGT,2050,6,11,11,0.0
8052,CY_CCGT,2050,6,12,12,0.0
8053,CY_CCGT,2050,6,13,13,0.0
8054,CY_CCGT,2050,6,14,14,0.0
8055,CY_CCGT,2050,6,15,15,0.0
8056,CY_CCGT,2050,6,16,16,0.0
8057,CY_CCGT,2050,6,17,17,0.0
8058,CY_CCGT,2050,6,18,18,0.0
8059,CY_CCGT,2050,6,19,19,0.0
8060,CY_CCGT,2050,6,20,20,0.0
8061,CY_CCGT,2050,6,21,21,0.0
8062,CY_CCGT,2050,6,22,22,0.0
8063,CY_CCGT,2050,6,23,23,0.0
8064,CY_CCGT,2050,6,24,24,0.0
8065,CY_CCGT,2050,7,1,1,0.0
8066,CY_CCGT,2050,7,2,2,0.0
8067,CY_CCGT,2050,7,3,3,0.0
8068,CY_CCGT,2050,7,4,4,0.0
8069,CY_CCGT,2050,7,5,5,0.0
8070,CY_CCGT,2050,7,6,6,0.0
8071,CY_CCGT,2050,7,7,7,0.0
8072,CY_CCGT,2050,7,8,8,0.0
8073,CY_CCGT,2050,7,9,9,0.0
8074,CY_CCGT,2050,7,10,10,0.0
8075,CY_CCGT,2050,7,11,11,0.0
8076,CY_CCGT,2050,7,12,12,0.0
8077,CY_CCGT,2050,7,13,13,0.0
8078,CY_CCGT,2050,7,14,14,0.0
8079,CY_CCGT,2050,7,15,15,0.0
8080,CY_CCGT,2050,7,16,16,0.0
8081,CY_CCGT,2050,7,17,17,0.0
8082,CY_CCGT,2050,7,18,18,0.0
8083,CY_CCGT,2050,7,19,19,0.0
8084,CY_CCGT,2050,7,20,20,0.0
8085,CY_CCGT,2050,7,21,21,0.0
8086,CY_CCGT,2050,7,22,22,0.0
8087,CY_CCGT,2050,7,23,23,0.0
8088,CY_CCGT,2050,7,24,24,0.0
8089,CY_CCGT,2050,8,1,1,0.0
8090,CY_CCGT,2050,8,2,2,0.0
8091,CY_CCGT,2050,8,3,3,0.0
8092,CY_CCGT,2050,8,4,4,0.0
8093,CY_CCGT,2050,8,5,5,0.0
8094,CY_CCGT,2050,8,6,6,0.0
8095,CY_CCGT,2050,8,7,7,0.0
8096,CY_CCGT,2050,8,8,8,0.0
8097,CY_CCGT,2050,8,9,9,0.0
8098,CY_CCGT,2050,8,10,10,0.0
8099,CY_CCGT,2050,8,11,11,0.0
8100,CY_CCGT,2050,8,12,12,0.0
8101,CY_CCGT,2050,8,13,13,0.0
8102,CY_CCGT,2050,8,14,14,0.0
8103,CY_CCGT,2050,8,15,15,0.0
8104,CY_CCGT,2050,8,16,16,0.0
8105,CY_CCGT,2050,8,17,17,0.0
8106,CY_CCGT,2050,8,18,18,0.0
8107,CY_CCGT,2050,8,19,19,0.0
8108,CY_CCGT,2050,8,20,20,0.0
8109,CY_CCGT,2050,8,21,21,0.0
8110,CY_CCGT,2050,8,22,22,0.0
8111,CY_CCGT,2050,8,23,23,0.0
8112,CY_CCGT,2050,8,24,24,0.0
8113,CY_CCGT,2050,9,1,1,0.0
8114,CY_CCGT,2050,9,2,2,0.0
8115,CY_CCGT,2050,9,3,3,0.0
8116,CY_CCGT,2050,9,4,4,0.0
8117,CY_CCGT,2050,9,5,5,0.0
8118,CY_CCGT,2050,9,6,6,0.0
8119,CY_CCGT,2050,9,7,7,0.0
8120,CY_CCGT,2050,9,8,8,0.0
8121,CY_CCGT,2050,9,9,9,0.0
8122,CY_CCGT,2050,9,10,10,-11.463865705666336
8123,CY_CCGT,2050,9,11,11,0.0
8124,CY_CCGT,2050,9,12,12,0.0
8125,CY_CCGT,2050,9,13,13,0.0
8126,CY_CCGT,2050,9,14,14,0.0
8127,CY_CCGT,2050,9,15,15,0.0
8128,CY_CCGT,2050,9,16,16,0.0
8129,CY_CCGT,2050,9,17,17,0.0
8130,CY_CCGT,2050,9,18,18,0.0
8131,CY_CCGT,2050,9,19,19,0.0
8132,CY_CCGT,2050,9,20,20,0.0
8133,CY_CCGT,2050,9,21,21,0.0
8134,CY_CCGT,2050,9,22,22,0.0
8135,CY_CCGT,2050,9,23,23,0.0
8136,CY_CCGT,2050,9,24,24,0.0
8137,CY_CCGT,2050,10,1,1,0.0
8138,CY_CCGT,2050,10,2,2,0.0
8139,CY_CCGT,2050,10,3,3,0.0
8140,CY_CCGT,2050,10,4,4,0.0
8141,CY_CCGT,2050,10,5,5,0.0
8142,CY_CCGT,2050,10,6,6,0.0
8143,CY_CCGT,2050,10,7,7,0.0
8144,CY_CCGT,2050,10,8,8,0.0
8145,CY_CCGT,2050,10,9,9,0.0
8146,CY_CCGT,2050,10,10,10,0.0
8147,CY_CCGT,2050,10,11,11,0.0
8148,CY_CCGT,2050,10,12,12,0.0
8149,CY_CCGT,2050,10,13,13,0.0
8150,CY_CCGT,2050,10,14,14,0.0
8151,CY_CCGT,2050,10,15,15,0.0
8152,CY_CCGT,2050,10,16,16,0.0
8153,CY_CCGT,2050,10,17,17,0.0
8154,CY_CCGT,2050,10,18,18,0.0
8155,CY_CCGT,2050,10,19,19,0.0
8156,CY_CCGT,2050,10,20,20,0.0
8157,CY_CCGT,2050,10,21,21,0.0
8158,CY_CCGT,2050,10,22,22,0.0
8159,CY_CCGT,2050,10,23,23,0.0
8160,CY_CCGT,2050,10,24,24,0.0
8161,CY_Coal,2050,1,1,1,0.0
8162,CY_Coal,2050,1,2,2,0.0
8163,CY_Coal,2050,1,3,3,0.0
8164,CY_Coal,2050,1,4,4,0.0
8165,CY_Coal,2050,1,5,5,0.0
8166,CY_Coal,2050,1,6,6,0.0
8167,CY_Coal,2050,1,7,7,0.0
8168,CY_Coal,2050,1,8,8,0.0
8169,CY_Coal,2050,1,9,9,0.0
8170,CY_Coal,2050,1,10,10,0.0
8171,CY_Coal,2050,1,11,11,0.0
8172,CY_Coal,2050,1,12,12,0.0
8173,CY_Coal,2050,1,13,13,0.0
8174,CY_Coal,2050,1,14,14,0.0
8175,CY_Coal,2050,1,15,15,0.0
8176,CY_Coal,2050,1,16,16,0.0
8177,CY_Coal,2050,1,17,17,0.0
8178,CY_Coal,2050,1,18,18,-11.289865705666339
8179,CY_Coal,2050,1,19,19,-11.289865705666339
8180,CY_Coal,2050,1,20,20,-11.289865705666339
8181,CY_Coal,2050,1,21,21,0.0
8182,CY_Coal,2050,1,22,22,0.0
8183,CY_Coal,2050,1,23,23,0.0
8184,CY_Coal,2050,1,24,24,0.0
8185,CY_Coal,2050,2,1,1,0.0
8186,CY_Coal,2050,2,2,2,0.0
8187,CY_Coal,2050,2,3,3,0.0
8188,CY_Coal,2050,2,4,4,0.0
8189,CY_Coal,2050,2,5,5,0.0
8190,CY_Coal,2050,2,6,6,0.0
8191,CY_Coal,2050,2,7,7,0.0
8192,CY_Coal,2050,2,8,8,0.0
8193,CY_Coal,2050,2,9,9,0.0
8194,CY_Coal,2050,2,10,10,0.0
8195,CY_Coal,2050,2,11,11,0.0
8196,CY_Coal,2050,2,12,12,0.0
8197,CY_Coal,2050,2,13,13,0.0
8198,CY_Coal,2050,2,14,14,0.0
8199,CY_Coal,2050,2,15,15,0.0
8200,CY_Coal,2050,2,16,16,0.0
8201,CY_Coal,2050,2,17,17,0.0
8202,CY_Coal,2050,2,18,18,0.0
8203,CY_Coal,2050,2,19,19,0.0
8204,CY_Coal,2050,2,20,20,0.0
8205,CY_Coal,2050,2,21,21,0.0
8206,CY_Coal,2050,2,22,22,0.0
8207,CY_Coal,2050,2,23,23,0.0
8208,CY_Coal,2050,2,24,24,0.0
8209,CY_Coal,2050,3,1,1,0.0
8210,CY_Coal,2050,3,2,2,0.0
8211,CY_Coal,2050,3,3,3,0.0
8212,CY_Coal,2050,3,4,4,0.0
8213,CY_Coal,2050,3,5,5,0.0
8214,CY_Coal,2050,3,6,6,0.0
8215,CY_Coal,2050,3,7,7,0.0
8216,CY_Coal,2050,3,8,8,0.0
8217,CY_Coal,2050,3,9,9,0.0
8218,CY_Coal,2050,3,10,10,0.0
8219,CY_Coal,2050,3,11,11,0.0
8220,CY_Coal,2050,3,12,12,0.0
8221,CY_Coal,2050,3,13,13,0.0
8222,CY_Coal,2050,3,14,14,0.0
8223,CY_Coal,2050,3,15,15,0.0
8224,CY_Coal,2050,3,16,16,0.0
8225,CY_Coal,2050,3,17,17,0.0
8226,CY_Coal,2050,3,18,18,0.0
8227,CY_Coal,2050,3,19,19,0.0
8228,CY_Coal,2050,3,20,20,0.0
8229,CY_Coal,2050,3,21,21,0.0
8230,CY_Coal,2050,3,22,22,0.0
8231,CY_Coal,2050,3,23,23,0.0
8232,CY_Coal,2050,3,24,24,0.0
8233,CY_Coal,2050,4,1,1,0.0
8234,CY_Coal,2050,4,2,2,0.0
8235,CY_Coal,2050,4,3,3,0.0
8236,CY_Coal,2050,4,4,4,0.0
8237,CY_Coal,2050,4,5,5,0.0
8238,CY_Coal,2050,4,6,6,0.0
8239,CY_Coal,2050,4,7,7,0.0
8240,CY_Coal,2050,4,8,8,0.0
8241,CY_Coal,2050,4,9,9,0.0
8242,CY_Coal,2050,4,10,10,0.0
8243,CY_Coal,2050,4,11,11,0.0
8244,CY_Coal,2050,4,12,12,0.0
8245,CY_Coal,2050,4,13,13,0.0
8246,CY_Coal,2050,4,14,14,0.0
8247,CY_Coal,2050,4,15,15,0.0
8248,CY_Coal,2050,4,16,16,0.0
8249,CY_Coal,2050,4,17,17,0.0
8250,CY_Coal,2050,4,18,18,0.0
8251,CY_Coal,2050,4,19,19,0.0
8252,CY_Coal,2050,4,20,20,0.0
8253,CY_Coal,2050,4,21,21,0.0
8254,CY_Coal,2050,4,22,22,0.0
8255,CY_Coal,2050,4,23,23,0.0
8256,CY_Coal,2050,4,24,24,0.0
8257,CY_Coal,2050,5,1,1,0.0
8258,CY_Coal,2050,5,2,2,0.0
8259,CY_Coal,2050,5,3,3,0.0
8260,CY_Coal,2050,5,4,4,0.0
8261,CY_Coal,2050,5,5,5,0.0
8262,CY_Coal,2050,5,6,6,0.0
8263,CY_Coal,2050,5,7,7,0.0
8264,CY_Coal,2050,5,8,8,0.0
8265,CY_Coal,2050,5,9,9,0.0
8266,CY_Coal,2050,5,10,10,0.0
8267,CY_Coal,2050,5,11,11,0.0
8268,CY_Coal,2050,5,12,12,0.0
8269,CY_Coal,2050,5,13,13,0.0
8270,CY_Coal,2050,5,14,14,0.0
8271,CY_Coal,2050,5,15,15,0.0
8272,CY_Coal,2050,5,16,16,0.0
8273,CY_Coal,2050,5,17,17,0.0
8274,CY_Coal,2050,5,18,18,0.0
8275,CY_Coal,2050,5,19,19,0.0
8276,CY_Coal,2050,5,20,20,0.0
8277,CY_Coal,2050,5,21,21,0.0
8278,CY_Coal,2050,5,22,22,0.0
8279,CY_Coal,2050,5,23,23,0.0
8280,CY_Coal,2050,5,24,24,0.0
8281,CY_Coal,2050,6,1,1,0.0
8282,CY_Coal,2050,6,2,2,0.0
8283,CY_Coal,2050,6,3,3,0.0
8284,CY_Coal,2050,6,4,4,0.0
8285,CY_Coal,2050,6,5,5,0.0
8286,CY_Coal,2050,6,6,6,0.0
8287,CY_Coal,2050,6,7,7,0.0
8288,CY_Coal,2050,6,8,8,0.0
8289,CY_Coal,2050,6,9,9,0.0
8290,CY_Coal,2050,6,10,10,0.0
8291,CY_Coal,2050,6,11,11,0.0
8292,CY_Coal,2050,6,12,12,0.0
8293,CY_Coal,2050,6,13,13,0.0
8294,CY_Coal,2050,6,14,14,0.0
8295,CY_Coal,2050,6,15,15,0.0
8296,CY_Coal,2050,6,16,16,0.0
8297,CY_Coal,2050,6,17,17,0.0
8298,CY_Coal,2050,6,18,18,0.0
8299,CY_Coal,2050,6,19,19,0.0
8300,CY_Coal,2050,6,20,20,0.0
8301,CY_Coal,2050,6,21,21,0.0
8302,CY_Coal,2050,6,22,22,0.0
8303,CY_Coal,2050,6,23,23,0.0
8304,CY_Coal,2050,6,24,24,0.0
8305,CY_Coal,2050,7,1,1,0.0
8306,CY_Coal,2050,7,2,2,0.0
8307,CY_Coal,2050,7,3,3,0.0
8308,CY_Coal,2050,7,4,4,0.0
8309,CY_Coal,2050,7,5,5,0.0
8310,CY_Coal,2050,7,6,6,0.0
8311,CY_Coal,2050,7,7,7,0.0
8312,CY_Coal,2050,7,8,8,0.0
8313,CY_Coal,2050,7,9,9,0.0
8314,CY_Coal,2050,7,10,10,0.0
8315,CY_Coal,2050,7,11,11,0.0
8316,CY_Coal,2050,7,12,12,0.0
8317,CY_Coal,2050,7,13,13,0.0
8318,CY_Coal,2050,7,14,14,0.0
8319,CY_Coal,2050,7,15,15,0.0
8320,CY_Coal,2050,7,16,16,0.0
8321,CY_Coal,2050,7,17,17,0.0
8322,CY_Coal,2050,7,18,18,0.0
8323,CY_Coal,2050,7,19,19,0.0
8324,CY_Coal,2050,7,20,20,0.0
8325,CY_Coal,2050,7,21,21,0.0
8326,CY_Coal,2050,7,22,22,0.0
8327,CY_Coal,2050,7,23,23,0.0
8328,CY_Coal,2050,7,24,24,0.0
8329,CY_Coal,2050,8,1,1,0.0
8330,CY_Coal,2050,8,2,2,0.0
8331,CY_Coal,2050,8,3,3,0.0
8332,CY_Coal,2050,8,4,4,0.0
8333,CY_Coal,2050,8,5,5,0.0
8334,CY_Coal,2050,8,6,6,0.0
8335,CY_Coal,2050,8,7,7,0.0
8336,CY_Coal,2050,8,8,8,0.0
8337,CY_Coal,2050,8,9,9,0.0
8338,CY_Coal,2050,8,10,10,0.0
8339,CY_Coal,2050,8,11,11,0.0
8340,CY_Coal,2050,8,12,12,0.0
8341,CY_Coal,2050,8,13,13,0.0
8342,CY_Coal,2050,8,14,14,0.0
8343,CY_Coal,2050,8,15,15,0.0
8344,CY_Coal,2050,8,16,16,0.0
8345,CY_Coal,2050,8,17,17,0.0
8346,CY_Coal,2050,8,18,18,0.0
8347,CY_Coal,2050,8,19,19,0.0
8348,CY_Coal,2050,8,20,20,0.0
8349,CY_Coal,2050,8,21,21,0.0
8350,CY_Coal,2050,8,22,22,0.0
8351,CY_Coal,2050,8,23,23,0.0
8352,CY_Coal,2050,8,24,24,0.0
8353,CY_Coal,2050,9,1,1,0.0
8354,CY_Coal,2050,9,2,2,0.0
8355,CY_Coal,2050,9,3,3,0.0
8356,CY_Coal,2050,9,4,4,0.0
8357,CY_Coal,2050,9,5,5,0.0
8358,CY_Coal,2050,9,6,6,0.0
8359,CY_Coal,2050,9,7,7,0.0
8360,CY_Coal,2050,9,8,8,0.0
8361,CY_Coal,2050,9,9,9,0.0
8362,CY_Coal,2050,9,10,10,0.0
8363,CY_Coal,2050,9,11,11,0.0
8364,CY_Coal,2050,9,12,12,0.0
8365,CY_Coal,2050,9,13,13,0.0
8366,CY_Coal,2050,9,14,14,0.0
8367,CY_Coal,2050,9,15,15,0.0
8368,CY_Coal,2050,9,16,16,0.0
8369,CY_Coal,2050,9,17,17,0.0
8370,CY_Coal,2050,9,18,18,0.0
8371,CY_Coal,2050,9,19,19,0.0
8372,CY_Coal,2050,9,20,20,0.0
8373,CY_Coal,2050,9,21,21,0.0
8374,CY_Coal,2050,9,22,22,0.0
8375,CY_Coal,2050,9,23,23,0.0
8376,CY_Coal,2050,9,24,24,0.0
8377,CY_Coal,2050,10,1,1,0.0
8378,CY_Coal,2050,10,2,2,0.0
8379,CY_Coal,2050,10,3,3,0.0
8380,CY_Coal,2050,10,4,4,0.0
8381,CY_Coal,2050,10,5,5,0.0
8382,CY_Coal,2050,10,6,6,0.0
8383,CY_Coal,2050,10,7,7,0.0
8384,CY_Coal,2050,10,8,8,0.0
8385,CY_Coal,2050,10,9,9,0.0
8386,CY_Coal,2050,10,10,10,0.0
8387,CY_Coal,2050,10,11,11,0.0
8388,CY_Coal,2050,10,12,12,0.0
8389,CY_Coal,2050,10,13,13,0.0
8390,CY_Coal,2050,10,14,14,0.0
8391,CY_Coal,2050,10,15,15,0.0
8392,CY_Coal,2050,10,16,16,0.0
8393,CY_Coal,2050,10,17,17,0.0
8394,CY_Coal,2050,10,18,18,0.0
8395,CY_Coal,2050,10,19,19,0.0
8396,CY_Coal,2050,10,20,20,0.0
8397,CY_Coal,2050,10,21,21,0.0
8398,CY_Coal,2050,10,22,22,0.0
8399,CY_Coal,2050,10,23,23,0.0
8400,CY_Coal,2050,10,24,24,0.0
8401,CY_Nuclear,2050,1,1,1,-0.49290000000000006
8402,CY_Nuclear,2050,1,2,2,-0.49290000000000006
8403,CY_Nuclear,2050,1,3,3,-0.49290000000000006
8404,CY_Nuclear,2050,1,4,4,-0.49290000000000006
8405,CY_Nuclear,2050,1,5,5,-0.49290000000000006
8406,CY_Nuclear,2050,1,6,6,-0.49290000000000006
8407,CY_Nuclear,2050,1,7,7,-0.49290000000000006
8408,CY_Nuclear,2050,1,8,8,-0.49290000000000006
8409,CY_Nuclear,2050,1,9,9,-0.49290000000000006
8410,CY_Nuclear,2050,1,10,10,-0.49290000000000006
8411,CY_Nuclear,2050,1,11,11,-0.49290000000000006
8412,CY_Nuclear,2050,1,12,12,-0.49290000000000006
8413,CY_Nuclear,2050,1,13,13,-0.49290000000000006
8414,CY_Nuclear,2050,1,14,14,-0.49290000000000006
8415,CY_Nuclear,2050,1,15,15,-0.49290000000000006
8416,CY_Nuclear,2050,1,16,16,-0.49290000000000006
8417,CY_Nuclear,2050,1,17,17,-0.49290000000000006
8418,CY_Nuclear,2050,1,18,18,-11.782765705666339
8419,CY_Nuclear,2050,1,19,19,-11.782765705666339
8420,CY_Nuclear,2050,1,20,20,-11.782765705666339
8421,CY_Nuclear,2050,1,21,21,-0.49290000000000006
8422,CY_Nuclear,2050,1,22,22,-0.49290000000000006
8423,CY_Nuclear,2050,1,23,23,-0.49290000000000006
8424,CY_Nuclear,2050,1,24,24,-0.49290000000000006
8425,CY_Nuclear,2050,2,1,1,-0.30690000000000006
8426,CY_Nuclear,2050,2,2,2,-0.30690000000000006
8427,CY_Nuclear,2050,2,3,3,-0.30690000000000006
8428,CY_Nuclear,2050,2,4,4,-0.30690000000000006
8429,CY_Nuclear,2050,2,5,5,-0.30690000000000006
8430,CY_Nuclear,2050,2,6,6,-0.30690000000000006
8431,CY_Nuclear,2050,2,7,7,-0.30690000000000006
8432,CY_Nuclear,2050,2,8,8,0.0
8433,CY_Nuclear,2050,2,9,9,0.0
8434,CY_Nuclear,2050,2,10,10,0.0
8435,CY_Nuclear,2050,2,11,11,0.0
8436,CY_Nuclear,2050,2,12,12,0.0
8437,CY_Nuclear,2050,2,13,13,-0.30690000000000006
8438,CY_Nuclear,2050,2,14,14,-0.30690000000000006
8439,CY_Nuclear,2050,2,15,15,-0.30690000000000006
8440,CY_Nuclear,2050,2,16,16,-0.30690000000000006
8441,CY_Nuclear,2050,2,17,17,-0.30690000000000006
8442,CY_Nuclear,2050,2,18,18,-0.30690000000000006
8443,CY_Nuclear,2050,2,19,19,-0.30690000000000006
8444,CY_Nuclear,2050,2,20,20,-0.30690000000000006
8445,CY_Nuclear,2050,2,21,21,-0.30690000000000006
8446,CY_Nuclear,2050,2,22,22,-0.30690000000000006
8447,CY_Nuclear,2050,2,23,23,-0.30690000000000006
8448,CY_Nuclear,2050,2,24,24,-0.30690000000000006
8449,CY_Nuclear,2050,3,1,1,-0.2697
8450,CY_Nuclear,2050,3,2,2,-0.2697
8451,CY_Nuclear,2050,3,3,3,-0.2697
8452,CY_Nuclear,2050,3,4,4,-0.2697
8453,CY_Nuclear,2050,3,5,5,-0.2697
8454,CY_Nuclear,2050,3,6,6,-0.2697
8455,CY_Nuclear,2050,3,7,7,-0.2697
8456,CY_Nuclear,2050,3,8,8,-0.2697
8457,CY_Nuclear,2050,3,9,9,-0.2697
8458,CY_Nuclear,2050,3,10,10,-0.2697
8459,CY_Nuclear,2050,3,11,11,-0.2697
8460,CY_Nuclear,2050,3,12,12,-0.2697
8461,CY_Nuclear,2050,3,13,13,0.0
8462,CY_Nuclear,2050,3,14,14,-0.2697
8463,CY_Nuclear,2050,3,15,15,-0.2697
8464,CY_Nuclear,2050,3,16,16,-0.2697
8465,CY_Nuclear,2050,3,17,17,-0.2697
8466,CY_Nuclear,2050,3,18,18,-0.2697
8467,CY_Nuclear,2050,3,19,19,-0.2697
8468,CY_Nuclear,2050,3,20,20,-0.2697
8469,CY_Nuclear,2050,3,21,21,-0.2697
8470,CY_Nuclear,2050,3,22,22,-0.2697
8471,CY_Nuclear,2050,3,23,23,-0.2697
8472,CY_Nuclear,2050,3,24,24,-0.2697
8473,CY_Nuclear,2050,4,1,1,-0.21390000000000003
8474,CY_Nuclear,2050,4,2,2,-0.21390000000000003
8475,CY_Nuclear,2050,4,3,3,-0.21390000000000003
8476,CY_Nuclear,2050,4,4,4,-0.21390000000000003
8477,CY_Nuclear,2050,4,5,5,-0.21390000000000003
8478,CY_Nuclear,2050,4,6,6,-0.21390000000000003
8479,CY_Nuclear,2050,4,7,7,-0.21390000000000003
8480,CY_Nuclear,2050,4,8,8,-0.21390000000000003
8481,CY_Nuclear,2050,4,9,9,-0.21390000000000003
8482,CY_Nuclear,2050,4,10,10,-0.21390000000000003
8483,CY_Nuclear,2050,4,11,11,-0.21390000000000003
8484,CY_Nuclear,2050,4,12,12,-0.21390000000000003
8485,CY_Nuclear,2050,4,13,13,-0.21390000000000003
8486,CY_Nuclear,2050,4,14,14,-0.21390000000000003
8487,CY_Nuclear,2050,4,15,15,-0.21390000000000003
8488,CY_Nuclear,2050,4,16,16,-0.21390000000000003
8489,CY_Nuclear,2050,4,17,17,-0.21390000000000003
8490,CY_Nuclear,2050,4,18,18,-0.21390000000000003
8491,CY_Nuclear,2050,4,19,19,-0.21390000000000003
8492,CY_Nuclear,2050,4,20,20,-0.21390000000000003
8493,CY_Nuclear,2050,4,21,21,-0.21390000000000003
8494,CY_Nuclear,2050,4,22,22,-0.21390000000000003
8495,CY_Nuclear,2050,4,23,23,-0.21390000000000003
8496,CY_Nuclear,2050,4,24,24,-0.21390000000000003
8497,CY_Nuclear,2050,5,1,1,-0.48360000000000003
8498,CY_Nuclear,2050,5,2,2,-0.48360000000000003
8499,CY_Nuclear,2050,5,3,3,-0.48360000000000003
8500,CY_Nuclear,2050,5,4,4,-0.48360000000000003
8501,CY_Nuclear,2050,5,5,5,-0.48360000000000003
8502,CY_Nuclear,2050,5,6,6,-0.48360000000000003
8503,CY_Nuclear,2050,5,7,7,-0.48360000000000003
8504,CY_Nuclear,2050,5,8,8,-0.48360000000000003
8505,CY_Nuclear,2050,5,9,9,-0.48360000000000003
8506,CY_Nuclear,2050,5,10,10,-0.48360000000000003
8507,CY_Nuclear,2050,5,11,11,-0.48360000000000003
8508,CY_Nuclear,2050,5,12,12,-0.48360000000000003
8509,CY_Nuclear,2050,5,13,13,-0.48360000000000003
8510,CY_Nuclear,2050,5,14,14,-0.48360000000000003
8511,CY_Nuclear,2050,5,15,15,-0.48360000000000003
8512,CY_Nuclear,2050,5,16,16,-0.48360000000000003
8513,CY_Nuclear,2050,5,17,17,-0.48360000000000003
8514,CY_Nuclear,2050,5,18,18,-0.48360000000000003
8515,CY_Nuclear,2050,5,19,19,-0.48360000000000003
8516,CY_Nuclear,2050,5,20,20,-0.48360000000000003
8517,CY_Nuclear,2050,5,21,21,-0.48360000000000003
8518,CY_Nuclear,2050,5,22,22,-0.48360000000000003
8519,CY_Nuclear,2050,5,23,23,-0.48360000000000003
8520,CY_Nuclear,2050,5,24,24,-0.48360000000000003
8521,CY_Nuclear,2050,6,1,1,-0.1674
8522,CY_Nuclear,2050,6,2,2,-0.1674
8523,CY_Nuclear,2050,6,3,3,-0.1674
8524,CY_Nuclear,2050,6,4,4,-0.1674
8525,CY_Nuclear,2050,6,5,5,-0.1674
8526,CY_Nuclear,2050,6,6,6,-0.1674
8527,CY_Nuclear,2050,6,7,7,0.0
8528,CY_Nuclear,2050,6,8,8,0.0
8529,CY_Nuclear,2050,6,9,9,0.0
8530,CY_Nuclear,2050,6,10,10,0.0
8531,CY_Nuclear,2050,6,11,11,0.0
8532,CY_Nuclear,2050,6,12,12,0.0
8533,CY_Nuclear,2050,6,13,13,0.0
8534,CY_Nuclear,2050,6,14,14,0.0
8535,CY_Nuclear,2050,6,15,15,-0.1674
8536,CY_Nuclear,2050,6,16,16,-0.1674
8537,CY_Nuclear,2050,6,17,17,-0.1674
8538,CY_Nuclear,2050,6,18,18,-0.1674
8539,CY_Nuclear,2050,6,19,19,-0.1674
8540,CY_Nuclear,2050,6,20,20,-0.1674
8541,CY_Nuclear,2050,6,21,21,-0.1674
8542,CY_Nuclear,2050,6,22,22,-0.1674
8543,CY_Nuclear,2050,6,23,23,-0.1674
8544,CY_Nuclear,2050,6,24,24,-0.1674
8545,CY_Nuclear,2050,7,1,1,-0.3441000000000001
8546,CY_Nuclear,2050,7,2,2,-0.3441000000000001
8547,CY_Nuclear,2050,7,3,3,-0.3441000000000001
8548,CY_Nuclear,2050,7,4,4,-0.3441000000000001
8549,CY_Nuclear,2050,7,5,5,-0.3441000000000001
8550,CY_Nuclear,2050,7,6,6,-0.3441000000000001
8551,CY_Nuclear,2050,7,7,7,-0.3441000000000001
8552,CY_Nuclear,2050,7,8,8,0.0
8553,CY_Nuclear,2050,7,9,9,0.0
8554,CY_Nuclear,2050,7,10,10,0.0
8555,CY_Nuclear,2050,7,11,11,0.0
8556,CY_Nuclear,2050,7,12,12,0.0
8557,CY_Nuclear,2050,7,13,13,0.0
8558,CY_Nuclear,2050,7,14,14,0.0
8559,CY_Nuclear,2050,7,15,15,0.0
8560,CY_Nuclear,2050,7,16,16,-0.3441000000000001
8561,CY_Nuclear,2050,7,17,17,-0.3441000000000001
8562,CY_Nuclear,2050,7,18,18,-0.3441000000000001
8563,CY_Nuclear,2050,7,19,19,-0.3441000000000001
8564,CY_Nuclear,2050,7,20,20,-0.3441000000000001
8565,CY_Nuclear,2050,7,21,21,-0.3441000000000001
8566,CY_Nuclear,2050,7,22,22,-0.3441000000000001
8567,CY_Nuclear,2050,7,23,23,-0.3441000000000001
8568,CY_Nuclear,2050,7,24,24,-0.3441000000000001
8569,CY_Nuclear,2050,8,1,1,-0.2883
8570,CY_Nuclear,2050,8,2,2,-0.2883
8571,CY_Nuclear,2050,8,3,3,-0.2883
8572,CY_Nuclear,2050,8,4,4,-0.2883
8573,CY_Nuclear,2050,8,5,5,-0.2883
8574,CY_Nuclear,2050,8,6,6,-0.2883
8575,CY_Nuclear,2050,8,7,7,0.0
8576,CY_Nuclear,2050,8,8,8,0.0
8577,CY_Nuclear,2050,8,9,9,0.0
8578,CY_Nuclear,2050,8,10,10,0.0
8579,CY_Nuclear,2050,8,11,11,0.0
8580,CY_Nuclear,2050,8,12,12,0.0
8581,CY_Nuclear,2050,8,13,13,0.0
8582,CY_Nuclear,2050,8,14,14,0.0
8583,CY_Nuclear,2050,8,15,15,0.0
8584,CY_Nuclear,2050,8,16,16,-0.2883
8585,CY_Nuclear,2050,8,17,17,-0.2883
8586,CY_Nuclear,2050,8,18,18,-0.2883
8587,CY_Nuclear,2050,8,19,19,-0.2883
8588,CY_Nuclear,2050,8,20,20,-0.2883
8589,CY_Nuclear,2050,8,21,21,-0.2883
8590,CY_Nuclear,2050,8,22,22,-0.2883
8591,CY_Nuclear,2050,8,23,23,-0.2883
8592,CY_Nuclear,2050,8,24,24,-0.2883
8593,CY_Nuclear,2050,9,1,1,-0.39990000000000003
8594,CY_Nuclear,2050,9,2,2,-0.39990000000000003
8595,CY_Nuclear,2050,9,3,3,-0.39990000000000003
8596,CY_Nuclear,2050,9,4,4,-0.39990000000000003
8597,CY_Nuclear,2050,9,5,5,-0.39990000000000003
8598,CY_Nuclear,2050,9,6,6,-0.39990000000000003
8599,CY_Nuclear,2050,9,7,7,-0.39990000000000003
8600,CY_Nuclear,2050,9,8,8,-0.39990000000000003
8601,CY_Nuclear,2050,9,9,9,-0.39990000000000003
8602,CY_Nuclear,2050,9,10,10,-12.521665705666337
8603,CY_Nuclear,2050,9,11,11,-0.39990000000000003
8604,CY_Nuclear,2050,9,12,12,0.0
8605,CY_Nuclear,2050,9,13,13,-0.39990000000000003
8606,CY_Nuclear,2050,9,14,14,-0.39990000000000003
8607,CY_Nuclear,2050,9,15,15,-0.39990000000000003
8608,CY_Nuclear,2050,9,16,16,-0.39990000000000003
8609,CY_Nuclear,2050,9,17,17,-0.39990000000000003
8610,CY_Nuclear,2050,9,18,18,-0.39990000000000003
8611,CY_Nuclear,2050,9,19,19,-0.39990000000000003
8612,CY_Nuclear,2050,9,20,20,-0.39990000000000003
8613,CY_Nuclear,2050,9,21,21,-0.39990000000000003
8614,CY_Nuclear,2050,9,22,22,-0.39990000000000003
8615,CY_Nuclear,2050,9,23,23,-0.39990000000000003
8616,CY_Nuclear,2050,9,24,24,-0.39990000000000003
8617,CY_Nuclear,2050,10,1,1,-0.42780000000000007
8618,CY_Nuclear,2050,10,2,2,-0.42780000000000007
8619,CY_Nuclear,2050,10,3,3,-0.42780000000000007
8620,CY_Nuclear,2050,10,4,4,-0.42780000000000007
8621,CY_Nuclear,2050,10,5,5,-0.42780000000000007
8622,CY_Nuclear,2050,10,6,6,-0.42780000000000007
8623,CY_Nuclear,2050,10,7,7,-0.42780000000000007
8624,CY_Nuclear,2050,10,8,8,-0.42780000000000007
8625,CY_Nuclear,2050,10,9,9,-0.42780000000000007
8626,CY_Nuclear,2050,10,10,10,-0.42780000000000007
8627,CY_Nuclear,2050,10,11,11,-0.42780000000000007
8628,CY_Nuclear,2050,10,12,12,-0.42780000000000007
8629,CY_Nuclear,2050,10,13,13,-0.42780000000000007
8630,CY_Nuclear,2050,10,14,14,-0.42780000000000007
8631,CY_Nuclear,2050,10,15,15,-0.42780000000000007
8632,CY_Nuclear,2050,10,16,16,-0.42780000000000007
8633,CY_Nuclear,2050,10,17,17,-0.42780000000000007
8634,CY_Nuclear,2050,10,18,18,-0.42780000000000007
8635,CY_Nuclear,2050,10,19,19,-0.42780000000000007
8636,CY_Nuclear,2050,10,20,20,-0.42780000000000007
8637,CY_Nuclear,2050,10,21,21,-0.42780000000000007
8638,CY_Nuclear,2050,10,22,22,-0.42780000000000007
8639,CY_Nuclear,2050,10,23,23,-0.42780000000000007
8640,CY_Nuclear,2050,10,24,24,-0.42780000000000007
8641,CY_Solar,2050,1,1,1,-0.9381
8642,CY_Solar,2050,1,2,2,-0.9381
8643,CY_Solar,2050,1,3,3,-0.9381
8644,CY_Solar,2050,1,4,4,-0.9381
8645,CY_Solar,2050,1,5,5,-0.9381
8646,CY_Solar,2050,1,6,6,-0.9381
8647,CY_Solar,2050,1,7,7,-0.9381
8648,CY_Solar,2050,1,8,8,-0.9381
8649,CY_Solar,2050,1,9,9,-0.9381
8650,CY_Solar,2050,1,10,10,-0.9381
8651,CY_Solar,2050,1,11,11,-0.9381
8652,CY_Solar,2050,1,12,12,-0.9381
8653,CY_Solar,2050,1,13,13,-0.9381
8654,CY_Solar,2050,1,14,14,-0.9381
8655,CY_Solar,2050,1,15,15,-0.9381
8656,CY_Solar,2050,1,16,16,-0.9381
8657,CY_Solar,2050,1,17,17,-0.9381
8658,CY_Solar,2050,1,18,18,-12.227965705666339
8659,CY_Solar,2050,1,19,19,-12.227965705666339
8660,CY_Solar,2050,1,20,20,-12.227965705666339
8661,CY_Solar,2050,1,21,21,-0.9381
8662,CY_Solar,2050,1,22,22,-0.9381
8663,CY_Solar,2050,1,23,23,-0.9381
8664,CY_Solar,2050,1,24,24,-0.9381
8665,CY_Solar,2050,2,1,1,-0.5841000000000001
8666,CY_Solar,2050,2,2,2,-0.5841000000000001
8667,CY_Solar,2050,2,3,3,-0.5841000000000001
8668,CY_Solar,2050,2,4,4,-0.5841000000000001
8669,CY_Solar,2050,2,5,5,-0.5841000000000001
8670,CY_Solar,2050,2,6,6,-0.5841000000000001
8671,CY_Solar,2050,2,7,7,-0.5841000000000001
8672,CY_Solar,2050,2,8,8,0.0
8673,CY_Solar,2050,2,9,9,0.0
8674,CY_Solar,2050,2,10,10,0.0
8675,CY_Solar,2050,2,11,11,0.0
8676,CY_Solar,2050,2,12,12,0.0
8677,CY_Solar,2050,2,13,13,-0.5841000000000001
8678,CY_Solar,2050,2,14,14,-0.5841000000000001
8679,CY_Solar,2050,2,15,15,-0.5841000000000001
8680,CY_Solar,2050,2,16,16,-0.5841000000000001
8681,CY_Solar,2050,2,17,17,-0.5841000000000001
8682,CY_Solar,2050,2,18,18,-0.5841000000000001
8683,CY_Solar,2050,2,19,19,-0.5841000000000001
8684,CY_Solar,2050,2,20,20,-0.5841000000000001
8685,CY_Solar,2050,2,21,21,-0.5841000000000001
8686,CY_Solar,2050,2,22,22,-0.5841000000000001
8687,CY_Solar,2050,2,23,23,-0.5841000000000001
8688,CY_Solar,2050,2,24,24,-0.5841000000000001
8689,CY_Solar,2050,3,1,1,-0.5133
8690,CY_Solar,2050,3,2,2,-0.5133
8691,CY_Solar,2050,3,3,3,-0.5133
8692,CY_Solar,2050,3,4,4,-0.5133
8693,CY_Solar,2050,3,5,5,-0.5133
8694,CY_Solar,2050,3,6,6,-0.5133
8695,CY_Solar,2050,3,7,7,-0.5133
8696,CY_Solar,2050,3,8,8,-0.5133
8697,CY_Solar,2050,3,9,9,-0.5133
8698,CY_Solar,2050,3,10,10,-0.5133
8699,CY_Solar,2050,3,11,11,-0.5133
8700,CY_Solar,2050,3,12,12,-0.5133
8701,CY_Solar,2050,3,13,13,0.0
8702,CY_Solar,2050,3,14,14,-0.5133
8703,CY_Solar,2050,3,15,15,-0.5133
8704,CY_Solar,2050,3,16,16,-0.5133
8705,CY_Solar,2050,3,17,17,-0.5133
8706,CY_Solar,2050,3,18,18,-0.5133
8707,CY_Solar,2050,3,19,19,-0.5133
8708,CY_Solar,2050,3,20,20,-0.5133
8709,CY_Solar,2050,3,21,21,-0.5133
8710,CY_Solar,2050,3,22,22,-0.5133
8711,CY_Solar,2050,3,23,23,-0.5133
8712,CY_Solar,2050,3,24,24,-0.5133
8713,CY_Solar,2050,4,1,1,-0.4071
8714,CY_Solar,2050,4,2,2,-0.4071
8715,CY_Solar,2050,4,3,3,-0.4071
8716,CY_Solar,2050,4,4,4,-0.4071
8717,CY_Solar,2050,4,5,5,-0.4071
8718,CY_Solar,2050,4,6,6,-0.4071
8719,CY_Solar,2050,4,7,7,-0.4071
8720,CY_Solar,2050,4,8,8,-0.4071
8721,CY_Solar,2050,4,9,9,-0.4071
8722,CY_Solar,2050,4,10,10,-0.4071
8723,CY_Solar,2050,4,11,11,-0.4071
8724,CY_Solar,2050,4,12,12,-0.4071
8725,CY_Solar,2050,4,13,13,-0.4071
8726,CY_Solar,2050,4,14,14,-0.4071
8727,CY_Solar,2050,4,15,15,-0.4071
8728,CY_Solar,2050,4,16,16,-0.4071
8729,CY_Solar,2050,4,17,17,-0.4071
8730,CY_Solar,2050,4,18,18,-0.4071
8731,CY_Solar,2050,4,19,19,-0.4071
8732,CY_Solar,2050,4,20,20,-0.4071
8733,CY_Solar,2050,4,21,21,-0.4071
8734,CY_Solar,2050,4,22,22,-0.4071
8735,CY_Solar,2050,4,23,23,-0.4071
8736,CY_Solar,2050,4,24,24,-0.4071
8737,CY_Solar,2050,5,1,1,-0.9204
8738,CY_Solar,2050,5,2,2,-0.9204
8739,CY_Solar,2050,5,3,3,-0.9204
8740,CY_Solar,2050,5,4,4,-0.9204
8741,CY_Solar,2050,5,5,5,-0.9204
8742,CY_Solar,2050,5,6,6,-0.9204
8743,CY_Solar,2050,5,7,7,-0.9204
8744,CY_Solar,2050,5,8,8,-0.9204
8745,CY_Solar,2050,5,9,9,-0.9204
8746,CY_Solar,2050,5,10,10,-0.9204
8747,CY_Solar,2050,5,11,11,-0.9204
8748,CY_Solar,2050,5,12,12,-0.9204
8749,CY_Solar,2050,5,13,13,-0.9204
8750,CY_Solar,2050,5,14,14,-0.9204
8751,CY_Solar,2050,5,15,15,-0.9204
8752,CY_Solar,2050,5,16,16,-0.9204
8753,CY_Solar,2050,5,17,17,-0.9204
8754,CY_Solar,2050,5,18,18,-0.9204
8755,CY_Solar,2050,5,19,19,-0.9204
8756,CY_Solar,2050,5,20,20,-0.9204
8757,CY_Solar,2050,5,21,21,-0.9204
8758,CY_Solar,2050,5,22,22,-0.9204
8759,CY_Solar,2050,5,23,23,-0.9204
8760,CY_Solar,2050,5,24,24,-0.9204
8761,CY_Solar,2050,6,1,1,-0.3186
8762,CY_Solar,2050,6,2,2,-0.3186
8763,CY_Solar,2050,6,3,3,-0.3186
8764,CY_Solar,2050,6,4,4,-0.3186
8765,CY_Solar,2050,6,5,5,-0.3186
8766,CY_Solar,2050,6,6,6,-0.3186
8767,CY_Solar,2050,6,7,7,0.0
8768,CY_Solar,2050,6,8,8,0.0
8769,CY_Solar,2050,6,9,9,0.0
8770,CY_Solar,2050,6,10,10,0.0
8771,CY_Solar,2050,6,11,11,0.0
8772,CY_Solar,2050,6,12,12,0.0
8773,CY_Solar,2050,6,13,13,0.0
8774,CY_Solar,2050,6,14,14,0.0
8775,CY_Solar,2050,6,15,15,-0.3186
8776,CY_Solar,2050,6,16,16,-0.3186
8777,CY_Solar,2050,6,17,17,-0.3186
8778,CY_Solar,2050,6,18,18,-0.3186
8779,CY_Solar,2050,6,19,19,-0.3186
8780,CY_Solar,2050,6,20,20,-0.3186
8781,CY_Solar,2050,6,21,21,-0.3186
8782,CY_Solar,2050,6,22,22,-0.3186
8783,CY_Solar,2050,6,23,23,-0.3186
8784,CY_Solar,2050,6,24,24,-0.3186
8785,CY_Solar,2050,7,1,1,-0.6549
8786,CY_Solar,2050,7,2,2,-0.6549
8787,CY_Solar,2050,7,3,3,-0.6549
8788,CY_Solar,2050,7,4,4,-0.6549
8789,CY_Solar,2050,7,5,5,-0.6549
8790,CY_Solar,2050,7,6,6,-0.6549
8791,CY_Solar,2050,7,7,7,-0.6549
8792,CY_Solar,2050,7,8,8,0.0
8793,CY_Solar,2050,7,9,9,0.0
8794,CY_Solar,2050,7,10,10,0.0
8795,CY_Solar,2050,7,11,11,0.0
8796,CY_Solar,2050,7,12,12,0.0
8797,CY_Solar,2050,7,13,13,0.0
8798,CY_Solar,2050,7,14,14,0.0
8799,CY_Solar,2050,7,15,15,0.0
8800,CY_Solar,2050,7,16,16,-0.6549
8801,CY_OCGT,2050,1,1,1,0.0
8802,CY_OCGT,2050,1,2,2,0.0
8803,CY_OCGT,2050,1,3,3,0.0
8804,CY_OCGT,2050,1,4,4,0.0
8805,CY_OCGT,2050,1,5,5,0.0
8806,CY_OCGT,2050,1,6,6,0.0
8807,CY_OCGT,2050,1,7,7,0.0
8808,CY_OCGT,2050,1,8,8,0.0
8809,CY_OCGT,2050,1,9,9,0.0
8810,CY_OCGT,2050,1,10,10,0.0
8811,CY_OCGT,2050,1,11,11,0.0
8812,CY_OCGT,2050,1,12,12,0.0
8813,CY_OCGT,2050,1,13,13,0.0
8814,CY_OCGT,2050,1,14,14,0.0
8815,CY_OCGT,2050,1,15,15,0.0
8816,CY_OCGT,2050,1,16,16,0.0
8817,CY_OCGT,2050,1,17,17,0.0
8818,CY_OCGT,2050,1,18,18,-9.52496570566634
8819,CY_OCGT,2050,1,19,19,-9.52496570566634
8820,CY_OCGT,2050,1,20,20,-9.52496570566634
8821,CY_OCGT,2050,1,21,21,0.0
8822,CY_OCGT,2050,1,22,22,0.0
8823,CY_OCGT,2050,1,23,23,0.0
8824,CY_OCGT,2050,1,24,24,0.0
8825,CY_OCGT,2050,2,1,1,0.0
8826,CY_OCGT,2050,2,2,2,0.0
8827,CY_OCGT,2050,2,3,3,0.0
8828,CY_OCGT,2050,2,4,4,0.0
8829,CY_OCGT,2050,2,5,5,0.0
8830,CY_OCGT,2050,2,6,6,0.0
8831,CY_OCGT,2050,2,7,7,0.0
8832,CY_OCGT,2050,2,8,8,0.0
8833,CY_OCGT,2050,2,9,9,0.0
8834,CY_OCGT,2050,2,10,10,0.0
8835,CY_OCGT,2050,2,11,11,0.0
8836,CY_OCGT,2050,2,12,12,0.0
8837,CY_OCGT,2050,2,13,13,0.0
8838,CY_OCGT,2050,2,14,14,0.0
8839,CY_OCGT,2050,2,15,15,0.0
8840,CY_OCGT,2050,2,16,16,0.0
8841,CY_OCGT,2050,2,17,17,0.0
8842,CY_OCGT,2050,2,18,18,0.0
8843,CY_OCGT,2050,2,19,19,0.0
8844,CY_OCGT,2050,2,20,20,0.0
8845,CY_OCGT,2050,2,21,21,0.0
8846,CY_OCGT,2050,2,22,22,0.0
8847,CY_OCGT,2050,2,23,23,0.0
8848,CY_OCGT,2050,2,24,24,0.0
8849,CY_OCGT,2050,3,1,1,0.0
8850,CY_OCGT,2050,3,2,2,0.0
8851,CY_OCGT,2050,3,3,3,0.0
8852,CY_OCGT,2050,3,4,4,0.0
8853,CY_OCGT,2050,3,5,5,0.0
8854,CY_OCGT,2050,3,6,6,0.0
8855,CY_OCGT,2050,3,7,7,0.0
8856,CY_OCGT,2050,3,8,8,0.0
8857,CY_OCGT,2050,3,9,9,0.0
8858,CY_OCGT,2050,3,10,10,0.0
8859,CY_OCGT,2050,3,11,11,0.0
8860,CY_OCGT,2050,3,12,12,0.0
8861,CY_OCGT,2050,3,13,13,0.0
8862,CY_OCGT,2050,3,14,14,0.0
8863,CY_OCGT,2050,3,15,15,0.0
8864,CY_OCGT,2050,3,16,16,0.0
8865,CY_OCGT,2050,3,17,17,0.0
8866,CY_OCGT,2050,3,18,18,0.0
8867,CY_OCGT,2050,3,19,19,0.0
8868,CY_OCGT,2050,3,20,20,0.0
8869,CY_OCGT,2050,3,21,21,0.0
8870,CY_OCGT,2050,3,22,22,0.0
8871,CY_OCGT,2050,3,23,23,0.0
8872,CY_OCGT,2050,3,24,24,0.0
8873,CY_OCGT,2050,4,1,1,0.0
8874,CY_OCGT,2050,4,2,2,0.0
8875,CY_OCGT,2050,4,3,3,0.0
8876,CY_OCGT,2050,4,4,4,0.0
8877,CY_OCGT,2050,4,5,5,0.0
8878,CY_OCGT,2050,4,6,6,0.0
8879,CY_OCGT,2050,4,7,7,0.0
8880,CY_OCGT,2050,4,8,8,0.0
8881,CY_OCGT,2050,4,9,9,0.0
8882,CY_OCGT,2050,4,10,10,0.0
8883,CY_OCGT,2050,4,11,11,0.0
8884,CY_OCGT,2050,4,12,12,0.0
8885,CY_OCGT,2050,4,13,13,0.0
8886,CY_OCGT,2050,4,14,14,0.0
8887,CY_OCGT,2050,4,15,15,0.0
8888,CY_OCGT,2050,4,16,16,0.0
8889,CY_OCGT,2050,4,17,17,0.0
8890,CY_OCGT,2050,4,18,18,0.0
8891,CY_OCGT,2050,4,19,19,0.0
8892,CY_OCGT,2050,4,20,20,0.0
8893,CY_OCGT,2050,4,21,21,0.0
8894,CY_OCGT,2050,4,22,22,0.0
8895,CY_OCGT,2050,4,23,23,0.0
8896,CY_OCGT,2050,4,24,24,0.0
8897,CY_OCGT,2050,5,1,1,0.0
8898,CY_OCGT,2050,5,2,2,0.0
8899,CY_OCGT,2050,5,3,3,0.0
8900,CY_OCGT,2050,5,4,4,0.0
8901,CY_OCGT,2050,5,5,5,0.0
8902,CY_OCGT,2050,5,6,6,0.0
8903,CY_OCGT,2050,5,7,7,0.0
8904,CY_OCGT,2050,5,8,8,0.0
8905,CY_OCGT,2050,5,9,9,0.0
8906,CY_OCGT,2050,5,10,10,0.0
8907,CY_OCGT,2050,5,11,11,0.0
8908,CY_OCGT,2050,5,12,12,0.0
8909,CY_OCGT,2050,5,13,13,0.0
8910,CY_OCGT,2050,5,14,14,0.0
8911,CY_OCGT,2050,5,15,15,0.0
8912,CY_OCGT,2050,5,16,16,0.0
8913,CY_OCGT,2050,5,17,17,0.0
8914,CY_OCGT,2050,5,18,18,0.0
8915,CY_OCGT,2050,5,19,19,0.0
8916,CY_OCGT,2050,5,20,20,0.0
8917,CY_OCGT,2050,5,21,21,0.0
8918,CY_OCGT,2050,5,22,22,0.0
8919,CY_OCGT,2050,5,23,23,0.0
8920,CY_OCGT,2050,5,24,24,0.0
8921,CY_OCGT,2050,6,1,1,0.0
8922,CY_OCGT,2050,6,2,2,0.0
8923,CY_OCGT,2050,6,3,3,0.0
8924,CY_OCGT,2050,6,4,4,0.0
8925,CY_OCGT,2050,6,5,5,0.0
8926,CY_OCGT,2050,6,6,6,0.0
8927,CY_OCGT,2050,6,7,7,0.0
8928,CY_OCGT,2050,6,8,8,0.0
8929,CY_OCGT,2050,6,9,9,0.0
8930,CY_OCGT,2050,6,10,10,0.0
8931,CY_OCGT,2050,6,11,11,0.0
8932,CY_OCGT,2050,6,12,12,0.0
8933,CY_OCGT,2050,6,13,13,0.0
8934,CY_OCGT,2050,6,14,14,0.0
8935,CY_OCGT,2050,6,15,15,0.0
8936,CY_OCGT,2050,6,16,16,0.0
8937,CY_OCGT,2050,6,17,17,0.0
8938,CY_OCGT,2050,6,18,18,0.0
8939,CY_OCGT,2050,6,19,19,0.0
8940,CY_OCGT,2050,6,20,20,0.0
8941,CY_OCGT,2050,6,21,21,0.0
8942,CY_OCGT,2050,6,22,22,0.0
8943,CY_OCGT,2050,6,23,23,0.0
8944,CY_OCGT,2050,6,24,24,0.0
8945,CY_OCGT,2050,7,1,1,0.0
8946,CY_OCGT,2050,7,2,2,0.0
8947,CY_OCGT,2050,7,3,3,0.0
8948,CY_OCGT,2050,7,4,4,0.0
8949,CY_OCGT,2050,7,5,5,0.0
8950,CY_OCGT,2050,7,6,6,0.0
8951,CY_OCGT,2050,7,7,7,0.0
8952,CY_OCGT,2050,7,8,8,0.0
8953,CY_OCGT,2050,7,9,9,0.0
8954,CY_OCGT,2050,7,10,10,0.0
8955,CY_OCGT,2050,7,11,11,0.0
8956,CY_OCGT,2050,7,12,12,0.0
8957,CY_OCGT,2050,7,13,13,0.0
8958,CY_OCGT,2050,7,14,14,0.0
8959,CY_OCGT,2050,7,15,15,0.0
8960,CY_OCGT,2050,7,16,16,0.0
8961,CY_OCGT,2050,7,17,17,0.0
8962,CY_OCGT,2050,7,18,18,0.0
8963,CY_OCGT,2050,7,19,19,0.0
8964,CY_OCGT,2050,7,20,20,0.0
8965,CY_OCGT,2050,7,21,21,0.0
8966,CY_OCGT,2050,7,22,22,0.0
8967,CY_OCGT,2050,7,23,23,0.0
8968,CY_OCGT,2050,7,24,24,0.0
8969,CY_OCGT,2050,8,1,1,0.0
8970,CY_OCGT,2050,8,2,2,0.0
8971,CY_OCGT,2050,8,3,3,0.0
8972,CY_OCGT,2050,8,4,4,0.0
8973,CY_OCGT,2050,8,5,5,0.0
8974,CY_OCGT,2050,8,6,6,0.0
8975,CY_OCGT,2050,8,7,7,0.0
8976,CY_OCGT,2050,8,8,8,0.0
8977,CY_OCGT,2050,8,9,9,0.0
8978,CY_OCGT,2050,8,10,10,0.0
8979,CY_OCGT,2050,8,11,11,0.0
8980,CY_OCGT,2050,8,12,12,0.0
8981,CY_OCGT,2050,8,13,13,0.0
8982,CY_OCGT,2050,8,14,14,0.0
8983,CY_OCGT,2050,8,15,15,0.0
8984,CY_OCGT,2050,8,16,16,0.0
8985,CY_OCGT,2050,8,17,17,0.0
8986,CY_OCGT,2050,8,18,18,0.0
8987,CY_OCGT,2050,8,19,19,0.0
8988,CY_OCGT,2050,8,20,20,0.0
8989,CY_OCGT,2050,8,21,21,0.0
8990,CY_OCGT,2050,8,22,22,0.0
8991,CY_OCGT,2050,8,23,23,0.0
8992,CY_OCGT,2050,8,24,24,0.0
8993,CY_OCGT,2050,9,1,1,0.0
8994,CY_OCGT,2050,9,2,2,0.0
8995,CY_OCGT,2050,9,3,3,0.0
8996,CY_OCGT,2050,9,4,4,0.0
8997,CY_OCGT,2050,9,5,5,0.0
8998,CY_OCGT,2050,9,6,6,0.0
8999,CY_OCGT,2050,9,7,7,0.0
9000,CY_OCGT,2050,9,8,8,0.0
9001,CY_OCGT,2050,9,9,9,0.0
9002,CY_OCGT,2050,9,10,10,-10.689865705666337
9003,CY_OCGT,2050,9,11,11,0.0
9004,CY_OCGT,2050,9,12,12,0.0
9005,CY_OCGT,2050,9,13,13,0.0
9006,CY_OCGT,2050,9,14,14,0.0
9007,CY_OCGT,2050,9,15,15,0.0
9008,CY_OCGT,2050,9,16,16,0.0
9009,CY_OCGT,2050,9,17,17,0.0
9010,CY_OCGT,2050,9,18,18,0.0
9011,CY_OCGT,2050,9,19,19,0.0
9012,CY_OCGT,2050,9,20,20,0.0
9013,CY_OCGT,2050,9,21,21,0.0
9014,CY_OCGT,2050,9,22,22,0.0
9015,CY_OCGT,2050,9,23,23,0.0
9016,CY_OCGT,2050,9,24,24,0.0
9017,CY_OCGT,2050,10,1,1,0.0
9018,CY_OCGT,2050,10,2,2,0.0
9019,CY_OCGT,2050,10,3,3,0.0
9020,CY_OCGT,2050,10,4,4,0.0
9021,CY_OCGT,2050,10,5,5,0.0
9022,CY_OCGT,2050,10,6,6,0.0
9023,CY_OCGT,2050,10,7,7,0.0
9024,CY_OCGT,2050,10,8,8,0.0
9025,CY_OCGT,2050,10,9,9,0.0
9026,CY_OCGT,2050,10,10,10,0.0
9027,CY_OCGT,2050,10,11,11,0.0
9028,CY_OCGT,2050,10,12,12,0.0
9029,CY_OCGT,2050,10,13,13,0.0
9030,CY_OCGT,2050,10,14,14,0.0
9031,CY_OCGT,2050,10,15,15,0.0
9032,CY_OCGT,2050,10,16,16,0.0
9033,CY_OCGT,2050,10,17,17,0.0
9034,CY_OCGT,2050,10,18,18,0.0
9035,CY_OCGT,2050,10,19,19,0.0
9036,CY_OCGT,2050,10,20,20,0.0
9037,CY_OCGT,2050,10,21,21,0.0
9038,CY_OCGT,2050,10,22,22,0.0
9039,CY_OCGT,2050,10,23,23,0.0
9040,CY_OCGT,2050,10,24,24,0.0
9041,CY_Solar,2050,7,17,17,-0.6549
9042,CY_Solar,2050,7,18,18,-0.6549
9043,CY_Solar,2050,7,19,19,-0.6549
9044,CY_Solar,2050,7,20,20,-0.6549
9045,CY_Solar,2050,7,21,21,-0.6549
9046,CY_Solar,2050,7,22,22,-0.6549
9047,CY_Solar,2050,7,23,23,-0.6549
9048,CY_Solar,2050,7,24,24,-0.6549
9049,CY_Solar,2050,8,1,1,-0.5487
9050,CY_Solar,2050,8,2,2,-0.5487
9051,CY_Solar,2050,8,3,3,-0.5487
9052,CY_Solar,2050,8,4,4,-0.5487
9053,CY_Solar,2050,8,5,5,-0.5487
9054,CY_Solar,2050,8,6,6,-0.5487
9055,CY_Solar,2050,8,7,7,0.0
9056,CY_Solar,2050,8,8,8,0.0
9057,CY_Solar,2050,8,9,9,0.0
9058,CY_Solar,2050,8,10,10,0.0
9059,CY_Solar,2050,8,11,11,0.0
9060,CY_Solar,2050,8,12,12,0.0
9061,CY_Solar,2050,8,13,13,0.0
9062,CY_Solar,2050,8,14,14,0.0
9063,CY_Solar,2050,8,15,15,0.0
9064,CY_Solar,2050,8,16,16,-0.5487
9065,CY_Solar,2050,8,17,17,-0.5487
9066,CY_Solar,2050,8,18,18,-0.5487
9067,CY_Solar,2050,8,19,19,-0.5487
9068,CY_Solar,2050,8,20,20,-0.5487
9069,CY_Solar,2050,8,21,21,-0.5487
9070,CY_Solar,2050,8,22,22,-0.5487
9071,CY_Solar,2050,8,23,23,-0.5487
9072,CY_Solar,2050,8,24,24,-0.5487
9073,CY_Solar,2050,9,1,1,-0.7611
9074,CY_Solar,2050,9,2,2,-0.7611
9075,CY_Solar,2050,9,3,3,-0.7611
9076,CY_Solar,2050,9,4,4,-0.7611
9077,CY_Solar,2050,9,5,5,-0.7611
9078,CY_Solar,2050,9,6,6,-0.7611
9079,CY_Solar,2050,9,7,7,-0.7611
9080,CY_Solar,2050,9,8,8,-0.7611
9081,CY_Solar,2050,9,9,9,-0.7611
9082,CY_Solar,2050,9,10,10,-12.882865705666337
9083,CY_Solar,2050,9,11,11,-0.7611
9084,CY_Solar,2050,9,12,12,0.0
9085,CY_Solar,2050,9,13,13,-0.7611
9086,CY_Solar,2050,9,14,14,-0.7611
9087,CY_Solar,2050,9,15,15,-0.7611
9088,CY_Solar,2050,9,16,16,-0.7611
9089,CY_Solar,2050,9,17,17,-0.7611
9090,CY_Solar,2050,9,18,18,-0.7611
9091,CY_Solar,2050,9,19,19,-0.7611
9092,CY_Solar,2050,9,20,20,-0.7611
9093,CY_Solar,2050,9,21,21,-0.7611
9094,CY_Solar,2050,9,22,22,-0.7611
9095,CY_Solar,2050,9,23,23,-0.7611
9096,CY_Solar,2050,9,24,24,-0.7611
9097,CY_Solar,2050,10,1,1,-0.8142
9098,CY_Solar,2050,10,2,2,-0.8142
9099,CY_Solar,2050,10,3,3,-0.8142
9100,CY_Solar,2050,10,4,4,-0.8142
9101,CY_Solar,2050,10,5,5,-0.8142
9102,CY_Solar,2050,10,6,6,-0.8142
9103,CY_Solar,2050,10,7,7,-0.8142
9104,CY_Solar,2050,10,8,8,-0.8142
9105,CY_Solar,2050,10,9,9,-0.8142
9106,CY_Solar,2050,10,10,10,-0.8142
9107,CY_Solar,2050,10,11,11,-0.8142
9108,CY_Solar,2050,10,12,12,-0.8142
9109,CY_Solar,2050,10,13,13,-0.8142
9110,CY_Solar,2050,10,14,14,-0.8142
9111,CY_Solar,2050,10,15,15,-0.8142
9112,CY_Solar,2050,10,16,16,-0.8142
9113,CY_Solar,2050,10,17,17,-0.8142
9114,CY_Solar,2050,10,18,18,-0.8142
9115,CY_Solar,2050,10,19,19,-0.8142
9116,CY_Solar,2050,10,20,20,-0.8142
9117,CY_Solar,2050,10,21,21,-0.8142
9118,CY_Solar,2050,10,22,22,-0.8142
9119,CY_Solar,2050,10,23,23,-0.8142
9120,CY_Solar,2050,10,24,24,-0.8142
9121,CY_Wind_Onshore,2050,1,1,1,-0.9381
9122,CY_Wind_Onshore,2050,1,2,2,-0.9381
9123,CY_Wind_Onshore,2050,1,3,3,-0.9381
9124,CY_Wind_Onshore,2050,1,4,4,-0.9381
9125,CY_Wind_Onshore,2050,1,5,5,-0.9381
9126,CY_Wind_Onshore,2050,1,6,6,-0.9381
9127,CY_Wind_Onshore,2050,1,7,7,-0.9381
9128,CY_Wind_Onshore,2050,1,8,8,-0.9381
9129,CY_Wind_Onshore,2050,1,9,9,-0.9381
9130,CY_Wind_Onshore,2050,1,10,10,-0.9381
9131,CY_Wind_Onshore,2050,1,11,11,-0.9381
9132,CY_Wind_Onshore,2050,1,12,12,-0.9381
9133,CY_Wind_Onshore,2050,1,13,13,-0.9381
9134,CY_Wind_Onshore,2050,1,14,14,-0.9381
9135,CY_Wind_Onshore,2050,1,15,15,-0.9381
9136,CY_Wind_Onshore,2050,1,16,16,-0.9381
9137,CY_Wind_Onshore,2050,1,17,17,-0.9381
9138,CY_Wind_Onshore,2050,1,18,18,-12.227965705666339
9139,CY_Wind_Onshore,2050,1,19,19,-12.227965705666339
9140,CY_Wind_Onshore,2050,1,20,20,-12.227965705666339
9141,CY_Wind_Onshore,2050,1,21,21,-0.9381
9142,CY_Wind_Onshore,2050,1,22,22,-0.9381
9143,CY_Wind_Onshore,2050,1,23,23,-0.9381
9144,CY_Wind_Onshore,2050,1,24,24,-0.9381
9145,CY_Wind_Onshore,2050,2,1,1,-0.5841000000000001
9146,CY_Wind_Onshore,2050,2,2,2,-0.5841000000000001
9147,CY_Wind_Onshore,2050,2,3,3,-0.5841000000000001
9148,CY_Wind_Onshore,2050,2,4,4,-0.5841000000000001
9149,CY_Wind_Onshore,2050,2,5,5,-0.5841000000000001
9150,CY_Wind_Onshore,2050,2,6,6,-0.5841000000000001
9151,CY_Wind_Onshore,2050,2,7,7,-0.5841000000000001
9152,CY_Wind_Onshore,2050,2,8,8,0.0
9153,CY_Wind_Onshore,2050,2,9,9,0.0
9154,CY_Wind_Onshore,2050,2,10,10,0.0
9155,CY_Wind_Onshore,2050,2,11,11,0.0
9156,CY_Wind_Onshore,2050,2,12,12,0.0
9157,CY_Wind_Onshore,2050,2,13,13,-0.5841000000000001
9158,CY_Wind_Onshore,2050,2,14,14,-0.5841000000000001
9159,CY_Wind_Onshore,2050,2,15,15,-0.5841000000000001
9160,CY_Wind_Onshore,2050,2,16,16,-0.5841000000000001
9161,CY_Wind_Onshore,2050,2,17,17,-0.5841000000000001
9162,CY_Wind_Onshore,2050,2,18,18,-0.5841000000000001
9163,CY_Wind_Onshore,2050,2,19,19,-0.5841000000000001
9164,CY_Wind_Onshore,2050,2,20,20,-0.5841000000000001
9165,CY_Wind_Onshore,2050,2,21,21,-0.5841000000000001
9166,CY_Wind_Onshore,2050,2,22,22,-0.5841000000000001
9167,CY_Wind_Onshore,2050,2,23,23,-0.5841000000000001
9168,CY_Wind_Onshore,2050,2,24,24,-0.5841000000000001
9169,CY_Wind_Onshore,2050,3,1,1,-0.5133
9170,CY_Wind_Onshore,2050,3,2,2,-0.5133
9171,CY_Wind_Onshore,2050,3,3,3,-0.5133
9172,CY_Wind_Onshore,2050,3,4,4,-0.5133
9173,CY_Wind_Onshore,2050,3,5,5,-0.5133
9174,CY_Wind_Onshore,2050,3,6,6,-0.5133
9175,CY_Wind_Onshore,2050,3,7,7,-0.5133
9176,CY_Wind_Onshore,2050,3,8,8,-0.5133
9177,CY_Wind_Onshore,2050,3,9,9,-0.5133
9178,CY_Wind_Onshore,2050,3,10,10,-0.5133
9179,CY_Wind_Onshore,2050,3,11,11,-0.5133
9180,CY_Wind_Onshore,2050,3,12,12,-0.5133
9181,CY_Wind_Onshore,2050,3,13,13,0.0
9182,CY_Wind_Onshore,2050,3,14,14,-0.5133
9183,CY_Wind_Onshore,2050,3,15,15,-0.5133
9184,CY_Wind_Onshore,2050,3,16,16,-0.5133
9185,CY_Wind_Onshore,2050,3,17,17,-0.5133
9186,CY_Wind_Onshore,2050,3,18,18,-0.5133
9187,CY_Wind_Onshore,2050,3,19,19,-0.5133
9188,CY_Wind_Onshore,2050,3,20,20,-0.5133
9189,CY_Wind_Onshore,2050,3,21,21,-0.5133
9190,CY_Wind_Onshore,2050,3,22,22,-0.5133
9191,CY_Wind_Onshore,2050,3,23,23,-0.5133
9192,CY_Wind_Onshore,2050,3,24,24,-0.5133
9193,CY_Wind_Onshore,2050,4,1,1,-0.4071
9194,CY_Wind_Onshore,2050,4,2,2,-0.4071
9195,CY_Wind_Onshore,2050,4,3,3,-0.4071
9196,CY_Wind_Onshore,2050,4,4,4,-0.4071
9197,CY_Wind_Onshore,2050,4,5,5,-0.4071
9198,CY_Wind_Onshore,2050,4,6,6,-0.4071
9199,CY_Wind_Onshore,2050,4,7,7,-0.4071
9200,CY_Wind_Onshore,2050,4,8,8,-0.4071
9201,CY_Wind_Onshore,2050,4,9,9,-0.4071
9202,CY_Wind_Onshore,2050,4,10,10,-0.4071
9203,CY_Wind_Onshore,2050,4,11,11,-0.4071
9204,CY_Wind_Onshore,2050,4,12,12,-0.4071
9205,CY_Wind_Onshore,2050,4,13,13,-0.4071
9206,CY_Wind_Onshore,2050,4,14,14,-0.4071
9207,CY_Wind_Onshore,2050,4,15,15,-0.4071
9208,CY_Wind_Onshore,2050,4,16,16,-0.4071
9209,CY_Wind_Onshore,2050,4,17,17,-0.4071
9210,CY_Wind_Onshore,2050,4,18,18,-0.4071
9211,CY_Wind_Onshore,2050,4,19,19,-0.4071
9212,CY_Wind_Onshore,2050,4,20,20,-0.4071
9213,CY_Wind_Onshore,2050,4,21,21,-0.4071
9214,CY_Wind_Onshore,2050,4,22,22,-0.4071
9215,CY_Wind_Onshore,2050,4,23,23,-0.4071
9216,CY_Wind_Onshore,2050,4,24,24,-0.4071
9217,CY_Wind_Onshore,2050,5,1,1,-0.9204
9218,CY_Wind_Onshore,2050,5,2,2,-0.9204
9219,CY_Wind_Onshore,2050,5,3,3,-0.9204
9220,CY_Wind_Onshore,2050,5,4,4,-0.9204
9221,CY_Wind_Onshore,2050,5,5,5,-0.9204
9222,CY_Wind_Onshore,2050,5,6,6,-0.9204
9223,CY_Wind_Onshore,2050,5,7,7,-0.9204
9224,CY_Wind_Onshore,2050,5,8,8,-0.9204
9225,CY_Wind_Onshore,2050,5,9,9,-0.9204
9226,CY_Wind_Onshore,2050,5,10,10,-0.9204
9227,CY_Wind_Onshore,2050,5,11,11,-0.9204
9228,CY_Wind_Onshore,2050,5,12,12,-0.9204
9229,CY_Wind_Onshore,2050,5,13,13,-0.9204
9230,CY_Wind_Onshore,2050,5,14,14,-0.9204
9231,CY_Wind_Onshore,2050,5,15,15,-0.9204
9232,CY_Wind_Onshore,2050,5,16,16,-0.9204
9233,CY_Wind_Onshore,2050,5,17,17,-0.9204
9234,CY_Wind_Onshore,2050,5,18,18,-0.9204
9235,CY_Wind_Onshore,2050,5,19,19,-0.9204
9236,CY_Wind_Onshore,2050,5,20,20,-0.9204
9237,CY_Wind_Onshore,2050,5,21,21,-0.9204
9238,CY_Wind_Onshore,2050,5,22,22,-0.9204
9239,CY_Wind_Onshore,2050,5,23,23,-0.9204
9240,CY_Wind_Onshore,2050,5,24,24,-0.9204
9241,CY_Wind_Onshore,2050,6,1,1,-0.3186
9242,CY_Wind_Onshore,2050,6,2,2,-0.3186
9243,CY_Wind_Onshore,2050,6,3,3,-0.3186
9244,CY_Wind_Onshore,2050,6,4,4,-0.3186
9245,CY_Wind_Onshore,2050,6,5,5,-0.3186
9246,CY_Wind_Onshore,2050,6,6,6,-0.3186
9247,CY_Wind_Onshore,2050,6,7,7,0.0
9248,CY_Wind_Onshore,2050,6,8,8,0.0
9249,CY_Wind_Onshore,2050,6,9,9,0.0
9250,CY_Wind_Onshore,2050,6,10,10,0.0
9251,CY_Wind_Onshore,2050,6,11,11,0.0
9252,CY_Wind_Onshore,2050,6,12,12,0.0
9253,CY_Wind_Onshore,2050,6,13,13,0.0
9254,CY_Wind_Onshore,2050,6,14,14,0.0
9255,CY_Wind_Onshore,2050,6,15,15,-0.3186
9256,CY_Wind_Onshore,2050,6,16,16,-0.3186
9257,CY_Wind_Onshore,2050,6,17,17,-0.3186
9258,CY_Wind_Onshore,2050,6,18,18,-0.3186
9259,CY_Wind_Onshore,2050,6,19,19,-0.3186
9260,CY_Wind_Onshore,2050,6,20,20,-0.3186
9261,CY_Wind_Onshore,2050,6,21,21,-0.3186
9262,CY_Wind_Onshore,2050,6,22,22,-0.3186
9263,CY_Wind_Onshore,2050,6,23,23,-0.3186
9264,CY_Wind_Onshore,2050,6,24,24,-0.3186
9265,CY_Wind_Onshore,2050,7,1,1,-0.6549
9266,CY_Wind_Onshore,2050,7,2,2,-0.6549
9267,CY_Wind_Onshore,2050,7,3,3,-0.6549
9268,CY_Wind_Onshore,2050,7,4,4,-0.6549
9269,CY_Wind_Onshore,2050,7,5,5,-0.6549
9270,CY_Wind_Onshore,2050,7,6,6,-0.6549
9271,CY_Wind_Onshore,2050,7,7,7,-0.6549
9272,CY_Wind_Onshore,2050,7,8,8,0.0
9273,CY_Wind_Onshore,2050,7,9,9,0.0
9274,CY_Wind_Onshore,2050,7,10,10,0.0
9275,CY_Wind_Onshore,2050,7,11,11,0.0
9276,CY_Wind_Onshore,2050,7,12,12,0.0
9277,CY_Wind_Onshore,2050,7,13,13,0.0
9278,CY_Wind_Onshore,2050,7,14,14,0.0
9279,CY_Wind_Onshore,2050,7,15,15,0.0
9280,CY_Wind_Onshore,2050,7,16,16,-0.6549
9281,CY_Wind_Onshore,2050,7,17,17,-0.6549
9282,CY_Wind_Onshore,2050,7,18,18,-0.6549
9283,CY_Wind_Onshore,2050,7,19,19,-0.6549
9284,CY_Wind_Onshore,2050,7,20,20,-0.6549
9285,CY_Wind_Onshore,2050,7,21,21,-0.6549
9286,CY_Wind_Onshore,2050,7,22,22,-0.6549
9287,CY_Wind_Onshore,2050,7,23,23,-0.6549
9288,CY_Wind_Onshore,2050,7,24,24,-0.6549
9289,CY_Wind_Onshore,2050,8,1,1,-0.5487
9290,CY_Wind_Onshore,2050,8,2,2,-0.5487
9291,CY_Wind_Onshore,2050,8,3,3,-0.5487
9292,CY_Wind_Onshore,2050,8,4,4,-0.5487
9293,CY_Wind_Onshore,2050,8,5,5,-0.5487
9294,CY_Wind_Onshore,2050,8,6,6,-0.5487
9295,CY_Wind_Onshore,2050,8,7,7,0.0
9296,CY_Wind_Onshore,2050,8,8,8,0.0
9297,CY_Wind_Onshore,2050,8,9,9,0.0
9298,CY_Wind_Onshore,2050,8,10,10,0.0
9299,CY_Wind_Onshore,2050,8,11,11,0.0
9300,CY_Wind_Onshore,2050,8,12,12,0.0
9301,CY_Wind_Onshore,2050,8,13,13,0.0
9302,CY_Wind_Onshore,2050,8,14,14,0.0
9303,CY_Wind_Onshore,2050,8,15,15,0.0
9304,CY_Wind_Onshore,2050,8,16,16,-0.5487
9305,CY_Wind_Onshore,2050,8,17,17,-0.5487
9306,CY_Wind_Onshore,2050,8,18,18,-0.5487
9307,CY_Wind_Onshore,2050,8,19,19,-0.5487
9308,CY_Wind_Onshore,2050,8,20,20,-0.5487
9309,CY_Wind_Onshore,2050,8,21,21,-0.5487
9310,CY_Wind_Onshore,2050,8,22,22,-0.5487
9311,CY_Wind_Onshore,2050,8,23,23,-0.5487
9312,CY_Wind_Onshore,2050,8,24,24,-0.5487
9313,CY_Wind_Onshore,2050,9,1,1,-0.7611
9314,CY_Wind_Onshore,2050,9,2,2,-0.7611
9315,CY_Wind_Onshore,2050,9,3,3,-0.7611
9316,CY_Wind_Onshore,2050,9,4,4,-0.7611
9317,CY_Wind_Onshore,2050,9,5,5,-0.7611
9318,CY_Wind_Onshore,2050,9,6,6,-0.7611
9319,CY_Wind_Onshore,2050,9,7,7,-0.7611
9320,CY_Wind_Onshore,2050,9,8,8,-0.7611
9321,CY_Wind_Onshore,2050,9,9,9,-0.7611
9322,CY_Wind_Onshore,2050,9,10,10,-12.882865705666337
9323,CY_Wind_Onshore,2050,9,11,11,-0.7611
9324,CY_Wind_Onshore,2050,9,12,12,0.0
9325,CY_Wind_Onshore,2050,9,13,13,-0.7611
9326,CY_Wind_Onshore,2050,9,14,14,-0.7611
9327,CY_Wind_Onshore,2050,9,15,15,-0.7611
9328,CY_Wind_Onshore,2050,9,16,16,-0.7611
9329,CY_Wind_Onshore,2050,9,17,17,-0.7611
9330,CY_Wind_Onshore,2050,9,18,18,-0.7611
9331,CY_Wind_Onshore,2050,9,19,19,-0.7611
9332,CY_Wind_Onshore,2050,9,20,20,-0.7611
9333,CY_Wind_Onshore,2050,9,21,21,-0.7611
9334,CY_Wind_Onshore,2050,9,22,22,-0.7611
9335,CY_Wind_Onshore,2050,9,23,23,-0.7611
9336,CY_Wind_Onshore,2050,9,24,24,-0.7611
9337,CY_Wind_Onshore,2050,10,1,1,-0.8142
9338,CY_Wind_Onshore,2050,10,2,2,-0.8142
9339,CY_Wind_Onshore,2050,10,3,3,-0.8142
9340,CY_Wind_Onshore,2050,10,4,4,-0.8142
9341,CY_Wind_Onshore,2050,10,5,5,-0.8142
9342,CY_Wind_Onshore,2050,10,6,6,-0.8142
9343,CY_Wind_Onshore,2050,10,7,7,-0.8142
9344,CY_Wind_Onshore,2050,10,8,8,-0.8142
9345,CY_Wind_Onshore,2050,10,9,9,-0.8142
9346,CY_Wind_Onshore,2050,10,10,10,-0.8142
9347,CY_Wind_Onshore,2050,10,11,11,-0.8142
9348,CY_Wind_Onshore,2050,10,12,12,-0.8142
9349,CY_Wind_Onshore,2050,10,13,13,-0.8142
9350,CY_Wind_Onshore,2050,10,14,14,-0.8142
9351,CY_Wind_Onshore,2050,10,15,15,-0.8142
9352,CY_Wind_Onshore,2050,10,16,16,-0.8142
9353,CY_Wind_Onshore,2050,10,17,17,-0.8142
9354,CY_Wind_Onshore,2050,10,18,18,-0.8142
9355,CY_Wind_Onshore,2050,10,19,19,-0.8142
9356,CY_Wind_Onshore,2050,10,20,20,-0.8142
9357,CY_Wind_Onshore,2050,10,21,21,-0.8142
9358,CY_Wind_Onshore,2050,10,22,22,-0.8142
9359,CY_Wind_Onshore,2050,10,23,23,-0.8142
9360,CY_Wind_Onshore,2050,10,24,24,-0.8142
9361,CZ_Battery,2050,1,1,1,0.0
9362,CZ_Battery,2050,1,2,2,0.0
9363,CZ_Battery,2050,1,3,3,0.0
9364,CZ_Battery,2050,1,4,4,0.0
9365,CZ_Battery,2050,1,5,5,0.0
9366,CZ_Battery,2050,1,6,6,0.0
9367,CZ_Battery,2050,1,7,7,0.0
9368,CZ_Battery,2050,1,8,8,0.0
9369,CZ_Battery,2050,1,9,9,0.0
9370,CZ_Battery,2050,1,10,10,0.0
9371,CZ_Battery,2050,1,11,11,0.0
9372,CZ_Battery,2050,1,12,12,0.0
9373,CZ_Battery,2050,1,13,13,0.0
9374,CZ_Battery,2050,1,14,14,0.0
9375,CZ_Battery,2050,1,15,15,0.0
9376,CZ_Battery,2050,1,16,16,0.0
9377,CZ_Battery,2050,1,17,17,0.0
9378,CZ_Battery,2050,1,18,18,0.0
9379,CZ_Battery,2050,1,19,19,0.0
9380,CZ_Battery,2050,1,20,20,0.0
9381,CZ_Battery,2050,1,21,21,0.0
9382,CZ_Battery,2050,1,22,22,0.0
9383,CZ_Battery,2050,1,23,23,0.0
9384,CZ_Battery,2050,1,24,24,0.0
9385,CZ_Battery,2050,2,1,1,0.0
9386,CZ_Battery,2050,2,2,2,0.0
9387,CZ_Battery,2050,2,3,3,0.0
9388,CZ_Battery,2050,2,4,4,0.0
9389,CZ_Battery,2050,2,5,5,0.0
9390,CZ_Battery,2050,2,6,6,0.0
9391,CZ_Battery,2050,2,7,7,0.0
9392,CZ_Battery,2050,2,8,8,0.0
9393,CZ_Battery,2050,2,9,9,0.0
9394,CZ_Battery,2050,2,10,10,0.0
9395,CZ_Battery,2050,2,11,11,0.0
9396,CZ_Battery,2050,2,12,12,0.0
9397,CZ_Battery,2050,2,13,13,0.0
9398,CZ_Battery,2050,2,14,14,0.0
9399,CZ_Battery,2050,2,15,15,0.0
9400,CZ_Battery,2050,2,16,16,0.0
9401,CZ_Battery,2050,2,17,17,0.0
9402,CZ_Battery,2050,2,18,18,0.0
9403,CZ_Battery,2050,2,19,19,0.0
9404,CZ_Battery,2050,2,20,20,0.0
9405,CZ_Battery,2050,2,21,21,0.0
9406,CZ_Battery,2050,2,22,22,0.0
9407,CZ_Battery,2050,2,23,23,0.0
9408,CZ_Battery,2050,2,24,24,0.0
9409,CZ_Battery,2050,3,1,1,0.0
9410,CZ_Battery,2050,3,2,2,0.0
9411,CZ_Battery,2050,3,3,3,0.0
9412,CZ_Battery,2050,3,4,4,0.0
9413,CZ_Battery,2050,3,5,5,0.0
9414,CZ_Battery,2050,3,6,6,0.0
9415,CZ_Battery,2050,3,7,7,0.0
9416,CZ_Battery,2050,3,8,8,0.0
9417,CZ_Battery,2050,3,9,9,0.0
9418,CZ_Battery,2050,3,10,10,0.0
9419,CZ_Battery,2050,3,11,11,0.0
9420,CZ_Battery,2050,3,12,12,0.0
9421,CZ_Battery,2050,3,13,13,0.0
9422,CZ_Battery,2050,3,14,14,0.0
9423,CZ_Battery,2050,3,15,15,0.0
9424,CZ_Battery,2050,3,16,16,0.0
9425,CZ_Battery,2050,3,17,17,0.0
9426,CZ_Battery,2050,3,18,18,0.0
9427,CZ_Battery,2050,3,19,19,0.0
9428,CZ_Battery,2050,3,20,20,0.0
9429,CZ_Battery,2050,3,21,21,0.0
9430,CZ_Battery,2050,3,22,22,0.0
9431,CZ_Battery,2050,3,23,23,0.0
9432,CZ_Battery,2050,3,24,24,0.0
9433,CZ_Battery,2050,4,1,1,0.0
9434,CZ_Battery,2050,4,2,2,0.0
9435,CZ_Battery,2050,4,3,3,0.0
9436,CZ_Battery,2050,4,4,4,0.0
9437,CZ_Battery,2050,4,5,5,0.0
9438,CZ_Battery,2050,4,6,6,0.0
9439,CZ_Battery,2050,4,7,7,0.0
9440,CZ_Battery,2050,4,8,8,0.0
9441,CZ_Battery,2050,4,9,9,0.0
9442,CZ_Battery,2050,4,10,10,0.0
9443,CZ_Battery,2050,4,11,11,0.0
9444,CZ_Battery,2050,4,12,12,0.0
9445,CZ_Battery,2050,4,13,13,0.0
9446,CZ_Battery,2050,4,14,14,0.0
9447,CZ_Battery,2050,4,15,15,0.0
9448,CZ_Battery,2050,4,16,16,0.0
9449,CZ_Battery,2050,4,17,17,0.0
9450,CZ_Battery,2050,4,18,18,0.0
9451,CZ_Battery,2050,4,19,19,0.0
9452,CZ_Battery,2050,4,20,20,0.0
9453,CZ_Battery,2050,4,21,21,0.0
9454,CZ_Battery,2050,4,22,22,0.0
9455,CZ_Battery,2050,4,23,23,0.0
9456,CZ_Battery,2050,4,24,24,0.0
9457,CZ_Battery,2050,5,1,1,0.0
9458,CZ_Battery,2050,5,2,2,0.0
9459,CZ_Battery,2050,5,3,3,0.0
9460,CZ_Battery,2050,5,4,4,0.0
9461,CZ_Battery,2050,5,5,5,0.0
9462,CZ_Battery,2050,5,6,6,0.0
9463,CZ_Battery,2050,5,7,7,0.0
9464,CZ_Battery,2050,5,8,8,0.0
9465,CZ_Battery,2050,5,9,9,0.0
9466,CZ_Battery,2050,5,10,10,0.0
9467,CZ_Battery,2050,5,11,11,0.0
9468,CZ_Battery,2050,5,12,12,0.0
9469,CZ_Battery,2050,5,13,13,0.0
9470,CZ_Battery,2050,5,14,14,0.0
9471,CZ_Battery,2050,5,15,15,0.0
9472,CZ_Battery,2050,5,16,16,0.0
9473,CZ_Battery,2050,5,17,17,0.0
9474,CZ_Battery,2050,5,18,18,0.0
9475,CZ_Battery,2050,5,19,19,0.0
9476,CZ_Battery,2050,5,20,20,0.0
9477,CZ_Battery,2050,5,21,21,0.0
9478,CZ_Battery,2050,5,22,22,0.0
9479,CZ_Battery,2050,5,23,23,0.0
9480,CZ_Battery,2050,5,24,24,0.0
9481,CZ_Battery,2050,6,1,1,0.0
9482,CZ_Battery,2050,6,2,2,0.0
9483,CZ_Battery,2050,6,3,3,0.0
9484,CZ_Battery,2050,6,4,4,0.0
9485,CZ_Battery,2050,6,5,5,0.0
9486,CZ_Battery,2050,6,6,6,0.0
9487,CZ_Battery,2050,6,7,7,0.0
9488,CZ_Battery,2050,6,8,8,0.0
9489,CZ_Battery,2050,6,9,9,0.0
9490,CZ_Battery,2050,6,10,10,0.0
9491,CZ_Battery,2050,6,11,11,0.0
9492,CZ_Battery,2050,6,12,12,0.0
9493,CZ_Battery,2050,6,13,13,0.0
9494,CZ_Battery,2050,6,14,14,0.0
9495,CZ_Battery,2050,6,15,15,0.0
9496,CZ_Battery,2050,6,16,16,0.0
9497,CZ_Battery,2050,6,17,17,0.0
9498,CZ_Battery,2050,6,18,18,0.0
9499,CZ_Battery,2050,6,19,19,0.0
9500,CZ_Battery,2050,6,20,20,0.0
9501,CZ_Battery,2050,6,21,21,0.0
9502,CZ_Battery,2050,6,22,22,0.0
9503,CZ_Battery,2050,6,23,23,0.0
9504,CZ_Battery,2050,6,24,24,0.0
9505,CZ_Battery,2050,7,1,1,0.0
9506,CZ_Battery,2050,7,2,2,0.0
9507,CZ_Battery,2050,7,3,3,0.0
9508,CZ_Battery,2050,7,4,4,0.0
9509,CZ_Battery,2050,7,5,5,0.0
9510,CZ_Battery,2050,7,6,6,0.0
9511,CZ_Battery,2050,7,7,7,0.0
9512,CZ_Battery,2050,7,8,8,0.0
9513,CZ_Battery,2050,7,9,9,0.0
9514,CZ_Battery,2050,7,10,10,0.0
9515,CZ_Battery,2050,7,11,11,0.0
9516,CZ_Battery,2050,7,12,12,0.0
9517,CZ_Battery,2050,7,13,13,0.0
9518,CZ_Battery,2050,7,14,14,0.0
9519,CZ_Battery,2050,7,15,15,0.0
9520,CZ_Battery,2050,7,16,16,0.0
9521,CZ_Battery,2050,7,17,17,0.0
9522,CZ_Battery,2050,7,18,18,0.0
9523,CZ_Battery,2050,7,19,19,0.0
9524,CZ_Battery,2050,7,20,20,0.0
9525,CZ_Battery,2050,7,21,21,0.0
9526,CZ_Battery,2050,7,22,22,0.0
9527,CZ_Battery,2050,7,23,23,0.0
9528,CZ_Battery,2050,7,24,24,0.0
9529,CZ_Battery,2050,8,1,1,0.0
9530,CZ_Battery,2050,8,2,2,0.0
9531,CZ_Battery,2050,8,3,3,0.0
9532,CZ_Battery,2050,8,4,4,0.0
9533,CZ_Battery,2050,8,5,5,0.0
9534,CZ_Battery,2050,8,6,6,0.0
9535,CZ_Battery,2050,8,7,7,0.0
9536,CZ_Battery,2050,8,8,8,0.0
9537,CZ_Battery,2050,8,9,9,0.0
9538,CZ_Battery,2050,8,10,10,0.0
9539,CZ_Battery,2050,8,11,11,0.0
9540,CZ_Battery,2050,8,12,12,0.0
9541,CZ_Battery,2050,8,13,13,0.0
9542,CZ_Battery,2050,8,14,14,0.0
9543,CZ_Battery,2050,8,15,15,0.0
9544,CZ_Battery,2050,8,16,16,0.0
9545,CZ_Battery,2050,8,17,17,0.0
9546,CZ_Battery,2050,8,18,18,0.0
9547,CZ_Battery,2050,8,19,19,0.0
9548,CZ_Battery,2050,8,20,20,0.0
9549,CZ_Battery,2050,8,21,21,0.0
9550,CZ_Battery,2050,8,22,22,0.0
9551,CZ_Battery,2050,8,23,23,0.0
9552,CZ_Battery,2050,8,24,24,0.0
9553,CZ_Battery,2050,9,1,1,0.0
9554,CZ_Battery,2050,9,2,2,0.0
9555,CZ_Battery,2050,9,3,3,0.0
9556,CZ_Battery,2050,9,4,4,0.0
9557,CZ_Battery,2050,9,5,5,0.0
9558,CZ_Battery,2050,9,6,6,0.0
9559,CZ_Battery,2050,9,7,7,0.0
9560,CZ_Battery,2050,9,8,8,0.0
9561,CZ_Battery,2050,9,9,9,0.0
9562,CZ_Battery,2050,9,10,10,0.0
9563,CZ_Battery,2050,9,11,11,0.0
9564,CZ_Battery,2050,9,12,12,0.0
9565,CZ_Battery,2050,9,13,13,0.0
9566,CZ_Battery,2050,9,14,14,0.0
9567,CZ_Battery,2050,9,15,15,0.0
9568,CZ_Battery,2050,9,16,16,0.0
9569,CZ_Battery,2050,9,17,17,0.0
9570,CZ_Battery,2050,9,18,18,0.0
9571,CZ_Battery,2050,9,19,19,0.0
9572,CZ_Battery,2050,9,20,20,0.0
9573,CZ_Battery,2050,9,21,21,0.0
9574,CZ_Battery,2050,9,22,22,0.0
9575,CZ_Battery,2050,9,23,23,0.0
9576,CZ_Battery,2050,9,24,24,0.0
9577,CZ_Battery,2050,10,1,1,0.0
9578,CZ_Battery,2050,10,2,2,0.0
9579,CZ_Battery,2050,10,3,3,0.0
9580,CZ_Battery,2050,10,4,4,0.0
9581,CZ_Battery,2050,10,5,5,0.0
9582,CZ_Battery,2050,10,6,6,0.0
9583,CZ_Battery,2050,10,7,7,0.0
9584,CZ_Battery,2050,10,8,8,0.0
9585,CZ_Battery,2050,10,9,9,0.0
9586,CZ_Battery,2050,10,10,10,0.0
9587,CZ_Battery,2050,10,11,11,0.0
9588,CZ_Battery,2050,10,12,12,0.0
9589,CZ_Battery,2050,10,13,13,0.0
9590,CZ_Battery,2050,10,14,14,0.0
9591,CZ_Battery,2050,10,15,15,0.0
9592,CZ_Battery,2050,10,16,16,0.0
9593,CZ_Battery,2050,10,17,17,0.0
9594,CZ_Battery,2050,10,18,18,-13.396165705666336
9595,CZ_Battery,2050,10,19,19,0.0
9596,CZ_Battery,2050,10,20,20,0.0
9597,CZ_Battery,2050,10,21,21,0.0
9598,CZ_Battery,2050,10,22,22,0.0
9599,CZ_Battery,2050,10,23,23,0.0
9600,CZ_Battery,2050,10,24,24,0.0
9601,CZ_CCGT,2050,1,1,1,0.0
9602,CZ_CCGT,2050,1,2,2,0.0
9603,CZ_CCGT,2050,1,3,3,0.0
9604,CZ_CCGT,2050,1,4,4,0.0
9605,CZ_CCGT,2050,1,5,5,0.0
9606,CZ_CCGT,2050,1,6,6,0.0
9607,CZ_CCGT,2050,1,7,7,0.0
9608,CZ_CCGT,2050,1,8,8,0.0
9609,CZ_CCGT,2050,1,9,9,0.0
9610,CZ_CCGT,2050,1,10,10,0.0
9611,CZ_CCGT,2050,1,11,11,0.0
9612,CZ_CCGT,2050,1,12,12,0.0
9613,CZ_CCGT,2050,1,13,13,0.0
9614,CZ_CCGT,2050,1,14,14,0.0
9615,CZ_CCGT,2050,1,15,15,0.0
9616,CZ_CCGT,2050,1,16,16,0.0
9617,CZ_CCGT,2050,1,17,17,0.0
9618,CZ_CCGT,2050,1,18,18,0.0
9619,CZ_CCGT,2050,1,19,19,0.0
9620,CZ_CCGT,2050,1,20,20,0.0
9621,CZ_CCGT,2050,1,21,21,0.0
9622,CZ_CCGT,2050,1,22,22,0.0
9623,CZ_CCGT,2050,1,23,23,0.0
9624,CZ_CCGT,2050,1,24,24,0.0
9625,CZ_CCGT,2050,2,1,1,0.0
9626,CZ_CCGT,2050,2,2,2,0.0
9627,CZ_CCGT,2050,2,3,3,0.0
9628,CZ_CCGT,2050,2,4,4,0.0
9629,CZ_CCGT,2050,2,5,5,0.0
9630,CZ_CCGT,2050,2,6,6,0.0
9631,CZ_CCGT,2050,2,7,7,0.0
9632,CZ_CCGT,2050,2,8,8,0.0
9633,CZ_CCGT,2050,2,9,9,0.0
9634,CZ_CCGT,2050,2,10,10,0.0
9635,CZ_CCGT,2050,2,11,11,0.0
9636,CZ_CCGT,2050,2,12,12,0.0
9637,CZ_CCGT,2050,2,13,13,0.0
9638,CZ_CCGT,2050,2,14,14,0.0
9639,CZ_CCGT,2050,2,15,15,0.0
9640,CZ_CCGT,2050,2,16,16,0.0
9641,CZ_CCGT,2050,2,17,17,0.0
9642,CZ_CCGT,2050,2,18,18,0.0
9643,CZ_CCGT,2050,2,19,19,0.0
9644,CZ_CCGT,2050,2,20,20,0.0
9645,CZ_CCGT,2050,2,21,21,0.0
9646,CZ_CCGT,2050,2,22,22,0.0
9647,CZ_CCGT,2050,2,23,23,0.0
9648,CZ_CCGT,2050,2,24,24,0.0
9649,CZ_CCGT,2050,3,1,1,0.0
9650,CZ_CCGT,2050,3,2,2,0.0
9651,CZ_CCGT,2050,3,3,3,0.0
9652,CZ_CCGT,2050,3,4,4,0.0
9653,CZ_CCGT,2050,3,5,5,0.0
9654,CZ_CCGT,2050,3,6,6,0.0
9655,CZ_CCGT,2050,3,7,7,0.0
9656,CZ_CCGT,2050,3,8,8,0.0
9657,CZ_CCGT,2050,3,9,9,0.0
9658,CZ_CCGT,2050,3,10,10,0.0
9659,CZ_CCGT,2050,3,11,11,0.0
9660,CZ_CCGT,2050,3,12,12,0.0
9661,CZ_CCGT,2050,3,13,13,0.0
9662,CZ_CCGT,2050,3,14,14,0.0
9663,CZ_CCGT,2050,3,15,15,0.0
9664,CZ_CCGT,2050,3,16,16,0.0
9665,CZ_CCGT,2050,3,17,17,0.0
9666,CZ_CCGT,2050,3,18,18,0.0
9667,CZ_CCGT,2050,3,19,19,0.0
9668,CZ_CCGT,2050,3,20,20,0.0
9669,CZ_CCGT,2050,3,21,21,0.0
9670,CZ_CCGT,2050,3,22,22,0.0
9671,CZ_CCGT,2050,3,23,23,0.0
9672,CZ_CCGT,2050,3,24,24,0.0
9673,CZ_CCGT,2050,4,1,1,0.0
9674,CZ_CCGT,2050,4,2,2,0.0
9675,CZ_CCGT,2050,4,3,3,0.0
9676,CZ_CCGT,2050,4,4,4,0.0
9677,CZ_CCGT,2050,4,5,5,0.0
9678,CZ_CCGT,2050,4,6,6,0.0
9679,CZ_CCGT,2050,4,7,7,0.0
9680,CZ_CCGT,2050,4,8,8,0.0
9681,CZ_CCGT,2050,4,9,9,0.0
9682,CZ_CCGT,2050,4,10,10,0.0
9683,CZ_CCGT,2050,4,11,11,0.0
9684,CZ_CCGT,2050,4,12,12,0.0
9685,CZ_CCGT,2050,4,13,13,0.0
9686,CZ_CCGT,2050,4,14,14,0.0
9687,CZ_CCGT,2050,4,15,15,0.0
9688,CZ_CCGT,2050,4,16,16,0.0
9689,CZ_CCGT,2050,4,17,17,-0.4139999999999998
9690,CZ_CCGT,2050,4,18,18,-0.4139999999999998
9691,CZ_CCGT,2050,4,19,19,-0.4139999999999998
9692,CZ_CCGT,2050,4,20,20,0.0
9693,CZ_CCGT,2050,4,21,21,0.0
9694,CZ_CCGT,2050,4,22,22,0.0
9695,CZ_CCGT,2050,4,23,23,0.0
9696,CZ_CCGT,2050,4,24,24,0.0
9697,CZ_CCGT,2050,5,1,1,0.0
9698,CZ_CCGT,2050,5,2,2,0.0
9699,CZ_CCGT,2050,5,3,3,0.0
9700,CZ_CCGT,2050,5,4,4,0.0
9701,CZ_CCGT,2050,5,5,5,0.0
9702,CZ_CCGT,2050,5,6,6,0.0
9703,CZ_CCGT,2050,5,7,7,0.0
9704,CZ_CCGT,2050,5,8,8,0.0
9705,CZ_CCGT,2050,5,9,9,0.0
9706,CZ_CCGT,2050,5,10,10,0.0
9707,CZ_CCGT,2050,5,11,11,0.0
9708,CZ_CCGT,2050,5,12,12,0.0
9709,CZ_CCGT,2050,5,13,13,0.0
9710,CZ_CCGT,2050,5,14,14,0.0
9711,CZ_CCGT,2050,5,15,15,0.0
9712,CZ_CCGT,2050,5,16,16,0.0
9713,CZ_CCGT,2050,5,17,17,0.0
9714,CZ_CCGT,2050,5,18,18,0.0
9715,CZ_CCGT,2050,5,19,19,0.0
9716,CZ_CCGT,2050,5,20,20,0.0
9717,CZ_CCGT,2050,5,21,21,0.0
9718,CZ_CCGT,2050,5,22,22,0.0
9719,CZ_CCGT,2050,5,23,23,0.0
9720,CZ_CCGT,2050,5,24,24,0.0
9721,CZ_CCGT,2050,6,1,1,0.0
9722,CZ_CCGT,2050,6,2,2,0.0
9723,CZ_CCGT,2050,6,3,3,0.0
9724,CZ_CCGT,2050,6,4,4,0.0
9725,CZ_CCGT,2050,6,5,5,0.0
9726,CZ_CCGT,2050,6,6,6,0.0
9727,CZ_CCGT,2050,6,7,7,0.0
9728,CZ_CCGT,2050,6,8,8,0.0
9729,CZ_CCGT,2050,6,9,9,0.0
9730,CZ_CCGT,2050,6,10,10,0.0
9731,CZ_CCGT,2050,6,11,11,0.0
9732,CZ_CCGT,2050,6,12,12,0.0
9733,CZ_CCGT,2050,6,13,13,0.0
9734,CZ_CCGT,2050,6,14,14,0.0
9735,CZ_CCGT,2050,6,15,15,0.0
9736,CZ_CCGT,2050,6,16,16,0.0
9737,CZ_CCGT,2050,6,17,17,0.0
9738,CZ_CCGT,2050,6,18,18,0.0
9739,CZ_CCGT,2050,6,19,19,0.0
9740,CZ_CCGT,2050,6,20,20,0.0
9741,CZ_CCGT,2050,6,21,21,0.0
9742,CZ_CCGT,2050,6,22,22,0.0
9743,CZ_CCGT,2050,6,23,23,0.0
9744,CZ_CCGT,2050,6,24,24,0.0
9745,CZ_CCGT,2050,7,1,1,0.0
9746,CZ_CCGT,2050,7,2,2,0.0
9747,CZ_CCGT,2050,7,3,3,0.0
9748,CZ_CCGT,2050,7,4,4,0.0
9749,CZ_CCGT,2050,7,5,5,0.0
9750,CZ_CCGT,2050,7,6,6,0.0
9751,CZ_CCGT,2050,7,7,7,0.0
9752,CZ_CCGT,2050,7,8,8,0.0
9753,CZ_CCGT,2050,7,9,9,0.0
9754,CZ_CCGT,2050,7,10,10,0.0
9755,CZ_CCGT,2050,7,11,11,0.0
9756,CZ_CCGT,2050,7,12,12,0.0
9757,CZ_CCGT,2050,7,13,13,0.0
9758,CZ_CCGT,2050,7,14,14,0.0
9759,CZ_CCGT,2050,7,15,15,0.0
9760,CZ_CCGT,2050,7,16,16,0.0
9761,CZ_CCGT,2050,7,17,17,0.0
9762,CZ_CCGT,2050,7,18,18,0.0
9763,CZ_CCGT,2050,7,19,19,0.0
9764,CZ_CCGT,2050,7,20,20,0.0
9765,CZ_CCGT,2050,7,21,21,0.0
9766,CZ_CCGT,2050,7,22,22,0.0
9767,CZ_CCGT,2050,7,23,23,0.0
9768,CZ_CCGT,2050,7,24,24,0.0
9769,CZ_CCGT,2050,8,1,1,0.0
9770,CZ_CCGT,2050,8,2,2,0.0
9771,CZ_CCGT,2050,8,3,3,0.0
9772,CZ_CCGT,2050,8,4,4,0.0
9773,CZ_CCGT,2050,8,5,5,0.0
9774,CZ_CCGT,2050,8,6,6,0.0
9775,CZ_CCGT,2050,8,7,7,0.0
9776,CZ_CCGT,2050,8,8,8,0.0
9777,CZ_CCGT,2050,8,9,9,0.0
9778,CZ_CCGT,2050,8,10,10,0.0
9779,CZ_CCGT,2050,8,11,11,0.0
9780,CZ_CCGT,2050,8,12,12,0.0
9781,CZ_CCGT,2050,8,13,13,0.0
9782,CZ_CCGT,2050,8,14,14,0.0
9783,CZ_CCGT,2050,8,15,15,0.0
9784,CZ_CCGT,2050,8,16,16,0.0
9785,CZ_CCGT,2050,8,17,17,0.0
9786,CZ_CCGT,2050,8,18,18,0.0
9787,CZ_CCGT,2050,8,19,19,0.0
9788,CZ_CCGT,2050,8,20,20,0.0
9789,CZ_CCGT,2050,8,21,21,0.0
9790,CZ_CCGT,2050,8,22,22,0.0
9791,CZ_CCGT,2050,8,23,23,0.0
9792,CZ_CCGT,2050,8,24,24,0.0
9793,CZ_CCGT,2050,9,1,1,0.0
9794,CZ_CCGT,2050,9,2,2,0.0
9795,CZ_CCGT,2050,9,3,3,0.0
9796,CZ_CCGT,2050,9,4,4,0.0
9797,CZ_CCGT,2050,9,5,5,0.0
9798,CZ_CCGT,2050,9,6,6,0.0
9799,CZ_CCGT,2050,9,7,7,0.0
9800,CZ_CCGT,2050,9,8,8,0.0
9801,CZ_CCGT,2050,9,9,9,0.0
9802,CZ_CCGT,2050,9,10,10,0.0
9803,CZ_CCGT,2050,9,11,11,0.0
9804,CZ_CCGT,2050,9,12,12,0.0
9805,CZ_CCGT,2050,9,13,13,0.0
9806,CZ_CCGT,2050,9,14,14,0.0
9807,CZ_CCGT,2050,9,15,15,0.0
9808,CZ_CCGT,2050,9,16,16,0.0
9809,CZ_CCGT,2050,9,17,17,0.0
9810,CZ_CCGT,2050,9,18,18,0.0
9811,CZ_CCGT,2050,9,19,19,0.0
9812,CZ_CCGT,2050,9,20,20,0.0
9813,CZ_CCGT,2050,9,21,21,0.0
9814,CZ_CCGT,2050,9,22,22,0.0
9815,CZ_CCGT,2050,9,23,23,0.0
9816,CZ_CCGT,2050,9,24,24,0.0
9817,CZ_CCGT,2050,10,1,1,0.0
9818,CZ_CCGT,2050,10,2,2,0.0
9819,CZ_CCGT,2050,10,3,3,0.0
9820,CZ_CCGT,2050,10,4,4,0.0
9821,CZ_CCGT,2050,10,5,5,0.0
9822,CZ_CCGT,2050,10,6,6,0.0
9823,CZ_CCGT,2050,10,7,7,-0.8279999999999996
9824,CZ_CCGT,2050,10,8,8,-0.8279999999999996
9825,CZ_CCGT,2050,10,9,9,-0.8279999999999996
9826,CZ_CCGT,2050,10,10,10,-0.8279999999999996
9827,CZ_CCGT,2050,10,11,11,-0.8279999999999996
9828,CZ_CCGT,2050,10,12,12,-0.8279999999999996
9829,CZ_CCGT,2050,10,13,13,-0.8279999999999996
9830,CZ_CCGT,2050,10,14,14,-0.8279999999999996
9831,CZ_CCGT,2050,10,15,15,-0.8279999999999996
9832,CZ_CCGT,2050,10,16,16,-0.8279999999999996
9833,CZ_CCGT,2050,10,17,17,-0.8279999999999996
9834,CZ_CCGT,2050,10,18,18,-14.224165705666335
9835,CZ_CCGT,2050,10,19,19,-0.8279999999999996
9836,CZ_CCGT,2050,10,20,20,-0.8279999999999996
9837,CZ_CCGT,2050,10,21,21,0.0
9838,CZ_CCGT,2050,10,22,22,0.0
9839,CZ_CCGT,2050,10,23,23,0.0
9840,CZ_CCGT,2050,10,24,24,0.0
9841,CZ_Coal,2050,1,1,1,0.0
9842,CZ_Coal,2050,1,2,2,0.0
9843,CZ_Coal,2050,1,3,3,0.0
9844,CZ_Coal,2050,1,4,4,0.0
9845,CZ_Coal,2050,1,5,5,-0.8109000000000001
9846,CZ_Coal,2050,1,6,6,-0.8109000000000001
9847,CZ_Coal,2050,1,7,7,-0.8109000000000001
9848,CZ_Coal,2050,1,8,8,-0.8109000000000001
9849,CZ_Coal,2050,1,9,9,-0.8109000000000001
9850,CZ_Coal,2050,1,10,10,-0.8109000000000001
9851,CZ_Coal,2050,1,11,11,-0.8109000000000001
9852,CZ_Coal,2050,1,12,12,-0.8109000000000001
9853,CZ_Coal,2050,1,13,13,0.0
9854,CZ_Coal,2050,1,14,14,0.0
9855,CZ_Coal,2050,1,15,15,0.0
9856,CZ_Coal,2050,1,16,16,-0.8109000000000001
9857,CZ_Coal,2050,1,17,17,-0.8109000000000001
9858,CZ_Coal,2050,1,18,18,-0.8109000000000001
9859,CZ_Coal,2050,1,19,19,-0.8109000000000001
9860,CZ_Coal,2050,1,20,20,-0.8109000000000001
9861,CZ_Coal,2050,1,21,21,0.0
9862,CZ_Coal,2050,1,22,22,0.0
9863,CZ_Coal,2050,1,23,23,0.0
9864,CZ_Coal,2050,1,24,24,0.0
9865,CZ_Coal,2050,2,1,1,0.0
9866,CZ_Coal,2050,2,2,2,0.0
9867,CZ_Coal,2050,2,3,3,0.0
9868,CZ_Coal,2050,2,4,4,0.0
9869,CZ_Coal,2050,2,5,5,0.0
9870,CZ_Coal,2050,2,6,6,0.0
9871,CZ_Coal,2050,2,7,7,0.0
9872,CZ_Coal,2050,2,8,8,0.0
9873,CZ_Coal,2050,2,9,9,0.0
9874,CZ_Coal,2050,2,10,10,0.0
9875,CZ_Coal,2050,2,11,11,0.0
9876,CZ_Coal,2050,2,12,12,0.0
9877,CZ_Coal,2050,2,13,13,0.0
9878,CZ_Coal,2050,2,14,14,0.0
9879,CZ_Coal,2050,2,15,15,0.0
9880,CZ_Coal,2050,2,16,16,0.0
9881,CZ_Coal,2050,2,17,17,0.0
9882,CZ_Coal,2050,2,18,18,0.0
9883,CZ_Coal,2050,2,19,19,0.0
9884,CZ_Coal,2050,2,20,20,0.0
9885,CZ_Coal,2050,2,21,21,0.0
9886,CZ_Coal,2050,2,22,22,0.0
9887,CZ_Coal,2050,2,23,23,0.0
9888,CZ_Coal,2050,2,24,24,0.0
9889,CZ_Coal,2050,3,1,1,0.0
9890,CZ_Coal,2050,3,2,2,0.0
9891,CZ_Coal,2050,3,3,3,0.0
9892,CZ_Coal,2050,3,4,4,0.0
9893,CZ_Coal,2050,3,5,5,0.0
9894,CZ_Coal,2050,3,6,6,0.0
9895,CZ_Coal,2050,3,7,7,0.0
9896,CZ_Coal,2050,3,8,8,0.0
9897,CZ_Coal,2050,3,9,9,0.0
9898,CZ_Coal,2050,3,10,10,0.0
9899,CZ_Coal,2050,3,11,11,0.0
9900,CZ_Coal,2050,3,12,12,0.0
9901,CZ_Coal,2050,3,13,13,0.0
9902,CZ_Coal,2050,3,14,14,0.0
9903,CZ_Coal,2050,3,15,15,-0.4437000000000001
9904,CZ_Coal,2050,3,16,16,-0.4437000000000001
9905,CZ_Coal,2050,3,17,17,-0.4437000000000001
9906,CZ_Coal,2050,3,18,18,0.0
9907,CZ_Coal,2050,3,19,19,0.0
9908,CZ_Coal,2050,3,20,20,0.0
9909,CZ_Coal,2050,3,21,21,0.0
9910,CZ_Coal,2050,3,22,22,0.0
9911,CZ_Coal,2050,3,23,23,0.0
9912,CZ_Coal,2050,3,24,24,0.0
9913,CZ_Coal,2050,4,1,1,0.0
9914,CZ_Coal,2050,4,2,2,0.0
9915,CZ_Coal,2050,4,3,3,0.0
9916,CZ_Coal,2050,4,4,4,0.0
9917,CZ_Coal,2050,4,5,5,-0.3519
9918,CZ_Coal,2050,4,6,6,-0.3519
9919,CZ_Coal,2050,4,7,7,-0.3519
9920,CZ_Coal,2050,4,8,8,-0.3519
9921,CZ_Coal,2050,4,9,9,-0.3519
9922,CZ_Coal,2050,4,10,10,-0.3519
9923,CZ_Coal,2050,4,11,11,-0.3519
9924,CZ_Coal,2050,4,12,12,-0.3519
9925,CZ_Coal,2050,4,13,13,-0.3519
9926,CZ_Coal,2050,4,14,14,-0.3519
9927,CZ_Coal,2050,4,15,15,-0.3519
9928,CZ_Coal,2050,4,16,16,-0.3519
9929,CZ_Coal,2050,4,17,17,-0.7658999999999998
9930,CZ_Coal,2050,4,18,18,-0.7658999999999998
9931,CZ_Coal,2050,4,19,19,-0.7658999999999998
9932,CZ_Coal,2050,4,20,20,0.0
9933,CZ_Coal,2050,4,21,21,0.0
9934,CZ_Coal,2050,4,22,22,0.0
9935,CZ_Coal,2050,4,23,23,0.0
9936,CZ_Coal,2050,4,24,24,0.0
9937,CZ_Coal,2050,5,1,1,0.0
9938,CZ_Coal,2050,5,2,2,0.0
9939,CZ_Coal,2050,5,3,3,0.0
9940,CZ_Coal,2050,5,4,4,0.0
9941,CZ_Coal,2050,5,5,5,0.0
9942,CZ_Coal,2050,5,6,6,0.0
9943,CZ_Coal,2050,5,7,7,0.0
9944,CZ_Coal,2050,5,8,8,0.0
9945,CZ_Coal,2050,5,9,9,0.0
9946,CZ_Coal,2050,5,10,10,0.0
9947,CZ_Coal,2050,5,11,11,0.0
9948,CZ_Coal,2050,5,12,12,0.0
9949,CZ_Coal,2050,5,13,13,0.0
9950,CZ_Coal,2050,5,14,14,0.0
9951,CZ_Coal,2050,5,15,15,0.0
9952,CZ_Coal,2050,5,16,16,0.0
9953,CZ_Coal,2050,5,17,17,0.0
9954,CZ_Coal,2050,5,18,18,0.0
9955,CZ_Coal,2050,5,19,19,0.0
9956,CZ_Coal,2050,5,20,20,0.0
9957,CZ_Coal,2050,5,21,21,0.0
9958,CZ_Coal,2050,5,22,22,0.0
9959,CZ_Coal,2050,5,23,23,0.0
9960,CZ_Coal,2050,5,24,24,0.0
9961,CZ_Coal,2050,6,1,1,0.0
9962,CZ_Coal,2050,6,2,2,0.0
9963,CZ_Coal,2050,6,3,3,0.0
9964,CZ_Coal,2050,6,4,4,0.0
9965,CZ_Coal,2050,6,5,5,0.0
9966,CZ_Coal,2050,6,6,6,0.0
9967,CZ_Coal,2050,6,7,7,0.0
9968,CZ_Coal,2050,6,8,8,0.0
9969,CZ_Coal,2050,6,9,9,0.0
9970,CZ_Coal,2050,6,10,10,0.0
9971,CZ_Coal,2050,6,11,11,0.0
9972,CZ_Coal,2050,6,12,12,0.0
9973,CZ_Coal,2050,6,13,13,0.0
9974,CZ_Coal,2050,6,14,14,0.0
9975,CZ_Coal,2050,6,15,15,0.0
9976,CZ_Coal,2050,6,16,16,0.0
9977,CZ_Coal,2050,6,17,17,0.0
9978,CZ_Coal,2050,6,18,18,0.0
9979,CZ_Coal,2050,6,19,19,0.0
9980,CZ_Coal,2050,6,20,20,0.0
9981,CZ_Coal,2050,6,21,21,0.0
9982,CZ_Coal,2050,6,22,22,0.0
9983,CZ_Coal,2050,6,23,23,0.0
9984,CZ_Coal,2050,6,24,24,0.0
9985,CZ_Coal,2050,7,1,1,0.0
9986,CZ_Coal,2050,7,2,2,0.0
9987,CZ_Coal,2050,7,3,3,0.0
9988,CZ_Coal,2050,7,4,4,0.0
9989,CZ_Coal,2050,7,5,5,0.0
9990,CZ_Coal,2050,7,6,6,0.0
9991,CZ_Coal,2050,7,7,7,0.0
9992,CZ_Coal,2050,7,8,8,0.0
9993,CZ_Coal,2050,7,9,9,0.0
9994,CZ_Coal,2050,7,10,10,0.0
9995,CZ_Coal,2050,7,11,11,0.0
9996,CZ_Coal,2050,7,12,12,0.0
9997,CZ_Coal,2050,7,13,13,0.0
9998,CZ_Coal,2050,7,14,14,0.0
9999,CZ_Coal,2050,7,15,15,0.0
10000,CZ_Coal,2050,7,16,16,0.0
10001,CZ_Coal,2050,7,17,17,-0.5661
10002,CZ_Coal,2050,7,18,18,-0.5661
10003,CZ_Coal,2050,7,19,19,-0.5661
10004,CZ_Coal,2050,7,20,20,-0.5661
10005,CZ_Coal,2050,7,21,21,0.0
10006,CZ_Coal,2050,7,22,22,0.0
10007,CZ_Coal,2050,7,23,23,0.0
10008,CZ_Coal,2050,7,24,24,0.0
10009,CZ_Coal,2050,8,1,1,0.0
10010,CZ_Coal,2050,8,2,2,0.0
10011,CZ_Coal,2050,8,3,3,0.0
10012,CZ_Coal,2050,8,4,4,0.0
10013,CZ_Coal,2050,8,5,5,0.0
10014,CZ_Coal,2050,8,6,6,0.0
10015,CZ_Coal,2050,8,7,7,0.0
10016,CZ_Coal,2050,8,8,8,0.0
10017,CZ_Coal,2050,8,9,9,0.0
10018,CZ_Coal,2050,8,10,10,0.0
10019,CZ_Coal,2050,8,11,11,0.0
10020,CZ_Coal,2050,8,12,12,0.0
10021,CZ_Coal,2050,8,13,13,0.0
10022,CZ_Coal,2050,8,14,14,0.0
10023,CZ_Coal,2050,8,15,15,0.0
10024,CZ_Coal,2050,8,16,16,0.0
10025,CZ_Coal,2050,8,17,17,0.0
10026,CZ_Coal,2050,8,18,18,0.0
10027,CZ_Coal,2050,8,19,19,0.0
10028,CZ_Coal,2050,8,20,20,0.0
10029,CZ_Coal,2050,8,21,21,0.0
10030,CZ_Coal,2050,8,22,22,0.0
10031,CZ_Coal,2050,8,23,23,0.0
10032,CZ_Coal,2050,8,24,24,0.0
10033,CZ_Coal,2050,9,1,1,0.0
10034,CZ_Coal,2050,9,2,2,0.0
10035,CZ_Coal,2050,9,3,3,0.0
10036,CZ_Coal,2050,9,4,4,0.0
10037,CZ_Coal,2050,9,5,5,0.0
10038,CZ_Coal,2050,9,6,6,0.0
10039,CZ_Coal,2050,9,7,7,0.0
10040,CZ_Coal,2050,9,8,8,0.0
10041,CZ_Coal,2050,9,9,9,0.0
10042,CZ_Coal,2050,9,10,10,0.0
10043,CZ_Coal,2050,9,11,11,0.0
10044,CZ_Coal,2050,9,12,12,0.0
10045,CZ_Coal,2050,9,13,13,0.0
10046,CZ_Coal,2050,9,14,14,0.0
10047,CZ_Coal,2050,9,15,15,0.0
10048,CZ_Coal,2050,9,16,16,0.0
10049,CZ_Coal,2050,9,17,17,0.0
10050,CZ_Coal,2050,9,18,18,0.0
10051,CZ_Coal,2050,9,19,19,0.0
10052,CZ_Coal,2050,9,20,20,0.0
10053,CZ_Coal,2050,9,21,21,0.0
10054,CZ_Coal,2050,9,22,22,0.0
10055,CZ_Coal,2050,9,23,23,0.0
10056,CZ_Coal,2050,9,24,24,0.0
10057,CZ_Coal,2050,10,1,1,-0.7038
10058,CZ_Coal,2050,10,2,2,-0.7038
10059,CZ_Coal,2050,10,3,3,-0.7038
10060,CZ_Coal,2050,10,4,4,-0.7038
10061,CZ_Coal,2050,10,5,5,-0.7038
10062,CZ_Coal,2050,10,6,6,-0.7038
10063,CZ_Coal,2050,10,7,7,-1.5317999999999996
10064,CZ_Coal,2050,10,8,8,-1.5317999999999996
10065,CZ_Coal,2050,10,9,9,-1.5317999999999996
10066,CZ_Coal,2050,10,10,10,-1.5317999999999996
10067,CZ_Coal,2050,10,11,11,-1.5317999999999996
10068,CZ_Coal,2050,10,12,12,-1.5317999999999996
10069,CZ_Coal,2050,10,13,13,-1.5317999999999996
10070,CZ_Coal,2050,10,14,14,-1.5317999999999996
10071,CZ_Coal,2050,10,15,15,-1.5317999999999996
10072,CZ_Coal,2050,10,16,16,-1.5317999999999996
10073,CZ_Coal,2050,10,17,17,-1.5317999999999996
10074,CZ_Coal,2050,10,18,18,-14.927965705666336
10075,CZ_Coal,2050,10,19,19,-1.5317999999999996
10076,CZ_Coal,2050,10,20,20,-1.5317999999999996
10077,CZ_Coal,2050,10,21,21,-0.7038
10078,CZ_Coal,2050,10,22,22,-0.7038
10079,CZ_Coal,2050,10,23,23,0.0
10080,CZ_Coal,2050,10,24,24,0.0
10081,CZ_Nuclear,2050,1,1,1,-0.49290000000000006
10082,CZ_Nuclear,2050,1,2,2,-0.49290000000000006
10083,CZ_Nuclear,2050,1,3,3,-0.49290000000000006
10084,CZ_Nuclear,2050,1,4,4,-0.49290000000000006
10085,CZ_Nuclear,2050,1,5,5,-1.3038
10086,CZ_Nuclear,2050,1,6,6,-1.3038
10087,CZ_Nuclear,2050,1,7,7,-1.3038
10088,CZ_Nuclear,2050,1,8,8,-1.3038
10089,CZ_Nuclear,2050,1,9,9,-1.3038
10090,CZ_Nuclear,2050,1,10,10,-1.3038
10091,CZ_Nuclear,2050,1,11,11,-1.3038
10092,CZ_Nuclear,2050,1,12,12,-1.3038
10093,CZ_Nuclear,2050,1,13,13,-0.49290000000000006
10094,CZ_Nuclear,2050,1,14,14,-0.49290000000000006
10095,CZ_Nuclear,2050,1,15,15,-0.49290000000000006
10096,CZ_Nuclear,2050,1,16,16,-1.3038
10097,CZ_Nuclear,2050,1,17,17,-1.3038
10098,CZ_Nuclear,2050,1,18,18,-1.3038
10099,CZ_Nuclear,2050,1,19,19,-1.3038
10100,CZ_Nuclear,2050,1,20,20,-1.3038
10101,CZ_Nuclear,2050,1,21,21,-0.49290000000000006
10102,CZ_Nuclear,2050,1,22,22,-0.49290000000000006
10103,CZ_Nuclear,2050,1,23,23,-0.49290000000000006
10104,CZ_Nuclear,2050,1,24,24,-0.49290000000000006
10105,CZ_Nuclear,2050,2,1,1,0.0
10106,CZ_Nuclear,2050,2,2,2,0.0
10107,CZ_Nuclear,2050,2,3,3,0.0
10108,CZ_Nuclear,2050,2,4,4,0.0
10109,CZ_Nuclear,2050,2,5,5,0.0
10110,CZ_Nuclear,2050,2,6,6,0.0
10111,CZ_Nuclear,2050,2,7,7,0.0
10112,CZ_Nuclear,2050,2,8,8,0.0
10113,CZ_Nuclear,2050,2,9,9,0.0
10114,CZ_Nuclear,2050,2,10,10,0.0
10115,CZ_Nuclear,2050,2,11,11,0.0
10116,CZ_Nuclear,2050,2,12,12,0.0
10117,CZ_Nuclear,2050,2,13,13,0.0
10118,CZ_Nuclear,2050,2,14,14,0.0
10119,CZ_Nuclear,2050,2,15,15,0.0
10120,CZ_Nuclear,2050,2,16,16,0.0
10121,CZ_Nuclear,2050,2,17,17,0.0
10122,CZ_Nuclear,2050,2,18,18,0.0
10123,CZ_Nuclear,2050,2,19,19,0.0
10124,CZ_Nuclear,2050,2,20,20,0.0
10125,CZ_Nuclear,2050,2,21,21,0.0
10126,CZ_Nuclear,2050,2,22,22,0.0
10127,CZ_Nuclear,2050,2,23,23,0.0
10128,CZ_Nuclear,2050,2,24,24,0.0
10129,CZ_Nuclear,2050,3,1,1,-0.2697
10130,CZ_Nuclear,2050,3,2,2,-0.2697
10131,CZ_Nuclear,2050,3,3,3,-0.2697
10132,CZ_Nuclear,2050,3,4,4,-0.2697
10133,CZ_Nuclear,2050,3,5,5,-0.2697
10134,CZ_Nuclear,2050,3,6,6,-0.2697
10135,CZ_Nuclear,2050,3,7,7,-0.2697
10136,CZ_Nuclear,2050,3,8,8,-0.2697
10137,CZ_Nuclear,2050,3,9,9,-0.2697
10138,CZ_Nuclear,2050,3,10,10,-0.2697
10139,CZ_Nuclear,2050,3,11,11,-0.2697
10140,CZ_Nuclear,2050,3,12,12,-0.2697
10141,CZ_Nuclear,2050,3,13,13,-0.2697
10142,CZ_Nuclear,2050,3,14,14,-0.2697
10143,CZ_Nuclear,2050,3,15,15,-0.7134
10144,CZ_Nuclear,2050,3,16,16,-0.7134
10145,CZ_Nuclear,2050,3,17,17,-0.7134
10146,CZ_Nuclear,2050,3,18,18,-0.2697
10147,CZ_Nuclear,2050,3,19,19,-0.2697
10148,CZ_Nuclear,2050,3,20,20,-0.2697
10149,CZ_Nuclear,2050,3,21,21,-0.2697
10150,CZ_Nuclear,2050,3,22,22,-0.2697
10151,CZ_Nuclear,2050,3,23,23,-0.2697
10152,CZ_Nuclear,2050,3,24,24,-0.2697
10153,CZ_Nuclear,2050,4,1,1,-0.21390000000000003
10154,CZ_Nuclear,2050,4,2,2,-0.21390000000000003
10155,CZ_Nuclear,2050,4,3,3,-0.21390000000000003
10156,CZ_Nuclear,2050,4,4,4,-0.21390000000000003
10157,CZ_Nuclear,2050,4,5,5,-0.5658000000000001
10158,CZ_Nuclear,2050,4,6,6,-0.5658000000000001
10159,CZ_Nuclear,2050,4,7,7,-0.5658000000000001
10160,CZ_Nuclear,2050,4,8,8,-0.5658000000000001
10161,CZ_Nuclear,2050,4,9,9,-0.5658000000000001
10162,CZ_Nuclear,2050,4,10,10,-0.5658000000000001
10163,CZ_Nuclear,2050,4,11,11,-0.5658000000000001
10164,CZ_Nuclear,2050,4,12,12,-0.5658000000000001
10165,CZ_Nuclear,2050,4,13,13,-0.5658000000000001
10166,CZ_Nuclear,2050,4,14,14,-0.5658000000000001
10167,CZ_Nuclear,2050,4,15,15,-0.5658000000000001
10168,CZ_Nuclear,2050,4,16,16,-0.5658000000000001
10169,CZ_Nuclear,2050,4,17,17,-0.9797999999999998
10170,CZ_Nuclear,2050,4,18,18,-0.9797999999999998
10171,CZ_Nuclear,2050,4,19,19,-0.9797999999999998
10172,CZ_Nuclear,2050,4,20,20,-0.21390000000000003
10173,CZ_Nuclear,2050,4,21,21,-0.21390000000000003
10174,CZ_Nuclear,2050,4,22,22,-0.21390000000000003
10175,CZ_Nuclear,2050,4,23,23,-0.21390000000000003
10176,CZ_Nuclear,2050,4,24,24,-0.21390000000000003
10177,CZ_Nuclear,2050,5,1,1,0.0
10178,CZ_Nuclear,2050,5,2,2,0.0
10179,CZ_Nuclear,2050,5,3,3,0.0
10180,CZ_Nuclear,2050,5,4,4,0.0
10181,CZ_Nuclear,2050,5,5,5,0.0
10182,CZ_Nuclear,2050,5,6,6,0.0
10183,CZ_Nuclear,2050,5,7,7,0.0
10184,CZ_Nuclear,2050,5,8,8,0.0
10185,CZ_Nuclear,2050,5,9,9,0.0
10186,CZ_Nuclear,2050,5,10,10,0.0
10187,CZ_Nuclear,2050,5,11,11,0.0
10188,CZ_Nuclear,2050,5,12,12,0.0
10189,CZ_Nuclear,2050,5,13,13,0.0
10190,CZ_Nuclear,2050,5,14,14,0.0
10191,CZ_Nuclear,2050,5,15,15,0.0
10192,CZ_Nuclear,2050,5,16,16,0.0
10193,CZ_Nuclear,2050,5,17,17,0.0
10194,CZ_Nuclear,2050,5,18,18,0.0
10195,CZ_Nuclear,2050,5,19,19,0.0
10196,CZ_Nuclear,2050,5,20,20,0.0
10197,CZ_Nuclear,2050,5,21,21,0.0
10198,CZ_Nuclear,2050,5,22,22,0.0
10199,CZ_Nuclear,2050,5,23,23,0.0
10200,CZ_Nuclear,2050,5,24,24,0.0
10201,CZ_Nuclear,2050,6,1,1,-0.1674
10202,CZ_Nuclear,2050,6,2,2,0.0
10203,CZ_Nuclear,2050,6,3,3,0.0
10204,CZ_Nuclear,2050,6,4,4,0.0
10205,CZ_Nuclear,2050,6,5,5,0.0
10206,CZ_Nuclear,2050,6,6,6,0.0
10207,CZ_Nuclear,2050,6,7,7,0.0
10208,CZ_Nuclear,2050,6,8,8,0.0
10209,CZ_Nuclear,2050,6,9,9,0.0
10210,CZ_Nuclear,2050,6,10,10,0.0
10211,CZ_Nuclear,2050,6,11,11,0.0
10212,CZ_Nuclear,2050,6,12,12,0.0
10213,CZ_Nuclear,2050,6,13,13,0.0
10214,CZ_Nuclear,2050,6,14,14,0.0
10215,CZ_Nuclear,2050,6,15,15,0.0
10216,CZ_Nuclear,2050,6,16,16,0.0
10217,CZ_Nuclear,2050,6,17,17,-0.1674
10218,CZ_Nuclear,2050,6,18,18,-0.1674
10219,CZ_Nuclear,2050,6,19,19,-0.1674
10220,CZ_Nuclear,2050,6,20,20,-0.1674
10221,CZ_Nuclear,2050,6,21,21,-0.1674
10222,CZ_Nuclear,2050,6,22,22,-0.1674
10223,CZ_Nuclear,2050,6,23,23,-0.1674
10224,CZ_Nuclear,2050,6,24,24,-0.1674
10225,CZ_Nuclear,2050,7,1,1,-0.3441000000000001
10226,CZ_Nuclear,2050,7,2,2,-0.3441000000000001
10227,CZ_Nuclear,2050,7,3,3,-0.3441000000000001
10228,CZ_Nuclear,2050,7,4,4,-0.3441000000000001
10229,CZ_Nuclear,2050,7,5,5,-0.3441000000000001
10230,CZ_Nuclear,2050,7,6,6,-0.3441000000000001
10231,CZ_Nuclear,2050,7,7,7,-0.3441000000000001
10232,CZ_Nuclear,2050,7,8,8,-0.3441000000000001
10233,CZ_Nuclear,2050,7,9,9,-0.3441000000000001
10234,CZ_Nuclear,2050,7,10,10,-0.3441000000000001
10235,CZ_Nuclear,2050,7,11,11,-0.3441000000000001
10236,CZ_Nuclear,2050,7,12,12,-0.3441000000000001
10237,CZ_Nuclear,2050,7,13,13,-0.3441000000000001
10238,CZ_Nuclear,2050,7,14,14,-0.3441000000000001
10239,CZ_Nuclear,2050,7,15,15,-0.3441000000000001
10240,CZ_Nuclear,2050,7,16,16,-0.3441000000000001
10241,CZ_Nuclear,2050,7,17,17,-0.9102000000000001
10242,CZ_Nuclear,2050,7,18,18,-0.9102000000000001
10243,CZ_Nuclear,2050,7,19,19,-0.9102000000000001
10244,CZ_Nuclear,2050,7,20,20,-0.9102000000000001
10245,CZ_Nuclear,2050,7,21,21,-0.3441000000000001
10246,CZ_Nuclear,2050,7,22,22,-0.3441000000000001
10247,CZ_Nuclear,2050,7,23,23,-0.3441000000000001
10248,CZ_Nuclear,2050,7,24,24,-0.3441000000000001
10249,CZ_Nuclear,2050,8,1,1,0.0
10250,CZ_Nuclear,2050,8,2,2,0.0
10251,CZ_Nuclear,2050,8,3,3,0.0
10252,CZ_Nuclear,2050,8,4,4,-0.2883
10253,CZ_Nuclear,2050,8,5,5,-0.2883
10254,CZ_Nuclear,2050,8,6,6,-0.2883
10255,CZ_Nuclear,2050,8,7,7,-0.2883
10256,CZ_Nuclear,2050,8,8,8,-0.2883
10257,CZ_Nuclear,2050,8,9,9,-0.2883
10258,CZ_Nuclear,2050,8,10,10,-0.2883
10259,CZ_Nuclear,2050,8,11,11,-0.2883
10260,CZ_Nuclear,2050,8,12,12,-0.2883
10261,CZ_Nuclear,2050,8,13,13,-0.2883
10262,CZ_Nuclear,2050,8,14,14,-0.2883
10263,CZ_Nuclear,2050,8,15,15,-0.2883
10264,CZ_Nuclear,2050,8,16,16,-0.2883
10265,CZ_Nuclear,2050,8,17,17,-0.2883
10266,CZ_Nuclear,2050,8,18,18,-0.2883
10267,CZ_Nuclear,2050,8,19,19,-0.2883
10268,CZ_Nuclear,2050,8,20,20,-0.2883
10269,CZ_Nuclear,2050,8,21,21,-0.2883
10270,CZ_Nuclear,2050,8,22,22,0.0
10271,CZ_Nuclear,2050,8,23,23,0.0
10272,CZ_Nuclear,2050,8,24,24,0.0
10273,CZ_Nuclear,2050,9,1,1,0.0
10274,CZ_Nuclear,2050,9,2,2,0.0
10275,CZ_Nuclear,2050,9,3,3,0.0
10276,CZ_Nuclear,2050,9,4,4,0.0
10277,CZ_Nuclear,2050,9,5,5,0.0
10278,CZ_Nuclear,2050,9,6,6,0.0
10279,CZ_Nuclear,2050,9,7,7,0.0
10280,CZ_Nuclear,2050,9,8,8,0.0
10281,CZ_Nuclear,2050,9,9,9,0.0
10282,CZ_Nuclear,2050,9,10,10,0.0
10283,CZ_Nuclear,2050,9,11,11,0.0
10284,CZ_Nuclear,2050,9,12,12,-0.39990000000000003
10285,CZ_Nuclear,2050,9,13,13,-0.39990000000000003
10286,CZ_Nuclear,2050,9,14,14,-7.942165705666337
10287,CZ_Nuclear,2050,9,15,15,-7.942165705666337
10288,CZ_Nuclear,2050,9,16,16,-0.39990000000000003
10289,CZ_Nuclear,2050,9,17,17,-0.39990000000000003
10290,CZ_Nuclear,2050,9,18,18,-0.39990000000000003
10291,CZ_Nuclear,2050,9,19,19,-0.39990000000000003
10292,CZ_Nuclear,2050,9,20,20,-0.39990000000000003
10293,CZ_Nuclear,2050,9,21,21,-0.39990000000000003
10294,CZ_Nuclear,2050,9,22,22,0.0
10295,CZ_Nuclear,2050,9,23,23,0.0
10296,CZ_Nuclear,2050,9,24,24,0.0
10297,CZ_Nuclear,2050,10,1,1,-1.1316000000000002
10298,CZ_Nuclear,2050,10,2,2,-1.1316000000000002
10299,CZ_Nuclear,2050,10,3,3,-1.1316000000000002
10300,CZ_Nuclear,2050,10,4,4,-1.1316000000000002
10301,CZ_Nuclear,2050,10,5,5,-1.1316000000000002
10302,CZ_Nuclear,2050,10,6,6,-1.1316000000000002
10303,CZ_Nuclear,2050,10,7,7,-1.9595999999999996
10304,CZ_Nuclear,2050,10,8,8,-1.9595999999999996
10305,CZ_Nuclear,2050,10,9,9,-1.9595999999999996
10306,CZ_Nuclear,2050,10,10,10,-1.9595999999999996
10307,CZ_Nuclear,2050,10,11,11,-1.9595999999999996
10308,CZ_Nuclear,2050,10,12,12,-1.9595999999999996
10309,CZ_Nuclear,2050,10,13,13,-1.9595999999999996
10310,CZ_Nuclear,2050,10,14,14,-1.9595999999999996
10311,CZ_Nuclear,2050,10,15,15,-1.9595999999999996
10312,CZ_Nuclear,2050,10,16,16,-1.9595999999999996
10313,CZ_Nuclear,2050,10,17,17,-1.9595999999999996
10314,CZ_Nuclear,2050,10,18,18,-15.355765705666336
10315,CZ_Nuclear,2050,10,19,19,-1.9595999999999996
10316,CZ_Nuclear,2050,10,20,20,-1.9595999999999996
10317,CZ_Nuclear,2050,10,21,21,-1.1316000000000002
10318,CZ_Nuclear,2050,10,22,22,-1.1316000000000002
10319,CZ_Nuclear,2050,10,23,23,-0.42780000000000007
10320,CZ_Nuclear,2050,10,24,24,-0.42780000000000007
10321,CZ_OCGT,2050,1,1,1,0.0
10322,CZ_OCGT,2050,1,2,2,0.0
10323,CZ_OCGT,2050,1,3,3,0.0
10324,CZ_OCGT,2050,1,4,4,0.0
10325,CZ_OCGT,2050,1,5,5,0.0
10326,CZ_OCGT,2050,1,6,6,0.0
10327,CZ_OCGT,2050,1,7,7,0.0
10328,CZ_OCGT,2050,1,8,8,0.0
10329,CZ_OCGT,2050,1,9,9,0.0
10330,CZ_OCGT,2050,1,10,10,0.0
10331,CZ_OCGT,2050,1,11,11,0.0
10332,CZ_OCGT,2050,1,12,12,0.0
10333,CZ_OCGT,2050,1,13,13,0.0
10334,CZ_OCGT,2050,1,14,14,0.0
10335,CZ_OCGT,2050,1,15,15,0.0
10336,CZ_OCGT,2050,1,16,16,0.0
10337,CZ_OCGT,2050,1,17,17,0.0
10338,CZ_OCGT,2050,1,18,18,0.0
10339,CZ_OCGT,2050,1,19,19,0.0
10340,CZ_OCGT,2050,1,20,20,0.0
10341,CZ_OCGT,2050,1,21,21,0.0
10342,CZ_OCGT,2050,1,22,22,0.0
10343,CZ_OCGT,2050,1,23,23,0.0
10344,CZ_OCGT,2050,1,24,24,0.0
10345,CZ_OCGT,2050,2,1,1,0.0
10346,CZ_OCGT,2050,2,2,2,0.0
10347,CZ_OCGT,2050,2,3,3,0.0
10348,CZ_OCGT,2050,2,4,4,0.0
10349,CZ_OCGT,2050,2,5,5,0.0
10350,CZ_OCGT,2050,2,6,6,0.0
10351,CZ_OCGT,2050,2,7,7,0.0
10352,CZ_OCGT,2050,2,8,8,0.0
10353,CZ_OCGT,2050,2,9,9,0.0
10354,CZ_OCGT,2050,2,10,10,0.0
10355,CZ_OCGT,2050,2,11,11,0.0
10356,CZ_OCGT,2050,2,12,12,0.0
10357,CZ_OCGT,2050,2,13,13,0.0
10358,CZ_OCGT,2050,2,14,14,0.0
10359,CZ_OCGT,2050,2,15,15,0.0
10360,CZ_OCGT,2050,2,16,16,0.0
10361,CZ_OCGT,2050,2,17,17,0.0
10362,CZ_OCGT,2050,2,18,18,0.0
10363,CZ_OCGT,2050,2,19,19,0.0
10364,CZ_OCGT,2050,2,20,20,0.0
10365,CZ_OCGT,2050,2,21,21,0.0
10366,CZ_OCGT,2050,2,22,22,0.0
10367,CZ_OCGT,2050,2,23,23,0.0
10368,CZ_OCGT,2050,2,24,24,0.0
10369,CZ_OCGT,2050,3,1,1,0.0
10370,CZ_OCGT,2050,3,2,2,0.0
10371,CZ_OCGT,2050,3,3,3,0.0
10372,CZ_OCGT,2050,3,4,4,0.0
10373,CZ_OCGT,2050,3,5,5,0.0
10374,CZ_OCGT,2050,3,6,6,0.0
10375,CZ_OCGT,2050,3,7,7,0.0
10376,CZ_OCGT,2050,3,8,8,0.0
10377,CZ_OCGT,2050,3,9,9,0.0
10378,CZ_OCGT,2050,3,10,10,0.0
10379,CZ_OCGT,2050,3,11,11,0.0
10380,CZ_OCGT,2050,3,12,12,0.0
10381,CZ_OCGT,2050,3,13,13,0.0
10382,CZ_OCGT,2050,3,14,14,0.0
10383,CZ_OCGT,2050,3,15,15,0.0
10384,CZ_OCGT,2050,3,16,16,0.0
10385,CZ_OCGT,2050,3,17,17,0.0
10386,CZ_OCGT,2050,3,18,18,0.0
10387,CZ_OCGT,2050,3,19,19,0.0
10388,CZ_OCGT,2050,3,20,20,0.0
10389,CZ_OCGT,2050,3,21,21,0.0
10390,CZ_OCGT,2050,3,22,22,0.0
10391,CZ_OCGT,2050,3,23,23,0.0
10392,CZ_OCGT,2050,3,24,24,0.0
10393,CZ_OCGT,2050,4,1,1,0.0
10394,CZ_OCGT,2050,4,2,2,0.0
10395,CZ_OCGT,2050,4,3,3,0.0
10396,CZ_OCGT,2050,4,4,4,0.0
10397,CZ_OCGT,2050,4,5,5,0.0
10398,CZ_OCGT,2050,4,6,6,0.0
10399,CZ_OCGT,2050,4,7,7,0.0
10400,CZ_OCGT,2050,4,8,8,0.0
10401,CZ_OCGT,2050,4,9,9,0.0
10402,CZ_OCGT,2050,4,10,10,0.0
10403,CZ_OCGT,2050,4,11,11,0.0
10404,CZ_OCGT,2050,4,12,12,0.0
10405,CZ_OCGT,2050,4,13,13,0.0
10406,CZ_OCGT,2050,4,14,14,0.0
10407,CZ_OCGT,2050,4,15,15,0.0
10408,CZ_OCGT,2050,4,16,16,0.0
10409,CZ_OCGT,2050,4,17,17,0.0
10410,CZ_OCGT,2050,4,18,18,0.0
10411,CZ_OCGT,2050,4,19,19,0.0
10412,CZ_OCGT,2050,4,20,20,0.0
10413,CZ_OCGT,2050,4,21,21,0.0
10414,CZ_OCGT,2050,4,22,22,0.0
10415,CZ_OCGT,2050,4,23,23,0.0
10416,CZ_OCGT,2050,4,24,24,0.0
10417,CZ_OCGT,2050,5,1,1,0.0
10418,CZ_OCGT,2050,5,2,2,0.0
10419,CZ_OCGT,2050,5,3,3,0.0
10420,CZ_OCGT,2050,5,4,4,0.0
10421,CZ_OCGT,2050,5,5,5,0.0
10422,CZ_OCGT,2050,5,6,6,0.0
10423,CZ_OCGT,2050,5,7,7,0.0
10424,CZ_OCGT,2050,5,8,8,0.0
10425,CZ_OCGT,2050,5,9,9,0.0
10426,CZ_OCGT,2050,5,10,10,0.0
10427,CZ_OCGT,2050,5,11,11,0.0
10428,CZ_OCGT,2050,5,12,12,0.0
10429,CZ_OCGT,2050,5,13,13,0.0
10430,CZ_OCGT,2050,5,14,14,0.0
10431,CZ_OCGT,2050,5,15,15,0.0
10432,CZ_OCGT,2050,5,16,16,0.0
10433,CZ_OCGT,2050,5,17,17,0.0
10434,CZ_OCGT,2050,5,18,18,0.0
10435,CZ_OCGT,2050,5,19,19,0.0
10436,CZ_OCGT,2050,5,20,20,0.0
10437,CZ_OCGT,2050,5,21,21,0.0
10438,CZ_OCGT,2050,5,22,22,0.0
10439,CZ_OCGT,2050,5,23,23,0.0
10440,CZ_OCGT,2050,5,24,24,0.0
10441,CZ_OCGT,2050,6,1,1,0.0
10442,CZ_OCGT,2050,6,2,2,0.0
10443,CZ_OCGT,2050,6,3,3,0.0
10444,CZ_OCGT,2050,6,4,4,0.0
10445,CZ_OCGT,2050,6,5,5,0.0
10446,CZ_OCGT,2050,6,6,6,0.0
10447,CZ_OCGT,2050,6,7,7,0.0
10448,CZ_OCGT,2050,6,8,8,0.0
10449,CZ_OCGT,2050,6,9,9,0.0
10450,CZ_OCGT,2050,6,10,10,0.0
10451,CZ_OCGT,2050,6,11,11,0.0
10452,CZ_OCGT,2050,6,12,12,0.0
10453,CZ_OCGT,2050,6,13,13,0.0
10454,CZ_OCGT,2050,6,14,14,0.0
10455,CZ_OCGT,2050,6,15,15,0.0
10456,CZ_OCGT,2050,6,16,16,0.0
10457,CZ_OCGT,2050,6,17,17,0.0
10458,CZ_OCGT,2050,6,18,18,0.0
10459,CZ_OCGT,2050,6,19,19,0.0
10460,CZ_OCGT,2050,6,20,20,0.0
10461,CZ_OCGT,2050,6,21,21,0.0
10462,CZ_OCGT,2050,6,22,22,0.0
10463,CZ_OCGT,2050,6,23,23,0.0
10464,CZ_OCGT,2050,6,24,24,0.0
10465,CZ_OCGT,2050,7,1,1,0.0
10466,CZ_OCGT,2050,7,2,2,0.0
10467,CZ_OCGT,2050,7,3,3,0.0
10468,CZ_OCGT,2050,7,4,4,0.0
10469,CZ_OCGT,2050,7,5,5,0.0
10470,CZ_OCGT,2050,7,6,6,0.0
10471,CZ_OCGT,2050,7,7,7,0.0
10472,CZ_OCGT,2050,7,8,8,0.0
10473,CZ_OCGT,2050,7,9,9,0.0
10474,CZ_OCGT,2050,7,10,10,0.0
10475,CZ_OCGT,2050,7,11,11,0.0
10476,CZ_OCGT,2050,7,12,12,0.0
10477,CZ_OCGT,2050,7,13,13,0.0
10478,CZ_OCGT,2050,7,14,14,0.0
10479,CZ_OCGT,2050,7,15,15,0.0
10480,CZ_OCGT,2050,7,16,16,0.0
10481,CZ_OCGT,2050,7,17,17,0.0
10482,CZ_OCGT,2050,7,18,18,0.0
10483,CZ_OCGT,2050,7,19,19,0.0
10484,CZ_OCGT,2050,7,20,20,0.0
10485,CZ_OCGT,2050,7,21,21,0.0
10486,CZ_OCGT,2050,7,22,22,0.0
10487,CZ_OCGT,2050,7,23,23,0.0
10488,CZ_OCGT,2050,7,24,24,0.0
10489,CZ_OCGT,2050,8,1,1,0.0
10490,CZ_OCGT,2050,8,2,2,0.0
10491,CZ_OCGT,2050,8,3,3,0.0
10492,CZ_OCGT,2050,8,4,4,0.0
10493,CZ_OCGT,2050,8,5,5,0.0
10494,CZ_OCGT,2050,8,6,6,0.0
10495,CZ_OCGT,2050,8,7,7,0.0
10496,CZ_OCGT,2050,8,8,8,0.0
10497,CZ_OCGT,2050,8,9,9,0.0
10498,CZ_OCGT,2050,8,10,10,0.0
10499,CZ_OCGT,2050,8,11,11,0.0
10500,CZ_OCGT,2050,8,12,12,0.0
10501,CZ_OCGT,2050,8,13,13,0.0
10502,CZ_OCGT,2050,8,14,14,0.0
10503,CZ_OCGT,2050,8,15,15,0.0
10504,CZ_OCGT,2050,8,16,16,0.0
10505,CZ_OCGT,2050,8,17,17,0.0
10506,CZ_OCGT,2050,8,18,18,0.0
10507,CZ_OCGT,2050,8,19,19,0.0
10508,CZ_OCGT,2050,8,20,20,0.0
10509,CZ_OCGT,2050,8,21,21,0.0
10510,CZ_OCGT,2050,8,22,22,0.0
10511,CZ_OCGT,2050,8,23,23,0.0
10512,CZ_OCGT,2050,8,24,24,0.0
10513,CZ_OCGT,2050,9,1,1,0.0
10514,CZ_OCGT,2050,9,2,2,0.0
10515,CZ_OCGT,2050,9,3,3,0.0
10516,CZ_OCGT,2050,9,4,4,0.0
10517,CZ_OCGT,2050,9,5,5,0.0
10518,CZ_OCGT,2050,9,6,6,0.0
10519,CZ_OCGT,2050,9,7,7,0.0
10520,CZ_OCGT,2050,9,8,8,0.0
10521,CZ_OCGT,2050,9,9,9,0.0
10522,CZ_OCGT,2050,9,10,10,0.0
10523,CZ_OCGT,2050,9,11,11,0.0
10524,CZ_OCGT,2050,9,12,12,0.0
10525,CZ_OCGT,2050,9,13,13,0.0
10526,CZ_OCGT,2050,9,14,14,0.0
10527,CZ_OCGT,2050,9,15,15,0.0
10528,CZ_OCGT,2050,9,16,16,0.0
10529,CZ_OCGT,2050,9,17,17,0.0
10530,CZ_OCGT,2050,9,18,18,0.0
10531,CZ_OCGT,2050,9,19,19,0.0
10532,CZ_OCGT,2050,9,20,20,0.0
10533,CZ_OCGT,2050,9,21,21,0.0
10534,CZ_OCGT,2050,9,22,22,0.0
10535,CZ_OCGT,2050,9,23,23,0.0
10536,CZ_OCGT,2050,9,24,24,0.0
10537,CZ_OCGT,2050,10,1,1,0.0
10538,CZ_OCGT,2050,10,2,2,0.0
10539,CZ_OCGT,2050,10,3,3,0.0
10540,CZ_OCGT,2050,10,4,4,0.0
10541,CZ_OCGT,2050,10,5,5,0.0
10542,CZ_OCGT,2050,10,6,6,0.0
10543,CZ_OCGT,2050,10,7,7,0.0
10544,CZ_OCGT,2050,10,8,8,0.0
10545,CZ_OCGT,2050,10,9,9,0.0
10546,CZ_OCGT,2050,10,10,10,0.0
10547,CZ_OCGT,2050,10,11,11,0.0
10548,CZ_OCGT,2050,10,12,12,0.0
10549,CZ_OCGT,2050,10,13,13,0.0
10550,CZ_OCGT,2050,10,14,14,0.0
10551,CZ_OCGT,2050,10,15,15,0.0
10552,CZ_OCGT,2050,10,16,16,0.0
10553,CZ_OCGT,2050,10,17,17,0.0
10554,CZ_OCGT,2050,10,18,18,-13.396165705666336
10555,CZ_OCGT,2050,10,19,19,0.0
10556,CZ_OCGT,2050,10,20,20,0.0
10557,CZ_OCGT,2050,10,21,21,0.0
10558,CZ_OCGT,2050,10,22,22,0.0
10559,CZ_OCGT,2050,10,23,23,0.0
10560,CZ_OCGT,2050,10,24,24,0.0
10561,CZ_Solar,2050,1,1,1,-0.9381
10562,CZ_Solar,2050,1,2,2,-0.9381
10563,CZ_Solar,2050,1,3,3,-0.9381
10564,CZ_Solar,2050,1,4,4,-0.9381
10565,CZ_Solar,2050,1,5,5,-1.749
10566,CZ_Solar,2050,1,6,6,-1.749
10567,CZ_Solar,2050,1,7,7,-1.749
10568,CZ_Solar,2050,1,8,8,-1.749
10569,CZ_Solar,2050,1,9,9,-1.749
10570,CZ_Solar,2050,1,10,10,-1.749
10571,CZ_Solar,2050,1,11,11,-1.749
10572,CZ_Solar,2050,1,12,12,-1.749
10573,CZ_Solar,2050,1,13,13,-0.9381
10574,CZ_Solar,2050,1,14,14,-0.9381
10575,CZ_Solar,2050,1,15,15,-0.9381
10576,CZ_Solar,2050,1,16,16,-1.749
10577,CZ_Solar,2050,1,17,17,-1.749
10578,CZ_Solar,2050,1,18,18,-1.749
10579,CZ_Solar,2050,1,19,19,-1.749
10580,CZ_Solar,2050,1,20,20,-1.749
10581,CZ_Solar,2050,1,21,21,-0.9381
10582,CZ_Solar,2050,1,22,22,-0.9381
10583,CZ_Solar,2050,1,23,23,-0.9381
10584,CZ_Solar,2050,1,24,24,-0.9381
10585,CZ_Solar,2050,2,1,1,0.0
10586,CZ_Solar,2050,2,2,2,0.0
10587,CZ_Solar,2050,2,3,3,0.0
10588,CZ_Solar,2050,2,4,4,0.0
10589,CZ_Solar,2050,2,5,5,0.0
10590,CZ_Solar,2050,2,6,6,0.0
10591,CZ_Solar,2050,2,7,7,0.0
10592,CZ_Solar,2050,2,8,8,0.0
10593,CZ_Solar,2050,2,9,9,0.0
10594,CZ_Solar,2050,2,10,10,0.0
10595,CZ_Solar,2050,2,11,11,0.0
10596,CZ_Solar,2050,2,12,12,0.0
10597,CZ_Solar,2050,2,13,13,0.0
10598,CZ_Solar,2050,2,14,14,0.0
10599,CZ_Solar,2050,2,15,15,0.0
10600,CZ_Solar,2050,2,16,16,0.0
10601,CZ_Solar,2050,2,17,17,0.0
10602,CZ_Solar,2050,2,18,18,0.0
10603,CZ_Solar,2050,2,19,19,0.0
10604,CZ_Solar,2050,2,20,20,0.0
10605,CZ_Solar,2050,2,21,21,0.0
10606,CZ_Solar,2050,2,22,22,0.0
10607,CZ_Solar,2050,2,23,23,0.0
10608,CZ_Solar,2050,2,24,24,0.0
10609,CY_Wind_Offshore,2050,1,1,1,-0.9381
10610,CY_Wind_Offshore,2050,1,2,2,-0.9381
10611,CY_Wind_Offshore,2050,1,3,3,-0.9381
10612,CY_Wind_Offshore,2050,1,4,4,-0.9381
10613,CY_Wind_Offshore,2050,1,5,5,-0.9381
10614,CY_Wind_Offshore,2050,1,6,6,-0.9381
10615,CY_Wind_Offshore,2050,1,7,7,-0.9381
10616,CY_Wind_Offshore,2050,1,8,8,-0.9381
10617,CY_Wind_Offshore,2050,1,9,9,-0.9381
10618,CY_Wind_Offshore,2050,1,10,10,-0.9381
10619,CY_Wind_Offshore,2050,1,11,11,-0.9381
10620,CY_Wind_Offshore,2050,1,12,12,-0.9381
10621,CY_Wind_Offshore,2050,1,13,13,-0.9381
10622,CY_Wind_Offshore,2050,1,14,14,-0.9381
10623,CY_Wind_Offshore,2050,1,15,15,-0.9381
10624,CY_Wind_Offshore,2050,1,16,16,-0.9381
10625,CY_Wind_Offshore,2050,1,17,17,-0.9381
10626,CY_Wind_Offshore,2050,1,18,18,-12.227965705666339
10627,CY_Wind_Offshore,2050,1,19,19,-12.227965705666339
10628,CY_Wind_Offshore,2050,1,20,20,-12.227965705666339
10629,CY_Wind_Offshore,2050,1,21,21,-0.9381
10630,CY_Wind_Offshore,2050,1,22,22,-0.9381
10631,CY_Wind_Offshore,2050,1,23,23,-0.9381
10632,CY_Wind_Offshore,2050,1,24,24,-0.9381
10633,CY_Wind_Offshore,2050,2,1,1,-0.5841000000000001
10634,CY_Wind_Offshore,2050,2,2,2,-0.5841000000000001
10635,CY_Wind_Offshore,2050,2,3,3,-0.5841000000000001
10636,CY_Wind_Offshore,2050,2,4,4,-0.5841000000000001
10637,CY_Wind_Offshore,2050,2,5,5,-0.5841000000000001
10638,CY_Wind_Offshore,2050,2,6,6,-0.5841000000000001
10639,CY_Wind_Offshore,2050,2,7,7,-0.5841000000000001
10640,CY_Wind_Offshore,2050,2,8,8,0.0
10641,CY_Wind_Offshore,2050,2,9,9,0.0
10642,CY_Wind_Offshore,2050,2,10,10,0.0
10643,CY_Wind_Offshore,2050,2,11,11,0.0
10644,CY_Wind_Offshore,2050,2,12,12,0.0
10645,CY_Wind_Offshore,2050,2,13,13,-0.5841000000000001
10646,CY_Wind_Offshore,2050,2,14,14,-0.5841000000000001
10647,CY_Wind_Offshore,2050,2,15,15,-0.5841000000000001
10648,CY_Wind_Offshore,2050,2,16,16,-0.5841000000000001
10649,CY_Wind_Offshore,2050,2,17,17,-0.5841000000000001
10650,CY_Wind_Offshore,2050,2,18,18,-0.5841000000000001
10651,CY_Wind_Offshore,2050,2,19,19,-0.5841000000000001
10652,CY_Wind_Offshore,2050,2,20,20,-0.5841000000000001
10653,CY_Wind_Offshore,2050,2,21,21,-0.5841000000000001
10654,CY_Wind_Offshore,2050,2,22,22,-0.5841000000000001
10655,CY_Wind_Offshore,2050,2,23,23,-0.5841000000000001
10656,CY_Wind_Offshore,2050,2,24,24,-0.5841000000000001
10657,CY_Wind_Offshore,2050,3,1,1,-0.5133
10658,CY_Wind_Offshore,2050,3,2,2,-0.5133
10659,CY_Wind_Offshore,2050,3,3,3,-0.5133
10660,CY_Wind_Offshore,2050,3,4,4,-0.5133
10661,CY_Wind_Offshore,2050,3,5,5,-0.5133
10662,CY_Wind_Offshore,2050,3,6,6,-0.5133
10663,CY_Wind_Offshore,2050,3,7,7,-0.5133
10664,CY_Wind_Offshore,2050,3,8,8,-0.5133
10665,CY_Wind_Offshore,2050,3,9,9,-0.5133
10666,CY_Wind_Offshore,2050,3,10,10,-0.5133
10667,CY_Wind_Offshore,2050,3,11,11,-0.5133
10668,CY_Wind_Offshore,2050,3,12,12,-0.5133
10669,CY_Wind_Offshore,2050,3,13,13,0.0
10670,CY_Wind_Offshore,2050,3,14,14,-0.5133
10671,CY_Wind_Offshore,2050,3,15,15,-0.5133
10672,CY_Wind_Offshore,2050,3,16,16,-0.5133
10673,CY_Wind_Offshore,2050,3,17,17,-0.5133
10674,CY_Wind_Offshore,2050,3,18,18,-0.5133
10675,CY_Wind_Offshore,2050,3,19,19,-0.5133
10676,CY_Wind_Offshore,2050,3,20,20,-0.5133
10677,CY_Wind_Offshore,2050,3,21,21,-0.5133
10678,CY_Wind_Offshore,2050,3,22,22,-0.5133
10679,CY_Wind_Offshore,2050,3,23,23,-0.5133
10680,CY_Wind_Offshore,2050,3,24,24,-0.5133
10681,CY_Wind_Offshore,2050,4,1,1,-0.4071
10682,CY_Wind_Offshore,2050,4,2,2,-0.4071
10683,CY_Wind_Offshore,2050,4,3,3,-0.4071
10684,CY_Wind_Offshore,2050,4,4,4,-0.4071
10685,CY_Wind_Offshore,2050,4,5,5,-0.4071
10686,CY_Wind_Offshore,2050,4,6,6,-0.4071
10687,CY_Wind_Offshore,2050,4,7,7,-0.4071
10688,CY_Wind_Offshore,2050,4,8,8,-0.4071
10689,CY_Wind_Offshore,2050,4,9,9,-0.4071
10690,CY_Wind_Offshore,2050,4,10,10,-0.4071
10691,CY_Wind_Offshore,2050,4,11,11,-0.4071
10692,CY_Wind_Offshore,2050,4,12,12,-0.4071
10693,CY_Wind_Offshore,2050,4,13,13,-0.4071
10694,CY_Wind_Offshore,2050,4,14,14,-0.4071
10695,CY_Wind_Offshore,2050,4,15,15,-0.4071
10696,CY_Wind_Offshore,2050,4,16,16,-0.4071
10697,CY_Wind_Offshore,2050,4,17,17,-0.4071
10698,CY_Wind_Offshore,2050,4,18,18,-0.4071
10699,CY_Wind_Offshore,2050,4,19,19,-0.4071
10700,CY_Wind_Offshore,2050,4,20,20,-0.4071
10701,CY_Wind_Offshore,2050,4,21,21,-0.4071
10702,CY_Wind_Offshore,2050,4,22,22,-0.4071
10703,CY_Wind_Offshore,2050,4,23,23,-0.4071
10704,CY_Wind_Offshore,2050,4,24,24,-0.4071
10705,CY_Wind_Offshore,2050,5,1,1,-0.9204
10706,CY_Wind_Offshore,2050,5,2,2,-0.9204
10707,CY_Wind_Offshore,2050,5,3,3,-0.9204
10708,CY_Wind_Offshore,2050,5,4,4,-0.9204
10709,CY_Wind_Offshore,2050,5,5,5,-0.9204
10710,CY_Wind_Offshore,2050,5,6,6,-0.9204
10711,CY_Wind_Offshore,2050,5,7,7,-0.9204
10712,CY_Wind_Offshore,2050,5,8,8,-0.9204
10713,CY_Wind_Offshore,2050,5,9,9,-0.9204
10714,CY_Wind_Offshore,2050,5,10,10,-0.9204
10715,CY_Wind_Offshore,2050,5,11,11,-0.9204
10716,CY_Wind_Offshore,2050,5,12,12,-0.9204
10717,CY_Wind_Offshore,2050,5,13,13,-0.9204
10718,CY_Wind_Offshore,2050,5,14,14,-0.9204
10719,CY_Wind_Offshore,2050,5,15,15,-0.9204
10720,CY_Wind_Offshore,2050,5,16,16,-0.9204
10721,CY_Wind_Offshore,2050,5,17,17,-0.9204
10722,CY_Wind_Offshore,2050,5,18,18,-0.9204
10723,CY_Wind_Offshore,2050,5,19,19,-0.9204
10724,CY_Wind_Offshore,2050,5,20,20,-0.9204
10725,CY_Wind_Offshore,2050,5,21,21,-0.9204
10726,CY_Wind_Offshore,2050,5,22,22,-0.9204
10727,CY_Wind_Offshore,2050,5,23,23,-0.9204
10728,CY_Wind_Offshore,2050,5,24,24,-0.9204
10729,CY_Wind_Offshore,2050,6,1,1,-0.3186
10730,CY_Wind_Offshore,2050,6,2,2,-0.3186
10731,CY_Wind_Offshore,2050,6,3,3,-0.3186
10732,CY_Wind_Offshore,2050,6,4,4,-0.3186
10733,CY_Wind_Offshore,2050,6,5,5,-0.3186
10734,CY_Wind_Offshore,2050,6,6,6,-0.3186
10735,CY_Wind_Offshore,2050,6,7,7,0.0
10736,CY_Wind_Offshore,2050,6,8,8,0.0
10737,CY_Wind_Offshore,2050,6,9,9,0.0
10738,CY_Wind_Offshore,2050,6,10,10,0.0
10739,CY_Wind_Offshore,2050,6,11,11,0.0
10740,CY_Wind_Offshore,2050,6,12,12,0.0
10741,CY_Wind_Offshore,2050,6,13,13,0.0
10742,CY_Wind_Offshore,2050,6,14,14,0.0
10743,CY_Wind_Offshore,2050,6,15,15,-0.3186
10744,CY_Wind_Offshore,2050,6,16,16,-0.3186
10745,CY_Wind_Offshore,2050,6,17,17,-0.3186
10746,CY_Wind_Offshore,2050,6,18,18,-0.3186
10747,CY_Wind_Offshore,2050,6,19,19,-0.3186
10748,CY_Wind_Offshore,2050,6,20,20,-0.3186
10749,CY_Wind_Offshore,2050,6,21,21,-0.3186
10750,CY_Wind_Offshore,2050,6,22,22,-0.3186
10751,CY_Wind_Offshore,2050,6,23,23,-0.3186
10752,CY_Wind_Offshore,2050,6,24,24,-0.3186
10753,CY_Wind_Offshore,2050,7,1,1,-0.6549
10754,CY_Wind_Offshore,2050,7,2,2,-0.6549
10755,CY_Wind_Offshore,2050,7,3,3,-0.6549
10756,CY_Wind_Offshore,2050,7,4,4,-0.6549
10757,CY_Wind_Offshore,2050,7,5,5,-0.6549
10758,CY_Wind_Offshore,2050,7,6,6,-0.6549
10759,CY_Wind_Offshore,2050,7,7,7,-0.6549
10760,CY_Wind_Offshore,2050,7,8,8,0.0
10761,CY_Wind_Offshore,2050,7,9,9,0.0
10762,CY_Wind_Offshore,2050,7,10,10,0.0
10763,CY_Wind_Offshore,2050,7,11,11,0.0
10764,CY_Wind_Offshore,2050,7,12,12,0.0
10765,CY_Wind_Offshore,2050,7,13,13,0.0
10766,CY_Wind_Offshore,2050,7,14,14,0.0
10767,CY_Wind_Offshore,2050,7,15,15,0.0
10768,CY_Wind_Offshore,2050,7,16,16,-0.6549
10769,CY_Wind_Offshore,2050,7,17,17,-0.6549
10770,CY_Wind_Offshore,2050,7,18,18,-0.6549
10771,CY_Wind_Offshore,2050,7,19,19,-0.6549
10772,CY_Wind_Offshore,2050,7,20,20,-0.6549
10773,CY_Wind_Offshore,2050,7,21,21,-0.6549
10774,CY_Wind_Offshore,2050,7,22,22,-0.6549
10775,CY_Wind_Offshore,2050,7,23,23,-0.6549
10776,CY_Wind_Offshore,2050,7,24,24,-0.6549
10777,CY_Wind_Offshore,2050,8,1,1,-0.5487
10778,CY_Wind_Offshore,2050,8,2,2,-0.5487
10779,CY_Wind_Offshore,2050,8,3,3,-0.5487
10780,CY_Wind_Offshore,2050,8,4,4,-0.5487
10781,CY_Wind_Offshore,2050,8,5,5,-0.5487
10782,CY_Wind_Offshore,2050,8,6,6,-0.5487
10783,CY_Wind_Offshore,2050,8,7,7,0.0
10784,CY_Wind_Offshore,2050,8,8,8,0.0
10785,CY_Wind_Offshore,2050,8,9,9,0.0
10786,CY_Wind_Offshore,2050,8,10,10,0.0
10787,CY_Wind_Offshore,2050,8,11,11,0.0
10788,CY_Wind_Offshore,2050,8,12,12,0.0
10789,CY_Wind_Offshore,2050,8,13,13,0.0
10790,CY_Wind_Offshore,2050,8,14,14,0.0
10791,CY_Wind_Offshore,2050,8,15,15,0.0
10792,CY_Wind_Offshore,2050,8,16,16,-0.5487
10793,CY_Wind_Offshore,2050,8,17,17,-0.5487
10794,CY_Wind_Offshore,2050,8,18,18,-0.5487
10795,CY_Wind_Offshore,2050,8,19,19,-0.5487
10796,CY_Wind_Offshore,2050,8,20,20,-0.5487
10797,CY_Wind_Offshore,2050,8,21,21,-0.5487
10798,CY_Wind_Offshore,2050,8,22,22,-0.5487
10799,CY_Wind_Offshore,2050,8,23,23,-0.5487
10800,CY_Wind_Offshore,2050,8,24,24,-0.5487
10801,CY_Wind_Offshore,2050,9,1,1,-0.7611
10802,CY_Wind_Offshore,2050,9,2,2,-0.7611
10803,CY_Wind_Offshore,2050,9,3,3,-0.7611
10804,CY_Wind_Offshore,2050,9,4,4,-0.7611
10805,CY_Wind_Offshore,2050,9,5,5,-0.7611
10806,CY_Wind_Offshore,2050,9,6,6,-0.7611
10807,CY_Wind_Offshore,2050,9,7,7,-0.7611
10808,CY_Wind_Offshore,2050,9,8,8,-0.7611
10809,CY_Wind_Offshore,2050,9,9,9,-0.7611
10810,CY_Wind_Offshore,2050,9,10,10,-12.882865705666337
10811,CY_Wind_Offshore,2050,9,11,11,-0.7611
10812,CY_Wind_Offshore,2050,9,12,12,0.0
10813,CY_Wind_Offshore,2050,9,13,13,-0.7611
10814,CY_Wind_Offshore,2050,9,14,14,-0.7611
10815,CY_Wind_Offshore,2050,9,15,15,-0.7611
10816,CY_Wind_Offshore,2050,9,16,16,-0.7611
10817,CY_Wind_Offshore,2050,9,17,17,-0.7611
10818,CY_Wind_Offshore,2050,9,18,18,-0.7611
10819,CY_Wind_Offshore,2050,9,19,19,-0.7611
10820,CY_Wind_Offshore,2050,9,20,20,-0.7611
10821,CY_Wind_Offshore,2050,9,21,21,-0.7611
10822,CY_Wind_Offshore,2050,9,22,22,-0.7611
10823,CY_Wind_Offshore,2050,9,23,23,-0.7611
10824,CY_Wind_Offshore,2050,9,24,24,-0.7611
10825,CY_Wind_Offshore,2050,10,1,1,-0.8142
10826,CY_Wind_Offshore,2050,10,2,2,-0.8142
10827,CY_Wind_Offshore,2050,10,3,3,-0.8142
10828,CY_Wind_Offshore,2050,10,4,4,-0.8142
10829,CY_Wind_Offshore,2050,10,5,5,-0.8142
10830,CY_Wind_Offshore,2050,10,6,6,-0.8142
10831,CY_Wind_Offshore,2050,10,7,7,-0.8142
10832,CY_Wind_Offshore,2050,10,8,8,-0.8142
10833,CY_Wind_Offshore,2050,10,9,9,-0.8142
10834,CY_Wind_Offshore,2050,10,10,10,-0.8142
10835,CY_Wind_Offshore,2050,10,11,11,-0.8142
10836,CY_Wind_Offshore,2050,10,12,12,-0.8142
10837,CY_Wind_Offshore,2050,10,13,13,-0.8142
10838,CY_Wind_Offshore,2050,10,14,14,-0.8142
10839,CY_Wind_Offshore,2050,10,15,15,-0.8142
10840,CY_Wind_Offshore,2050,10,16,16,-0.8142
10841,CY_Wind_Offshore,2050,10,17,17,-0.8142
10842,CY_Wind_Offshore,2050,10,18,18,-0.8142
10843,CY_Wind_Offshore,2050,10,19,19,-0.8142
10844,CY_Wind_Offshore,2050,10,20,20,-0.8142
10845,CY_Wind_Offshore,2050,10,21,21,-0.8142
10846,CY_Wind_Offshore,2050,10,22,22,-0.8142
10847,CY_Wind_Offshore,2050,10,23,23,-0.8142
10848,CY_Wind_Offshore,2050,10,24,24,-0.8142
10849,CZ_Solar,2050,3,1,1,-0.5133
10850,CZ_Solar,2050,3,2,2,-0.5133
10851,CZ_Solar,2050,3,3,3,-0.5133
10852,CZ_Solar,2050,3,4,4,-0.5133
10853,CZ_Solar,2050,3,5,5,-0.5133
10854,CZ_Solar,2050,3,6,6,-0.5133
10855,CZ_Solar,2050,3,7,7,-0.5133
10856,CZ_Solar,2050,3,8,8,-0.5133
10857,CZ_Solar,2050,3,9,9,-0.5133
10858,CZ_Solar,2050,3,10,10,-0.5133
10859,CZ_Solar,2050,3,11,11,-0.5133
10860,CZ_Solar,2050,3,12,12,-0.5133
10861,CZ_Solar,2050,3,13,13,-0.5133
10862,CZ_Solar,2050,3,14,14,-0.5133
10863,CZ_Solar,2050,3,15,15,-0.9570000000000001
10864,CZ_Solar,2050,3,16,16,-0.9570000000000001
10865,CZ_Solar,2050,3,17,17,-0.9570000000000001
10866,CZ_Solar,2050,3,18,18,-0.5133
10867,CZ_Solar,2050,3,19,19,-0.5133
10868,CZ_Solar,2050,3,20,20,-0.5133
10869,CZ_Solar,2050,3,21,21,-0.5133
10870,CZ_Solar,2050,3,22,22,-0.5133
10871,CZ_Solar,2050,3,23,23,-0.5133
10872,CZ_Solar,2050,3,24,24,-0.5133
10873,CZ_Solar,2050,4,1,1,-0.4071
10874,CZ_Solar,2050,4,2,2,-0.4071
10875,CZ_Solar,2050,4,3,3,-0.4071
10876,CZ_Solar,2050,4,4,4,-0.4071
10877,CZ_Solar,2050,4,5,5,-0.759
10878,CZ_Solar,2050,4,6,6,-0.759
10879,CZ_Solar,2050,4,7,7,-0.759
10880,CZ_Solar,2050,4,8,8,-0.759
10881,CZ_Solar,2050,4,9,9,-0.759
10882,CZ_Solar,2050,4,10,10,-0.759
10883,CZ_Solar,2050,4,11,11,-0.759
10884,CZ_Solar,2050,4,12,12,-0.759
10885,CZ_Solar,2050,4,13,13,-0.759
10886,CZ_Solar,2050,4,14,14,-0.759
10887,CZ_Solar,2050,4,15,15,-0.759
10888,CZ_Solar,2050,4,16,16,-0.759
10889,CZ_Solar,2050,4,17,17,-1.1729999999999998
10890,CZ_Solar,2050,4,18,18,-1.1729999999999998
10891,CZ_Solar,2050,4,19,19,-1.1729999999999998
10892,CZ_Solar,2050,4,20,20,-0.4071
10893,CZ_Solar,2050,4,21,21,-0.4071
10894,CZ_Solar,2050,4,22,22,-0.4071
10895,CZ_Solar,2050,4,23,23,-0.4071
10896,CZ_Solar,2050,4,24,24,-0.4071
10897,CZ_Solar,2050,5,1,1,0.0
10898,CZ_Solar,2050,5,2,2,0.0
10899,CZ_Solar,2050,5,3,3,0.0
10900,CZ_Solar,2050,5,4,4,0.0
10901,CZ_Solar,2050,5,5,5,0.0
10902,CZ_Solar,2050,5,6,6,0.0
10903,CZ_Solar,2050,5,7,7,0.0
10904,CZ_Solar,2050,5,8,8,0.0
10905,CZ_Solar,2050,5,9,9,0.0
10906,CZ_Solar,2050,5,10,10,0.0
10907,CZ_Solar,2050,5,11,11,0.0
10908,CZ_Solar,2050,5,12,12,0.0
10909,CZ_Solar,2050,5,13,13,0.0
10910,CZ_Solar,2050,5,14,14,0.0
10911,CZ_Solar,2050,5,15,15,0.0
10912,CZ_Solar,2050,5,16,16,0.0
10913,CZ_Solar,2050,5,17,17,0.0
10914,CZ_Solar,2050,5,18,18,0.0
10915,CZ_Solar,2050,5,19,19,0.0
10916,CZ_Solar,2050,5,20,20,0.0
10917,CZ_Solar,2050,5,21,21,0.0
10918,CZ_Solar,2050,5,22,22,0.0
10919,CZ_Solar,2050,5,23,23,0.0
10920,CZ_Solar,2050,5,24,24,0.0
10921,CZ_Solar,2050,6,1,1,-0.3186
10922,CZ_Solar,2050,6,2,2,0.0
10923,CZ_Solar,2050,6,3,3,0.0
10924,CZ_Solar,2050,6,4,4,0.0
10925,CZ_Solar,2050,6,5,5,0.0
10926,CZ_Solar,2050,6,6,6,0.0
10927,CZ_Solar,2050,6,7,7,0.0
10928,CZ_Solar,2050,6,8,8,0.0
10929,CZ_Solar,2050,6,9,9,0.0
10930,CZ_Solar,2050,6,10,10,0.0
10931,CZ_Solar,2050,6,11,11,0.0
10932,CZ_Solar,2050,6,12,12,0.0
10933,CZ_Solar,2050,6,13,13,0.0
10934,CZ_Solar,2050,6,14,14,0.0
10935,CZ_Solar,2050,6,15,15,0.0
10936,CZ_Solar,2050,6,16,16,0.0
10937,CZ_Solar,2050,6,17,17,-0.3186
10938,CZ_Solar,2050,6,18,18,-0.3186
10939,CZ_Solar,2050,6,19,19,-0.3186
10940,CZ_Solar,2050,6,20,20,-0.3186
10941,CZ_Solar,2050,6,21,21,-0.3186
10942,CZ_Solar,2050,6,22,22,-0.3186
10943,CZ_Solar,2050,6,23,23,-0.3186
10944,CZ_Solar,2050,6,24,24,-0.3186
10945,CZ_Solar,2050,7,1,1,-0.6549
10946,CZ_Solar,2050,7,2,2,-0.6549
10947,CZ_Solar,2050,7,3,3,-0.6549
10948,CZ_Solar,2050,7,4,4,-0.6549
10949,CZ_Solar,2050,7,5,5,-0.6549
10950,CZ_Solar,2050,7,6,6,-0.6549
10951,CZ_Solar,2050,7,7,7,-0.6549
10952,CZ_Solar,2050,7,8,8,-0.6549
10953,CZ_Solar,2050,7,9,9,-0.6549
10954,CZ_Solar,2050,7,10,10,-0.6549
10955,CZ_Solar,2050,7,11,11,-0.6549
10956,CZ_Solar,2050,7,12,12,-0.6549
10957,CZ_Solar,2050,7,13,13,-0.6549
10958,CZ_Solar,2050,7,14,14,-0.6549
10959,CZ_Solar,2050,7,15,15,-0.6549
10960,CZ_Solar,2050,7,16,16,-0.6549
10961,CZ_Solar,2050,7,17,17,-1.221
10962,CZ_Solar,2050,7,18,18,-1.221
10963,CZ_Solar,2050,7,19,19,-1.221
10964,CZ_Solar,2050,7,20,20,-1.221
10965,CZ_Solar,2050,7,21,21,-0.6549
10966,CZ_Solar,2050,7,22,22,-0.6549
10967,CZ_Solar,2050,7,23,23,-0.6549
10968,CZ_Solar,2050,7,24,24,-0.6549
10969,CZ_Solar,2050,8,1,1,0.0
10970,CZ_Solar,2050,8,2,2,0.0
10971,CZ_Solar,2050,8,3,3,0.0
10972,CZ_Solar,2050,8,4,4,-0.5487
10973,CZ_Solar,2050,8,5,5,-0.5487
10974,CZ_Solar,2050,8,6,6,-0.5487
10975,CZ_Solar,2050,8,7,7,-0.5487
10976,CZ_Solar,2050,8,8,8,-0.5487
10977,CZ_Solar,2050,8,9,9,-0.5487
10978,CZ_Solar,2050,8,10,10,-0.5487
10979,CZ_Solar,2050,8,11,11,-0.5487
10980,CZ_Solar,2050,8,12,12,-0.5487
10981,CZ_Solar,2050,8,13,13,-0.5487
10982,CZ_Solar,2050,8,14,14,-0.5487
10983,CZ_Solar,2050,8,15,15,-0.5487
10984,CZ_Solar,2050,8,16,16,-0.5487
10985,CZ_Solar,2050,8,17,17,-0.5487
10986,CZ_Solar,2050,8,18,18,-0.5487
10987,CZ_Solar,2050,8,19,19,-0.5487
10988,CZ_Solar,2050,8,20,20,-0.5487
10989,CZ_Solar,2050,8,21,21,-0.5487
10990,CZ_Solar,2050,8,22,22,0.0
10991,CZ_Solar,2050,8,23,23,0.0
10992,CZ_Solar,2050,8,24,24,0.0
10993,CZ_Solar,2050,9,1,1,0.0
10994,CZ_Solar,2050,9,2,2,0.0
10995,CZ_Solar,2050,9,3,3,0.0
10996,CZ_Solar,2050,9,4,4,0.0
10997,CZ_Solar,2050,9,5,5,0.0
10998,CZ_Solar,2050,9,6,6,0.0
10999,CZ_Solar,2050,9,7,7,0.0
11000,CZ_Solar,2050,9,8,8,0.0
11001,CZ_Solar,2050,9,9,9,0.0
11002,CZ_Solar,2050,9,10,10,0.0
11003,CZ_Solar,2050,9,11,11,0.0
11004,CZ_Solar,2050,9,12,12,-0.7611
11005,CZ_Solar,2050,9,13,13,-0.7611
11006,CZ_Solar,2050,9,14,14,-8.303365705666337
11007,CZ_Solar,2050,9,15,15,-8.303365705666337
11008,CZ_Solar,2050,9,16,16,-0.7611
11009,CZ_Solar,2050,9,17,17,-0.7611
11010,CZ_Solar,2050,9,18,18,-0.7611
11011,CZ_Solar,2050,9,19,19,-0.7611
11012,CZ_Solar,2050,9,20,20,-0.7611
11013,CZ_Solar,2050,9,21,21,-0.7611
11014,CZ_Solar,2050,9,22,22,0.0
11015,CZ_Solar,2050,9,23,23,0.0
11016,CZ_Solar,2050,9,24,24,0.0
11017,CZ_Solar,2050,10,1,1,-1.518
11018,CZ_Solar,2050,10,2,2,-1.518
11019,CZ_Solar,2050,10,3,3,-1.518
11020,CZ_Solar,2050,10,4,4,-1.518
11021,CZ_Solar,2050,10,5,5,-1.518
11022,CZ_Solar,2050,10,6,6,-1.518
11023,CZ_Solar,2050,10,7,7,-2.3459999999999996
11024,CZ_Solar,2050,10,8,8,-2.3459999999999996
11025,CZ_Solar,2050,10,9,9,-2.3459999999999996
11026,CZ_Solar,2050,10,10,10,-2.3459999999999996
11027,CZ_Solar,2050,10,11,11,-2.3459999999999996
11028,CZ_Solar,2050,10,12,12,-2.3459999999999996
11029,CZ_Solar,2050,10,13,13,-2.3459999999999996
11030,CZ_Solar,2050,10,14,14,-2.3459999999999996
11031,CZ_Solar,2050,10,15,15,-2.3459999999999996
11032,CZ_Solar,2050,10,16,16,-2.3459999999999996
11033,CZ_Solar,2050,10,17,17,-2.3459999999999996
11034,CZ_Solar,2050,10,18,18,-15.742165705666336
11035,CZ_Solar,2050,10,19,19,-2.3459999999999996
11036,CZ_Solar,2050,10,20,20,-2.3459999999999996
11037,CZ_Solar,2050,10,21,21,-1.518
11038,CZ_Solar,2050,10,22,22,-1.518
11039,CZ_Solar,2050,10,23,23,-0.8142
11040,CZ_Solar,2050,10,24,24,-0.8142
11041,CZ_Wind_Offshore,2050,1,1,1,-0.9381
11042,CZ_Wind_Offshore,2050,1,2,2,-0.9381
11043,CZ_Wind_Offshore,2050,1,3,3,-0.9381
11044,CZ_Wind_Offshore,2050,1,4,4,-0.9381
11045,CZ_Wind_Offshore,2050,1,5,5,-1.749
11046,CZ_Wind_Offshore,2050,1,6,6,-1.749
11047,CZ_Wind_Offshore,2050,1,7,7,-1.749
11048,CZ_Wind_Offshore,2050,1,8,8,-1.749
11049,CZ_Wind_Offshore,2050,1,9,9,-1.749
11050,CZ_Wind_Offshore,2050,1,10,10,-1.749
11051,CZ_Wind_Offshore,2050,1,11,11,-1.749
11052,CZ_Wind_Offshore,2050,1,12,12,-1.749
11053,CZ_Wind_Offshore,2050,1,13,13,-0.9381
11054,CZ_Wind_Offshore,2050,1,14,14,-0.9381
11055,CZ_Wind_Offshore,2050,1,15,15,-0.9381
11056,CZ_Wind_Offshore,2050,1,16,16,-1.749
11057,CZ_Wind_Offshore,2050,1,17,17,-1.749
11058,CZ_Wind_Offshore,2050,1,18,18,-1.749
11059,CZ_Wind_Offshore,2050,1,19,19,-1.749
11060,CZ_Wind_Offshore,2050,1,20,20,-1.749
11061,CZ_Wind_Offshore,2050,1,21,21,-0.9381
11062,CZ_Wind_Offshore,2050,1,22,22,-0.9381
11063,CZ_Wind_Offshore,2050,1,23,23,-0.9381
11064,CZ_Wind_Offshore,2050,1,24,24,-0.9381
11065,CZ_Wind_Offshore,2050,2,1,1,0.0
11066,CZ_Wind_Offshore,2050,2,2,2,0.0
11067,CZ_Wind_Offshore,2050,2,3,3,0.0
11068,CZ_Wind_Offshore,2050,2,4,4,0.0
11069,CZ_Wind_Offshore,2050,2,5,5,0.0
11070,CZ_Wind_Offshore,2050,2,6,6,0.0
11071,CZ_Wind_Offshore,2050,2,7,7,0.0
11072,CZ_Wind_Offshore,2050,2,8,8,0.0
11073,CZ_Wind_Offshore,2050,2,9,9,0.0
11074,CZ_Wind_Offshore,2050,2,10,10,0.0
11075,CZ_Wind_Offshore,2050,2,11,11,0.0
11076,CZ_Wind_Offshore,2050,2,12,12,0.0
11077,CZ_Wind_Offshore,2050,2,13,13,0.0
11078,CZ_Wind_Offshore,2050,2,14,14,0.0
11079,CZ_Wind_Offshore,2050,2,15,15,0.0
11080,CZ_Wind_Offshore,2050,2,16,16,0.0
11081,CZ_Wind_Offshore,2050,2,17,17,0.0
11082,CZ_Wind_Offshore,2050,2,18,18,0.0
11083,CZ_Wind_Offshore,2050,2,19,19,0.0
11084,CZ_Wind_Offshore,2050,2,20,20,0.0
11085,CZ_Wind_Offshore,2050,2,21,21,0.0
11086,CZ_Wind_Offshore,2050,2,22,22,0.0
11087,CZ_Wind_Offshore,2050,2,23,23,0.0
11088,CZ_Wind_Offshore,2050,2,24,24,0.0
11089,CZ_Wind_Offshore,2050,3,1,1,-0.5133
11090,CZ_Wind_Offshore,2050,3,2,2,-0.5133
11091,CZ_Wind_Offshore,2050,3,3,3,-0.5133
11092,CZ_Wind_Offshore,2050,3,4,4,-0.5133
11093,CZ_Wind_Offshore,2050,3,5,5,-0.5133
11094,CZ_Wind_Offshore,2050,3,6,6,-0.5133
11095,CZ_Wind_Offshore,2050,3,7,7,-0.5133
11096,CZ_Wind_Offshore,2050,3,8,8,-0.5133
11097,CZ_Wind_Offshore,2050,3,9,9,-0.5133
11098,CZ_Wind_Offshore,2050,3,10,10,-0.5133
11099,CZ_Wind_Offshore,2050,3,11,11,-0.5133
11100,CZ_Wind_Offshore,2050,3,12,12,-0.5133
11101,CZ_Wind_Offshore,2050,3,13,13,-0.5133
11102,CZ_Wind_Offshore,2050,3,14,14,-0.5133
11103,CZ_Wind_Offshore,2050,3,15,15,-0.9570000000000001
11104,CZ_Wind_Offshore,2050,3,16,16,-0.9570000000000001
11105,CZ_Wind_Offshore,2050,3,17,17,-0.9570000000000001
11106,CZ_Wind_Offshore,2050,3,18,18,-0.5133
11107,CZ_Wind_Offshore,2050,3,19,19,-0.5133
11108,CZ_Wind_Offshore,2050,3,20,20,-0.5133
11109,CZ_Wind_Offshore,2050,3,21,21,-0.5133
11110,CZ_Wind_Offshore,2050,3,22,22,-0.5133
11111,CZ_Wind_Offshore,2050,3,23,23,-0.5133
11112,CZ_Wind_Offshore,2050,3,24,24,-0.5133
11113,CZ_Wind_Offshore,2050,4,1,1,-0.4071
11114,CZ_Wind_Offshore,2050,4,2,2,-0.4071
11115,CZ_Wind_Offshore,2050,4,3,3,-0.4071
11116,CZ_Wind_Offshore,2050,4,4,4,-0.4071
11117,CZ_Wind_Offshore,2050,4,5,5,-0.759
11118,CZ_Wind_Offshore,2050,4,6,6,-0.759
11119,CZ_Wind_Offshore,2050,4,7,7,-0.759
11120,CZ_Wind_Offshore,2050,4,8,8,-0.759
11121,CZ_Wind_Offshore,2050,4,9,9,-0.759
11122,CZ_Wind_Offshore,2050,4,10,10,-0.759
11123,CZ_Wind_Offshore,2050,4,11,11,-0.759
11124,CZ_Wind_Offshore,2050,4,12,12,-0.759
11125,CZ_Wind_Offshore,2050,4,13,13,-0.759
11126,CZ_Wind_Offshore,2050,4,14,14,-0.759
11127,CZ_Wind_Offshore,2050,4,15,15,-0.759
11128,CZ_Wind_Offshore,2050,4,16,16,-0.759
11129,CZ_Wind_Offshore,2050,4,17,17,-1.1729999999999998
11130,CZ_Wind_Offshore,2050,4,18,18,-1.1729999999999998
11131,CZ_Wind_Offshore,2050,4,19,19,-1.1729999999999998
11132,CZ_Wind_Offshore,2050,4,20,20,-0.4071
11133,CZ_Wind_Offshore,2050,4,21,21,-0.4071
11134,CZ_Wind_Offshore,2050,4,22,22,-0.4071
11135,CZ_Wind_Offshore,2050,4,23,23,-0.4071
11136,CZ_Wind_Offshore,2050,4,24,24,-0.4071
11137,CZ_Wind_Offshore,2050,5,1,1,0.0
11138,CZ_Wind_Offshore,2050,5,2,2,0.0
11139,CZ_Wind_Offshore,2050,5,3,3,0.0
11140,CZ_Wind_Offshore,2050,5,4,4,0.0
11141,CZ_Wind_Offshore,2050,5,5,5,0.0
11142,CZ_Wind_Offshore,2050,5,6,6,0.0
11143,CZ_Wind_Offshore,2050,5,7,7,0.0
11144,CZ_Wind_Offshore,2050,5,8,8,0.0
11145,CZ_Wind_Offshore,2050,5,9,9,0.0
11146,CZ_Wind_Offshore,2050,5,10,10,0.0
11147,CZ_Wind_Offshore,2050,5,11,11,0.0
11148,CZ_Wind_Offshore,2050,5,12,12,0.0
11149,CZ_Wind_Offshore,2050,5,13,13,0.0
11150,CZ_Wind_Offshore,2050,5,14,14,0.0
11151,CZ_Wind_Offshore,2050,5,15,15,0.0
11152,CZ_Wind_Offshore,2050,5,16,16,0.0
11153,CZ_Wind_Offshore,2050,5,17,17,0.0
11154,CZ_Wind_Offshore,2050,5,18,18,0.0
11155,CZ_Wind_Offshore,2050,5,19,19,0.0
11156,CZ_Wind_Offshore,2050,5,20,20,0.0
11157,CZ_Wind_Offshore,2050,5,21,21,0.0
11158,CZ_Wind_Offshore,2050,5,22,22,0.0
11159,CZ_Wind_Offshore,2050,5,23,23,0.0
11160,CZ_Wind_Offshore,2050,5,24,24,0.0
11161,CZ_Wind_Offshore,2050,6,1,1,-0.3186
11162,CZ_Wind_Offshore,2050,6,2,2,0.0
11163,CZ_Wind_Offshore,2050,6,3,3,0.0
11164,CZ_Wind_Offshore,2050,6,4,4,0.0
11165,CZ_Wind_Offshore,2050,6,5,5,0.0
11166,CZ_Wind_Offshore,2050,6,6,6,0.0
11167,CZ_Wind_Offshore,2050,6,7,7,0.0
11168,CZ_Wind_Offshore,2050,6,8,8,0.0
11169,CZ_Wind_Offshore,2050,6,9,9,0.0
11170,CZ_Wind_Offshore,2050,6,10,10,0.0
11171,CZ_Wind_Offshore,2050,6,11,11,0.0
11172,CZ_Wind_Offshore,2050,6,12,12,0.0
11173,CZ_Wind_Offshore,2050,6,13,13,0.0
11174,CZ_Wind_Offshore,2050,6,14,14,0.0
11175,CZ_Wind_Offshore,2050,6,15,15,0.0
11176,CZ_Wind_Offshore,2050,6,16,16,0.0
11177,CZ_Wind_Offshore,2050,6,17,17,-0.3186
11178,CZ_Wind_Offshore,2050,6,18,18,-0.3186
11179,CZ_Wind_Offshore,2050,6,19,19,-0.3186
11180,CZ_Wind_Offshore,2050,6,20,20,-0.3186
11181,CZ_Wind_Offshore,2050,6,21,21,-0.3186
11182,CZ_Wind_Offshore,2050,6,22,22,-0.3186
11183,CZ_Wind_Offshore,2050,6,23,23,-0.3186
11184,CZ_Wind_Offshore,2050,6,24,24,-0.3186
11185,CZ_Wind_Offshore,2050,7,1,1,-0.6549
11186,CZ_Wind_Offshore,2050,7,2,2,-0.6549
11187,CZ_Wind_Offshore,2050,7,3,3,-0.6549
11188,CZ_Wind_Offshore,2050,7,4,4,-0.6549
11189,CZ_Wind_Offshore,2050,7,5,5,-0.6549
11190,CZ_Wind_Offshore,2050,7,6,6,-0.6549
11191,CZ_Wind_Offshore,2050,7,7,7,-0.6549
11192,CZ_Wind_Offshore,2050,7,8,8,-0.6549
11193,CZ_Wind_Offshore,2050,7,9,9,-0.6549
11194,CZ_Wind_Offshore,2050,7,10,10,-0.6549
11195,CZ_Wind_Offshore,2050,7,11,11,-0.6549
11196,CZ_Wind_Offshore,2050,7,12,12,-0.6549
11197,CZ_Wind_Offshore,2050,7,13,13,-0.6549
11198,CZ_Wind_Offshore,2050,7,14,14,-0.6549
11199,CZ_Wind_Offshore,2050,7,15,15,-0.6549
11200,CZ_Wind_Offshore,2050,7,16,16,-0.6549
11201,CZ_Wind_Offshore,2050,7,17,17,-1.221
11202,CZ_Wind_Offshore,2050,7,18,18,-1.221
11203,CZ_Wind_Offshore,2050,7,19,19,-1.221
11204,CZ_Wind_Offshore,2050,7,20,20,-1.221
11205,CZ_Wind_Offshore,2050,7,21,21,-0.6549
11206,CZ_Wind_Offshore,2050,7,22,22,-0.6549
11207,CZ_Wind_Offshore,2050,7,23,23,-0.6549
11208,CZ_Wind_Offshore,2050,7,24,24,-0.6549
11209,CZ_Wind_Offshore,2050,8,1,1,0.0
11210,CZ_Wind_Offshore,2050,8,2,2,0.0
11211,CZ_Wind_Offshore,2050,8,3,3,0.0
11212,CZ_Wind_Offshore,2050,8,4,4,-0.5487
11213,CZ_Wind_Offshore,2050,8,5,5,-0.5487
11214,CZ_Wind_Offshore,2050,8,6,6,-0.5487
11215,CZ_Wind_Offshore,2050,8,7,7,-0.5487
11216,CZ_Wind_Offshore,2050,8,8,8,-0.5487
11217,CZ_Wind_Offshore,2050,8,9,9,-0.5487
11218,CZ_Wind_Offshore,2050,8,10,10,-0.5487
11219,CZ_Wind_Offshore,2050,8,11,11,-0.5487
11220,CZ_Wind_Offshore,2050,8,12,12,-0.5487
11221,CZ_Wind_Offshore,2050,8,13,13,-0.5487
11222,CZ_Wind_Offshore,2050,8,14,14,-0.5487
11223,CZ_Wind_Offshore,2050,8,15,15,-0.5487
11224,CZ_Wind_Offshore,2050,8,16,16,-0.5487
11225,CZ_Wind_Offshore,2050,8,17,17,-0.5487
11226,CZ_Wind_Offshore,2050,8,18,18,-0.5487
11227,CZ_Wind_Offshore,2050,8,19,19,-0.5487
11228,CZ_Wind_Offshore,2050,8,20,20,-0.5487
11229,CZ_Wind_Offshore,2050,8,21,21,-0.5487
11230,CZ_Wind_Offshore,2050,8,22,22,0.0
11231,CZ_Wind_Offshore,2050,8,23,23,0.0
11232,CZ_Wind_Offshore,2050,8,24,24,0.0
11233,CZ_Wind_Offshore,2050,9,1,1,0.0
11234,CZ_Wind_Offshore,2050,9,2,2,0.0
11235,CZ_Wind_Offshore,2050,9,3,3,0.0
11236,CZ_Wind_Offshore,2050,9,4,4,0.0
11237,CZ_Wind_Offshore,2050,9,5,5,0.0
11238,CZ_Wind_Offshore,2050,9,6,6,0.0
11239,CZ_Wind_Offshore,2050,9,7,7,0.0
11240,CZ_Wind_Offshore,2050,9,8,8,0.0
11241,CZ_Wind_Offshore,2050,9,9,9,0.0
11242,CZ_Wind_Offshore,2050,9,10,10,0.0
11243,CZ_Wind_Offshore,2050,9,11,11,0.0
11244,CZ_Wind_Offshore,2050,9,12,12,-0.7611
11245,CZ_Wind_Offshore,2050,9,13,13,-0.7611
11246,CZ_Wind_Offshore,2050,9,14,14,-8.303365705666337
11247,CZ_Wind_Offshore,2050,9,15,15,-8.303365705666337
11248,CZ_Wind_Offshore,2050,9,16,16,-0.7611
11249,CZ_Wind_Offshore,2050,9,17,17,-0.7611
11250,CZ_Wind_Offshore,2050,9,18,18,-0.7611
11251,CZ_Wind_Offshore,2050,9,19,19,-0.7611
11252,CZ_Wind_Offshore,2050,9,20,20,-0.7611
11253,CZ_Wind_Offshore,2050,9,21,21,-0.7611
11254,CZ_Wind_Offshore,2050,9,22,22,0.0
11255,CZ_Wind_Offshore,2050,9,23,23,0.0
11256,CZ_Wind_Offshore,2050,9,24,24,0.0
11257,CZ_Wind_Offshore,2050,10,1,1,-1.518
11258,CZ_Wind_Offshore,2050,10,2,2,-1.518
11259,CZ_Wind_Offshore,2050,10,3,3,-1.518
11260,CZ_Wind_Offshore,2050,10,4,4,-1.518
11261,CZ_Wind_Offshore,2050,10,5,5,-1.518
11262,CZ_Wind_Offshore,2050,10,6,6,-1.518
11263,CZ_Wind_Offshore,2050,10,7,7,-2.3459999999999996
11264,CZ_Wind_Offshore,2050,10,8,8,-2.3459999999999996
11265,CZ_Wind_Offshore,2050,10,9,9,-2.3459999999999996
11266,CZ_Wind_Offshore,2050,10,10,10,-2.3459999999999996
11267,CZ_Wind_Offshore,2050,10,11,11,-2.3459999999999996
11268,CZ_Wind_Offshore,2050,10,12,12,-2.3459999999999996
11269,CZ_Wind_Offshore,2050,10,13,13,-2.3459999999999996
11270,CZ_Wind_Offshore,2050,10,14,14,-2.3459999999999996
11271,CZ_Wind_Offshore,2050,10,15,15,-2.3459999999999996
11272,CZ_Wind_Offshore,2050,10,16,16,-2.3459999999999996
11273,CZ_Wind_Offshore,2050,10,17,17,-2.3459999999999996
11274,CZ_Wind_Offshore,2050,10,18,18,-15.742165705666336
11275,CZ_Wind_Offshore,2050,10,19,19,-2.3459999999999996
11276,CZ_Wind_Offshore,2050,10,20,20,-2.3459999999999996
11277,CZ_Wind_Offshore,2050,10,21,21,-1.518
11278,CZ_Wind_Offshore,2050,10,22,22,-1.518
11279,CZ_Wind_Offshore,2050,10,23,23,-0.8142
11280,CZ_Wind_Offshore,2050,10,24,24,-0.8142
11281,CZ_Wind_Onshore,2050,1,1,1,-0.9381
11282,CZ_Wind_Onshore,2050,1,2,2,-0.9381
11283,CZ_Wind_Onshore,2050,1,3,3,-0.9381
11284,CZ_Wind_Onshore,2050,1,4,4,-0.9381
11285,CZ_Wind_Onshore,2050,1,5,5,-1.749
11286,CZ_Wind_Onshore,2050,1,6,6,-1.749
11287,CZ_Wind_Onshore,2050,1,7,7,-1.749
11288,CZ_Wind_Onshore,2050,1,8,8,-1.749
11289,CZ_Wind_Onshore,2050,1,9,9,-1.749
11290,CZ_Wind_Onshore,2050,1,10,10,-1.749
11291,CZ_Wind_Onshore,2050,1,11,11,-1.749
11292,CZ_Wind_Onshore,2050,1,12,12,-1.749
11293,CZ_Wind_Onshore,2050,1,13,13,-0.9381
11294,CZ_Wind_Onshore,2050,1,14,14,-0.9381
11295,CZ_Wind_Onshore,2050,1,15,15,-0.9381
11296,CZ_Wind_Onshore,2050,1,16,16,-1.749
11297,CZ_Wind_Onshore,2050,1,17,17,-1.749
11298,CZ_Wind_Onshore,2050,1,18,18,-1.749
11299,CZ_Wind_Onshore,2050,1,19,19,-1.749
11300,CZ_Wind_Onshore,2050,1,20,20,-1.749
11301,CZ_Wind_Onshore,2050,1,21,21,-0.9381
11302,CZ_Wind_Onshore,2050,1,22,22,-0.9381
11303,CZ_Wind_Onshore,2050,1,23,23,-0.9381
11304,CZ_Wind_Onshore,2050,1,24,24,-0.9381
11305,CZ_Wind_Onshore,2050,2,1,1,0.0
11306,CZ_Wind_Onshore,2050,2,2,2,0.0
11307,CZ_Wind_Onshore,2050,2,3,3,0.0
11308,CZ_Wind_Onshore,2050,2,4,4,0.0
11309,CZ_Wind_Onshore,2050,2,5,5,0.0
11310,CZ_Wind_Onshore,2050,2,6,6,0.0
11311,CZ_Wind_Onshore,2050,2,7,7,0.0
11312,CZ_Wind_Onshore,2050,2,8,8,0.0
11313,CZ_Wind_Onshore,2050,2,9,9,0.0
11314,CZ_Wind_Onshore,2050,2,10,10,0.0
11315,CZ_Wind_Onshore,2050,2,11,11,0.0
11316,CZ_Wind_Onshore,2050,2,12,12,0.0
11317,CZ_Wind_Onshore,2050,2,13,13,0.0
11318,CZ_Wind_Onshore,2050,2,14,14,0.0
11319,CZ_Wind_Onshore,2050,2,15,15,0.0
11320,CZ_Wind_Onshore,2050,2,16,16,0.0
11321,CZ_Wind_Onshore,2050,2,17,17,0.0
11322,CZ_Wind_Onshore,2050,2,18,18,0.0
11323,CZ_Wind_Onshore,2050,2,19,19,0.0
11324,CZ_Wind_Onshore,2050,2,20,20,0.0
11325,CZ_Wind_Onshore,2050,2,21,21,0.0
11326,CZ_Wind_Onshore,2050,2,22,22,0.0
11327,CZ_Wind_Onshore,2050,2,23,23,0.0
11328,CZ_Wind_Onshore,2050,2,24,24,0.0
11329,CZ_Wind_Onshore,2050,3,1,1,-0.5133
11330,CZ_Wind_Onshore,2050,3,2,2,-0.5133
11331,CZ_Wind_Onshore,2050,3,3,3,-0.5133
11332,CZ_Wind_Onshore,2050,3,4,4,-0.5133
11333,CZ_Wind_Onshore,2050,3,5,5,-0.5133
11334,CZ_Wind_Onshore,2050,3,6,6,-0.5133
11335,CZ_Wind_Onshore,2050,3,7,7,-0.5133
11336,CZ_Wind_Onshore,2050,3,8,8,-0.5133
11337,CZ_Wind_Onshore,2050,3,9,9,-0.5133
11338,CZ_Wind_Onshore,2050,3,10,10,-0.5133
11339,CZ_Wind_Onshore,2050,3,11,11,-0.5133
11340,CZ_Wind_Onshore,2050,3,12,12,-0.5133
11341,CZ_Wind_Onshore,2050,3,13,13,-0.5133
11342,CZ_Wind_Onshore,2050,3,14,14,-0.5133
11343,CZ_Wind_Onshore,2050,3,15,15,-0.9570000000000001
11344,CZ_Wind_Onshore,2050,3,16,16,-0.9570000000000001
11345,CZ_Wind_Onshore,2050,3,17,17,-0.9570000000000001
11346,CZ_Wind_Onshore,2050,3,18,18,-0.5133
11347,CZ_Wind_Onshore,2050,3,19,19,-0.5133
11348,CZ_Wind_Onshore,2050,3,20,20,-0.5133
11349,CZ_Wind_Onshore,2050,3,21,21,-0.5133
11350,CZ_Wind_Onshore,2050,3,22,22,-0.5133
11351,CZ_Wind_Onshore,2050,3,23,23,-0.5133
11352,CZ_Wind_Onshore,2050,3,24,24,-0.5133
11353,CZ_Wind_Onshore,2050,4,1,1,-0.4071
11354,CZ_Wind_Onshore,2050,4,2,2,-0.4071
11355,CZ_Wind_Onshore,2050,4,3,3,-0.4071
11356,CZ_Wind_Onshore,2050,4,4,4,-0.4071
11357,CZ_Wind_Onshore,2050,4,5,5,-0.759
11358,CZ_Wind_Onshore,2050,4,6,6,-0.759
11359,CZ_Wind_Onshore,2050,4,7,7,-0.759
11360,CZ_Wind_Onshore,2050,4,8,8,-0.759
11361,CZ_Wind_Onshore,2050,4,9,9,-0.759
11362,CZ_Wind_Onshore,2050,4,10,10,-0.759
11363,CZ_Wind_Onshore,2050,4,11,11,-0.759
11364,CZ_Wind_Onshore,2050,4,12,12,-0.759
11365,CZ_Wind_Onshore,2050,4,13,13,-0.759
11366,CZ_Wind_Onshore,2050,4,14,14,-0.759
11367,CZ_Wind_Onshore,2050,4,15,15,-0.759
11368,CZ_Wind_Onshore,2050,4,16,16,-0.759
11369,CZ_Wind_Onshore,2050,4,17,17,-1.1729999999999998
11370,CZ_Wind_Onshore,2050,4,18,18,-1.1729999999999998
11371,CZ_Wind_Onshore,2050,4,19,19,-1.1729999999999998
11372,CZ_Wind_Onshore,2050,4,20,20,-0.4071
11373,CZ_Wind_Onshore,2050,4,21,21,-0.4071
11374,CZ_Wind_Onshore,2050,4,22,22,-0.4071
11375,CZ_Wind_Onshore,2050,4,23,23,-0.4071
11376,CZ_Wind_Onshore,2050,4,24,24,-0.4071
11377,CZ_Wind_Onshore,2050,5,1,1,0.0
11378,CZ_Wind_Onshore,2050,5,2,2,0.0
11379,CZ_Wind_Onshore,2050,5,3,3,0.0
11380,CZ_Wind_Onshore,2050,5,4,4,0.0
11381,CZ_Wind_Onshore,2050,5,5,5,0.0
11382,CZ_Wind_Onshore,2050,5,6,6,0.0
11383,CZ_Wind_Onshore,2050,5,7,7,0.0
11384,CZ_Wind_Onshore,2050,5,8,8,0.0
11385,CZ_Wind_Onshore,2050,5,9,9,0.0
11386,CZ_Wind_Onshore,2050,5,10,10,0.0
11387,CZ_Wind_Onshore,2050,5,11,11,0.0
11388,CZ_Wind_Onshore,2050,5,12,12,0.0
11389,CZ_Wind_Onshore,2050,5,13,13,0.0
11390,CZ_Wind_Onshore,2050,5,14,14,0.0
11391,CZ_Wind_Onshore,2050,5,15,15,0.0
11392,CZ_Wind_Onshore,2050,5,16,16,0.0
11393,CZ_Wind_Onshore,2050,5,17,17,0.0
11394,CZ_Wind_Onshore,2050,5,18,18,0.0
11395,CZ_Wind_Onshore,2050,5,19,19,0.0
11396,CZ_Wind_Onshore,2050,5,20,20,0.0
11397,CZ_Wind_Onshore,2050,5,21,21,0.0
11398,CZ_Wind_Onshore,2050,5,22,22,0.0
11399,CZ_Wind_Onshore,2050,5,23,23,0.0
11400,CZ_Wind_Onshore,2050,5,24,24,0.0
11401,CZ_Wind_Onshore,2050,6,1,1,-0.3186
11402,CZ_Wind_Onshore,2050,6,2,2,0.0
11403,CZ_Wind_Onshore,2050,6,3,3,0.0
11404,CZ_Wind_Onshore,2050,6,4,4,0.0
11405,CZ_Wind_Onshore,2050,6,5,5,0.0
11406,CZ_Wind_Onshore,2050,6,6,6,0.0
11407,CZ_Wind_Onshore,2050,6,7,7,0.0
11408,CZ_Wind_Onshore,2050,6,8,8,0.0
11409,CZ_Wind_Onshore,2050,6,9,9,0.0
11410,CZ_Wind_Onshore,2050,6,10,10,0.0
11411,CZ_Wind_Onshore,2050,6,11,11,0.0
11412,CZ_Wind_Onshore,2050,6,12,12,0.0
11413,CZ_Wind_Onshore,2050,6,13,13,0.0
11414,CZ_Wind_Onshore,2050,6,14,14,0.0
11415,CZ_Wind_Onshore,2050,6,15,15,0.0
11416,CZ_Wind_Onshore,2050,6,16,16,0.0
11417,CZ_Wind_Onshore,2050,6,17,17,-0.3186
11418,CZ_Wind_Onshore,2050,6,18,18,-0.3186
11419,CZ_Wind_Onshore,2050,6,19,19,-0.3186
11420,CZ_Wind_Onshore,2050,6,20,20,-0.3186
11421,CZ_Wind_Onshore,2050,6,21,21,-0.3186
11422,CZ_Wind_Onshore,2050,6,22,22,-0.3186
11423,CZ_Wind_Onshore,2050,6,23,23,-0.3186
11424,CZ_Wind_Onshore,2050,6,24,24,-0.3186
11425,CZ_Wind_Onshore,2050,7,1,1,-0.6549
11426,CZ_Wind_Onshore,2050,7,2,2,-0.6549
11427,CZ_Wind_Onshore,2050,7,3,3,-0.6549
11428,CZ_Wind_Onshore,2050,7,4,4,-0.6549
11429,CZ_Wind_Onshore,2050,7,5,5,-0.6549
11430,CZ_Wind_Onshore,2050,7,6,6,-0.6549
11431,CZ_Wind_Onshore,2050,7,7,7,-0.6549
11432,CZ_Wind_Onshore,2050,7,8,8,-0.6549
11433,CZ_Wind_Onshore,2050,7,9,9,-0.6549
11434,CZ_Wind_Onshore,2050,7,10,10,-0.6549
11435,CZ_Wind_Onshore,2050,7,11,11,-0.6549
11436,CZ_Wind_Onshore,2050,7,12,12,-0.6549
11437,CZ_Wind_Onshore,2050,7,13,13,-0.6549
11438,CZ_Wind_Onshore,2050,7,14,14,-0.6549
11439,CZ_Wind_Onshore,2050,7,15,15,-0.6549
11440,CZ_Wind_Onshore,2050,7,16,16,-0.6549
11441,CZ_Wind_Onshore,2050,7,17,17,-1.221
11442,CZ_Wind_Onshore,2050,7,18,18,-1.221
11443,CZ_Wind_Onshore,2050,7,19,19,-1.221
11444,CZ_Wind_Onshore,2050,7,20,20,-1.221
11445,CZ_Wind_Onshore,2050,7,21,21,-0.6549
11446,CZ_Wind_Onshore,2050,7,22,22,-0.6549
11447,CZ_Wind_Onshore,2050,7,23,23,-0.6549
11448,CZ_Wind_Onshore,2050,7,24,24,-0.6549
11449,CZ_Wind_Onshore,2050,8,1,1,0.0
11450,CZ_Wind_Onshore,2050,8,2,2,0.0
11451,CZ_Wind_Onshore,2050,8,3,3,0.0
11452,CZ_Wind_Onshore,2050,8,4,4,-0.5487
11453,CZ_Wind_Onshore,2050,8,5,5,-0.5487
11454,CZ_Wind_Onshore,2050,8,6,6,-0.5487
11455,CZ_Wind_Onshore,2050,8,7,7,-0.5487
11456,CZ_Wind_Onshore,2050,8,8,8,-0.5487
11457,CZ_Wind_Onshore,2050,8,9,9,-0.5487
11458,CZ_Wind_Onshore,2050,8,10,10,-0.5487
11459,CZ_Wind_Onshore,2050,8,11,11,-0.5487
11460,CZ_Wind_Onshore,2050,8,12,12,-0.5487
11461,CZ_Wind_Onshore,2050,8,13,13,-0.5487
11462,CZ_Wind_Onshore,2050,8,14,14,-0.5487
11463,CZ_Wind_Onshore,2050,8,15,15,-0.5487
11464,CZ_Wind_Onshore,2050,8,16,16,-0.5487
11465,CZ_Wind_Onshore,2050,8,17,17,-0.5487
11466,CZ_Wind_Onshore,2050,8,18,18,-0.5487
11467,CZ_Wind_Onshore,2050,8,19,19,-0.5487
11468,CZ_Wind_Onshore,2050,8,20,20,-0.5487
11469,CZ_Wind_Onshore,2050,8,21,21,-0.5487
11470,CZ_Wind_Onshore,2050,8,22,22,0.0
11471,CZ_Wind_Onshore,2050,8,23,23,0.0
11472,CZ_Wind_Onshore,2050,8,24,24,0.0
11473,CZ_Wind_Onshore,2050,9,1,1,0.0
11474,CZ_Wind_Onshore,2050,9,2,2,0.0
11475,CZ_Wind_Onshore,2050,9,3,3,0.0
11476,CZ_Wind_Onshore,2050,9,4,4,0.0
11477,CZ_Wind_Onshore,2050,9,5,5,0.0
11478,CZ_Wind_Onshore,2050,9,6,6,0.0
11479,CZ_Wind_Onshore,2050,9,7,7,0.0
11480,CZ_Wind_Onshore,2050,9,8,8,0.0
11481,CZ_Wind_Onshore,2050,9,9,9,0.0
11482,CZ_Wind_Onshore,2050,9,10,10,0.0
11483,CZ_Wind_Onshore,2050,9,11,11,0.0
11484,CZ_Wind_Onshore,2050,9,12,12,-0.7611
11485,CZ_Wind_Onshore,2050,9,13,13,-0.7611
11486,CZ_Wind_Onshore,2050,9,14,14,-8.303365705666337
11487,CZ_Wind_Onshore,2050,9,15,15,-8.303365705666337
11488,CZ_Wind_Onshore,2050,9,16,16,-0.7611
11489,CZ_Wind_Onshore,2050,9,17,17,-0.7611
11490,CZ_Wind_Onshore,2050,9,18,18,-0.7611
11491,CZ_Wind_Onshore,2050,9,19,19,-0.7611
11492,CZ_Wind_Onshore,2050,9,20,20,-0.7611
11493,CZ_Wind_Onshore,2050,9,21,21,-0.7611
11494,CZ_Wind_Onshore,2050,9,22,22,0.0
11495,CZ_Wind_Onshore,2050,9,23,23,0.0
11496,CZ_Wind_Onshore,2050,9,24,24,0.0
11497,CZ_Wind_Onshore,2050,10,1,1,-1.518
11498,CZ_Wind_Onshore,2050,10,2,2,-1.518
11499,CZ_Wind_Onshore,2050,10,3,3,-1.518
11500,CZ_Wind_Onshore,2050,10,4,4,-1.518
11501,CZ_Wind_Onshore,2050,10,5,5,-1.518
11502,CZ_Wind_Onshore,2050,10,6,6,-1.518
11503,CZ_Wind_Onshore,2050,10,7,7,-2.3459999999999996
11504,CZ_Wind_Onshore,2050,10,8,8,-2.3459999999999996
11505,CZ_Wind_Onshore,2050,10,9,9,-2.3459999999999996
11506,CZ_Wind_Onshore,2050,10,10,10,-2.3459999999999996
11507,CZ_Wind_Onshore,2050,10,11,11,-2.3459999999999996
11508,CZ_Wind_Onshore,2050,10,12,12,-2.3459999999999996
11509,CZ_Wind_Onshore,2050,10,13,13,-2.3459999999999996
11510,CZ_Wind_Onshore,2050,10,14,14,-2.3459999999999996
11511,CZ_Wind_Onshore,2050,10,15,15,-2.3459999999999996
11512,CZ_Wind_Onshore,2050,10,16,16,-2.3459999999999996
11513,CZ_Wind_Onshore,2050,10,17,17,-2.3459999999999996
11514,CZ_Wind_Onshore,2050,10,18,18,-15.742165705666336
11515,CZ_Wind_Onshore,2050,10,19,19,-2.3459999999999996
11516,CZ_Wind_Onshore,2050,10,20,20,-2.3459999999999996
11517,CZ_Wind_Onshore,2050,10,21,21,-1.518
11518,CZ_Wind_Onshore,2050,10,22,22,-1.518
11519,CZ_Wind_Onshore,2050,10,23,23,-0.8142
11520,CZ_Wind_Onshore,2050,10,24,24,-0.8142
11521,DE_Battery,2050,1,1,1,0.0
11522,DE_Battery,2050,1,2,2,0.0
11523,DE_Battery,2050,1,3,3,0.0
11524,DE_Battery,2050,1,4,4,0.0
11525,DE_Battery,2050,1,5,5,0.0
11526,DE_Battery,2050,1,6,6,0.0
11527,DE_Battery,2050,1,7,7,0.0
11528,DE_Battery,2050,1,8,8,0.0
11529,DE_Battery,2050,1,9,9,0.0
11530,DE_Battery,2050,1,10,10,0.0
11531,DE_Battery,2050,1,11,11,0.0
11532,DE_Battery,2050,1,12,12,0.0
11533,DE_Battery,2050,1,13,13,0.0
11534,DE_Battery,2050,1,14,14,0.0
11535,DE_Battery,2050,1,15,15,0.0
11536,DE_Battery,2050,1,16,16,0.0
11537,DE_Battery,2050,1,17,17,0.0
11538,DE_Battery,2050,1,18,18,0.0
11539,DE_Battery,2050,1,19,19,0.0
11540,DE_Battery,2050,1,20,20,0.0
11541,DE_Battery,2050,1,21,21,0.0
11542,DE_Battery,2050,1,22,22,0.0
11543,DE_Battery,2050,1,23,23,0.0
11544,DE_Battery,2050,1,24,24,0.0
11545,DE_Battery,2050,2,1,1,0.0
11546,DE_Battery,2050,2,2,2,0.0
11547,DE_Battery,2050,2,3,3,0.0
11548,DE_Battery,2050,2,4,4,0.0
11549,DE_Battery,2050,2,5,5,0.0
11550,DE_Battery,2050,2,6,6,0.0
11551,DE_Battery,2050,2,7,7,0.0
11552,DE_Battery,2050,2,8,8,0.0
11553,DE_Battery,2050,2,9,9,0.0
11554,DE_Battery,2050,2,10,10,0.0
11555,DE_Battery,2050,2,11,11,0.0
11556,DE_Battery,2050,2,12,12,0.0
11557,DE_Battery,2050,2,13,13,0.0
11558,DE_Battery,2050,2,14,14,0.0
11559,DE_Battery,2050,2,15,15,0.0
11560,DE_Battery,2050,2,16,16,0.0
11561,DE_Battery,2050,2,17,17,0.0
11562,DE_Battery,2050,2,18,18,0.0
11563,DE_Battery,2050,2,19,19,0.0
11564,DE_Battery,2050,2,20,20,0.0
11565,DE_Battery,2050,2,21,21,0.0
11566,DE_Battery,2050,2,22,22,0.0
11567,DE_Battery,2050,2,23,23,0.0
11568,DE_Battery,2050,2,24,24,0.0
11569,DE_Battery,2050,3,1,1,0.0
11570,DE_Battery,2050,3,2,2,0.0
11571,DE_Battery,2050,3,3,3,0.0
11572,DE_Battery,2050,3,4,4,0.0
11573,DE_Battery,2050,3,5,5,0.0
11574,DE_Battery,2050,3,6,6,0.0
11575,DE_Battery,2050,3,7,7,0.0
11576,DE_Battery,2050,3,8,8,0.0
11577,DE_Battery,2050,3,9,9,0.0
11578,DE_Battery,2050,3,10,10,0.0
11579,DE_Battery,2050,3,11,11,0.0
11580,DE_Battery,2050,3,12,12,0.0
11581,DE_Battery,2050,3,13,13,0.0
11582,DE_Battery,2050,3,14,14,0.0
11583,DE_Battery,2050,3,15,15,0.0
11584,DE_Battery,2050,3,16,16,0.0
11585,DE_Battery,2050,3,17,17,0.0
11586,DE_Battery,2050,3,18,18,0.0
11587,DE_Battery,2050,3,19,19,0.0
11588,DE_Battery,2050,3,20,20,0.0
11589,DE_Battery,2050,3,21,21,0.0
11590,DE_Battery,2050,3,22,22,0.0
11591,DE_Battery,2050,3,23,23,0.0
11592,DE_Battery,2050,3,24,24,0.0
11593,DE_Battery,2050,4,1,1,0.0
11594,DE_Battery,2050,4,2,2,0.0
11595,DE_Battery,2050,4,3,3,0.0
11596,DE_Battery,2050,4,4,4,0.0
11597,DE_Battery,2050,4,5,5,0.0
11598,DE_Battery,2050,4,6,6,0.0
11599,DE_Battery,2050,4,7,7,0.0
11600,DE_Battery,2050,4,8,8,0.0
11601,DE_Battery,2050,4,9,9,0.0
11602,DE_Battery,2050,4,10,10,0.0
11603,DE_Battery,2050,4,11,11,0.0
11604,DE_Battery,2050,4,12,12,0.0
11605,DE_Battery,2050,4,13,13,0.0
11606,DE_Battery,2050,4,14,14,0.0
11607,DE_Battery,2050,4,15,15,0.0
11608,DE_Battery,2050,4,16,16,0.0
11609,DE_Battery,2050,4,17,17,0.0
11610,DE_Battery,2050,4,18,18,0.0
11611,DE_Battery,2050,4,19,19,0.0
11612,DE_Battery,2050,4,20,20,0.0
11613,DE_Battery,2050,4,21,21,0.0
11614,DE_Battery,2050,4,22,22,0.0
11615,DE_Battery,2050,4,23,23,0.0
11616,DE_Battery,2050,4,24,24,0.0
11617,DE_Battery,2050,5,1,1,0.0
11618,DE_Battery,2050,5,2,2,0.0
11619,DE_Battery,2050,5,3,3,0.0
11620,DE_Battery,2050,5,4,4,0.0
11621,DE_Battery,2050,5,5,5,0.0
11622,DE_Battery,2050,5,6,6,0.0
11623,DE_Battery,2050,5,7,7,0.0
11624,DE_Battery,2050,5,8,8,0.0
11625,DE_Battery,2050,5,9,9,0.0
11626,DE_Battery,2050,5,10,10,0.0
11627,DE_Battery,2050,5,11,11,0.0
11628,DE_Battery,2050,5,12,12,0.0
11629,DE_Battery,2050,5,13,13,0.0
11630,DE_Battery,2050,5,14,14,0.0
11631,DE_Battery,2050,5,15,15,0.0
11632,DE_Battery,2050,5,16,16,0.0
11633,DE_Battery,2050,5,17,17,0.0
11634,DE_Battery,2050,5,18,18,0.0
11635,DE_Battery,2050,5,19,19,0.0
11636,DE_Battery,2050,5,20,20,0.0
11637,DE_Battery,2050,5,21,21,0.0
11638,DE_Battery,2050,5,22,22,0.0
11639,DE_Battery,2050,5,23,23,0.0
11640,DE_Battery,2050,5,24,24,0.0
11641,DE_Battery,2050,6,1,1,0.0
11642,DE_Battery,2050,6,2,2,0.0
11643,DE_Battery,2050,6,3,3,0.0
11644,DE_Battery,2050,6,4,4,0.0
11645,DE_Battery,2050,6,5,5,0.0
11646,DE_Battery,2050,6,6,6,0.0
11647,DE_Battery,2050,6,7,7,0.0
11648,DE_Battery,2050,6,8,8,0.0
11649,DE_Battery,2050,6,9,9,0.0
11650,DE_Battery,2050,6,10,10,0.0
11651,DE_Battery,2050,6,11,11,0.0
11652,DE_Battery,2050,6,12,12,0.0
11653,DE_Battery,2050,6,13,13,0.0
11654,DE_Battery,2050,6,14,14,0.0
11655,DE_Battery,2050,6,15,15,0.0
11656,DE_Battery,2050,6,16,16,0.0
11657,DE_Battery,2050,6,17,17,0.0
11658,DE_Battery,2050,6,18,18,0.0
11659,DE_Battery,2050,6,19,19,0.0
11660,DE_Battery,2050,6,20,20,0.0
11661,DE_Battery,2050,6,21,21,0.0
11662,DE_Battery,2050,6,22,22,0.0
11663,DE_Battery,2050,6,23,23,0.0
11664,DE_Battery,2050,6,24,24,0.0
11665,DE_Battery,2050,7,1,1,0.0
11666,DE_Battery,2050,7,2,2,0.0
11667,DE_Battery,2050,7,3,3,0.0
11668,DE_Battery,2050,7,4,4,0.0
11669,DE_Battery,2050,7,5,5,0.0
11670,DE_Battery,2050,7,6,6,0.0
11671,DE_Battery,2050,7,7,7,0.0
11672,DE_Battery,2050,7,8,8,0.0
11673,DE_Battery,2050,7,9,9,0.0
11674,DE_Battery,2050,7,10,10,0.0
11675,DE_Battery,2050,7,11,11,0.0
11676,DE_Battery,2050,7,12,12,0.0
11677,DE_Battery,2050,7,13,13,0.0
11678,DE_Battery,2050,7,14,14,0.0
11679,DE_Battery,2050,7,15,15,0.0
11680,DE_Battery,2050,7,16,16,0.0
11681,DE_Battery,2050,7,17,17,0.0
11682,DE_Battery,2050,7,18,18,0.0
11683,DE_Battery,2050,7,19,19,0.0
11684,DE_Battery,2050,7,20,20,0.0
11685,DE_Battery,2050,7,21,21,0.0
11686,DE_Battery,2050,7,22,22,0.0
11687,DE_Battery,2050,7,23,23,0.0
11688,DE_Battery,2050,7,24,24,0.0
11689,DE_Battery,2050,8,1,1,0.0
11690,DE_Battery,2050,8,2,2,0.0
11691,DE_Battery,2050,8,3,3,0.0
11692,DE_Battery,2050,8,4,4,0.0
11693,DE_Battery,2050,8,5,5,0.0
11694,DE_Battery,2050,8,6,6,0.0
11695,DE_Battery,2050,8,7,7,0.0
11696,DE_Battery,2050,8,8,8,0.0
11697,DE_Battery,2050,8,9,9,0.0
11698,DE_Battery,2050,8,10,10,0.0
11699,DE_Battery,2050,8,11,11,0.0
11700,DE_Battery,2050,8,12,12,-0.5487
11701,DE_Battery,2050,8,13,13,0.0
11702,DE_Battery,2050,8,14,14,0.0
11703,DE_Battery,2050,8,15,15,0.0
11704,DE_Battery,2050,8,16,16,0.0
11705,DE_Battery,2050,8,17,17,0.0
11706,DE_Battery,2050,8,18,18,0.0
11707,DE_Battery,2050,8,19,19,0.0
11708,DE_Battery,2050,8,20,20,0.0
11709,DE_Battery,2050,8,21,21,0.0
11710,DE_Battery,2050,8,22,22,0.0
11711,DE_Battery,2050,8,23,23,0.0
11712,DE_Battery,2050,8,24,24,0.0
11713,DE_Battery,2050,9,1,1,0.0
11714,DE_Battery,2050,9,2,2,0.0
11715,DE_Battery,2050,9,3,3,0.0
11716,DE_Battery,2050,9,4,4,0.0
11717,DE_Battery,2050,9,5,5,0.0
11718,DE_Battery,2050,9,6,6,0.0
11719,DE_Battery,2050,9,7,7,0.0
11720,DE_Battery,2050,9,8,8,0.0
11721,DE_Battery,2050,9,9,9,0.0
11722,DE_Battery,2050,9,10,10,0.0
11723,DE_Battery,2050,9,11,11,0.0
11724,DE_Battery,2050,9,12,12,0.0
11725,DE_Battery,2050,9,13,13,0.0
11726,DE_Battery,2050,9,14,14,0.0
11727,DE_Battery,2050,9,15,15,0.0
11728,DE_Battery,2050,9,16,16,0.0
11729,DE_Battery,2050,9,17,17,0.0
11730,DE_Battery,2050,9,18,18,0.0
11731,DE_Battery,2050,9,19,19,0.0
11732,DE_Battery,2050,9,20,20,0.0
11733,DE_Battery,2050,9,21,21,0.0
11734,DE_Battery,2050,9,22,22,0.0
11735,DE_Battery,2050,9,23,23,0.0
11736,DE_Battery,2050,9,24,24,0.0
11737,DE_Battery,2050,10,1,1,0.0
11738,DE_Battery,2050,10,2,2,0.0
11739,DE_Battery,2050,10,3,3,0.0
11740,DE_Battery,2050,10,4,4,0.0
11741,DE_Battery,2050,10,5,5,0.0
11742,DE_Battery,2050,10,6,6,0.0
11743,DE_Battery,2050,10,7,7,0.0
11744,DE_Battery,2050,10,8,8,0.0
11745,DE_Battery,2050,10,9,9,0.0
11746,DE_Battery,2050,10,10,10,0.0
11747,DE_Battery,2050,10,11,11,0.0
11748,DE_Battery,2050,10,12,12,0.0
11749,DE_Battery,2050,10,13,13,0.0
11750,DE_Battery,2050,10,14,14,0.0
11751,DE_Battery,2050,10,15,15,0.0
11752,DE_Battery,2050,10,16,16,0.0
11753,DE_Battery,2050,10,17,17,0.0
11754,DE_Battery,2050,10,18,18,-12.847465705666336
11755,DE_Battery,2050,10,19,19,0.0
11756,DE_Battery,2050,10,20,20,0.0
11757,DE_Battery,2050,10,21,21,0.0
11758,DE_Battery,2050,10,22,22,0.0
11759,DE_Battery,2050,10,23,23,0.0
11760,DE_Battery,2050,10,24,24,0.0
11761,DE_CCGT,2050,1,1,1,0.0
11762,DE_CCGT,2050,1,2,2,0.0
11763,DE_CCGT,2050,1,3,3,0.0
11764,DE_CCGT,2050,1,4,4,0.0
11765,DE_CCGT,2050,1,5,5,0.0
11766,DE_CCGT,2050,1,6,6,0.0
11767,DE_CCGT,2050,1,7,7,0.0
11768,DE_CCGT,2050,1,8,8,0.0
11769,DE_CCGT,2050,1,9,9,0.0
11770,DE_CCGT,2050,1,10,10,0.0
11771,DE_CCGT,2050,1,11,11,0.0
11772,DE_CCGT,2050,1,12,12,0.0
11773,DE_CCGT,2050,1,13,13,0.0
11774,DE_CCGT,2050,1,14,14,0.0
11775,DE_CCGT,2050,1,15,15,0.0
11776,DE_CCGT,2050,1,16,16,0.0
11777,DE_CCGT,2050,1,17,17,0.0
11778,DE_CCGT,2050,1,18,18,0.0
11779,DE_CCGT,2050,1,19,19,0.0
11780,DE_CCGT,2050,1,20,20,0.0
11781,DE_CCGT,2050,1,21,21,0.0
11782,DE_CCGT,2050,1,22,22,0.0
11783,DE_CCGT,2050,1,23,23,0.0
11784,DE_CCGT,2050,1,24,24,0.0
11785,DE_CCGT,2050,2,1,1,0.0
11786,DE_CCGT,2050,2,2,2,0.0
11787,DE_CCGT,2050,2,3,3,0.0
11788,DE_CCGT,2050,2,4,4,0.0
11789,DE_CCGT,2050,2,5,5,0.0
11790,DE_CCGT,2050,2,6,6,0.0
11791,DE_CCGT,2050,2,7,7,0.0
11792,DE_CCGT,2050,2,8,8,0.0
11793,DE_CCGT,2050,2,9,9,0.0
11794,DE_CCGT,2050,2,10,10,0.0
11795,DE_CCGT,2050,2,11,11,0.0
11796,DE_CCGT,2050,2,12,12,0.0
11797,DE_CCGT,2050,2,13,13,0.0
11798,DE_CCGT,2050,2,14,14,0.0
11799,DE_CCGT,2050,2,15,15,0.0
11800,DE_CCGT,2050,2,16,16,0.0
11801,DE_CCGT,2050,2,17,17,0.0
11802,DE_CCGT,2050,2,18,18,0.0
11803,DE_CCGT,2050,2,19,19,0.0
11804,DE_CCGT,2050,2,20,20,0.0
11805,DE_CCGT,2050,2,21,21,0.0
11806,DE_CCGT,2050,2,22,22,0.0
11807,DE_CCGT,2050,2,23,23,0.0
11808,DE_CCGT,2050,2,24,24,0.0
11809,DE_CCGT,2050,3,1,1,0.0
11810,DE_CCGT,2050,3,2,2,0.0
11811,DE_CCGT,2050,3,3,3,0.0
11812,DE_CCGT,2050,3,4,4,0.0
11813,DE_CCGT,2050,3,5,5,0.0
11814,DE_CCGT,2050,3,6,6,0.0
11815,DE_CCGT,2050,3,7,7,0.0
11816,DE_CCGT,2050,3,8,8,0.0
11817,DE_CCGT,2050,3,9,9,0.0
11818,DE_CCGT,2050,3,10,10,0.0
11819,DE_CCGT,2050,3,11,11,0.0
11820,DE_CCGT,2050,3,12,12,0.0
11821,DE_CCGT,2050,3,13,13,0.0
11822,DE_CCGT,2050,3,14,14,0.0
11823,DE_CCGT,2050,3,15,15,0.0
11824,DE_CCGT,2050,3,16,16,0.0
11825,DE_CCGT,2050,3,17,17,0.0
11826,DE_CCGT,2050,3,18,18,0.0
11827,DE_CCGT,2050,3,19,19,0.0
11828,DE_CCGT,2050,3,20,20,0.0
11829,DE_CCGT,2050,3,21,21,0.0
11830,DE_CCGT,2050,3,22,22,0.0
11831,DE_CCGT,2050,3,23,23,0.0
11832,DE_CCGT,2050,3,24,24,0.0
11833,DE_CCGT,2050,4,1,1,0.0
11834,DE_CCGT,2050,4,2,2,0.0
11835,DE_CCGT,2050,4,3,3,0.0
11836,DE_CCGT,2050,4,4,4,0.0
11837,DE_CCGT,2050,4,5,5,0.0
11838,DE_CCGT,2050,4,6,6,0.0
11839,DE_CCGT,2050,4,7,7,0.0
11840,DE_CCGT,2050,4,8,8,0.0
11841,DE_CCGT,2050,4,9,9,0.0
11842,DE_CCGT,2050,4,10,10,0.0
11843,DE_CCGT,2050,4,11,11,0.0
11844,DE_CCGT,2050,4,12,12,0.0
11845,DE_CCGT,2050,4,13,13,0.0
11846,DE_CCGT,2050,4,14,14,0.0
11847,DE_CCGT,2050,4,15,15,0.0
11848,DE_CCGT,2050,4,16,16,0.0
11849,DE_CCGT,2050,4,17,17,0.0
11850,DE_CCGT,2050,4,18,18,0.0
11851,DE_CCGT,2050,4,19,19,0.0
11852,DE_CCGT,2050,4,20,20,0.0
11853,DE_CCGT,2050,4,21,21,0.0
11854,DE_CCGT,2050,4,22,22,0.0
11855,DE_CCGT,2050,4,23,23,0.0
11856,DE_CCGT,2050,4,24,24,0.0
11857,DE_CCGT,2050,5,1,1,0.0
11858,DE_CCGT,2050,5,2,2,0.0
11859,DE_CCGT,2050,5,3,3,0.0
11860,DE_CCGT,2050,5,4,4,0.0
11861,DE_CCGT,2050,5,5,5,0.0
11862,DE_CCGT,2050,5,6,6,0.0
11863,DE_CCGT,2050,5,7,7,0.0
11864,DE_CCGT,2050,5,8,8,0.0
11865,DE_CCGT,2050,5,9,9,0.0
11866,DE_CCGT,2050,5,10,10,0.0
11867,DE_CCGT,2050,5,11,11,0.0
11868,DE_CCGT,2050,5,12,12,0.0
11869,DE_CCGT,2050,5,13,13,0.0
11870,DE_CCGT,2050,5,14,14,0.0
11871,DE_CCGT,2050,5,15,15,0.0
11872,DE_CCGT,2050,5,16,16,0.0
11873,DE_CCGT,2050,5,17,17,0.0
11874,DE_CCGT,2050,5,18,18,0.0
11875,DE_CCGT,2050,5,19,19,0.0
11876,DE_CCGT,2050,5,20,20,0.0
11877,DE_CCGT,2050,5,21,21,0.0
11878,DE_CCGT,2050,5,22,22,0.0
11879,DE_CCGT,2050,5,23,23,0.0
11880,DE_CCGT,2050,5,24,24,0.0
11881,DE_CCGT,2050,6,1,1,0.0
11882,DE_CCGT,2050,6,2,2,0.0
11883,DE_CCGT,2050,6,3,3,0.0
11884,DE_CCGT,2050,6,4,4,0.0
11885,DE_CCGT,2050,6,5,5,0.0
11886,DE_CCGT,2050,6,6,6,0.0
11887,DE_CCGT,2050,6,7,7,0.0
11888,DE_CCGT,2050,6,8,8,0.0
11889,DE_CCGT,2050,6,9,9,0.0
11890,DE_CCGT,2050,6,10,10,0.0
11891,DE_CCGT,2050,6,11,11,0.0
11892,DE_CCGT,2050,6,12,12,0.0
11893,DE_CCGT,2050,6,13,13,0.0
11894,DE_CCGT,2050,6,14,14,0.0
11895,DE_CCGT,2050,6,15,15,0.0
11896,DE_CCGT,2050,6,16,16,0.0
11897,DE_CCGT,2050,6,17,17,0.0
11898,DE_CCGT,2050,6,18,18,0.0
11899,DE_CCGT,2050,6,19,19,0.0
11900,DE_CCGT,2050,6,20,20,0.0
11901,DE_CCGT,2050,6,21,21,0.0
11902,DE_CCGT,2050,6,22,22,0.0
11903,DE_CCGT,2050,6,23,23,0.0
11904,DE_CCGT,2050,6,24,24,0.0
11905,DE_CCGT,2050,7,1,1,0.0
11906,DE_CCGT,2050,7,2,2,0.0
11907,DE_CCGT,2050,7,3,3,0.0
11908,DE_CCGT,2050,7,4,4,0.0
11909,DE_CCGT,2050,7,5,5,0.0
11910,DE_CCGT,2050,7,6,6,0.0
11911,DE_CCGT,2050,7,7,7,0.0
11912,DE_CCGT,2050,7,8,8,0.0
11913,DE_CCGT,2050,7,9,9,0.0
11914,DE_CCGT,2050,7,10,10,0.0
11915,DE_CCGT,2050,7,11,11,0.0
11916,DE_CCGT,2050,7,12,12,0.0
11917,DE_CCGT,2050,7,13,13,0.0
11918,DE_CCGT,2050,7,14,14,0.0
11919,DE_CCGT,2050,7,15,15,0.0
11920,DE_CCGT,2050,7,16,16,0.0
11921,DE_CCGT,2050,7,17,17,-0.6659999999999997
11922,DE_CCGT,2050,7,18,18,-0.6659999999999997
11923,DE_CCGT,2050,7,19,19,-0.6659999999999997
11924,DE_CCGT,2050,7,20,20,0.0
11925,DE_CCGT,2050,7,21,21,0.0
11926,DE_CCGT,2050,7,22,22,0.0
11927,DE_CCGT,2050,7,23,23,0.0
11928,DE_CCGT,2050,7,24,24,0.0
11929,DE_CCGT,2050,8,1,1,0.0
11930,DE_CCGT,2050,8,2,2,0.0
11931,DE_CCGT,2050,8,3,3,0.0
11932,DE_CCGT,2050,8,4,4,0.0
11933,DE_CCGT,2050,8,5,5,0.0
11934,DE_CCGT,2050,8,6,6,0.0
11935,DE_CCGT,2050,8,7,7,0.0
11936,DE_CCGT,2050,8,8,8,0.0
11937,DE_CCGT,2050,8,9,9,0.0
11938,DE_CCGT,2050,8,10,10,0.0
11939,DE_CCGT,2050,8,11,11,0.0
11940,DE_CCGT,2050,8,12,12,0.0
11941,DE_CCGT,2050,8,13,13,0.0
11942,DE_CCGT,2050,8,14,14,0.0
11943,DE_CCGT,2050,8,15,15,0.0
11944,DE_CCGT,2050,8,16,16,0.0
11945,DE_CCGT,2050,8,17,17,0.0
11946,DE_CCGT,2050,8,18,18,0.0
11947,DE_CCGT,2050,8,19,19,0.0
11948,DE_CCGT,2050,8,20,20,0.0
11949,DE_CCGT,2050,8,21,21,0.0
11950,DE_CCGT,2050,8,22,22,0.0
11951,DE_CCGT,2050,8,23,23,0.0
11952,DE_CCGT,2050,8,24,24,0.0
11953,DE_CCGT,2050,9,1,1,0.0
11954,DE_CCGT,2050,9,2,2,0.0
11955,DE_CCGT,2050,9,3,3,0.0
11956,DE_CCGT,2050,9,4,4,0.0
11957,DE_CCGT,2050,9,5,5,0.0
11958,DE_CCGT,2050,9,6,6,0.0
11959,DE_CCGT,2050,9,7,7,0.0
11960,DE_CCGT,2050,9,8,8,0.0
11961,DE_CCGT,2050,9,9,9,0.0
11962,DE_CCGT,2050,9,10,10,0.0
11963,DE_CCGT,2050,9,11,11,0.0
11964,DE_CCGT,2050,9,12,12,0.0
11965,DE_CCGT,2050,9,13,13,0.0
11966,DE_CCGT,2050,9,14,14,0.0
11967,DE_CCGT,2050,9,15,15,0.0
11968,DE_CCGT,2050,9,16,16,0.0
11969,DE_CCGT,2050,9,17,17,0.0
11970,DE_CCGT,2050,9,18,18,0.0
11971,DE_CCGT,2050,9,19,19,0.0
11972,DE_CCGT,2050,9,20,20,0.0
11973,DE_CCGT,2050,9,21,21,0.0
11974,DE_CCGT,2050,9,22,22,0.0
11975,DE_CCGT,2050,9,23,23,0.0
11976,DE_CCGT,2050,9,24,24,0.0
11977,DE_CCGT,2050,10,1,1,0.0
11978,DE_CCGT,2050,10,2,2,0.0
11979,DE_CCGT,2050,10,3,3,0.0
11980,DE_CCGT,2050,10,4,4,0.0
11981,DE_CCGT,2050,10,5,5,0.0
11982,DE_CCGT,2050,10,6,6,-0.8279999999999996
11983,DE_CCGT,2050,10,7,7,-0.8279999999999996
11984,DE_CCGT,2050,10,8,8,-0.8279999999999996
11985,DE_CCGT,2050,10,9,9,-0.8279999999999996
11986,DE_CCGT,2050,10,10,10,-0.8279999999999996
11987,DE_CCGT,2050,10,11,11,-0.8279999999999996
11988,DE_CCGT,2050,10,12,12,-0.8279999999999996
11989,DE_CCGT,2050,10,13,13,-0.8279999999999996
11990,DE_CCGT,2050,10,14,14,-0.8279999999999996
11991,DE_CCGT,2050,10,15,15,-0.8279999999999996
11992,DE_CCGT,2050,10,16,16,-0.8279999999999996
11993,DE_CCGT,2050,10,17,17,-8.135065705666337
11994,DE_CCGT,2050,10,18,18,-20.982531411332673
11995,DE_CCGT,2050,10,19,19,-0.8279999999999996
11996,DE_CCGT,2050,10,20,20,-0.8279999999999996
11997,DE_CCGT,2050,10,21,21,0.0
11998,DE_CCGT,2050,10,22,22,0.0
11999,DE_CCGT,2050,10,23,23,0.0
12000,DE_CCGT,2050,10,24,24,0.0
12001,DE_Coal,2050,1,1,1,0.0
12002,DE_Coal,2050,1,2,2,0.0
12003,DE_Coal,2050,1,3,3,0.0
12004,DE_Coal,2050,1,4,4,0.0
12005,DE_Coal,2050,1,5,5,-0.8109000000000001
12006,DE_Coal,2050,1,6,6,-0.8109000000000001
12007,DE_Coal,2050,1,7,7,-0.8109000000000001
12008,DE_Coal,2050,1,8,8,-0.8109000000000001
12009,DE_Coal,2050,1,9,9,-0.8109000000000001
12010,DE_Coal,2050,1,10,10,-0.8109000000000001
12011,DE_Coal,2050,1,11,11,-0.8109000000000001
12012,DE_Coal,2050,1,12,12,-0.8109000000000001
12013,DE_Coal,2050,1,13,13,-0.8109000000000001
12014,DE_Coal,2050,1,14,14,0.0
12015,DE_Coal,2050,1,15,15,0.0
12016,DE_Coal,2050,1,16,16,0.0
12017,DE_Coal,2050,1,17,17,0.0
12018,DE_Coal,2050,1,18,18,-0.8109000000000001
12019,DE_Coal,2050,1,19,19,-0.8109000000000001
12020,DE_Coal,2050,1,20,20,0.0
12021,DE_Coal,2050,1,21,21,0.0
12022,DE_Coal,2050,1,22,22,0.0
12023,DE_Coal,2050,1,23,23,0.0
12024,DE_Coal,2050,1,24,24,0.0
12025,DE_Coal,2050,2,1,1,0.0
12026,DE_Coal,2050,2,2,2,0.0
12027,DE_Coal,2050,2,3,3,0.0
12028,DE_Coal,2050,2,4,4,0.0
12029,DE_Coal,2050,2,5,5,0.0
12030,DE_Coal,2050,2,6,6,0.0
12031,DE_Coal,2050,2,7,7,0.0
12032,DE_Coal,2050,2,8,8,0.0
12033,DE_Coal,2050,2,9,9,0.0
12034,DE_Coal,2050,2,10,10,0.0
12035,DE_Coal,2050,2,11,11,0.0
12036,DE_Coal,2050,2,12,12,0.0
12037,DE_Coal,2050,2,13,13,0.0
12038,DE_Coal,2050,2,14,14,0.0
12039,DE_Coal,2050,2,15,15,0.0
12040,DE_Coal,2050,2,16,16,0.0
12041,DE_Coal,2050,2,17,17,0.0
12042,DE_Coal,2050,2,18,18,0.0
12043,DE_Coal,2050,2,19,19,0.0
12044,DE_Coal,2050,2,20,20,0.0
12045,DE_Coal,2050,2,21,21,0.0
12046,DE_Coal,2050,2,22,22,0.0
12047,DE_Coal,2050,2,23,23,0.0
12048,DE_Coal,2050,2,24,24,0.0
12049,DE_Coal,2050,3,1,1,0.0
12050,DE_Coal,2050,3,2,2,0.0
12051,DE_Coal,2050,3,3,3,0.0
12052,DE_Coal,2050,3,4,4,0.0
12053,DE_Coal,2050,3,5,5,0.0
12054,DE_Coal,2050,3,6,6,0.0
12055,DE_Coal,2050,3,7,7,0.0
12056,DE_Coal,2050,3,8,8,0.0
12057,DE_Coal,2050,3,9,9,0.0
12058,DE_Coal,2050,3,10,10,0.0
12059,DE_Coal,2050,3,11,11,0.0
12060,DE_Coal,2050,3,12,12,0.0
12061,DE_Coal,2050,3,13,13,0.0
12062,DE_Coal,2050,3,14,14,0.0
12063,DE_Coal,2050,3,15,15,0.0
12064,DE_Coal,2050,3,16,16,0.0
12065,DE_Coal,2050,3,17,17,0.0
12066,DE_Coal,2050,3,18,18,0.0
12067,DE_Coal,2050,3,19,19,0.0
12068,DE_Coal,2050,3,20,20,0.0
12069,DE_Coal,2050,3,21,21,0.0
12070,DE_Coal,2050,3,22,22,0.0
12071,DE_Coal,2050,3,23,23,0.0
12072,DE_Coal,2050,3,24,24,0.0
12073,DE_Coal,2050,4,1,1,0.0
12074,DE_Coal,2050,4,2,2,0.0
12075,DE_Coal,2050,4,3,3,0.0
12076,DE_Coal,2050,4,4,4,0.0
12077,DE_Coal,2050,4,5,5,0.0
12078,DE_Coal,2050,4,6,6,0.0
12079,DE_Coal,2050,4,7,7,0.0
12080,DE_Coal,2050,4,8,8,0.0
12081,DE_Coal,2050,4,9,9,0.0
12082,DE_Coal,2050,4,10,10,0.0
12083,DE_Coal,2050,4,11,11,0.0
12084,DE_Coal,2050,4,12,12,0.0
12085,DE_Coal,2050,4,13,13,0.0
12086,DE_Coal,2050,4,14,14,0.0
12087,DE_Coal,2050,4,15,15,0.0
12088,DE_Coal,2050,4,16,16,0.0
12089,DE_Coal,2050,4,17,17,0.0
12090,DE_Coal,2050,4,18,18,0.0
12091,DE_Coal,2050,4,19,19,0.0
12092,DE_Coal,2050,4,20,20,0.0
12093,DE_Coal,2050,4,21,21,0.0
12094,DE_Coal,2050,4,22,22,0.0
12095,DE_Coal,2050,4,23,23,0.0
12096,DE_Coal,2050,4,24,24,0.0
12097,DE_Coal,2050,5,1,1,0.0
12098,DE_Coal,2050,5,2,2,0.0
12099,DE_Coal,2050,5,3,3,0.0
12100,DE_Coal,2050,5,4,4,0.0
12101,DE_Coal,2050,5,5,5,0.0
12102,DE_Coal,2050,5,6,6,0.0
12103,DE_Coal,2050,5,7,7,0.0
12104,DE_Coal,2050,5,8,8,0.0
12105,DE_Coal,2050,5,9,9,0.0
12106,DE_Coal,2050,5,10,10,0.0
12107,DE_Coal,2050,5,11,11,0.0
12108,DE_Coal,2050,5,12,12,0.0
12109,DE_Coal,2050,5,13,13,0.0
12110,DE_Coal,2050,5,14,14,0.0
12111,DE_Coal,2050,5,15,15,0.0
12112,DE_Coal,2050,5,16,16,0.0
12113,DE_Coal,2050,5,17,17,0.0
12114,DE_Coal,2050,5,18,18,0.0
12115,DE_Coal,2050,5,19,19,0.0
12116,DE_Coal,2050,5,20,20,0.0
12117,DE_Coal,2050,5,21,21,0.0
12118,DE_Coal,2050,5,22,22,0.0
12119,DE_Coal,2050,5,23,23,0.0
12120,DE_Coal,2050,5,24,24,0.0
12121,DE_Coal,2050,6,1,1,0.0
12122,DE_Coal,2050,6,2,2,0.0
12123,DE_Coal,2050,6,3,3,0.0
12124,DE_Coal,2050,6,4,4,0.0
12125,DE_Coal,2050,6,5,5,0.0
12126,DE_Coal,2050,6,6,6,0.0
12127,DE_Coal,2050,6,7,7,0.0
12128,DE_Coal,2050,6,8,8,0.0
12129,DE_Coal,2050,6,9,9,0.0
12130,DE_Coal,2050,6,10,10,0.0
12131,DE_Coal,2050,6,11,11,0.0
12132,DE_Coal,2050,6,12,12,0.0
12133,DE_Coal,2050,6,13,13,0.0
12134,DE_Coal,2050,6,14,14,0.0
12135,DE_Coal,2050,6,15,15,0.0
12136,DE_Coal,2050,6,16,16,0.0
12137,DE_Coal,2050,6,17,17,0.0
12138,DE_Coal,2050,6,18,18,0.0
12139,DE_Coal,2050,6,19,19,0.0
12140,DE_Coal,2050,6,20,20,0.0
12141,DE_Coal,2050,6,21,21,0.0
12142,DE_Coal,2050,6,22,22,0.0
12143,DE_Coal,2050,6,23,23,0.0
12144,DE_Coal,2050,6,24,24,0.0
12145,DE_Coal,2050,7,1,1,0.0
12146,DE_Coal,2050,7,2,2,0.0
12147,DE_Coal,2050,7,3,3,0.0
12148,DE_Coal,2050,7,4,4,0.0
12149,DE_Coal,2050,7,5,5,-0.5661
12150,DE_Coal,2050,7,6,6,-0.5661
12151,DE_Coal,2050,7,7,7,-0.5661
12152,DE_Coal,2050,7,8,8,-0.5661
12153,DE_Coal,2050,7,9,9,-0.5661
12154,DE_Coal,2050,7,10,10,-0.5661
12155,DE_Coal,2050,7,11,11,-0.5661
12156,DE_Coal,2050,7,12,12,-0.5661
12157,DE_Coal,2050,7,13,13,-0.5661
12158,DE_Coal,2050,7,14,14,-0.5661
12159,DE_Coal,2050,7,15,15,-0.5661
12160,DE_Coal,2050,7,16,16,-0.5661
12161,DE_Coal,2050,7,17,17,-1.2320999999999998
12162,DE_Coal,2050,7,18,18,-1.2320999999999998
12163,DE_Coal,2050,7,19,19,-1.2320999999999998
12164,DE_Coal,2050,7,20,20,-0.5661
12165,DE_Coal,2050,7,21,21,-0.5661
12166,DE_Coal,2050,7,22,22,0.0
12167,DE_Coal,2050,7,23,23,0.0
12168,DE_Coal,2050,7,24,24,0.0
12169,DE_Coal,2050,8,1,1,0.0
12170,DE_Coal,2050,8,2,2,0.0
12171,DE_Coal,2050,8,3,3,0.0
12172,DE_Coal,2050,8,4,4,0.0
12173,DE_Coal,2050,8,5,5,0.0
12174,DE_Coal,2050,8,6,6,0.0
12175,DE_Coal,2050,8,7,7,0.0
12176,DE_Coal,2050,8,8,8,0.0
12177,DE_Coal,2050,8,9,9,0.0
12178,DE_Coal,2050,8,10,10,0.0
12179,DE_Coal,2050,8,11,11,0.0
12180,DE_Coal,2050,8,12,12,0.0
12181,DE_Coal,2050,8,13,13,0.0
12182,DE_Coal,2050,8,14,14,0.0
12183,DE_Coal,2050,8,15,15,0.0
12184,DE_Coal,2050,8,16,16,0.0
12185,DE_Coal,2050,8,17,17,0.0
12186,DE_Coal,2050,8,18,18,0.0
12187,DE_Coal,2050,8,19,19,0.0
12188,DE_Coal,2050,8,20,20,0.0
12189,DE_Coal,2050,8,21,21,0.0
12190,DE_Coal,2050,8,22,22,0.0
12191,DE_Coal,2050,8,23,23,0.0
12192,DE_Coal,2050,8,24,24,0.0
12193,DE_Coal,2050,9,1,1,0.0
12194,DE_Coal,2050,9,2,2,0.0
12195,DE_Coal,2050,9,3,3,0.0
12196,DE_Coal,2050,9,4,4,0.0
12197,DE_Coal,2050,9,5,5,0.0
12198,DE_Coal,2050,9,6,6,0.0
12199,DE_Coal,2050,9,7,7,0.0
12200,DE_Coal,2050,9,8,8,0.0
12201,DE_Coal,2050,9,9,9,0.0
12202,DE_Coal,2050,9,10,10,0.0
12203,DE_Coal,2050,9,11,11,0.0
12204,DE_Coal,2050,9,12,12,0.0
12205,DE_Coal,2050,9,13,13,0.0
12206,DE_Coal,2050,9,14,14,0.0
12207,DE_Coal,2050,9,15,15,0.0
12208,DE_Coal,2050,9,16,16,0.0
12209,DE_Coal,2050,9,17,17,0.0
12210,DE_Coal,2050,9,18,18,0.0
12211,DE_Coal,2050,9,19,19,0.0
12212,DE_Coal,2050,9,20,20,0.0
12213,DE_Coal,2050,9,21,21,0.0
12214,DE_Coal,2050,9,22,22,0.0
12215,DE_Coal,2050,9,23,23,0.0
12216,DE_Coal,2050,9,24,24,0.0
12217,DE_Coal,2050,10,1,1,-0.7038
12218,DE_Coal,2050,10,2,2,-0.7038
12219,DE_Coal,2050,10,3,3,-0.7038
12220,DE_Coal,2050,10,4,4,-0.7038
12221,DE_Coal,2050,10,5,5,-0.7038
12222,DE_Coal,2050,10,6,6,-1.5317999999999996
12223,DE_Coal,2050,10,7,7,-1.5317999999999996
12224,DE_Coal,2050,10,8,8,-1.5317999999999996
12225,DE_Coal,2050,10,9,9,-1.5317999999999996
12226,DE_Coal,2050,10,10,10,-1.5317999999999996
12227,DE_Coal,2050,10,11,11,-1.5317999999999996
12228,DE_Coal,2050,10,12,12,-1.5317999999999996
12229,DE_Coal,2050,10,13,13,-1.5317999999999996
12230,DE_Coal,2050,10,14,14,-1.5317999999999996
12231,DE_Coal,2050,10,15,15,-1.5317999999999996
12232,DE_Coal,2050,10,16,16,-1.5317999999999996
12233,DE_Coal,2050,10,17,17,-8.838865705666338
12234,DE_Coal,2050,10,18,18,-21.686331411332674
12235,DE_Coal,2050,10,19,19,-1.5317999999999996
12236,DE_Coal,2050,10,20,20,-1.5317999999999996
12237,DE_Coal,2050,10,21,21,-0.7038
12238,DE_Coal,2050,10,22,22,-0.7038
12239,DE_Coal,2050,10,23,23,0.0
12240,DE_Coal,2050,10,24,24,0.0
12241,DE_Nuclear,2050,1,1,1,-0.49290000000000006
12242,DE_Nuclear,2050,1,2,2,-0.49290000000000006
12243,DE_Nuclear,2050,1,3,3,-0.49290000000000006
12244,DE_Nuclear,2050,1,4,4,-0.49290000000000006
12245,DE_Nuclear,2050,1,5,5,-1.3038
12246,DE_Nuclear,2050,1,6,6,-1.3038
12247,DE_Nuclear,2050,1,7,7,-1.3038
12248,DE_Nuclear,2050,1,8,8,-1.3038
12249,DE_Nuclear,2050,1,9,9,-1.3038
12250,DE_Nuclear,2050,1,10,10,-1.3038
12251,DE_Nuclear,2050,1,11,11,-1.3038
12252,DE_Nuclear,2050,1,12,12,-1.3038
12253,DE_Nuclear,2050,1,13,13,-1.3038
12254,DE_Nuclear,2050,1,14,14,-0.49290000000000006
12255,DE_Nuclear,2050,1,15,15,-0.49290000000000006
12256,DE_Nuclear,2050,1,16,16,-0.49290000000000006
12257,DE_Nuclear,2050,1,17,17,-0.49290000000000006
12258,DE_Nuclear,2050,1,18,18,-1.3038
12259,DE_Nuclear,2050,1,19,19,-1.3038
12260,DE_Nuclear,2050,1,20,20,-0.49290000000000006
12261,DE_Nuclear,2050,1,21,21,-0.49290000000000006
12262,DE_Nuclear,2050,1,22,22,-0.49290000000000006
12263,DE_Nuclear,2050,1,23,23,-0.49290000000000006
12264,DE_Nuclear,2050,1,24,24,-0.49290000000000006
12265,DE_Nuclear,2050,2,1,1,0.0
12266,DE_Nuclear,2050,2,2,2,0.0
12267,DE_Nuclear,2050,2,3,3,-0.30690000000000006
12268,DE_Nuclear,2050,2,4,4,-0.30690000000000006
12269,DE_Nuclear,2050,2,5,5,-0.30690000000000006
12270,DE_Nuclear,2050,2,6,6,-0.30690000000000006
12271,DE_Nuclear,2050,2,7,7,-0.30690000000000006
12272,DE_Nuclear,2050,2,8,8,-0.30690000000000006
12273,DE_Nuclear,2050,2,9,9,-0.30690000000000006
12274,DE_Nuclear,2050,2,10,10,-0.30690000000000006
12275,DE_Nuclear,2050,2,11,11,-0.30690000000000006
12276,DE_Nuclear,2050,2,12,12,-0.30690000000000006
12277,DE_Nuclear,2050,2,13,13,-0.30690000000000006
12278,DE_Nuclear,2050,2,14,14,-0.30690000000000006
12279,DE_Nuclear,2050,2,15,15,-0.30690000000000006
12280,DE_Nuclear,2050,2,16,16,-0.30690000000000006
12281,DE_Nuclear,2050,2,17,17,-0.30690000000000006
12282,DE_Nuclear,2050,2,18,18,-0.30690000000000006
12283,DE_Nuclear,2050,2,19,19,-0.30690000000000006
12284,DE_Nuclear,2050,2,20,20,-0.30690000000000006
12285,DE_Nuclear,2050,2,21,21,-0.30690000000000006
12286,DE_Nuclear,2050,2,22,22,-0.30690000000000006
12287,DE_Nuclear,2050,2,23,23,-0.30690000000000006
12288,DE_Nuclear,2050,2,24,24,0.0
12289,DE_Nuclear,2050,3,1,1,0.0
12290,DE_Nuclear,2050,3,2,2,0.0
12291,DE_Nuclear,2050,3,3,3,0.0
12292,DE_Nuclear,2050,3,4,4,0.0
12293,DE_Nuclear,2050,3,5,5,0.0
12294,DE_Nuclear,2050,3,6,6,0.0
12295,DE_Nuclear,2050,3,7,7,0.0
12296,DE_Nuclear,2050,3,8,8,0.0
12297,DE_Nuclear,2050,3,9,9,0.0
12298,DE_Nuclear,2050,3,10,10,0.0
12299,DE_Nuclear,2050,3,11,11,0.0
12300,DE_Nuclear,2050,3,12,12,0.0
12301,DE_Nuclear,2050,3,13,13,0.0
12302,DE_Nuclear,2050,3,14,14,-0.2697
12303,DE_Nuclear,2050,3,15,15,-0.2697
12304,DE_Nuclear,2050,3,16,16,-0.2697
12305,DE_Nuclear,2050,3,17,17,-0.2697
12306,DE_Nuclear,2050,3,18,18,-0.2697
12307,DE_Nuclear,2050,3,19,19,-0.2697
12308,DE_Nuclear,2050,3,20,20,0.0
12309,DE_Nuclear,2050,3,21,21,0.0
12310,DE_Nuclear,2050,3,22,22,0.0
12311,DE_Nuclear,2050,3,23,23,0.0
12312,DE_Nuclear,2050,3,24,24,0.0
12313,DE_Nuclear,2050,4,1,1,-0.21390000000000003
12314,DE_Nuclear,2050,4,2,2,-0.21390000000000003
12315,DE_Nuclear,2050,4,3,3,-0.21390000000000003
12316,DE_Nuclear,2050,4,4,4,-0.21390000000000003
12317,DE_Nuclear,2050,4,5,5,-0.21390000000000003
12318,DE_Nuclear,2050,4,6,6,-0.21390000000000003
12319,DE_Nuclear,2050,4,7,7,-0.21390000000000003
12320,DE_Nuclear,2050,4,8,8,-0.21390000000000003
12321,DE_Nuclear,2050,4,9,9,-0.21390000000000003
12322,DE_Nuclear,2050,4,10,10,-0.21390000000000003
12323,DE_Nuclear,2050,4,11,11,-0.21390000000000003
12324,DE_Nuclear,2050,4,12,12,-0.21390000000000003
12325,DE_Nuclear,2050,4,13,13,-0.21390000000000003
12326,DE_Nuclear,2050,4,14,14,-0.21390000000000003
12327,DE_Nuclear,2050,4,15,15,-0.21390000000000003
12328,DE_Nuclear,2050,4,16,16,-0.21390000000000003
12329,DE_Nuclear,2050,4,17,17,-0.21390000000000003
12330,DE_Nuclear,2050,4,18,18,-0.21390000000000003
12331,DE_Nuclear,2050,4,19,19,-0.21390000000000003
12332,DE_Nuclear,2050,4,20,20,-0.21390000000000003
12333,DE_Nuclear,2050,4,21,21,-0.21390000000000003
12334,DE_Nuclear,2050,4,22,22,-0.21390000000000003
12335,DE_Nuclear,2050,4,23,23,0.0
12336,DE_Nuclear,2050,4,24,24,0.0
12337,DE_Nuclear,2050,5,1,1,0.0
12338,DE_Nuclear,2050,5,2,2,0.0
12339,DE_Nuclear,2050,5,3,3,0.0
12340,DE_Nuclear,2050,5,4,4,0.0
12341,DE_Nuclear,2050,5,5,5,0.0
12342,DE_Nuclear,2050,5,6,6,0.0
12343,DE_Nuclear,2050,5,7,7,0.0
12344,DE_Nuclear,2050,5,8,8,0.0
12345,DE_Nuclear,2050,5,9,9,0.0
12346,DE_Nuclear,2050,5,10,10,0.0
12347,DE_Nuclear,2050,5,11,11,0.0
12348,DE_Nuclear,2050,5,12,12,0.0
12349,DE_Nuclear,2050,5,13,13,0.0
12350,DE_Nuclear,2050,5,14,14,0.0
12351,DE_Nuclear,2050,5,15,15,0.0
12352,DE_Nuclear,2050,5,16,16,0.0
12353,DE_Nuclear,2050,5,17,17,0.0
12354,DE_Nuclear,2050,5,18,18,0.0
12355,DE_Nuclear,2050,5,19,19,0.0
12356,DE_Nuclear,2050,5,20,20,0.0
12357,DE_Nuclear,2050,5,21,21,0.0
12358,DE_Nuclear,2050,5,22,22,0.0
12359,DE_Nuclear,2050,5,23,23,0.0
12360,DE_Nuclear,2050,5,24,24,0.0
12361,DE_Nuclear,2050,6,1,1,-0.1674
12362,DE_Nuclear,2050,6,2,2,-0.1674
12363,DE_Nuclear,2050,6,3,3,-0.1674
12364,DE_Nuclear,2050,6,4,4,-0.1674
12365,DE_Nuclear,2050,6,5,5,-0.1674
12366,DE_Nuclear,2050,6,6,6,-0.1674
12367,DE_Nuclear,2050,6,7,7,-0.1674
12368,DE_Nuclear,2050,6,8,8,-0.1674
12369,DE_Nuclear,2050,6,9,9,-0.1674
12370,DE_Nuclear,2050,6,10,10,-0.1674
12371,DE_Nuclear,2050,6,11,11,-0.1674
12372,DE_Nuclear,2050,6,12,12,-0.1674
12373,DE_Nuclear,2050,6,13,13,-0.1674
12374,DE_Nuclear,2050,6,14,14,-0.1674
12375,DE_Nuclear,2050,6,15,15,-0.1674
12376,DE_Nuclear,2050,6,16,16,-0.1674
12377,DE_Nuclear,2050,6,17,17,-0.1674
12378,DE_Nuclear,2050,6,18,18,-0.1674
12379,DE_Nuclear,2050,6,19,19,-0.1674
12380,DE_Nuclear,2050,6,20,20,-0.1674
12381,DE_Nuclear,2050,6,21,21,-0.1674
12382,DE_Nuclear,2050,6,22,22,-0.1674
12383,DE_Nuclear,2050,6,23,23,-0.1674
12384,DE_Nuclear,2050,6,24,24,-0.1674
12385,DE_Nuclear,2050,7,1,1,-0.3441000000000001
12386,DE_Nuclear,2050,7,2,2,-0.3441000000000001
12387,DE_Nuclear,2050,7,3,3,-0.3441000000000001
12388,DE_Nuclear,2050,7,4,4,-0.3441000000000001
12389,DE_Nuclear,2050,7,5,5,-0.9102000000000001
12390,DE_Nuclear,2050,7,6,6,-0.9102000000000001
12391,DE_Nuclear,2050,7,7,7,-0.9102000000000001
12392,DE_Nuclear,2050,7,8,8,-0.9102000000000001
12393,DE_Nuclear,2050,7,9,9,-0.9102000000000001
12394,DE_Nuclear,2050,7,10,10,-0.9102000000000001
12395,DE_Nuclear,2050,7,11,11,-0.9102000000000001
12396,DE_Nuclear,2050,7,12,12,-0.9102000000000001
12397,DE_Nuclear,2050,7,13,13,-0.9102000000000001
12398,DE_Nuclear,2050,7,14,14,-0.9102000000000001
12399,DE_Nuclear,2050,7,15,15,-0.9102000000000001
12400,DE_Nuclear,2050,7,16,16,-0.9102000000000001
12401,DE_Nuclear,2050,7,17,17,-1.5761999999999998
12402,DE_Nuclear,2050,7,18,18,-1.5761999999999998
12403,DE_Nuclear,2050,7,19,19,-1.5761999999999998
12404,DE_Nuclear,2050,7,20,20,-0.9102000000000001
12405,DE_Nuclear,2050,7,21,21,-0.9102000000000001
12406,DE_Nuclear,2050,7,22,22,-0.3441000000000001
12407,DE_Nuclear,2050,7,23,23,-0.3441000000000001
12408,DE_Nuclear,2050,7,24,24,-0.3441000000000001
12409,DE_Nuclear,2050,8,1,1,0.0
12410,DE_Nuclear,2050,8,2,2,0.0
12411,DE_Nuclear,2050,8,3,3,0.0
12412,DE_Nuclear,2050,8,4,4,0.0
12413,DE_Nuclear,2050,8,5,5,0.0
12414,DE_Nuclear,2050,8,6,6,0.0
12415,DE_Nuclear,2050,8,7,7,0.0
12416,DE_Nuclear,2050,8,8,8,0.0
12417,DE_Nuclear,2050,8,9,9,0.0
12418,DE_Nuclear,2050,8,10,10,0.0
12419,DE_Nuclear,2050,8,11,11,0.0
12420,DE_Nuclear,2050,8,12,12,-0.2883
12421,DE_Nuclear,2050,8,13,13,0.0
12422,DE_Nuclear,2050,8,14,14,0.0
12423,DE_Nuclear,2050,8,15,15,0.0
12424,DE_Nuclear,2050,8,16,16,0.0
12425,DE_Nuclear,2050,8,17,17,0.0
12426,DE_Nuclear,2050,8,18,18,0.0
12427,DE_Nuclear,2050,8,19,19,-0.2883
12428,DE_Nuclear,2050,8,20,20,-0.2883
12429,DE_Nuclear,2050,8,21,21,-0.2883
12430,DE_Nuclear,2050,8,22,22,0.0
12431,DE_Nuclear,2050,8,23,23,0.0
12432,DE_Nuclear,2050,8,24,24,0.0
12433,DE_Nuclear,2050,9,1,1,0.0
12434,DE_Nuclear,2050,9,2,2,0.0
12435,DE_Nuclear,2050,9,3,3,0.0
12436,DE_Nuclear,2050,9,4,4,0.0
12437,DE_Nuclear,2050,9,5,5,0.0
12438,DE_Nuclear,2050,9,6,6,0.0
12439,DE_Nuclear,2050,9,7,7,0.0
12440,DE_Nuclear,2050,9,8,8,0.0
12441,DE_Nuclear,2050,9,9,9,0.0
12442,DE_Nuclear,2050,9,10,10,0.0
12443,DE_Nuclear,2050,9,11,11,0.0
12444,DE_Nuclear,2050,9,12,12,0.0
12445,DE_Nuclear,2050,9,13,13,0.0
12446,DE_Nuclear,2050,9,14,14,0.0
12447,DE_Nuclear,2050,9,15,15,0.0
12448,DE_Nuclear,2050,9,16,16,0.0
12449,DE_Nuclear,2050,9,17,17,0.0
12450,DE_Nuclear,2050,9,18,18,-0.39990000000000003
12451,DE_Nuclear,2050,9,19,19,-0.39990000000000003
12452,DE_Nuclear,2050,9,20,20,-0.39990000000000003
12453,DE_Nuclear,2050,9,21,21,-0.39990000000000003
12454,DE_Nuclear,2050,9,22,22,0.0
12455,DE_Nuclear,2050,9,23,23,0.0
12456,DE_Nuclear,2050,9,24,24,0.0
12457,DE_Nuclear,2050,10,1,1,-1.1316000000000002
12458,DE_Nuclear,2050,10,2,2,-1.1316000000000002
12459,DE_Nuclear,2050,10,3,3,-1.1316000000000002
12460,DE_Nuclear,2050,10,4,4,-1.1316000000000002
12461,DE_Nuclear,2050,10,5,5,-1.1316000000000002
12462,DE_Nuclear,2050,10,6,6,-1.9595999999999996
12463,DE_Nuclear,2050,10,7,7,-1.9595999999999996
12464,DE_Nuclear,2050,10,8,8,-1.9595999999999996
12465,DE_Nuclear,2050,10,9,9,-1.9595999999999996
12466,DE_Nuclear,2050,10,10,10,-1.9595999999999996
12467,DE_Nuclear,2050,10,11,11,-1.9595999999999996
12468,DE_Nuclear,2050,10,12,12,-1.9595999999999996
12469,DE_Nuclear,2050,10,13,13,-1.9595999999999996
12470,DE_Nuclear,2050,10,14,14,-1.9595999999999996
12471,DE_Nuclear,2050,10,15,15,-1.9595999999999996
12472,DE_Nuclear,2050,10,16,16,-1.9595999999999996
12473,DE_Nuclear,2050,10,17,17,-9.266665705666338
12474,DE_Nuclear,2050,10,18,18,-22.114131411332675
12475,DE_Nuclear,2050,10,19,19,-1.9595999999999996
12476,DE_Nuclear,2050,10,20,20,-1.9595999999999996
12477,DE_Nuclear,2050,10,21,21,-1.1316000000000002
12478,DE_Nuclear,2050,10,22,22,-1.1316000000000002
12479,DE_Nuclear,2050,10,23,23,-0.42780000000000007
12480,DE_Nuclear,2050,10,24,24,-0.42780000000000007
12481,DE_OCGT,2050,1,1,1,0.0
12482,DE_OCGT,2050,1,2,2,0.0
12483,DE_OCGT,2050,1,3,3,0.0
12484,DE_OCGT,2050,1,4,4,0.0
12485,DE_OCGT,2050,1,5,5,0.0
12486,DE_OCGT,2050,1,6,6,0.0
12487,DE_OCGT,2050,1,7,7,0.0
12488,DE_OCGT,2050,1,8,8,0.0
12489,DE_OCGT,2050,1,9,9,0.0
12490,DE_OCGT,2050,1,10,10,0.0
12491,DE_OCGT,2050,1,11,11,0.0
12492,DE_OCGT,2050,1,12,12,0.0
12493,DE_OCGT,2050,1,13,13,0.0
12494,DE_OCGT,2050,1,14,14,0.0
12495,DE_OCGT,2050,1,15,15,0.0
12496,DE_OCGT,2050,1,16,16,0.0
12497,DE_OCGT,2050,1,17,17,0.0
12498,DE_OCGT,2050,1,18,18,0.0
12499,DE_OCGT,2050,1,19,19,0.0
12500,DE_OCGT,2050,1,20,20,0.0
12501,DE_OCGT,2050,1,21,21,0.0
12502,DE_OCGT,2050,1,22,22,0.0
12503,DE_OCGT,2050,1,23,23,0.0
12504,DE_OCGT,2050,1,24,24,0.0
12505,DE_OCGT,2050,2,1,1,0.0
12506,DE_OCGT,2050,2,2,2,0.0
12507,DE_OCGT,2050,2,3,3,0.0
12508,DE_OCGT,2050,2,4,4,0.0
12509,DE_OCGT,2050,2,5,5,0.0
12510,DE_OCGT,2050,2,6,6,0.0
12511,DE_OCGT,2050,2,7,7,0.0
12512,DE_OCGT,2050,2,8,8,0.0
12513,DE_OCGT,2050,2,9,9,0.0
12514,DE_OCGT,2050,2,10,10,0.0
12515,DE_OCGT,2050,2,11,11,0.0
12516,DE_OCGT,2050,2,12,12,0.0
12517,DE_OCGT,2050,2,13,13,0.0
12518,DE_OCGT,2050,2,14,14,0.0
12519,DE_OCGT,2050,2,15,15,0.0
12520,DE_OCGT,2050,2,16,16,0.0
12521,DE_OCGT,2050,2,17,17,0.0
12522,DE_OCGT,2050,2,18,18,0.0
12523,DE_OCGT,2050,2,19,19,0.0
12524,DE_OCGT,2050,2,20,20,0.0
12525,DE_OCGT,2050,2,21,21,0.0
12526,DE_OCGT,2050,2,22,22,0.0
12527,DE_OCGT,2050,2,23,23,0.0
12528,DE_OCGT,2050,2,24,24,0.0
12529,DE_OCGT,2050,3,1,1,0.0
12530,DE_OCGT,2050,3,2,2,0.0
12531,DE_OCGT,2050,3,3,3,0.0
12532,DE_OCGT,2050,3,4,4,0.0
12533,DE_OCGT,2050,3,5,5,0.0
12534,DE_OCGT,2050,3,6,6,0.0
12535,DE_OCGT,2050,3,7,7,0.0
12536,DE_OCGT,2050,3,8,8,0.0
12537,DE_OCGT,2050,3,9,9,0.0
12538,DE_OCGT,2050,3,10,10,0.0
12539,DE_OCGT,2050,3,11,11,0.0
12540,DE_OCGT,2050,3,12,12,0.0
12541,DE_OCGT,2050,3,13,13,0.0
12542,DE_OCGT,2050,3,14,14,0.0
12543,DE_OCGT,2050,3,15,15,0.0
12544,DE_OCGT,2050,3,16,16,0.0
12545,DE_OCGT,2050,3,17,17,0.0
12546,DE_OCGT,2050,3,18,18,0.0
12547,DE_OCGT,2050,3,19,19,0.0
12548,DE_OCGT,2050,3,20,20,0.0
12549,DE_OCGT,2050,3,21,21,0.0
12550,DE_OCGT,2050,3,22,22,0.0
12551,DE_OCGT,2050,3,23,23,0.0
12552,DE_OCGT,2050,3,24,24,0.0
12553,DE_OCGT,2050,4,1,1,0.0
12554,DE_OCGT,2050,4,2,2,0.0
12555,DE_OCGT,2050,4,3,3,0.0
12556,DE_OCGT,2050,4,4,4,0.0
12557,DE_OCGT,2050,4,5,5,0.0
12558,DE_OCGT,2050,4,6,6,0.0
12559,DE_OCGT,2050,4,7,7,0.0
12560,DE_OCGT,2050,4,8,8,0.0
12561,DE_OCGT,2050,4,9,9,0.0
12562,DE_OCGT,2050,4,10,10,0.0
12563,DE_OCGT,2050,4,11,11,0.0
12564,DE_OCGT,2050,4,12,12,0.0
12565,DE_OCGT,2050,4,13,13,0.0
12566,DE_OCGT,2050,4,14,14,0.0
12567,DE_OCGT,2050,4,15,15,0.0
12568,DE_OCGT,2050,4,16,16,0.0
12569,DE_OCGT,2050,4,17,17,0.0
12570,DE_OCGT,2050,4,18,18,0.0
12571,DE_OCGT,2050,4,19,19,0.0
12572,DE_OCGT,2050,4,20,20,0.0
12573,DE_OCGT,2050,4,21,21,0.0
12574,DE_OCGT,2050,4,22,22,0.0
12575,DE_OCGT,2050,4,23,23,0.0
12576,DE_OCGT,2050,4,24,24,0.0
12577,DE_OCGT,2050,5,1,1,0.0
12578,DE_OCGT,2050,5,2,2,0.0
12579,DE_OCGT,2050,5,3,3,0.0
12580,DE_OCGT,2050,5,4,4,0.0
12581,DE_OCGT,2050,5,5,5,0.0
12582,DE_OCGT,2050,5,6,6,0.0
12583,DE_OCGT,2050,5,7,7,0.0
12584,DE_OCGT,2050,5,8,8,0.0
12585,DE_OCGT,2050,5,9,9,0.0
12586,DE_OCGT,2050,5,10,10,0.0
12587,DE_OCGT,2050,5,11,11,0.0
12588,DE_OCGT,2050,5,12,12,0.0
12589,DE_OCGT,2050,5,13,13,0.0
12590,DE_OCGT,2050,5,14,14,0.0
12591,DE_OCGT,2050,5,15,15,0.0
12592,DE_OCGT,2050,5,16,16,0.0
12593,DE_OCGT,2050,5,17,17,0.0
12594,DE_OCGT,2050,5,18,18,0.0
12595,DE_OCGT,2050,5,19,19,0.0
12596,DE_OCGT,2050,5,20,20,0.0
12597,DE_OCGT,2050,5,21,21,0.0
12598,DE_OCGT,2050,5,22,22,0.0
12599,DE_OCGT,2050,5,23,23,0.0
12600,DE_OCGT,2050,5,24,24,0.0
12601,DE_OCGT,2050,6,1,1,0.0
12602,DE_OCGT,2050,6,2,2,0.0
12603,DE_OCGT,2050,6,3,3,0.0
12604,DE_OCGT,2050,6,4,4,0.0
12605,DE_OCGT,2050,6,5,5,0.0
12606,DE_OCGT,2050,6,6,6,0.0
12607,DE_OCGT,2050,6,7,7,0.0
12608,DE_OCGT,2050,6,8,8,0.0
12609,DE_OCGT,2050,6,9,9,0.0
12610,DE_OCGT,2050,6,10,10,0.0
12611,DE_OCGT,2050,6,11,11,0.0
12612,DE_OCGT,2050,6,12,12,0.0
12613,DE_OCGT,2050,6,13,13,0.0
12614,DE_OCGT,2050,6,14,14,0.0
12615,DE_OCGT,2050,6,15,15,0.0
12616,DE_OCGT,2050,6,16,16,0.0
12617,DE_OCGT,2050,6,17,17,0.0
12618,DE_OCGT,2050,6,18,18,0.0
12619,DE_OCGT,2050,6,19,19,0.0
12620,DE_OCGT,2050,6,20,20,0.0
12621,DE_OCGT,2050,6,21,21,0.0
12622,DE_OCGT,2050,6,22,22,0.0
12623,DE_OCGT,2050,6,23,23,0.0
12624,DE_OCGT,2050,6,24,24,0.0
12625,DE_OCGT,2050,7,1,1,0.0
12626,DE_OCGT,2050,7,2,2,0.0
12627,DE_OCGT,2050,7,3,3,0.0
12628,DE_OCGT,2050,7,4,4,0.0
12629,DE_OCGT,2050,7,5,5,0.0
12630,DE_OCGT,2050,7,6,6,0.0
12631,DE_OCGT,2050,7,7,7,0.0
12632,DE_OCGT,2050,7,8,8,0.0
12633,DE_OCGT,2050,7,9,9,0.0
12634,DE_OCGT,2050,7,10,10,0.0
12635,DE_OCGT,2050,7,11,11,0.0
12636,DE_OCGT,2050,7,12,12,0.0
12637,DE_OCGT,2050,7,13,13,0.0
12638,DE_OCGT,2050,7,14,14,0.0
12639,DE_OCGT,2050,7,15,15,0.0
12640,DE_OCGT,2050,7,16,16,0.0
12641,DE_OCGT,2050,7,17,17,0.0
12642,DE_OCGT,2050,7,18,18,0.0
12643,DE_OCGT,2050,7,19,19,0.0
12644,DE_OCGT,2050,7,20,20,0.0
12645,DE_OCGT,2050,7,21,21,0.0
12646,DE_OCGT,2050,7,22,22,0.0
12647,DE_OCGT,2050,7,23,23,0.0
12648,DE_OCGT,2050,7,24,24,0.0
12649,DE_OCGT,2050,8,1,1,0.0
12650,DE_OCGT,2050,8,2,2,0.0
12651,DE_OCGT,2050,8,3,3,0.0
12652,DE_OCGT,2050,8,4,4,0.0
12653,DE_OCGT,2050,8,5,5,0.0
12654,DE_OCGT,2050,8,6,6,0.0
12655,DE_OCGT,2050,8,7,7,0.0
12656,DE_OCGT,2050,8,8,8,0.0
12657,DE_OCGT,2050,8,9,9,0.0
12658,DE_OCGT,2050,8,10,10,0.0
12659,DE_OCGT,2050,8,11,11,0.0
12660,DE_OCGT,2050,8,12,12,0.0
12661,DE_OCGT,2050,8,13,13,0.0
12662,DE_OCGT,2050,8,14,14,0.0
12663,DE_OCGT,2050,8,15,15,0.0
12664,DE_OCGT,2050,8,16,16,0.0
12665,DE_OCGT,2050,8,17,17,0.0
12666,DE_OCGT,2050,8,18,18,0.0
12667,DE_OCGT,2050,8,19,19,0.0
12668,DE_OCGT,2050,8,20,20,0.0
12669,DE_OCGT,2050,8,21,21,0.0
12670,DE_OCGT,2050,8,22,22,0.0
12671,DE_OCGT,2050,8,23,23,0.0
12672,DE_OCGT,2050,8,24,24,0.0
12673,DE_OCGT,2050,9,1,1,0.0
12674,DE_OCGT,2050,9,2,2,0.0
12675,DE_OCGT,2050,9,3,3,0.0
12676,DE_OCGT,2050,9,4,4,0.0
12677,DE_OCGT,2050,9,5,5,0.0
12678,DE_OCGT,2050,9,6,6,0.0
12679,DE_OCGT,2050,9,7,7,0.0
12680,DE_OCGT,2050,9,8,8,0.0
12681,DE_OCGT,2050,9,9,9,0.0
12682,DE_OCGT,2050,9,10,10,0.0
12683,DE_OCGT,2050,9,11,11,0.0
12684,DE_OCGT,2050,9,12,12,0.0
12685,DE_OCGT,2050,9,13,13,0.0
12686,DE_OCGT,2050,9,14,14,0.0
12687,DE_OCGT,2050,9,15,15,0.0
12688,DE_OCGT,2050,9,16,16,0.0
12689,DE_OCGT,2050,9,17,17,0.0
12690,DE_OCGT,2050,9,18,18,0.0
12691,DE_OCGT,2050,9,19,19,0.0
12692,DE_OCGT,2050,9,20,20,0.0
12693,DE_OCGT,2050,9,21,21,0.0
12694,DE_OCGT,2050,9,22,22,0.0
12695,DE_OCGT,2050,9,23,23,0.0
12696,DE_OCGT,2050,9,24,24,0.0
12697,DE_OCGT,2050,10,1,1,0.0
12698,DE_OCGT,2050,10,2,2,0.0
12699,DE_OCGT,2050,10,3,3,0.0
12700,DE_OCGT,2050,10,4,4,0.0
12701,DE_OCGT,2050,10,5,5,0.0
12702,DE_OCGT,2050,10,6,6,0.0
12703,DE_OCGT,2050,10,7,7,0.0
12704,DE_OCGT,2050,10,8,8,0.0
12705,DE_OCGT,2050,10,9,9,0.0
12706,DE_OCGT,2050,10,10,10,0.0
12707,DE_OCGT,2050,10,11,11,0.0
12708,DE_OCGT,2050,10,12,12,0.0
12709,DE_OCGT,2050,10,13,13,0.0
12710,DE_OCGT,2050,10,14,14,0.0
12711,DE_OCGT,2050,10,15,15,0.0
12712,DE_OCGT,2050,10,16,16,0.0
12713,DE_OCGT,2050,10,17,17,-7.3070657056663375
12714,DE_OCGT,2050,10,18,18,-20.154531411332673
12715,DE_OCGT,2050,10,19,19,0.0
12716,DE_OCGT,2050,10,20,20,0.0
12717,DE_OCGT,2050,10,21,21,0.0
12718,DE_OCGT,2050,10,22,22,0.0
12719,DE_OCGT,2050,10,23,23,0.0
12720,DE_OCGT,2050,10,24,24,0.0
12721,DE_Solar,2050,1,1,1,-0.9381
12722,DE_Solar,2050,1,2,2,-0.9381
12723,DE_Solar,2050,1,3,3,-0.9381
12724,DE_Solar,2050,1,4,4,-0.9381
12725,DE_Solar,2050,1,5,5,-1.749
12726,DE_Solar,2050,1,6,6,-1.749
12727,DE_Solar,2050,1,7,7,-1.749
12728,DE_Solar,2050,1,8,8,-1.749
12729,DE_Solar,2050,1,9,9,-1.749
12730,DE_Solar,2050,1,10,10,-1.749
12731,DE_Solar,2050,1,11,11,-1.749
12732,DE_Solar,2050,1,12,12,-1.749
12733,DE_Solar,2050,1,13,13,-1.749
12734,DE_Solar,2050,1,14,14,-0.9381
12735,DE_Solar,2050,1,15,15,-0.9381
12736,DE_Solar,2050,1,16,16,-0.9381
12737,DE_Solar,2050,1,17,17,-0.9381
12738,DE_Solar,2050,1,18,18,-1.749
12739,DE_Solar,2050,1,19,19,-1.749
12740,DE_Solar,2050,1,20,20,-0.9381
12741,DE_Solar,2050,1,21,21,-0.9381
12742,DE_Solar,2050,1,22,22,-0.9381
12743,DE_Solar,2050,1,23,23,-0.9381
12744,DE_Solar,2050,1,24,24,-0.9381
12745,DE_Solar,2050,2,1,1,0.0
12746,DE_Solar,2050,2,2,2,0.0
12747,DE_Solar,2050,2,3,3,-0.5841000000000001
12748,DE_Solar,2050,2,4,4,-0.5841000000000001
12749,DE_Solar,2050,2,5,5,-0.5841000000000001
12750,DE_Solar,2050,2,6,6,-0.5841000000000001
12751,DE_Solar,2050,2,7,7,-0.5841000000000001
12752,DE_Solar,2050,2,8,8,-0.5841000000000001
12753,DE_Solar,2050,2,9,9,-0.5841000000000001
12754,DE_Solar,2050,2,10,10,-0.5841000000000001
12755,DE_Solar,2050,2,11,11,-0.5841000000000001
12756,DE_Solar,2050,2,12,12,-0.5841000000000001
12757,DE_Solar,2050,2,13,13,-0.5841000000000001
12758,DE_Solar,2050,2,14,14,-0.5841000000000001
12759,DE_Solar,2050,2,15,15,-0.5841000000000001
12760,DE_Solar,2050,2,16,16,-0.5841000000000001
12761,DE_Solar,2050,2,17,17,-0.5841000000000001
12762,DE_Solar,2050,2,18,18,-0.5841000000000001
12763,DE_Solar,2050,2,19,19,-0.5841000000000001
12764,DE_Solar,2050,2,20,20,-0.5841000000000001
12765,DE_Solar,2050,2,21,21,-0.5841000000000001
12766,DE_Solar,2050,2,22,22,-0.5841000000000001
12767,DE_Solar,2050,2,23,23,-0.5841000000000001
12768,DE_Solar,2050,2,24,24,0.0
12769,DE_Solar,2050,3,1,1,0.0
12770,DE_Solar,2050,3,2,2,0.0
12771,DE_Solar,2050,3,3,3,0.0
12772,DE_Solar,2050,3,4,4,0.0
12773,DE_Solar,2050,3,5,5,0.0
12774,DE_Solar,2050,3,6,6,0.0
12775,DE_Solar,2050,3,7,7,0.0
12776,DE_Solar,2050,3,8,8,0.0
12777,DE_Solar,2050,3,9,9,0.0
12778,DE_Solar,2050,3,10,10,0.0
12779,DE_Solar,2050,3,11,11,0.0
12780,DE_Solar,2050,3,12,12,0.0
12781,DE_Solar,2050,3,13,13,0.0
12782,DE_Solar,2050,3,14,14,-0.5133
12783,DE_Solar,2050,3,15,15,-0.5133
12784,DE_Solar,2050,3,16,16,-0.5133
12785,DE_Solar,2050,3,17,17,-0.5133
12786,DE_Solar,2050,3,18,18,-0.5133
12787,DE_Solar,2050,3,19,19,-0.5133
12788,DE_Solar,2050,3,20,20,0.0
12789,DE_Solar,2050,3,21,21,0.0
12790,DE_Solar,2050,3,22,22,0.0
12791,DE_Solar,2050,3,23,23,0.0
12792,DE_Solar,2050,3,24,24,0.0
12793,DE_Solar,2050,4,1,1,-0.4071
12794,DE_Solar,2050,4,2,2,-0.4071
12795,DE_Solar,2050,4,3,3,-0.4071
12796,DE_Solar,2050,4,4,4,-0.4071
12797,DE_Solar,2050,4,5,5,-0.4071
12798,DE_Solar,2050,4,6,6,-0.4071
12799,DE_Solar,2050,4,7,7,-0.4071
12800,DE_Solar,2050,4,8,8,-0.4071
12801,DE_Solar,2050,4,9,9,-0.4071
12802,DE_Solar,2050,4,10,10,-0.4071
12803,DE_Solar,2050,4,11,11,-0.4071
12804,DE_Solar,2050,4,12,12,-0.4071
12805,DE_Solar,2050,4,13,13,-0.4071
12806,DE_Solar,2050,4,14,14,-0.4071
12807,DE_Solar,2050,4,15,15,-0.4071
12808,DE_Solar,2050,4,16,16,-0.4071
12809,DE_Solar,2050,4,17,17,-0.4071
12810,DE_Solar,2050,4,18,18,-0.4071
12811,DE_Solar,2050,4,19,19,-0.4071
12812,DE_Solar,2050,4,20,20,-0.4071
12813,DE_Solar,2050,4,21,21,-0.4071
12814,DE_Solar,2050,4,22,22,-0.4071
12815,DE_Solar,2050,4,23,23,0.0
12816,DE_Solar,2050,4,24,24,0.0
12817,DE_Solar,2050,5,1,1,0.0
12818,DE_Solar,2050,5,2,2,0.0
12819,DE_Solar,2050,5,3,3,0.0
12820,DE_Solar,2050,5,4,4,0.0
12821,DE_Solar,2050,5,5,5,0.0
12822,DE_Solar,2050,5,6,6,0.0
12823,DE_Solar,2050,5,7,7,0.0
12824,DE_Solar,2050,5,8,8,0.0
12825,DE_Solar,2050,5,9,9,0.0
12826,DE_Solar,2050,5,10,10,0.0
12827,DE_Solar,2050,5,11,11,0.0
12828,DE_Solar,2050,5,12,12,0.0
12829,DE_Solar,2050,5,13,13,0.0
12830,DE_Solar,2050,5,14,14,0.0
12831,DE_Solar,2050,5,15,15,0.0
12832,DE_Solar,2050,5,16,16,0.0
12833,DE_Solar,2050,5,17,17,0.0
12834,DE_Solar,2050,5,18,18,0.0
12835,DE_Solar,2050,5,19,19,0.0
12836,DE_Solar,2050,5,20,20,0.0
12837,DE_Solar,2050,5,21,21,0.0
12838,DE_Solar,2050,5,22,22,0.0
12839,DE_Solar,2050,5,23,23,0.0
12840,DE_Solar,2050,5,24,24,0.0
12841,DE_Solar,2050,6,1,1,-0.3186
12842,DE_Solar,2050,6,2,2,-0.3186
12843,DE_Solar,2050,6,3,3,-0.3186
12844,DE_Solar,2050,6,4,4,-0.3186
12845,DE_Solar,2050,6,5,5,-0.3186
12846,DE_Solar,2050,6,6,6,-0.3186
12847,DE_Solar,2050,6,7,7,-0.3186
12848,DE_Solar,2050,6,8,8,-0.3186
12849,DE_Solar,2050,6,9,9,-0.3186
12850,DE_Solar,2050,6,10,10,-0.3186
12851,DE_Solar,2050,6,11,11,-0.3186
12852,DE_Solar,2050,6,12,12,-0.3186
12853,DE_Solar,2050,6,13,13,-0.3186
12854,DE_Solar,2050,6,14,14,-0.3186
12855,DE_Solar,2050,6,15,15,-0.3186
12856,DE_Solar,2050,6,16,16,-0.3186
12857,DE_Solar,2050,6,17,17,-0.3186
12858,DE_Solar,2050,6,18,18,-0.3186
12859,DE_Solar,2050,6,19,19,-0.3186
12860,DE_Solar,2050,6,20,20,-0.3186
12861,DE_Solar,2050,6,21,21,-0.3186
12862,DE_Solar,2050,6,22,22,-0.3186
12863,DE_Solar,2050,6,23,23,-0.3186
12864,DE_Solar,2050,6,24,24,-0.3186
12865,DE_Solar,2050,7,1,1,-0.6549
12866,DE_Solar,2050,7,2,2,-0.6549
12867,DE_Solar,2050,7,3,3,-0.6549
12868,DE_Solar,2050,7,4,4,-0.6549
12869,DE_Solar,2050,7,5,5,-1.221
12870,DE_Solar,2050,7,6,6,-1.221
12871,DE_Solar,2050,7,7,7,-1.221
12872,DE_Solar,2050,7,8,8,-1.221
12873,DE_Solar,2050,7,9,9,-1.221
12874,DE_Solar,2050,7,10,10,-1.221
12875,DE_Solar,2050,7,11,11,-1.221
12876,DE_Solar,2050,7,12,12,-1.221
12877,DE_Solar,2050,7,13,13,-1.221
12878,DE_Solar,2050,7,14,14,-1.221
12879,DE_Solar,2050,7,15,15,-1.221
12880,DE_Solar,2050,7,16,16,-1.221
12881,DE_Solar,2050,7,17,17,-1.8869999999999998
12882,DE_Solar,2050,7,18,18,-1.8869999999999998
12883,DE_Solar,2050,7,19,19,-1.8869999999999998
12884,DE_Solar,2050,7,20,20,-1.221
12885,DE_Solar,2050,7,21,21,-1.221
12886,DE_Solar,2050,7,22,22,-0.6549
12887,DE_Solar,2050,7,23,23,-0.6549
12888,DE_Solar,2050,7,24,24,-0.6549
12889,DE_Solar,2050,8,1,1,0.0
12890,DE_Solar,2050,8,2,2,0.0
12891,DE_Solar,2050,8,3,3,0.0
12892,DE_Solar,2050,8,4,4,0.0
12893,DE_Solar,2050,8,5,5,0.0
12894,DE_Solar,2050,8,6,6,0.0
12895,DE_Solar,2050,8,7,7,0.0
12896,DE_Solar,2050,8,8,8,0.0
12897,DE_Solar,2050,8,9,9,0.0
12898,DE_Solar,2050,8,10,10,0.0
12899,DE_Solar,2050,8,11,11,0.0
12900,DE_Solar,2050,8,12,12,-0.5487
12901,DE_Solar,2050,8,13,13,0.0
12902,DE_Solar,2050,8,14,14,0.0
12903,DE_Solar,2050,8,15,15,0.0
12904,DE_Solar,2050,8,16,16,0.0
12905,DE_Solar,2050,8,17,17,0.0
12906,DE_Solar,2050,8,18,18,0.0
12907,DE_Solar,2050,8,19,19,-0.5487
12908,DE_Solar,2050,8,20,20,-0.5487
12909,DE_Solar,2050,8,21,21,-0.5487
12910,DE_Solar,2050,8,22,22,0.0
12911,DE_Solar,2050,8,23,23,0.0
12912,DE_Solar,2050,8,24,24,0.0
12913,DE_Solar,2050,9,1,1,0.0
12914,DE_Solar,2050,9,2,2,0.0
12915,DE_Solar,2050,9,3,3,0.0
12916,DE_Solar,2050,9,4,4,0.0
12917,DE_Solar,2050,9,5,5,0.0
12918,DE_Solar,2050,9,6,6,0.0
12919,DE_Solar,2050,9,7,7,0.0
12920,DE_Solar,2050,9,8,8,0.0
12921,DE_Solar,2050,9,9,9,0.0
12922,DE_Solar,2050,9,10,10,0.0
12923,DE_Solar,2050,9,11,11,0.0
12924,DE_Solar,2050,9,12,12,0.0
12925,DE_Solar,2050,9,13,13,0.0
12926,DE_Solar,2050,9,14,14,0.0
12927,DE_Solar,2050,9,15,15,0.0
12928,DE_Solar,2050,9,16,16,0.0
12929,DE_Solar,2050,9,17,17,0.0
12930,DE_Solar,2050,9,18,18,-0.7611
12931,DE_Solar,2050,9,19,19,-0.7611
12932,DE_Solar,2050,9,20,20,-0.7611
12933,DE_Solar,2050,9,21,21,-0.7611
12934,DE_Solar,2050,9,22,22,0.0
12935,DE_Solar,2050,9,23,23,0.0
12936,DE_Solar,2050,9,24,24,0.0
12937,DE_Solar,2050,10,1,1,-1.518
12938,DE_Solar,2050,10,2,2,-1.518
12939,DE_Solar,2050,10,3,3,-1.518
12940,DE_Solar,2050,10,4,4,-1.518
12941,DE_Solar,2050,10,5,5,-1.518
12942,DE_Solar,2050,10,6,6,-2.3459999999999996
12943,DE_Solar,2050,10,7,7,-2.3459999999999996
12944,DE_Solar,2050,10,8,8,-2.3459999999999996
12945,DE_Solar,2050,10,9,9,-2.3459999999999996
12946,DE_Solar,2050,10,10,10,-2.3459999999999996
12947,DE_Solar,2050,10,11,11,-2.3459999999999996
12948,DE_Solar,2050,10,12,12,-2.3459999999999996
12949,DE_Solar,2050,10,13,13,-2.3459999999999996
12950,DE_Solar,2050,10,14,14,-2.3459999999999996
12951,DE_Solar,2050,10,15,15,-2.3459999999999996
12952,DE_Solar,2050,10,16,16,-2.3459999999999996
12953,DE_Solar,2050,10,17,17,-9.653065705666338
12954,DE_Solar,2050,10,18,18,-22.500531411332673
12955,DE_Solar,2050,10,19,19,-2.3459999999999996
12956,DE_Solar,2050,10,20,20,-2.3459999999999996
12957,DE_Solar,2050,10,21,21,-1.518
12958,DE_Solar,2050,10,22,22,-1.518
12959,DE_Solar,2050,10,23,23,-0.8142
12960,DE_Solar,2050,10,24,24,-0.8142
12961,DE_Wind_Offshore,2050,1,1,1,-0.9381
12962,DE_Wind_Offshore,2050,1,2,2,-0.9381
12963,DE_Wind_Offshore,2050,1,3,3,-0.9381
12964,DE_Wind_Offshore,2050,1,4,4,-0.9381
12965,DE_Wind_Offshore,2050,1,5,5,-1.749
12966,DE_Wind_Offshore,2050,1,6,6,-1.749
12967,DE_Wind_Offshore,2050,1,7,7,-1.749
12968,DE_Wind_Offshore,2050,1,8,8,-1.749
12969,DE_Wind_Offshore,2050,1,9,9,-1.749
12970,DE_Wind_Offshore,2050,1,10,10,-1.749
12971,DE_Wind_Offshore,2050,1,11,11,-1.749
12972,DE_Wind_Offshore,2050,1,12,12,-1.749
12973,DE_Wind_Offshore,2050,1,13,13,-1.749
12974,DE_Wind_Offshore,2050,1,14,14,-0.9381
12975,DE_Wind_Offshore,2050,1,15,15,-0.9381
12976,DE_Wind_Offshore,2050,1,16,16,-0.9381
12977,DE_Wind_Offshore,2050,1,17,17,-0.9381
12978,DE_Wind_Offshore,2050,1,18,18,-1.749
12979,DE_Wind_Offshore,2050,1,19,19,-1.749
12980,DE_Wind_Offshore,2050,1,20,20,-0.9381
12981,DE_Wind_Offshore,2050,1,21,21,-0.9381
12982,DE_Wind_Offshore,2050,1,22,22,-0.9381
12983,DE_Wind_Offshore,2050,1,23,23,-0.9381
12984,DE_Wind_Offshore,2050,1,24,24,-0.9381
12985,DE_Wind_Offshore,2050,2,1,1,0.0
12986,DE_Wind_Offshore,2050,2,2,2,0.0
12987,DE_Wind_Offshore,2050,2,3,3,-0.5841000000000001
12988,DE_Wind_Offshore,2050,2,4,4,-0.5841000000000001
12989,DE_Wind_Offshore,2050,2,5,5,-0.5841000000000001
12990,DE_Wind_Offshore,2050,2,6,6,-0.5841000000000001
12991,DE_Wind_Offshore,2050,2,7,7,-0.5841000000000001
12992,DE_Wind_Offshore,2050,2,8,8,-0.5841000000000001
12993,DE_Wind_Offshore,2050,2,9,9,-0.5841000000000001
12994,DE_Wind_Offshore,2050,2,10,10,-0.5841000000000001
12995,DE_Wind_Offshore,2050,2,11,11,-0.5841000000000001
12996,DE_Wind_Offshore,2050,2,12,12,-0.5841000000000001
12997,DE_Wind_Offshore,2050,2,13,13,-0.5841000000000001
12998,DE_Wind_Offshore,2050,2,14,14,-0.5841000000000001
12999,DE_Wind_Offshore,2050,2,15,15,-0.5841000000000001
13000,DE_Wind_Offshore,2050,2,16,16,-0.5841000000000001
13001,DE_Wind_Offshore,2050,2,17,17,-0.5841000000000001
13002,DE_Wind_Offshore,2050,2,18,18,-0.5841000000000001
13003,DE_Wind_Offshore,2050,2,19,19,-0.5841000000000001
13004,DE_Wind_Offshore,2050,2,20,20,-0.5841000000000001
13005,DE_Wind_Offshore,2050,2,21,21,-0.5841000000000001
13006,DE_Wind_Offshore,2050,2,22,22,-0.5841000000000001
13007,DE_Wind_Offshore,2050,2,23,23,-0.5841000000000001
13008,DE_Wind_Offshore,2050,2,24,24,0.0
13009,DE_Wind_Offshore,2050,3,1,1,0.0
13010,DE_Wind_Offshore,2050,3,2,2,0.0
13011,DE_Wind_Offshore,2050,3,3,3,0.0
13012,DE_Wind_Offshore,2050,3,4,4,0.0
13013,DE_Wind_Offshore,2050,3,5,5,0.0
13014,DE_Wind_Offshore,2050,3,6,6,0.0
13015,DE_Wind_Offshore,2050,3,7,7,0.0
13016,DE_Wind_Offshore,2050,3,8,8,0.0
13017,DE_Wind_Offshore,2050,3,9,9,0.0
13018,DE_Wind_Offshore,2050,3,10,10,0.0
13019,DE_Wind_Offshore,2050,3,11,11,0.0
13020,DE_Wind_Offshore,2050,3,12,12,0.0
13021,DE_Wind_Offshore,2050,3,13,13,0.0
13022,DE_Wind_Offshore,2050,3,14,14,-0.5133
13023,DE_Wind_Offshore,2050,3,15,15,-0.5133
13024,DE_Wind_Offshore,2050,3,16,16,-0.5133
13025,DE_Wind_Offshore,2050,3,17,17,-0.5133
13026,DE_Wind_Offshore,2050,3,18,18,-0.5133
13027,DE_Wind_Offshore,2050,3,19,19,-0.5133
13028,DE_Wind_Offshore,2050,3,20,20,0.0
13029,DE_Wind_Offshore,2050,3,21,21,0.0
13030,DE_Wind_Offshore,2050,3,22,22,0.0
13031,DE_Wind_Offshore,2050,3,23,23,0.0
13032,DE_Wind_Offshore,2050,3,24,24,0.0
13033,DE_Wind_Offshore,2050,4,1,1,-0.4071
13034,DE_Wind_Offshore,2050,4,2,2,-0.4071
13035,DE_Wind_Offshore,2050,4,3,3,-0.4071
13036,DE_Wind_Offshore,2050,4,4,4,-0.4071
13037,DE_Wind_Offshore,2050,4,5,5,-0.4071
13038,DE_Wind_Offshore,2050,4,6,6,-0.4071
13039,DE_Wind_Offshore,2050,4,7,7,-0.4071
13040,DE_Wind_Offshore,2050,4,8,8,-0.4071
13041,DE_Wind_Offshore,2050,4,9,9,-0.4071
13042,DE_Wind_Offshore,2050,4,10,10,-0.4071
13043,DE_Wind_Offshore,2050,4,11,11,-0.4071
13044,DE_Wind_Offshore,2050,4,12,12,-0.4071
13045,DE_Wind_Offshore,2050,4,13,13,-0.4071
13046,DE_Wind_Offshore,2050,4,14,14,-0.4071
13047,DE_Wind_Offshore,2050,4,15,15,-0.4071
13048,DE_Wind_Offshore,2050,4,16,16,-0.4071
13049,DE_Wind_Offshore,2050,4,17,17,-0.4071
13050,DE_Wind_Offshore,2050,4,18,18,-0.4071
13051,DE_Wind_Offshore,2050,4,19,19,-0.4071
13052,DE_Wind_Offshore,2050,4,20,20,-0.4071
13053,DE_Wind_Offshore,2050,4,21,21,-0.4071
13054,DE_Wind_Offshore,2050,4,22,22,-0.4071
13055,DE_Wind_Offshore,2050,4,23,23,0.0
13056,DE_Wind_Offshore,2050,4,24,24,0.0
13057,DE_Wind_Offshore,2050,5,1,1,0.0
13058,DE_Wind_Offshore,2050,5,2,2,0.0
13059,DE_Wind_Offshore,2050,5,3,3,0.0
13060,DE_Wind_Offshore,2050,5,4,4,0.0
13061,DE_Wind_Offshore,2050,5,5,5,0.0
13062,DE_Wind_Offshore,2050,5,6,6,0.0
13063,DE_Wind_Offshore,2050,5,7,7,0.0
13064,DE_Wind_Offshore,2050,5,8,8,0.0
13065,DE_Wind_Offshore,2050,5,9,9,0.0
13066,DE_Wind_Offshore,2050,5,10,10,0.0
13067,DE_Wind_Offshore,2050,5,11,11,0.0
13068,DE_Wind_Offshore,2050,5,12,12,0.0
13069,DE_Wind_Offshore,2050,5,13,13,0.0
13070,DE_Wind_Offshore,2050,5,14,14,0.0
13071,DE_Wind_Offshore,2050,5,15,15,0.0
13072,DE_Wind_Offshore,2050,5,16,16,0.0
13073,DE_Wind_Offshore,2050,5,17,17,0.0
13074,DE_Wind_Offshore,2050,5,18,18,0.0
13075,DE_Wind_Offshore,2050,5,19,19,0.0
13076,DE_Wind_Offshore,2050,5,20,20,0.0
13077,DE_Wind_Offshore,2050,5,21,21,0.0
13078,DE_Wind_Offshore,2050,5,22,22,0.0
13079,DE_Wind_Offshore,2050,5,23,23,0.0
13080,DE_Wind_Offshore,2050,5,24,24,0.0
13081,DE_Wind_Offshore,2050,6,1,1,-0.3186
13082,DE_Wind_Offshore,2050,6,2,2,-0.3186
13083,DE_Wind_Offshore,2050,6,3,3,-0.3186
13084,DE_Wind_Offshore,2050,6,4,4,-0.3186
13085,DE_Wind_Offshore,2050,6,5,5,-0.3186
13086,DE_Wind_Offshore,2050,6,6,6,-0.3186
13087,DE_Wind_Offshore,2050,6,7,7,-0.3186
13088,DE_Wind_Offshore,2050,6,8,8,-0.3186
13089,DE_Wind_Offshore,2050,6,9,9,-0.3186
13090,DE_Wind_Offshore,2050,6,10,10,-0.3186
13091,DE_Wind_Offshore,2050,6,11,11,-0.3186
13092,DE_Wind_Offshore,2050,6,12,12,-0.3186
13093,DE_Wind_Offshore,2050,6,13,13,-0.3186
13094,DE_Wind_Offshore,2050,6,14,14,-0.3186
13095,DE_Wind_Offshore,2050,6,15,15,-0.3186
13096,DE_Wind_Offshore,2050,6,16,16,-0.3186
13097,DE_Wind_Offshore,2050,6,17,17,-0.3186
13098,DE_Wind_Offshore,2050,6,18,18,-0.3186
13099,DE_Wind_Offshore,2050,6,19,19,-0.3186
13100,DE_Wind_Offshore,2050,6,20,20,-0.3186
13101,DE_Wind_Offshore,2050,6,21,21,-0.3186
13102,DE_Wind_Offshore,2050,6,22,22,-0.3186
13103,DE_Wind_Offshore,2050,6,23,23,-0.3186
13104,DE_Wind_Offshore,2050,6,24,24,-0.3186
13105,DE_Wind_Offshore,2050,7,1,1,-0.6549
13106,DE_Wind_Offshore,2050,7,2,2,-0.6549
13107,DE_Wind_Offshore,2050,7,3,3,-0.6549
13108,DE_Wind_Offshore,2050,7,4,4,-0.6549
13109,DE_Wind_Offshore,2050,7,5,5,-1.221
13110,DE_Wind_Offshore,2050,7,6,6,-1.221
13111,DE_Wind_Offshore,2050,7,7,7,-1.221
13112,DE_Wind_Offshore,2050,7,8,8,-1.221
13113,DE_Wind_Offshore,2050,7,9,9,-1.221
13114,DE_Wind_Offshore,2050,7,10,10,-1.221
13115,DE_Wind_Offshore,2050,7,11,11,-1.221
13116,DE_Wind_Offshore,2050,7,12,12,-1.221
13117,DE_Wind_Offshore,2050,7,13,13,-1.221
13118,DE_Wind_Offshore,2050,7,14,14,-1.221
13119,DE_Wind_Offshore,2050,7,15,15,-1.221
13120,DE_Wind_Offshore,2050,7,16,16,-1.221
13121,DE_Wind_Offshore,2050,7,17,17,-1.8869999999999998
13122,DE_Wind_Offshore,2050,7,18,18,-1.8869999999999998
13123,DE_Wind_Offshore,2050,7,19,19,-1.8869999999999998
13124,DE_Wind_Offshore,2050,7,20,20,-1.221
13125,DE_Wind_Offshore,2050,7,21,21,-1.221
13126,DE_Wind_Offshore,2050,7,22,22,-0.6549
13127,DE_Wind_Offshore,2050,7,23,23,-0.6549
13128,DE_Wind_Offshore,2050,7,24,24,-0.6549
13129,DE_Wind_Offshore,2050,8,1,1,0.0
13130,DE_Wind_Offshore,2050,8,2,2,0.0
13131,DE_Wind_Offshore,2050,8,3,3,0.0
13132,DE_Wind_Offshore,2050,8,4,4,0.0
13133,DE_Wind_Offshore,2050,8,5,5,0.0
13134,DE_Wind_Offshore,2050,8,6,6,0.0
13135,DE_Wind_Offshore,2050,8,7,7,0.0
13136,DE_Wind_Offshore,2050,8,8,8,0.0
13137,DE_Wind_Offshore,2050,8,9,9,0.0
13138,DE_Wind_Offshore,2050,8,10,10,0.0
13139,DE_Wind_Offshore,2050,8,11,11,0.0
13140,DE_Wind_Offshore,2050,8,12,12,-0.5487
13141,DE_Wind_Offshore,2050,8,13,13,0.0
13142,DE_Wind_Offshore,2050,8,14,14,0.0
13143,DE_Wind_Offshore,2050,8,15,15,0.0
13144,DE_Wind_Offshore,2050,8,16,16,0.0
13145,DE_Wind_Offshore,2050,8,17,17,0.0
13146,DE_Wind_Offshore,2050,8,18,18,0.0
13147,DE_Wind_Offshore,2050,8,19,19,-0.5487
13148,DE_Wind_Offshore,2050,8,20,20,-0.5487
13149,DE_Wind_Offshore,2050,8,21,21,-0.5487
13150,DE_Wind_Offshore,2050,8,22,22,0.0
13151,DE_Wind_Offshore,2050,8,23,23,0.0
13152,DE_Wind_Offshore,2050,8,24,24,0.0
13153,DE_Wind_Offshore,2050,9,1,1,0.0
13154,DE_Wind_Offshore,2050,9,2,2,0.0
13155,DE_Wind_Offshore,2050,9,3,3,0.0
13156,DE_Wind_Offshore,2050,9,4,4,0.0
13157,DE_Wind_Offshore,2050,9,5,5,0.0
13158,DE_Wind_Offshore,2050,9,6,6,0.0
13159,DE_Wind_Offshore,2050,9,7,7,0.0
13160,DE_Wind_Offshore,2050,9,8,8,0.0
13161,DE_Wind_Offshore,2050,9,9,9,0.0
13162,DE_Wind_Offshore,2050,9,10,10,0.0
13163,DE_Wind_Offshore,2050,9,11,11,0.0
13164,DE_Wind_Offshore,2050,9,12,12,0.0
13165,DE_Wind_Offshore,2050,9,13,13,0.0
13166,DE_Wind_Offshore,2050,9,14,14,0.0
13167,DE_Wind_Offshore,2050,9,15,15,0.0
13168,DE_Wind_Offshore,2050,9,16,16,0.0
13169,DE_Wind_Offshore,2050,9,17,17,0.0
13170,DE_Wind_Offshore,2050,9,18,18,-0.7611
13171,DE_Wind_Offshore,2050,9,19,19,-0.7611
13172,DE_Wind_Offshore,2050,9,20,20,-0.7611
13173,DE_Wind_Offshore,2050,9,21,21,-0.7611
13174,DE_Wind_Offshore,2050,9,22,22,0.0
13175,DE_Wind_Offshore,2050,9,23,23,0.0
13176,DE_Wind_Offshore,2050,9,24,24,0.0
13177,DE_Wind_Offshore,2050,10,1,1,-1.518
13178,DE_Wind_Offshore,2050,10,2,2,-1.518
13179,DE_Wind_Offshore,2050,10,3,3,-1.518
13180,DE_Wind_Offshore,2050,10,4,4,-1.518
13181,DE_Wind_Offshore,2050,10,5,5,-1.518
13182,DE_Wind_Offshore,2050,10,6,6,-2.3459999999999996
13183,DE_Wind_Offshore,2050,10,7,7,-2.3459999999999996
13184,DE_Wind_Offshore,2050,10,8,8,-2.3459999999999996
13185,DE_Wind_Offshore,2050,10,9,9,-2.3459999999999996
13186,DE_Wind_Offshore,2050,10,10,10,-2.3459999999999996
13187,DE_Wind_Offshore,2050,10,11,11,-2.3459999999999996
13188,DE_Wind_Offshore,2050,10,12,12,-2.3459999999999996
13189,DE_Wind_Offshore,2050,10,13,13,-2.3459999999999996
13190,DE_Wind_Offshore,2050,10,14,14,-2.3459999999999996
13191,DE_Wind_Offshore,2050,10,15,15,-2.3459999999999996
13192,DE_Wind_Offshore,2050,10,16,16,-2.3459999999999996
13193,DE_Wind_Offshore,2050,10,17,17,-9.653065705666338
13194,DE_Wind_Offshore,2050,10,18,18,-22.500531411332673
13195,DE_Wind_Offshore,2050,10,19,19,-2.3459999999999996
13196,DE_Wind_Offshore,2050,10,20,20,-2.3459999999999996
13197,DE_Wind_Offshore,2050,10,21,21,-1.518
13198,DE_Wind_Offshore,2050,10,22,22,-1.518
13199,DE_Wind_Offshore,2050,10,23,23,-0.8142
13200,DE_Wind_Offshore,2050,10,24,24,-0.8142
13201,DK_Battery,2050,1,1,1,0.0
13202,DK_Battery,2050,1,2,2,0.0
13203,DK_Battery,2050,1,3,3,0.0
13204,DK_Battery,2050,1,4,4,-0.12719999999999998
13205,DK_Battery,2050,1,5,5,0.0
13206,DK_Battery,2050,1,6,6,0.0
13207,DK_Battery,2050,1,7,7,0.0
13208,DK_Battery,2050,1,8,8,0.0
13209,DK_Battery,2050,1,9,9,0.0
13210,DK_Battery,2050,1,10,10,0.0
13211,DK_Battery,2050,1,11,11,0.0
13212,DK_Battery,2050,1,12,12,0.0
13213,DK_Battery,2050,1,13,13,0.0
13214,DK_Battery,2050,1,14,14,0.0
13215,DK_Battery,2050,1,15,15,0.0
13216,DK_Battery,2050,1,16,16,0.0
13217,DK_Battery,2050,1,17,17,0.0
13218,DK_Battery,2050,1,18,18,0.0
13219,DK_Battery,2050,1,19,19,0.0
13220,DK_Battery,2050,1,20,20,0.0
13221,DK_Battery,2050,1,21,21,0.0
13222,DK_Battery,2050,1,22,22,0.0
13223,DK_Battery,2050,1,23,23,0.0
13224,DK_Battery,2050,1,24,24,0.0
13225,DK_Battery,2050,2,1,1,0.0
13226,DK_Battery,2050,2,2,2,0.0
13227,DK_Battery,2050,2,3,3,0.0
13228,DK_Battery,2050,2,4,4,0.0
13229,DK_Battery,2050,2,5,5,0.0
13230,DK_Battery,2050,2,6,6,0.0
13231,DK_Battery,2050,2,7,7,0.0
13232,DK_Battery,2050,2,8,8,0.0
13233,DK_Battery,2050,2,9,9,0.0
13234,DK_Battery,2050,2,10,10,0.0
13235,DK_Battery,2050,2,11,11,0.0
13236,DK_Battery,2050,2,12,12,0.0
13237,DK_Battery,2050,2,13,13,0.0
13238,DK_Battery,2050,2,14,14,0.0
13239,DK_Battery,2050,2,15,15,0.0
13240,DK_Battery,2050,2,16,16,-0.5048999999999999
13241,DK_Battery,2050,2,17,17,0.0
13242,DK_Battery,2050,2,18,18,0.0
13243,DK_Battery,2050,2,19,19,0.0
13244,DK_Battery,2050,2,20,20,0.0
13245,DK_Battery,2050,2,21,21,0.0
13246,DK_Battery,2050,2,22,22,0.0
13247,DK_Battery,2050,2,23,23,0.0
13248,DK_Battery,2050,2,24,24,0.0
13249,DK_Battery,2050,3,1,1,0.0
13250,DK_Battery,2050,3,2,2,0.0
13251,DK_Battery,2050,3,3,3,0.0
13252,DK_Battery,2050,3,4,4,0.0
13253,DK_Battery,2050,3,5,5,0.0
13254,DK_Battery,2050,3,6,6,0.0
13255,DK_Battery,2050,3,7,7,0.0
13256,DK_Battery,2050,3,8,8,0.0
13257,DK_Battery,2050,3,9,9,0.0
13258,DK_Battery,2050,3,10,10,0.0
13259,DK_Battery,2050,3,11,11,0.0
13260,DK_Battery,2050,3,12,12,0.0
13261,DK_Battery,2050,3,13,13,0.0
13262,DK_Battery,2050,3,14,14,0.0
13263,DK_Battery,2050,3,15,15,0.0
13264,DK_Battery,2050,3,16,16,0.0
13265,DK_Battery,2050,3,17,17,0.0
13266,DK_Battery,2050,3,18,18,0.0
13267,DK_Battery,2050,3,19,19,0.0
13268,DK_Battery,2050,3,20,20,0.0
13269,DK_Battery,2050,3,21,21,0.0
13270,DK_Battery,2050,3,22,22,0.0
13271,DK_Battery,2050,3,23,23,0.0
13272,DK_Battery,2050,3,24,24,0.0
13273,DK_Battery,2050,4,1,1,0.0
13274,DK_Battery,2050,4,2,2,0.0
13275,DK_Battery,2050,4,3,3,0.0
13276,DK_Battery,2050,4,4,4,0.0
13277,DK_Battery,2050,4,5,5,0.0
13278,DK_Battery,2050,4,6,6,0.0
13279,DK_Battery,2050,4,7,7,0.0
13280,DK_Battery,2050,4,8,8,0.0
13281,DK_Battery,2050,4,9,9,0.0
13282,DK_Battery,2050,4,10,10,0.0
13283,DK_Battery,2050,4,11,11,0.0
13284,DK_Battery,2050,4,12,12,0.0
13285,DK_Battery,2050,4,13,13,0.0
13286,DK_Battery,2050,4,14,14,0.0
13287,DK_Battery,2050,4,15,15,0.0
13288,DK_Battery,2050,4,16,16,0.0
13289,DK_Battery,2050,4,17,17,-12.764065705666336
13290,DK_Battery,2050,4,18,18,0.0
13291,DK_Battery,2050,4,19,19,0.0
13292,DK_Battery,2050,4,20,20,0.0
13293,DK_Battery,2050,4,21,21,0.0
13294,DK_Battery,2050,4,22,22,0.0
13295,DK_Battery,2050,4,23,23,0.0
13296,DK_Battery,2050,4,24,24,0.0
13297,DK_Battery,2050,5,1,1,0.0
13298,DK_Battery,2050,5,2,2,0.0
13299,DK_Battery,2050,5,3,3,0.0
13300,DK_Battery,2050,5,4,4,0.0
13301,DK_Battery,2050,5,5,5,0.0
13302,DK_Battery,2050,5,6,6,0.0
13303,DK_Battery,2050,5,7,7,0.0
13304,DK_Battery,2050,5,8,8,0.0
13305,DK_Battery,2050,5,9,9,0.0
13306,DK_Battery,2050,5,10,10,0.0
13307,DK_Battery,2050,5,11,11,0.0
13308,DK_Battery,2050,5,12,12,0.0
13309,DK_Battery,2050,5,13,13,0.0
13310,DK_Battery,2050,5,14,14,0.0
13311,DK_Battery,2050,5,15,15,0.0
13312,DK_Battery,2050,5,16,16,0.0
13313,DK_Battery,2050,5,17,17,0.0
13314,DK_Battery,2050,5,18,18,0.0
13315,DK_Battery,2050,5,19,19,0.0
13316,DK_Battery,2050,5,20,20,0.0
13317,DK_Battery,2050,5,21,21,0.0
13318,DK_Battery,2050,5,22,22,0.0
13319,DK_Battery,2050,5,23,23,0.0
13320,DK_Battery,2050,5,24,24,0.0
13321,DK_Battery,2050,6,1,1,0.0
13322,DK_Battery,2050,6,2,2,0.0
13323,DK_Battery,2050,6,3,3,0.0
13324,DK_Battery,2050,6,4,4,0.0
13325,DK_Battery,2050,6,5,5,0.0
13326,DK_Battery,2050,6,6,6,0.0
13327,DK_Battery,2050,6,7,7,0.0
13328,DK_Battery,2050,6,8,8,0.0
13329,DK_Battery,2050,6,9,9,0.0
13330,DK_Battery,2050,6,10,10,0.0
13331,DK_Battery,2050,6,11,11,0.0
13332,DK_Battery,2050,6,12,12,0.0
13333,DK_Battery,2050,6,13,13,0.0
13334,DK_Battery,2050,6,14,14,0.0
13335,DK_Battery,2050,6,15,15,0.0
13336,DK_Battery,2050,6,16,16,0.0
13337,DK_Battery,2050,6,17,17,0.0
13338,DK_Battery,2050,6,18,18,0.0
13339,DK_Battery,2050,6,19,19,0.0
13340,DK_Battery,2050,6,20,20,0.0
13341,DK_Battery,2050,6,21,21,0.0
13342,DK_Battery,2050,6,22,22,0.0
13343,DK_Battery,2050,6,23,23,0.0
13344,DK_Battery,2050,6,24,24,0.0
13345,DK_Battery,2050,7,1,1,0.0
13346,DK_Battery,2050,7,2,2,0.0
13347,DK_Battery,2050,7,3,3,0.0
13348,DK_Battery,2050,7,4,4,0.0
13349,DK_Battery,2050,7,5,5,0.0
13350,DK_Battery,2050,7,6,6,0.0
13351,DK_Battery,2050,7,7,7,0.0
13352,DK_Battery,2050,7,8,8,0.0
13353,DK_Battery,2050,7,9,9,0.0
13354,DK_Battery,2050,7,10,10,0.0
13355,DK_Battery,2050,7,11,11,0.0
13356,DK_Battery,2050,7,12,12,0.0
13357,DK_Battery,2050,7,13,13,0.0
13358,DK_Battery,2050,7,14,14,0.0
13359,DK_Battery,2050,7,15,15,0.0
13360,DK_Battery,2050,7,16,16,0.0
13361,DK_Battery,2050,7,17,17,0.0
13362,DK_Battery,2050,7,18,18,0.0
13363,DK_Battery,2050,7,19,19,0.0
13364,DK_Battery,2050,7,20,20,0.0
13365,DK_Battery,2050,7,21,21,0.0
13366,DK_Battery,2050,7,22,22,0.0
13367,DK_Battery,2050,7,23,23,0.0
13368,DK_Battery,2050,7,24,24,0.0
13369,DK_Battery,2050,8,1,1,0.0
13370,DK_Battery,2050,8,2,2,0.0
13371,DK_Battery,2050,8,3,3,0.0
13372,DK_Battery,2050,8,4,4,0.0
13373,DK_Battery,2050,8,5,5,0.0
13374,DK_Battery,2050,8,6,6,0.0
13375,DK_Battery,2050,8,7,7,0.0
13376,DK_Battery,2050,8,8,8,0.0
13377,DK_Battery,2050,8,9,9,0.0
13378,DK_Battery,2050,8,10,10,0.0
13379,DK_Battery,2050,8,11,11,0.0
13380,DK_Battery,2050,8,12,12,0.0
13381,DK_Battery,2050,8,13,13,0.0
13382,DK_Battery,2050,8,14,14,0.0
13383,DK_Battery,2050,8,15,15,0.0
13384,DK_Battery,2050,8,16,16,0.0
13385,DK_Battery,2050,8,17,17,0.0
13386,DK_Battery,2050,8,18,18,0.0
13387,DK_Battery,2050,8,19,19,0.0
13388,DK_Battery,2050,8,20,20,0.0
13389,DK_Battery,2050,8,21,21,0.0
13390,DK_Battery,2050,8,22,22,0.0
13391,DK_Battery,2050,8,23,23,0.0
13392,DK_Battery,2050,8,24,24,0.0
13393,DK_Battery,2050,9,1,1,0.0
13394,DK_Battery,2050,9,2,2,0.0
13395,DK_Battery,2050,9,3,3,0.0
13396,DK_Battery,2050,9,4,4,0.0
13397,DK_Battery,2050,9,5,5,0.0
13398,DK_Battery,2050,9,6,6,0.0
13399,DK_Battery,2050,9,7,7,0.0
13400,DK_Battery,2050,9,8,8,0.0
13401,DK_Battery,2050,9,9,9,0.0
13402,DK_Battery,2050,9,10,10,0.0
13403,DK_Battery,2050,9,11,11,0.0
13404,DK_Battery,2050,9,12,12,0.0
13405,DK_Battery,2050,9,13,13,0.0
13406,DK_Battery,2050,9,14,14,0.0
13407,DK_Battery,2050,9,15,15,0.0
13408,DK_Battery,2050,9,16,16,0.0
13409,DK_Battery,2050,9,17,17,0.0
13410,DK_Battery,2050,9,18,18,0.0
13411,DK_Battery,2050,9,19,19,0.0
13412,DK_Battery,2050,9,20,20,0.0
13413,DK_Battery,2050,9,21,21,0.0
13414,DK_Battery,2050,9,22,22,0.0
13415,DK_Battery,2050,9,23,23,0.0
13416,DK_Battery,2050,9,24,24,0.0
13417,DK_Battery,2050,10,1,1,0.0
13418,DK_Battery,2050,10,2,2,0.0
13419,DK_Battery,2050,10,3,3,0.0
13420,DK_Battery,2050,10,4,4,0.0
13421,DK_Battery,2050,10,5,5,0.0
13422,DK_Battery,2050,10,6,6,0.0
13423,DK_Battery,2050,10,7,7,0.0
13424,DK_Battery,2050,10,8,8,0.0
13425,DK_Battery,2050,10,9,9,0.0
13426,DK_Battery,2050,10,10,10,0.0
13427,DK_Battery,2050,10,11,11,0.0
13428,DK_Battery,2050,10,12,12,0.0
13429,DK_Battery,2050,10,13,13,0.0
13430,DK_Battery,2050,10,14,14,0.0
13431,DK_Battery,2050,10,15,15,0.0
13432,DK_Battery,2050,10,16,16,0.0
13433,DK_Battery,2050,10,17,17,0.0
13434,DK_Battery,2050,10,18,18,0.0
13435,DK_Battery,2050,10,19,19,0.0
13436,DK_Battery,2050,10,20,20,0.0
13437,DK_Battery,2050,10,21,21,0.0
13438,DK_Battery,2050,10,22,22,0.0
13439,DK_Battery,2050,10,23,23,0.0
13440,DK_Battery,2050,10,24,24,0.0
13441,DK_CCGT,2050,1,1,1,0.0
13442,DK_CCGT,2050,1,2,2,0.0
13443,DK_CCGT,2050,1,3,3,0.0
13444,DK_CCGT,2050,1,4,4,0.0
13445,DK_CCGT,2050,1,5,5,0.0
13446,DK_CCGT,2050,1,6,6,0.0
13447,DK_CCGT,2050,1,7,7,0.0
13448,DK_CCGT,2050,1,8,8,0.0
13449,DK_CCGT,2050,1,9,9,0.0
13450,DK_CCGT,2050,1,10,10,0.0
13451,DK_CCGT,2050,1,11,11,0.0
13452,DK_CCGT,2050,1,12,12,-0.9539999999999997
13453,DK_CCGT,2050,1,13,13,-0.9539999999999997
13454,DK_CCGT,2050,1,14,14,-0.9539999999999997
13455,DK_CCGT,2050,1,15,15,-0.9539999999999997
13456,DK_CCGT,2050,1,16,16,-0.9539999999999997
13457,DK_CCGT,2050,1,17,17,0.0
13458,DK_CCGT,2050,1,18,18,0.0
13459,DK_CCGT,2050,1,19,19,0.0
13460,DK_CCGT,2050,1,20,20,0.0
13461,DK_CCGT,2050,1,21,21,0.0
13462,DK_CCGT,2050,1,22,22,0.0
13463,DK_CCGT,2050,1,23,23,0.0
13464,DK_CCGT,2050,1,24,24,0.0
13465,DK_CCGT,2050,2,1,1,0.0
13466,DK_CCGT,2050,2,2,2,0.0
13467,DK_CCGT,2050,2,3,3,0.0
13468,DK_CCGT,2050,2,4,4,0.0
13469,DK_CCGT,2050,2,5,5,0.0
13470,DK_CCGT,2050,2,6,6,0.0
13471,DK_CCGT,2050,2,7,7,0.0
13472,DK_CCGT,2050,2,8,8,0.0
13473,DK_CCGT,2050,2,9,9,0.0
13474,DK_CCGT,2050,2,10,10,0.0
13475,DK_CCGT,2050,2,11,11,0.0
13476,DK_CCGT,2050,2,12,12,0.0
13477,DK_CCGT,2050,2,13,13,0.0
13478,DK_CCGT,2050,2,14,14,0.0
13479,DK_CCGT,2050,2,15,15,0.0
13480,DK_CCGT,2050,2,16,16,0.0
13481,DK_CCGT,2050,2,17,17,0.0
13482,DK_CCGT,2050,2,18,18,0.0
13483,DK_CCGT,2050,2,19,19,0.0
13484,DK_CCGT,2050,2,20,20,0.0
13485,DK_CCGT,2050,2,21,21,0.0
13486,DK_CCGT,2050,2,22,22,0.0
13487,DK_CCGT,2050,2,23,23,0.0
13488,DK_CCGT,2050,2,24,24,0.0
13489,DK_CCGT,2050,3,1,1,0.0
13490,DK_CCGT,2050,3,2,2,0.0
13491,DK_CCGT,2050,3,3,3,0.0
13492,DK_CCGT,2050,3,4,4,0.0
13493,DK_CCGT,2050,3,5,5,0.0
13494,DK_CCGT,2050,3,6,6,0.0
13495,DK_CCGT,2050,3,7,7,0.0
13496,DK_CCGT,2050,3,8,8,0.0
13497,DK_CCGT,2050,3,9,9,0.0
13498,DK_CCGT,2050,3,10,10,0.0
13499,DK_CCGT,2050,3,11,11,0.0
13500,DK_CCGT,2050,3,12,12,0.0
13501,DK_CCGT,2050,3,13,13,0.0
13502,DK_CCGT,2050,3,14,14,0.0
13503,DK_CCGT,2050,3,15,15,0.0
13504,DK_CCGT,2050,3,16,16,0.0
13505,DK_CCGT,2050,3,17,17,0.0
13506,DK_CCGT,2050,3,18,18,0.0
13507,DK_CCGT,2050,3,19,19,0.0
13508,DK_CCGT,2050,3,20,20,0.0
13509,DK_CCGT,2050,3,21,21,0.0
13510,DK_CCGT,2050,3,22,22,0.0
13511,DK_CCGT,2050,3,23,23,0.0
13512,DK_CCGT,2050,3,24,24,0.0
13513,DK_CCGT,2050,4,1,1,0.0
13514,DK_CCGT,2050,4,2,2,0.0
13515,DK_CCGT,2050,4,3,3,0.0
13516,DK_CCGT,2050,4,4,4,0.0
13517,DK_CCGT,2050,4,5,5,0.0
13518,DK_CCGT,2050,4,6,6,0.0
13519,DK_CCGT,2050,4,7,7,0.0
13520,DK_CCGT,2050,4,8,8,0.0
13521,DK_CCGT,2050,4,9,9,0.0
13522,DK_CCGT,2050,4,10,10,0.0
13523,DK_CCGT,2050,4,11,11,0.0
13524,DK_CCGT,2050,4,12,12,0.0
13525,DK_CCGT,2050,4,13,13,0.0
13526,DK_CCGT,2050,4,14,14,0.0
13527,DK_CCGT,2050,4,15,15,0.0
13528,DK_CCGT,2050,4,16,16,0.0
13529,DK_CCGT,2050,4,17,17,0.0
13530,DK_CCGT,2050,4,18,18,0.0
13531,DK_CCGT,2050,4,19,19,0.0
13532,DK_CCGT,2050,4,20,20,0.0
13533,DK_CCGT,2050,4,21,21,0.0
13534,DK_CCGT,2050,4,22,22,0.0
13535,DK_CCGT,2050,4,23,23,0.0
13536,DK_CCGT,2050,4,24,24,0.0
13537,DK_CCGT,2050,5,1,1,0.0
13538,DK_CCGT,2050,5,2,2,0.0
13539,DK_CCGT,2050,5,3,3,0.0
13540,DK_CCGT,2050,5,4,4,0.0
13541,DK_CCGT,2050,5,5,5,0.0
13542,DK_CCGT,2050,5,6,6,0.0
13543,DK_CCGT,2050,5,7,7,0.0
13544,DK_CCGT,2050,5,8,8,0.0
13545,DK_CCGT,2050,5,9,9,0.0
13546,DK_CCGT,2050,5,10,10,0.0
13547,DK_CCGT,2050,5,11,11,0.0
13548,DK_CCGT,2050,5,12,12,0.0
13549,DK_CCGT,2050,5,13,13,0.0
13550,DK_CCGT,2050,5,14,14,0.0
13551,DK_CCGT,2050,5,15,15,0.0
13552,DK_CCGT,2050,5,16,16,0.0
13553,DK_CCGT,2050,5,17,17,0.0
13554,DK_CCGT,2050,5,18,18,0.0
13555,DK_CCGT,2050,5,19,19,0.0
13556,DK_CCGT,2050,5,20,20,0.0
13557,DK_CCGT,2050,5,21,21,0.0
13558,DK_CCGT,2050,5,22,22,0.0
13559,DK_CCGT,2050,5,23,23,0.0
13560,DK_CCGT,2050,5,24,24,0.0
13561,DK_CCGT,2050,6,1,1,0.0
13562,DK_CCGT,2050,6,2,2,0.0
13563,DK_CCGT,2050,6,3,3,0.0
13564,DK_CCGT,2050,6,4,4,0.0
13565,DK_CCGT,2050,6,5,5,0.0
13566,DK_CCGT,2050,6,6,6,0.0
13567,DK_CCGT,2050,6,7,7,0.0
13568,DK_CCGT,2050,6,8,8,0.0
13569,DK_CCGT,2050,6,9,9,0.0
13570,DK_CCGT,2050,6,10,10,0.0
13571,DK_CCGT,2050,6,11,11,0.0
13572,DK_CCGT,2050,6,12,12,0.0
13573,DK_CCGT,2050,6,13,13,0.0
13574,DK_CCGT,2050,6,14,14,0.0
13575,DK_CCGT,2050,6,15,15,0.0
13576,DK_CCGT,2050,6,16,16,0.0
13577,DK_CCGT,2050,6,17,17,0.0
13578,DK_CCGT,2050,6,18,18,0.0
13579,DK_CCGT,2050,6,19,19,0.0
13580,DK_CCGT,2050,6,20,20,0.0
13581,DK_CCGT,2050,6,21,21,0.0
13582,DK_CCGT,2050,6,22,22,0.0
13583,DK_CCGT,2050,6,23,23,0.0
13584,DK_CCGT,2050,6,24,24,0.0
13585,DK_CCGT,2050,7,1,1,0.0
13586,DK_CCGT,2050,7,2,2,0.0
13587,DK_CCGT,2050,7,3,3,0.0
13588,DK_CCGT,2050,7,4,4,0.0
13589,DK_CCGT,2050,7,5,5,0.0
13590,DK_CCGT,2050,7,6,6,0.0
13591,DK_CCGT,2050,7,7,7,0.0
13592,DK_CCGT,2050,7,8,8,0.0
13593,DK_CCGT,2050,7,9,9,0.0
13594,DK_CCGT,2050,7,10,10,0.0
13595,DK_CCGT,2050,7,11,11,0.0
13596,DK_CCGT,2050,7,12,12,0.0
13597,DK_CCGT,2050,7,13,13,0.0
13598,DK_CCGT,2050,7,14,14,0.0
13599,DK_CCGT,2050,7,15,15,0.0
13600,DK_CCGT,2050,7,16,16,0.0
13601,DK_CCGT,2050,7,17,17,0.0
13602,DK_CCGT,2050,7,18,18,0.0
13603,DK_CCGT,2050,7,19,19,0.0
13604,DK_CCGT,2050,7,20,20,0.0
13605,DK_CCGT,2050,7,21,21,0.0
13606,DK_CCGT,2050,7,22,22,0.0
13607,DK_CCGT,2050,7,23,23,0.0
13608,DK_CCGT,2050,7,24,24,0.0
13609,DK_CCGT,2050,8,1,1,0.0
13610,DK_CCGT,2050,8,2,2,0.0
13611,DK_CCGT,2050,8,3,3,0.0
13612,DK_CCGT,2050,8,4,4,0.0
13613,DK_CCGT,2050,8,5,5,0.0
13614,DK_CCGT,2050,8,6,6,0.0
13615,DK_CCGT,2050,8,7,7,0.0
13616,DK_CCGT,2050,8,8,8,0.0
13617,DK_CCGT,2050,8,9,9,0.0
13618,DK_CCGT,2050,8,10,10,0.0
13619,DK_CCGT,2050,8,11,11,0.0
13620,DK_CCGT,2050,8,12,12,0.0
13621,DK_CCGT,2050,8,13,13,0.0
13622,DK_CCGT,2050,8,14,14,0.0
13623,DK_CCGT,2050,8,15,15,0.0
13624,DK_CCGT,2050,8,16,16,0.0
13625,DK_CCGT,2050,8,17,17,0.0
13626,DK_CCGT,2050,8,18,18,0.0
13627,DK_CCGT,2050,8,19,19,0.0
13628,DK_CCGT,2050,8,20,20,0.0
13629,DK_CCGT,2050,8,21,21,0.0
13630,DK_CCGT,2050,8,22,22,0.0
13631,DK_CCGT,2050,8,23,23,0.0
13632,DK_CCGT,2050,8,24,24,0.0
13633,DK_CCGT,2050,9,1,1,0.0
13634,DK_CCGT,2050,9,2,2,0.0
13635,DK_CCGT,2050,9,3,3,0.0
13636,DK_CCGT,2050,9,4,4,0.0
13637,DK_CCGT,2050,9,5,5,0.0
13638,DK_CCGT,2050,9,6,6,0.0
13639,DK_CCGT,2050,9,7,7,0.0
13640,DK_CCGT,2050,9,8,8,0.0
13641,DK_CCGT,2050,9,9,9,0.0
13642,DK_CCGT,2050,9,10,10,0.0
13643,DK_CCGT,2050,9,11,11,0.0
13644,DK_CCGT,2050,9,12,12,0.0
13645,DK_CCGT,2050,9,13,13,0.0
13646,DK_CCGT,2050,9,14,14,0.0
13647,DK_CCGT,2050,9,15,15,0.0
13648,DK_CCGT,2050,9,16,16,0.0
13649,DK_CCGT,2050,9,17,17,0.0
13650,DK_CCGT,2050,9,18,18,0.0
13651,DK_CCGT,2050,9,19,19,0.0
13652,DK_CCGT,2050,9,20,20,0.0
13653,DK_CCGT,2050,9,21,21,0.0
13654,DK_CCGT,2050,9,22,22,0.0
13655,DK_CCGT,2050,9,23,23,0.0
13656,DK_CCGT,2050,9,24,24,0.0
13657,DK_CCGT,2050,10,1,1,0.0
13658,DK_CCGT,2050,10,2,2,0.0
13659,DK_CCGT,2050,10,3,3,0.0
13660,DK_CCGT,2050,10,4,4,0.0
13661,DK_CCGT,2050,10,5,5,-0.8279999999999996
13662,DK_CCGT,2050,10,6,6,-0.8279999999999996
13663,DK_CCGT,2050,10,7,7,-0.8279999999999996
13664,DK_CCGT,2050,10,8,8,-0.8279999999999996
13665,DK_CCGT,2050,10,9,9,-0.8279999999999996
13666,DK_CCGT,2050,10,10,10,-0.8279999999999996
13667,DK_CCGT,2050,10,11,11,-0.8279999999999996
13668,DK_CCGT,2050,10,12,12,-0.8279999999999996
13669,DK_CCGT,2050,10,13,13,-8.04596570566634
13670,DK_CCGT,2050,10,14,14,-8.04596570566634
13671,DK_CCGT,2050,10,15,15,-8.04596570566634
13672,DK_CCGT,2050,10,16,16,-8.04596570566634
13673,DK_CCGT,2050,10,17,17,-0.8279999999999996
13674,DK_CCGT,2050,10,18,18,-0.8279999999999996
13675,DK_CCGT,2050,10,19,19,0.0
13676,DK_CCGT,2050,10,20,20,0.0
13677,DK_CCGT,2050,10,21,21,0.0
13678,DK_CCGT,2050,10,22,22,0.0
13679,DK_CCGT,2050,10,23,23,0.0
13680,DK_CCGT,2050,10,24,24,0.0
13681,DK_Coal,2050,1,1,1,0.0
13682,DK_Coal,2050,1,2,2,0.0
13683,DK_Coal,2050,1,3,3,0.0
13684,DK_Coal,2050,1,4,4,0.0
13685,DK_Coal,2050,1,5,5,-0.8109000000000001
13686,DK_Coal,2050,1,6,6,-0.8109000000000001
13687,DK_Coal,2050,1,7,7,-0.8109000000000001
13688,DK_Coal,2050,1,8,8,-0.8109000000000001
13689,DK_Coal,2050,1,9,9,-0.8109000000000001
13690,DK_Coal,2050,1,10,10,-0.8109000000000001
13691,DK_Coal,2050,1,11,11,-0.8109000000000001
13692,DK_Coal,2050,1,12,12,-1.7649
13693,DK_Coal,2050,1,13,13,-1.7649
13694,DK_Coal,2050,1,14,14,-1.7649
13695,DK_Coal,2050,1,15,15,-1.7649
13696,DK_Coal,2050,1,16,16,-1.7649
13697,DK_Coal,2050,1,17,17,-0.8109000000000001
13698,DK_Coal,2050,1,18,18,-0.8109000000000001
13699,DK_Coal,2050,1,19,19,-0.8109000000000001
13700,DK_Coal,2050,1,20,20,-0.8109000000000001
13701,DK_Coal,2050,1,21,21,-0.8109000000000001
13702,DK_Coal,2050,1,22,22,-0.8109000000000001
13703,DK_Coal,2050,1,23,23,0.0
13704,DK_Coal,2050,1,24,24,0.0
13705,DK_Coal,2050,2,1,1,0.0
13706,DK_Coal,2050,2,2,2,0.0
13707,DK_Coal,2050,2,3,3,0.0
13708,DK_Coal,2050,2,4,4,0.0
13709,DK_Coal,2050,2,5,5,0.0
13710,DK_Coal,2050,2,6,6,0.0
13711,DK_Coal,2050,2,7,7,0.0
13712,DK_Coal,2050,2,8,8,0.0
13713,DK_Coal,2050,2,9,9,0.0
13714,DK_Coal,2050,2,10,10,0.0
13715,DK_Coal,2050,2,11,11,0.0
13716,DK_Coal,2050,2,12,12,0.0
13717,DK_Coal,2050,2,13,13,0.0
13718,DK_Coal,2050,2,14,14,0.0
13719,DK_Coal,2050,2,15,15,0.0
13720,DK_Coal,2050,2,16,16,-0.5048999999999999
13721,DK_Coal,2050,2,17,17,0.0
13722,DK_Coal,2050,2,18,18,0.0
13723,DK_Coal,2050,2,19,19,0.0
13724,DK_Coal,2050,2,20,20,0.0
13725,DK_Coal,2050,2,21,21,0.0
13726,DK_Coal,2050,2,22,22,0.0
13727,DK_Coal,2050,2,23,23,0.0
13728,DK_Coal,2050,2,24,24,0.0
13729,DK_Coal,2050,3,1,1,0.0
13730,DK_Coal,2050,3,2,2,0.0
13731,DK_Coal,2050,3,3,3,0.0
13732,DK_Coal,2050,3,4,4,0.0
13733,DK_Coal,2050,3,5,5,0.0
13734,DK_Coal,2050,3,6,6,0.0
13735,DK_Coal,2050,3,7,7,0.0
13736,DK_Coal,2050,3,8,8,0.0
13737,DK_Coal,2050,3,9,9,0.0
13738,DK_Coal,2050,3,10,10,0.0
13739,DK_Coal,2050,3,11,11,0.0
13740,DK_Coal,2050,3,12,12,0.0
13741,DK_Coal,2050,3,13,13,0.0
13742,DK_Coal,2050,3,14,14,0.0
13743,DK_Coal,2050,3,15,15,0.0
13744,DK_Coal,2050,3,16,16,0.0
13745,DK_Coal,2050,3,17,17,0.0
13746,DK_Coal,2050,3,18,18,0.0
13747,DK_Coal,2050,3,19,19,0.0
13748,DK_Coal,2050,3,20,20,0.0
13749,DK_Coal,2050,3,21,21,0.0
13750,DK_Coal,2050,3,22,22,0.0
13751,DK_Coal,2050,3,23,23,0.0
13752,DK_Coal,2050,3,24,24,0.0
13753,DK_Coal,2050,4,1,1,0.0
13754,DK_Coal,2050,4,2,2,0.0
13755,DK_Coal,2050,4,3,3,0.0
13756,DK_Coal,2050,4,4,4,0.0
13757,DK_Coal,2050,4,5,5,0.0
13758,DK_Coal,2050,4,6,6,0.0
13759,DK_Coal,2050,4,7,7,0.0
13760,DK_Coal,2050,4,8,8,0.0
13761,DK_Coal,2050,4,9,9,0.0
13762,DK_Coal,2050,4,10,10,0.0
13763,DK_Coal,2050,4,11,11,0.0
13764,DK_Coal,2050,4,12,12,0.0
13765,DK_Coal,2050,4,13,13,0.0
13766,DK_Coal,2050,4,14,14,0.0
13767,DK_Coal,2050,4,15,15,0.0
13768,DK_Coal,2050,4,16,16,0.0
13769,DK_Coal,2050,4,17,17,-12.764065705666336
13770,DK_Coal,2050,4,18,18,0.0
13771,DK_Coal,2050,4,19,19,0.0
13772,DK_Coal,2050,4,20,20,0.0
13773,DK_Coal,2050,4,21,21,0.0
13774,DK_Coal,2050,4,22,22,0.0
13775,DK_Coal,2050,4,23,23,0.0
13776,DK_Coal,2050,4,24,24,0.0
13777,DK_Coal,2050,5,1,1,0.0
13778,DK_Coal,2050,5,2,2,0.0
13779,DK_Coal,2050,5,3,3,0.0
13780,DK_Coal,2050,5,4,4,0.0
13781,DK_Coal,2050,5,5,5,0.0
13782,DK_Coal,2050,5,6,6,0.0
13783,DK_Coal,2050,5,7,7,0.0
13784,DK_Coal,2050,5,8,8,0.0
13785,DK_Coal,2050,5,9,9,0.0
13786,DK_Coal,2050,5,10,10,0.0
13787,DK_Coal,2050,5,11,11,0.0
13788,DK_Coal,2050,5,12,12,0.0
13789,DK_Coal,2050,5,13,13,0.0
13790,DK_Coal,2050,5,14,14,0.0
13791,DK_Coal,2050,5,15,15,0.0
13792,DK_Coal,2050,5,16,16,0.0
13793,DK_Coal,2050,5,17,17,0.0
13794,DK_Coal,2050,5,18,18,0.0
13795,DK_Coal,2050,5,19,19,0.0
13796,DK_Coal,2050,5,20,20,0.0
13797,DK_Coal,2050,5,21,21,0.0
13798,DK_Coal,2050,5,22,22,0.0
13799,DK_Coal,2050,5,23,23,0.0
13800,DK_Coal,2050,5,24,24,0.0
13801,DK_Coal,2050,6,1,1,0.0
13802,DK_Coal,2050,6,2,2,0.0
13803,DK_Coal,2050,6,3,3,0.0
13804,DK_Coal,2050,6,4,4,0.0
13805,DK_Coal,2050,6,5,5,-0.2754000000000001
13806,DK_Coal,2050,6,6,6,-0.2754000000000001
13807,DK_Coal,2050,6,7,7,-0.2754000000000001
13808,DK_Coal,2050,6,8,8,0.0
13809,DK_Coal,2050,6,9,9,0.0
13810,DK_Coal,2050,6,10,10,0.0
13811,DK_Coal,2050,6,11,11,0.0
13812,DK_Coal,2050,6,12,12,0.0
13813,DK_Coal,2050,6,13,13,0.0
13814,DK_Coal,2050,6,14,14,0.0
13815,DK_Coal,2050,6,15,15,0.0
13816,DK_Coal,2050,6,16,16,0.0
13817,DK_Coal,2050,6,17,17,0.0
13818,DK_Coal,2050,6,18,18,0.0
13819,DK_Coal,2050,6,19,19,0.0
13820,DK_Coal,2050,6,20,20,0.0
13821,DK_Coal,2050,6,21,21,0.0
13822,DK_Coal,2050,6,22,22,0.0
13823,DK_Coal,2050,6,23,23,0.0
13824,DK_Coal,2050,6,24,24,0.0
13825,DK_Coal,2050,7,1,1,0.0
13826,DK_Coal,2050,7,2,2,0.0
13827,DK_Coal,2050,7,3,3,0.0
13828,DK_Coal,2050,7,4,4,0.0
13829,DK_Coal,2050,7,5,5,0.0
13830,DK_Coal,2050,7,6,6,0.0
13831,DK_Coal,2050,7,7,7,0.0
13832,DK_Coal,2050,7,8,8,0.0
13833,DK_Coal,2050,7,9,9,0.0
13834,DK_Coal,2050,7,10,10,0.0
13835,DK_Coal,2050,7,11,11,0.0
13836,DK_Coal,2050,7,12,12,0.0
13837,DK_Coal,2050,7,13,13,0.0
13838,DK_Coal,2050,7,14,14,0.0
13839,DK_Coal,2050,7,15,15,0.0
13840,DK_Coal,2050,7,16,16,0.0
13841,DK_Coal,2050,7,17,17,0.0
13842,DK_Coal,2050,7,18,18,0.0
13843,DK_Coal,2050,7,19,19,0.0
13844,DK_Coal,2050,7,20,20,0.0
13845,DK_Coal,2050,7,21,21,0.0
13846,DK_Coal,2050,7,22,22,0.0
13847,DK_Coal,2050,7,23,23,0.0
13848,DK_Coal,2050,7,24,24,0.0
13849,DK_Coal,2050,8,1,1,0.0
13850,DK_Coal,2050,8,2,2,0.0
13851,DK_Coal,2050,8,3,3,0.0
13852,DK_Coal,2050,8,4,4,0.0
13853,DK_Coal,2050,8,5,5,0.0
13854,DK_Coal,2050,8,6,6,0.0
13855,DK_Coal,2050,8,7,7,0.0
13856,DK_Coal,2050,8,8,8,0.0
13857,DK_Coal,2050,8,9,9,0.0
13858,DK_Coal,2050,8,10,10,0.0
13859,DK_Coal,2050,8,11,11,0.0
13860,DK_Coal,2050,8,12,12,0.0
13861,DK_Coal,2050,8,13,13,0.0
13862,DK_Coal,2050,8,14,14,0.0
13863,DK_Coal,2050,8,15,15,0.0
13864,DK_Coal,2050,8,16,16,0.0
13865,DK_Coal,2050,8,17,17,0.0
13866,DK_Coal,2050,8,18,18,0.0
13867,DK_Coal,2050,8,19,19,0.0
13868,DK_Coal,2050,8,20,20,0.0
13869,DK_Coal,2050,8,21,21,0.0
13870,DK_Coal,2050,8,22,22,0.0
13871,DK_Coal,2050,8,23,23,0.0
13872,DK_Coal,2050,8,24,24,0.0
13873,DK_Coal,2050,9,1,1,0.0
13874,DK_Coal,2050,9,2,2,0.0
13875,DK_Coal,2050,9,3,3,0.0
13876,DK_Coal,2050,9,4,4,0.0
13877,DK_Coal,2050,9,5,5,0.0
13878,DK_Coal,2050,9,6,6,0.0
13879,DK_Coal,2050,9,7,7,0.0
13880,DK_Coal,2050,9,8,8,0.0
13881,DK_Coal,2050,9,9,9,0.0
13882,DK_Coal,2050,9,10,10,0.0
13883,DK_Coal,2050,9,11,11,0.0
13884,DK_Coal,2050,9,12,12,0.0
13885,DK_Coal,2050,9,13,13,0.0
13886,DK_Coal,2050,9,14,14,0.0
13887,DK_Coal,2050,9,15,15,0.0
13888,DK_Coal,2050,9,16,16,0.0
13889,DK_Coal,2050,9,17,17,0.0
13890,DK_Coal,2050,9,18,18,0.0
13891,DK_Coal,2050,9,19,19,0.0
13892,DK_Coal,2050,9,20,20,0.0
13893,DK_Coal,2050,9,21,21,0.0
13894,DK_Coal,2050,9,22,22,0.0
13895,DK_Coal,2050,9,23,23,0.0
13896,DK_Coal,2050,9,24,24,0.0
13897,DK_Coal,2050,10,1,1,-0.7038
13898,DK_Coal,2050,10,2,2,-0.7038
13899,DK_Coal,2050,10,3,3,-0.7038
13900,DK_Coal,2050,10,4,4,-0.7038
13901,DK_Coal,2050,10,5,5,-1.5317999999999996
13902,DK_Coal,2050,10,6,6,-1.5317999999999996
13903,DK_Coal,2050,10,7,7,-1.5317999999999996
13904,DK_Coal,2050,10,8,8,-1.5317999999999996
13905,DK_Coal,2050,10,9,9,-1.5317999999999996
13906,DK_Coal,2050,10,10,10,-1.5317999999999996
13907,DK_Coal,2050,10,11,11,-1.5317999999999996
13908,DK_Coal,2050,10,12,12,-1.5317999999999996
13909,DK_Coal,2050,10,13,13,-8.749765705666341
13910,DK_Coal,2050,10,14,14,-8.749765705666341
13911,DK_Coal,2050,10,15,15,-8.749765705666341
13912,DK_Coal,2050,10,16,16,-8.749765705666341
13913,DK_Coal,2050,10,17,17,-1.5317999999999996
13914,DK_Coal,2050,10,18,18,-1.5317999999999996
13915,DK_Coal,2050,10,19,19,-0.7038
13916,DK_Coal,2050,10,20,20,-0.7038
13917,DK_Coal,2050,10,21,21,0.0
13918,DK_Coal,2050,10,22,22,0.0
13919,DK_Coal,2050,10,23,23,0.0
13920,DK_Coal,2050,10,24,24,0.0
13921,DK_Nuclear,2050,1,1,1,0.0
13922,DK_Nuclear,2050,1,2,2,0.0
13923,DK_Nuclear,2050,1,3,3,0.0
13924,DK_Nuclear,2050,1,4,4,-1.431
13925,DK_Nuclear,2050,1,5,5,-1.3038
13926,DK_Nuclear,2050,1,6,6,-1.3038
13927,DK_Nuclear,2050,1,7,7,-1.3038
13928,DK_Nuclear,2050,1,8,8,-1.3038
13929,DK_Nuclear,2050,1,9,9,-1.3038
13930,DK_Nuclear,2050,1,10,10,-1.3038
13931,DK_Nuclear,2050,1,11,11,-1.3038
13932,DK_Nuclear,2050,1,12,12,-2.2578
13933,DK_Nuclear,2050,1,13,13,-2.2578
13934,DK_Nuclear,2050,1,14,14,-2.2578
13935,DK_Nuclear,2050,1,15,15,-2.2578
13936,DK_Nuclear,2050,1,16,16,-2.2578
13937,DK_Nuclear,2050,1,17,17,-1.3038
13938,DK_Nuclear,2050,1,18,18,-1.3038
13939,DK_Nuclear,2050,1,19,19,-1.3038
13940,DK_Nuclear,2050,1,20,20,-1.3038
13941,DK_Nuclear,2050,1,21,21,-1.3038
13942,DK_Nuclear,2050,1,22,22,-1.3038
13943,DK_Nuclear,2050,1,23,23,-0.49290000000000006
13944,DK_Nuclear,2050,1,24,24,0.0
13945,DK_Nuclear,2050,2,1,1,0.0
13946,DK_Nuclear,2050,2,2,2,0.0
13947,DK_Nuclear,2050,2,3,3,0.0
13948,DK_Nuclear,2050,2,4,4,0.0
13949,DK_Nuclear,2050,2,5,5,-0.30690000000000006
13950,DK_Nuclear,2050,2,6,6,-0.30690000000000006
13951,DK_Nuclear,2050,2,7,7,-0.30690000000000006
13952,DK_Nuclear,2050,2,8,8,-0.30690000000000006
13953,DK_Nuclear,2050,2,9,9,-0.30690000000000006
13954,DK_Nuclear,2050,2,10,10,-0.30690000000000006
13955,DK_Nuclear,2050,2,11,11,-0.30690000000000006
13956,DK_Nuclear,2050,2,12,12,-0.30690000000000006
13957,DK_Nuclear,2050,2,13,13,-0.30690000000000006
13958,DK_Nuclear,2050,2,14,14,-0.30690000000000006
13959,DK_Nuclear,2050,2,15,15,-0.30690000000000006
13960,DK_Nuclear,2050,2,16,16,-0.8118
13961,DK_Nuclear,2050,2,17,17,-0.30690000000000006
13962,DK_Nuclear,2050,2,18,18,-0.30690000000000006
13963,DK_Nuclear,2050,2,19,19,-0.30690000000000006
13964,DK_Nuclear,2050,2,20,20,-0.30690000000000006
13965,DK_Nuclear,2050,2,21,21,0.0
13966,DK_Nuclear,2050,2,22,22,0.0
13967,DK_Nuclear,2050,2,23,23,0.0
13968,DK_Nuclear,2050,2,24,24,0.0
13969,DK_Nuclear,2050,3,1,1,0.0
13970,DK_Nuclear,2050,3,2,2,0.0
13971,DK_Nuclear,2050,3,3,3,0.0
13972,DK_Nuclear,2050,3,4,4,0.0
13973,DK_Nuclear,2050,3,5,5,0.0
13974,DK_Nuclear,2050,3,6,6,0.0
13975,DK_Nuclear,2050,3,7,7,0.0
13976,DK_Nuclear,2050,3,8,8,0.0
13977,DK_Nuclear,2050,3,9,9,0.0
13978,DK_Nuclear,2050,3,10,10,0.0
13979,DK_Nuclear,2050,3,11,11,0.0
13980,DK_Nuclear,2050,3,12,12,0.0
13981,DK_Nuclear,2050,3,13,13,0.0
13982,DK_Nuclear,2050,3,14,14,0.0
13983,DK_Nuclear,2050,3,15,15,0.0
13984,DK_Nuclear,2050,3,16,16,0.0
13985,DK_Nuclear,2050,3,17,17,0.0
13986,DK_Nuclear,2050,3,18,18,0.0
13987,DK_Nuclear,2050,3,19,19,0.0
13988,DK_Nuclear,2050,3,20,20,0.0
13989,DK_Nuclear,2050,3,21,21,0.0
13990,DK_Nuclear,2050,3,22,22,0.0
13991,DK_Nuclear,2050,3,23,23,0.0
13992,DK_Nuclear,2050,3,24,24,0.0
13993,DK_Nuclear,2050,4,1,1,0.0
13994,DK_Nuclear,2050,4,2,2,0.0
13995,DK_Nuclear,2050,4,3,3,0.0
13996,DK_Nuclear,2050,4,4,4,0.0
13997,DK_Nuclear,2050,4,5,5,-0.21390000000000003
13998,DK_Nuclear,2050,4,6,6,-0.21390000000000003
13999,DK_Nuclear,2050,4,7,7,-0.21390000000000003
14000,DK_Nuclear,2050,4,8,8,-0.21390000000000003
14001,DK_Nuclear,2050,4,9,9,-0.21390000000000003
14002,DK_Nuclear,2050,4,10,10,0.0
14003,DK_Nuclear,2050,4,11,11,0.0
14004,DK_Nuclear,2050,4,12,12,0.0
14005,DK_Nuclear,2050,4,13,13,0.0
14006,DK_Nuclear,2050,4,14,14,-0.21390000000000003
14007,DK_Nuclear,2050,4,15,15,-0.21390000000000003
14008,DK_Nuclear,2050,4,16,16,-0.21390000000000003
14009,DK_Nuclear,2050,4,17,17,-12.977965705666337
14010,DK_Nuclear,2050,4,18,18,-0.21390000000000003
14011,DK_Nuclear,2050,4,19,19,-0.21390000000000003
14012,DK_Nuclear,2050,4,20,20,0.0
14013,DK_Nuclear,2050,4,21,21,0.0
14014,DK_Nuclear,2050,4,22,22,0.0
14015,DK_Nuclear,2050,4,23,23,0.0
14016,DK_Nuclear,2050,4,24,24,0.0
14017,DK_Nuclear,2050,5,1,1,0.0
14018,DK_Nuclear,2050,5,2,2,0.0
14019,DK_Nuclear,2050,5,3,3,0.0
14020,DK_Nuclear,2050,5,4,4,0.0
14021,DK_Nuclear,2050,5,5,5,0.0
14022,DK_Nuclear,2050,5,6,6,0.0
14023,DK_Nuclear,2050,5,7,7,0.0
14024,DK_Nuclear,2050,5,8,8,0.0
14025,DK_Nuclear,2050,5,9,9,0.0
14026,DK_Nuclear,2050,5,10,10,0.0
14027,DK_Nuclear,2050,5,11,11,0.0
14028,DK_Nuclear,2050,5,12,12,0.0
14029,DK_Nuclear,2050,5,13,13,0.0
14030,DK_Nuclear,2050,5,14,14,0.0
14031,DK_Nuclear,2050,5,15,15,0.0
14032,DK_Nuclear,2050,5,16,16,0.0
14033,DK_Nuclear,2050,5,17,17,0.0
14034,DK_Nuclear,2050,5,18,18,0.0
14035,DK_Nuclear,2050,5,19,19,0.0
14036,DK_Nuclear,2050,5,20,20,0.0
14037,DK_Nuclear,2050,5,21,21,0.0
14038,DK_Nuclear,2050,5,22,22,0.0
14039,DK_Nuclear,2050,5,23,23,0.0
14040,DK_Nuclear,2050,5,24,24,0.0
14041,DK_Nuclear,2050,6,1,1,0.0
14042,DK_Nuclear,2050,6,2,2,0.0
14043,DK_Nuclear,2050,6,3,3,-0.1674
14044,DK_Nuclear,2050,6,4,4,-0.1674
14045,DK_Nuclear,2050,6,5,5,-0.4428000000000001
14046,DK_Nuclear,2050,6,6,6,-0.4428000000000001
14047,DK_Nuclear,2050,6,7,7,-0.4428000000000001
14048,DK_Nuclear,2050,6,8,8,-0.1674
14049,DK_Nuclear,2050,6,9,9,-0.1674
14050,DK_Nuclear,2050,6,10,10,-0.1674
14051,DK_Nuclear,2050,6,11,11,0.0
14052,DK_Nuclear,2050,6,12,12,0.0
14053,DK_Nuclear,2050,6,13,13,0.0
14054,DK_Nuclear,2050,6,14,14,0.0
14055,DK_Nuclear,2050,6,15,15,0.0
14056,DK_Nuclear,2050,6,16,16,0.0
14057,DK_Nuclear,2050,6,17,17,0.0
14058,DK_Nuclear,2050,6,18,18,0.0
14059,DK_Nuclear,2050,6,19,19,0.0
14060,DK_Nuclear,2050,6,20,20,0.0
14061,DK_Nuclear,2050,6,21,21,0.0
14062,DK_Nuclear,2050,6,22,22,0.0
14063,DK_Nuclear,2050,6,23,23,0.0
14064,DK_Nuclear,2050,6,24,24,0.0
14065,DK_Nuclear,2050,7,1,1,0.0
14066,DK_Nuclear,2050,7,2,2,0.0
14067,DK_Nuclear,2050,7,3,3,0.0
14068,DK_Nuclear,2050,7,4,4,0.0
14069,DK_Nuclear,2050,7,5,5,0.0
14070,DK_Nuclear,2050,7,6,6,0.0
14071,DK_Nuclear,2050,7,7,7,0.0
14072,DK_Nuclear,2050,7,8,8,0.0
14073,DK_Nuclear,2050,7,9,9,0.0
14074,DK_Nuclear,2050,7,10,10,0.0
14075,DK_Nuclear,2050,7,11,11,0.0
14076,DK_Nuclear,2050,7,12,12,0.0
14077,DK_Nuclear,2050,7,13,13,0.0
14078,DK_Nuclear,2050,7,14,14,0.0
14079,DK_Nuclear,2050,7,15,15,0.0
14080,DK_Nuclear,2050,7,16,16,0.0
14081,DK_Nuclear,2050,7,17,17,-0.3441000000000001
14082,DK_Nuclear,2050,7,18,18,-0.3441000000000001
14083,DK_Nuclear,2050,7,19,19,0.0
14084,DK_Nuclear,2050,7,20,20,0.0
14085,DK_Nuclear,2050,7,21,21,0.0
14086,DK_Nuclear,2050,7,22,22,0.0
14087,DK_Nuclear,2050,7,23,23,0.0
14088,DK_Nuclear,2050,7,24,24,0.0
14089,DK_Nuclear,2050,8,1,1,0.0
14090,DK_Nuclear,2050,8,2,2,0.0
14091,DK_Nuclear,2050,8,3,3,0.0
14092,DK_Nuclear,2050,8,4,4,0.0
14093,DK_Nuclear,2050,8,5,5,0.0
14094,DK_Nuclear,2050,8,6,6,0.0
14095,DK_Nuclear,2050,8,7,7,0.0
14096,DK_Nuclear,2050,8,8,8,0.0
14097,DK_Nuclear,2050,8,9,9,0.0
14098,DK_Nuclear,2050,8,10,10,0.0
14099,DK_Nuclear,2050,8,11,11,0.0
14100,DK_Nuclear,2050,8,12,12,0.0
14101,DK_Nuclear,2050,8,13,13,0.0
14102,DK_Nuclear,2050,8,14,14,0.0
14103,DK_Nuclear,2050,8,15,15,0.0
14104,DK_Nuclear,2050,8,16,16,0.0
14105,DK_Nuclear,2050,8,17,17,0.0
14106,DK_Nuclear,2050,8,18,18,0.0
14107,DK_Nuclear,2050,8,19,19,0.0
14108,DK_Nuclear,2050,8,20,20,0.0
14109,DK_Nuclear,2050,8,21,21,0.0
14110,DK_Nuclear,2050,8,22,22,0.0
14111,DK_Nuclear,2050,8,23,23,0.0
14112,DK_Nuclear,2050,8,24,24,0.0
14113,DK_Nuclear,2050,9,1,1,0.0
14114,DK_Nuclear,2050,9,2,2,0.0
14115,DK_Nuclear,2050,9,3,3,0.0
14116,DK_Nuclear,2050,9,4,4,0.0
14117,DK_Nuclear,2050,9,5,5,0.0
14118,DK_Nuclear,2050,9,6,6,0.0
14119,DK_Nuclear,2050,9,7,7,0.0
14120,DK_Nuclear,2050,9,8,8,0.0
14121,DK_Nuclear,2050,9,9,9,0.0
14122,DK_Nuclear,2050,9,10,10,0.0
14123,DK_Nuclear,2050,9,11,11,0.0
14124,DK_Nuclear,2050,9,12,12,0.0
14125,DK_Nuclear,2050,9,13,13,0.0
14126,DK_Nuclear,2050,9,14,14,0.0
14127,DK_Nuclear,2050,9,15,15,0.0
14128,DK_Nuclear,2050,9,16,16,0.0
14129,DK_Nuclear,2050,9,17,17,0.0
14130,DK_Nuclear,2050,9,18,18,0.0
14131,DK_Nuclear,2050,9,19,19,0.0
14132,DK_Nuclear,2050,9,20,20,0.0
14133,DK_Nuclear,2050,9,21,21,0.0
14134,DK_Nuclear,2050,9,22,22,0.0
14135,DK_Nuclear,2050,9,23,23,0.0
14136,DK_Nuclear,2050,9,24,24,0.0
14137,DK_Nuclear,2050,10,1,1,-1.1316000000000002
14138,DK_Nuclear,2050,10,2,2,-1.1316000000000002
14139,DK_Nuclear,2050,10,3,3,-1.1316000000000002
14140,DK_Nuclear,2050,10,4,4,-1.1316000000000002
14141,DK_Nuclear,2050,10,5,5,-1.9595999999999996
14142,DK_Nuclear,2050,10,6,6,-1.9595999999999996
14143,DK_Nuclear,2050,10,7,7,-1.9595999999999996
14144,DK_Nuclear,2050,10,8,8,-1.9595999999999996
14145,DK_Nuclear,2050,10,9,9,-1.9595999999999996
14146,DK_Nuclear,2050,10,10,10,-1.9595999999999996
14147,DK_Nuclear,2050,10,11,11,-1.9595999999999996
14148,DK_Nuclear,2050,10,12,12,-1.9595999999999996
14149,DK_Nuclear,2050,10,13,13,-9.177565705666341
14150,DK_Nuclear,2050,10,14,14,-9.177565705666341
14151,DK_Nuclear,2050,10,15,15,-9.177565705666341
14152,DK_Nuclear,2050,10,16,16,-9.177565705666341
14153,DK_Nuclear,2050,10,17,17,-1.9595999999999996
14154,DK_Nuclear,2050,10,18,18,-1.9595999999999996
14155,DK_Nuclear,2050,10,19,19,-1.1316000000000002
14156,DK_Nuclear,2050,10,20,20,-1.1316000000000002
14157,DK_Nuclear,2050,10,21,21,-0.42780000000000007
14158,DK_Nuclear,2050,10,22,22,-0.42780000000000007
14159,DK_Nuclear,2050,10,23,23,-0.42780000000000007
14160,DK_Nuclear,2050,10,24,24,-0.42780000000000007
14161,DK_OCGT,2050,1,1,1,0.0
14162,DK_OCGT,2050,1,2,2,0.0
14163,DK_OCGT,2050,1,3,3,0.0
14164,DK_OCGT,2050,1,4,4,0.0
14165,DK_OCGT,2050,1,5,5,0.0
14166,DK_OCGT,2050,1,6,6,0.0
14167,DK_OCGT,2050,1,7,7,0.0
14168,DK_OCGT,2050,1,8,8,0.0
14169,DK_OCGT,2050,1,9,9,0.0
14170,DK_OCGT,2050,1,10,10,0.0
14171,DK_OCGT,2050,1,11,11,0.0
14172,DK_OCGT,2050,1,12,12,0.0
14173,DK_OCGT,2050,1,13,13,0.0
14174,DK_OCGT,2050,1,14,14,0.0
14175,DK_OCGT,2050,1,15,15,0.0
14176,DK_OCGT,2050,1,16,16,0.0
14177,DK_OCGT,2050,1,17,17,0.0
14178,DK_OCGT,2050,1,18,18,0.0
14179,DK_OCGT,2050,1,19,19,0.0
14180,DK_OCGT,2050,1,20,20,0.0
14181,DK_OCGT,2050,1,21,21,0.0
14182,DK_OCGT,2050,1,22,22,0.0
14183,DK_OCGT,2050,1,23,23,0.0
14184,DK_OCGT,2050,1,24,24,0.0
14185,DK_OCGT,2050,2,1,1,0.0
14186,DK_OCGT,2050,2,2,2,0.0
14187,DK_OCGT,2050,2,3,3,0.0
14188,DK_OCGT,2050,2,4,4,0.0
14189,DK_OCGT,2050,2,5,5,0.0
14190,DK_OCGT,2050,2,6,6,0.0
14191,DK_OCGT,2050,2,7,7,0.0
14192,DK_OCGT,2050,2,8,8,0.0
14193,DK_OCGT,2050,2,9,9,0.0
14194,DK_OCGT,2050,2,10,10,0.0
14195,DK_OCGT,2050,2,11,11,0.0
14196,DK_OCGT,2050,2,12,12,0.0
14197,DK_OCGT,2050,2,13,13,0.0
14198,DK_OCGT,2050,2,14,14,0.0
14199,DK_OCGT,2050,2,15,15,0.0
14200,DK_OCGT,2050,2,16,16,0.0
14201,DK_OCGT,2050,2,17,17,0.0
14202,DK_OCGT,2050,2,18,18,0.0
14203,DK_OCGT,2050,2,19,19,0.0
14204,DK_OCGT,2050,2,20,20,0.0
14205,DK_OCGT,2050,2,21,21,0.0
14206,DK_OCGT,2050,2,22,22,0.0
14207,DK_OCGT,2050,2,23,23,0.0
14208,DK_OCGT,2050,2,24,24,0.0
14209,DK_OCGT,2050,3,1,1,0.0
14210,DK_OCGT,2050,3,2,2,0.0
14211,DK_OCGT,2050,3,3,3,0.0
14212,DK_OCGT,2050,3,4,4,0.0
14213,DK_OCGT,2050,3,5,5,0.0
14214,DK_OCGT,2050,3,6,6,0.0
14215,DK_OCGT,2050,3,7,7,0.0
14216,DK_OCGT,2050,3,8,8,0.0
14217,DK_OCGT,2050,3,9,9,0.0
14218,DK_OCGT,2050,3,10,10,0.0
14219,DK_OCGT,2050,3,11,11,0.0
14220,DK_OCGT,2050,3,12,12,0.0
14221,DK_OCGT,2050,3,13,13,0.0
14222,DK_OCGT,2050,3,14,14,0.0
14223,DK_OCGT,2050,3,15,15,0.0
14224,DK_OCGT,2050,3,16,16,0.0
14225,DE_Wind_Onshore,2050,1,1,1,-0.9381
14226,DE_Wind_Onshore,2050,1,2,2,-0.9381
14227,DE_Wind_Onshore,2050,1,3,3,-0.9381
14228,DE_Wind_Onshore,2050,1,4,4,-0.9381
14229,DE_Wind_Onshore,2050,1,5,5,-1.749
14230,DE_Wind_Onshore,2050,1,6,6,-1.749
14231,DE_Wind_Onshore,2050,1,7,7,-1.749
14232,DE_Wind_Onshore,2050,1,8,8,-1.749
14233,DE_Wind_Onshore,2050,1,9,9,-1.749
14234,DE_Wind_Onshore,2050,1,10,10,-1.749
14235,DE_Wind_Onshore,2050,1,11,11,-1.749
14236,DE_Wind_Onshore,2050,1,12,12,-1.749
14237,DE_Wind_Onshore,2050,1,13,13,-1.749
14238,DE_Wind_Onshore,2050,1,14,14,-0.9381
14239,DE_Wind_Onshore,2050,1,15,15,-0.9381
14240,DE_Wind_Onshore,2050,1,16,16,-0.9381
14241,DE_Wind_Onshore,2050,1,17,17,-0.9381
14242,DE_Wind_Onshore,2050,1,18,18,-1.749
14243,DE_Wind_Onshore,2050,1,19,19,-1.749
14244,DE_Wind_Onshore,2050,1,20,20,-0.9381
14245,DE_Wind_Onshore,2050,1,21,21,-0.9381
14246,DE_Wind_Onshore,2050,1,22,22,-0.9381
14247,DE_Wind_Onshore,2050,1,23,23,-0.9381
14248,DE_Wind_Onshore,2050,1,24,24,-0.9381
14249,DE_Wind_Onshore,2050,2,1,1,0.0
14250,DE_Wind_Onshore,2050,2,2,2,0.0
14251,DE_Wind_Onshore,2050,2,3,3,-0.5841000000000001
14252,DE_Wind_Onshore,2050,2,4,4,-0.5841000000000001
14253,DE_Wind_Onshore,2050,2,5,5,-0.5841000000000001
14254,DE_Wind_Onshore,2050,2,6,6,-0.5841000000000001
14255,DE_Wind_Onshore,2050,2,7,7,-0.5841000000000001
14256,DE_Wind_Onshore,2050,2,8,8,-0.5841000000000001
14257,DE_Wind_Onshore,2050,2,9,9,-0.5841000000000001
14258,DE_Wind_Onshore,2050,2,10,10,-0.5841000000000001
14259,DE_Wind_Onshore,2050,2,11,11,-0.5841000000000001
14260,DE_Wind_Onshore,2050,2,12,12,-0.5841000000000001
14261,DE_Wind_Onshore,2050,2,13,13,-0.5841000000000001
14262,DE_Wind_Onshore,2050,2,14,14,-0.5841000000000001
14263,DE_Wind_Onshore,2050,2,15,15,-0.5841000000000001
14264,DE_Wind_Onshore,2050,2,16,16,-0.5841000000000001
14265,DE_Wind_Onshore,2050,2,17,17,-0.5841000000000001
14266,DE_Wind_Onshore,2050,2,18,18,-0.5841000000000001
14267,DE_Wind_Onshore,2050,2,19,19,-0.5841000000000001
14268,DE_Wind_Onshore,2050,2,20,20,-0.5841000000000001
14269,DE_Wind_Onshore,2050,2,21,21,-0.5841000000000001
14270,DE_Wind_Onshore,2050,2,22,22,-0.5841000000000001
14271,DE_Wind_Onshore,2050,2,23,23,-0.5841000000000001
14272,DE_Wind_Onshore,2050,2,24,24,0.0
14273,DE_Wind_Onshore,2050,3,1,1,0.0
14274,DE_Wind_Onshore,2050,3,2,2,0.0
14275,DE_Wind_Onshore,2050,3,3,3,0.0
14276,DE_Wind_Onshore,2050,3,4,4,0.0
14277,DE_Wind_Onshore,2050,3,5,5,0.0
14278,DE_Wind_Onshore,2050,3,6,6,0.0
14279,DE_Wind_Onshore,2050,3,7,7,0.0
14280,DE_Wind_Onshore,2050,3,8,8,0.0
14281,DE_Wind_Onshore,2050,3,9,9,0.0
14282,DE_Wind_Onshore,2050,3,10,10,0.0
14283,DE_Wind_Onshore,2050,3,11,11,0.0
14284,DE_Wind_Onshore,2050,3,12,12,0.0
14285,DE_Wind_Onshore,2050,3,13,13,0.0
14286,DE_Wind_Onshore,2050,3,14,14,-0.5133
14287,DE_Wind_Onshore,2050,3,15,15,-0.5133
14288,DE_Wind_Onshore,2050,3,16,16,-0.5133
14289,DE_Wind_Onshore,2050,3,17,17,-0.5133
14290,DE_Wind_Onshore,2050,3,18,18,-0.5133
14291,DE_Wind_Onshore,2050,3,19,19,-0.5133
14292,DE_Wind_Onshore,2050,3,20,20,0.0
14293,DE_Wind_Onshore,2050,3,21,21,0.0
14294,DE_Wind_Onshore,2050,3,22,22,0.0
14295,DE_Wind_Onshore,2050,3,23,23,0.0
14296,DE_Wind_Onshore,2050,3,24,24,0.0
14297,DE_Wind_Onshore,2050,4,1,1,-0.4071
14298,DE_Wind_Onshore,2050,4,2,2,-0.4071
14299,DE_Wind_Onshore,2050,4,3,3,-0.4071
14300,DE_Wind_Onshore,2050,4,4,4,-0.4071
14301,DE_Wind_Onshore,2050,4,5,5,-0.4071
14302,DE_Wind_Onshore,2050,4,6,6,-0.4071
14303,DE_Wind_Onshore,2050,4,7,7,-0.4071
14304,DE_Wind_Onshore,2050,4,8,8,-0.4071
14305,DE_Wind_Onshore,2050,4,9,9,-0.4071
14306,DE_Wind_Onshore,2050,4,10,10,-0.4071
14307,DE_Wind_Onshore,2050,4,11,11,-0.4071
14308,DE_Wind_Onshore,2050,4,12,12,-0.4071
14309,DE_Wind_Onshore,2050,4,13,13,-0.4071
14310,DE_Wind_Onshore,2050,4,14,14,-0.4071
14311,DE_Wind_Onshore,2050,4,15,15,-0.4071
14312,DE_Wind_Onshore,2050,4,16,16,-0.4071
14313,DE_Wind_Onshore,2050,4,17,17,-0.4071
14314,DE_Wind_Onshore,2050,4,18,18,-0.4071
14315,DE_Wind_Onshore,2050,4,19,19,-0.4071
14316,DE_Wind_Onshore,2050,4,20,20,-0.4071
14317,DE_Wind_Onshore,2050,4,21,21,-0.4071
14318,DE_Wind_Onshore,2050,4,22,22,-0.4071
14319,DE_Wind_Onshore,2050,4,23,23,0.0
14320,DE_Wind_Onshore,2050,4,24,24,0.0
14321,DE_Wind_Onshore,2050,5,1,1,0.0
14322,DE_Wind_Onshore,2050,5,2,2,0.0
14323,DE_Wind_Onshore,2050,5,3,3,0.0
14324,DE_Wind_Onshore,2050,5,4,4,0.0
14325,DE_Wind_Onshore,2050,5,5,5,0.0
14326,DE_Wind_Onshore,2050,5,6,6,0.0
14327,DE_Wind_Onshore,2050,5,7,7,0.0
14328,DE_Wind_Onshore,2050,5,8,8,0.0
14329,DE_Wind_Onshore,2050,5,9,9,0.0
14330,DE_Wind_Onshore,2050,5,10,10,0.0
14331,DE_Wind_Onshore,2050,5,11,11,0.0
14332,DE_Wind_Onshore,2050,5,12,12,0.0
14333,DE_Wind_Onshore,2050,5,13,13,0.0
14334,DE_Wind_Onshore,2050,5,14,14,0.0
14335,DE_Wind_Onshore,2050,5,15,15,0.0
14336,DE_Wind_Onshore,2050,5,16,16,0.0
14337,DE_Wind_Onshore,2050,5,17,17,0.0
14338,DE_Wind_Onshore,2050,5,18,18,0.0
14339,DE_Wind_Onshore,2050,5,19,19,0.0
14340,DE_Wind_Onshore,2050,5,20,20,0.0
14341,DE_Wind_Onshore,2050,5,21,21,0.0
14342,DE_Wind_Onshore,2050,5,22,22,0.0
14343,DE_Wind_Onshore,2050,5,23,23,0.0
14344,DE_Wind_Onshore,2050,5,24,24,0.0
14345,DE_Wind_Onshore,2050,6,1,1,-0.3186
14346,DE_Wind_Onshore,2050,6,2,2,-0.3186
14347,DE_Wind_Onshore,2050,6,3,3,-0.3186
14348,DE_Wind_Onshore,2050,6,4,4,-0.3186
14349,DE_Wind_Onshore,2050,6,5,5,-0.3186
14350,DE_Wind_Onshore,2050,6,6,6,-0.3186
14351,DE_Wind_Onshore,2050,6,7,7,-0.3186
14352,DE_Wind_Onshore,2050,6,8,8,-0.3186
14353,DE_Wind_Onshore,2050,6,9,9,-0.3186
14354,DE_Wind_Onshore,2050,6,10,10,-0.3186
14355,DE_Wind_Onshore,2050,6,11,11,-0.3186
14356,DE_Wind_Onshore,2050,6,12,12,-0.3186
14357,DE_Wind_Onshore,2050,6,13,13,-0.3186
14358,DE_Wind_Onshore,2050,6,14,14,-0.3186
14359,DE_Wind_Onshore,2050,6,15,15,-0.3186
14360,DE_Wind_Onshore,2050,6,16,16,-0.3186
14361,DE_Wind_Onshore,2050,6,17,17,-0.3186
14362,DE_Wind_Onshore,2050,6,18,18,-0.3186
14363,DE_Wind_Onshore,2050,6,19,19,-0.3186
14364,DE_Wind_Onshore,2050,6,20,20,-0.3186
14365,DE_Wind_Onshore,2050,6,21,21,-0.3186
14366,DE_Wind_Onshore,2050,6,22,22,-0.3186
14367,DE_Wind_Onshore,2050,6,23,23,-0.3186
14368,DE_Wind_Onshore,2050,6,24,24,-0.3186
14369,DE_Wind_Onshore,2050,7,1,1,-0.6549
14370,DE_Wind_Onshore,2050,7,2,2,-0.6549
14371,DE_Wind_Onshore,2050,7,3,3,-0.6549
14372,DE_Wind_Onshore,2050,7,4,4,-0.6549
14373,DE_Wind_Onshore,2050,7,5,5,-1.221
14374,DE_Wind_Onshore,2050,7,6,6,-1.221
14375,DE_Wind_Onshore,2050,7,7,7,-1.221
14376,DE_Wind_Onshore,2050,7,8,8,-1.221
14377,DE_Wind_Onshore,2050,7,9,9,-1.221
14378,DE_Wind_Onshore,2050,7,10,10,-1.221
14379,DE_Wind_Onshore,2050,7,11,11,-1.221
14380,DE_Wind_Onshore,2050,7,12,12,-1.221
14381,DE_Wind_Onshore,2050,7,13,13,-1.221
14382,DE_Wind_Onshore,2050,7,14,14,-1.221
14383,DE_Wind_Onshore,2050,7,15,15,-1.221
14384,DE_Wind_Onshore,2050,7,16,16,-1.221
14385,DE_Wind_Onshore,2050,7,17,17,-1.8869999999999998
14386,DE_Wind_Onshore,2050,7,18,18,-1.8869999999999998
14387,DE_Wind_Onshore,2050,7,19,19,-1.8869999999999998
14388,DE_Wind_Onshore,2050,7,20,20,-1.221
14389,DE_Wind_Onshore,2050,7,21,21,-1.221
14390,DE_Wind_Onshore,2050,7,22,22,-0.6549
14391,DE_Wind_Onshore,2050,7,23,23,-0.6549
14392,DE_Wind_Onshore,2050,7,24,24,-0.6549
14393,DE_Wind_Onshore,2050,8,1,1,0.0
14394,DE_Wind_Onshore,2050,8,2,2,0.0
14395,DE_Wind_Onshore,2050,8,3,3,0.0
14396,DE_Wind_Onshore,2050,8,4,4,0.0
14397,DE_Wind_Onshore,2050,8,5,5,0.0
14398,DE_Wind_Onshore,2050,8,6,6,0.0
14399,DE_Wind_Onshore,2050,8,7,7,0.0
14400,DE_Wind_Onshore,2050,8,8,8,0.0
14401,DE_Wind_Onshore,2050,8,9,9,0.0
14402,DE_Wind_Onshore,2050,8,10,10,0.0
14403,DE_Wind_Onshore,2050,8,11,11,0.0
14404,DE_Wind_Onshore,2050,8,12,12,-0.5487
14405,DE_Wind_Onshore,2050,8,13,13,0.0
14406,DE_Wind_Onshore,2050,8,14,14,0.0
14407,DE_Wind_Onshore,2050,8,15,15,0.0
14408,DE_Wind_Onshore,2050,8,16,16,0.0
14409,DE_Wind_Onshore,2050,8,17,17,0.0
14410,DE_Wind_Onshore,2050,8,18,18,0.0
14411,DE_Wind_Onshore,2050,8,19,19,-0.5487
14412,DE_Wind_Onshore,2050,8,20,20,-0.5487
14413,DE_Wind_Onshore,2050,8,21,21,-0.5487
14414,DE_Wind_Onshore,2050,8,22,22,0.0
14415,DE_Wind_Onshore,2050,8,23,23,0.0
14416,DE_Wind_Onshore,2050,8,24,24,0.0
14417,DE_Wind_Onshore,2050,9,1,1,0.0
14418,DE_Wind_Onshore,2050,9,2,2,0.0
14419,DE_Wind_Onshore,2050,9,3,3,0.0
14420,DE_Wind_Onshore,2050,9,4,4,0.0
14421,DE_Wind_Onshore,2050,9,5,5,0.0
14422,DE_Wind_Onshore,2050,9,6,6,0.0
14423,DE_Wind_Onshore,2050,9,7,7,0.0
14424,DE_Wind_Onshore,2050,9,8,8,0.0
14425,DE_Wind_Onshore,2050,9,9,9,0.0
14426,DE_Wind_Onshore,2050,9,10,10,0.0
14427,DE_Wind_Onshore,2050,9,11,11,0.0
14428,DE_Wind_Onshore,2050,9,12,12,0.0
14429,DE_Wind_Onshore,2050,9,13,13,0.0
14430,DE_Wind_Onshore,2050,9,14,14,0.0
14431,DE_Wind_Onshore,2050,9,15,15,0.0
14432,DE_Wind_Onshore,2050,9,16,16,0.0
14433,DE_Wind_Onshore,2050,9,17,17,0.0
14434,DE_Wind_Onshore,2050,9,18,18,-0.7611
14435,DE_Wind_Onshore,2050,9,19,19,-0.7611
14436,DE_Wind_Onshore,2050,9,20,20,-0.7611
14437,DE_Wind_Onshore,2050,9,21,21,-0.7611
14438,DE_Wind_Onshore,2050,9,22,22,0.0
14439,DE_Wind_Onshore,2050,9,23,23,0.0
14440,DE_Wind_Onshore,2050,9,24,24,0.0
14441,DE_Wind_Onshore,2050,10,1,1,-1.518
14442,DE_Wind_Onshore,2050,10,2,2,-1.518
14443,DE_Wind_Onshore,2050,10,3,3,-1.518
14444,DE_Wind_Onshore,2050,10,4,4,-1.518
14445,DE_Wind_Onshore,2050,10,5,5,-1.518
14446,DE_Wind_Onshore,2050,10,6,6,-2.3459999999999996
14447,DE_Wind_Onshore,2050,10,7,7,-2.3459999999999996
14448,DE_Wind_Onshore,2050,10,8,8,-2.3459999999999996
14449,DE_Wind_Onshore,2050,10,9,9,-2.3459999999999996
14450,DE_Wind_Onshore,2050,10,10,10,-2.3459999999999996
14451,DE_Wind_Onshore,2050,10,11,11,-2.3459999999999996
14452,DE_Wind_Onshore,2050,10,12,12,-2.3459999999999996
14453,DE_Wind_Onshore,2050,10,13,13,-2.3459999999999996
14454,DE_Wind_Onshore,2050,10,14,14,-2.3459999999999996
14455,DE_Wind_Onshore,2050,10,15,15,-2.3459999999999996
14456,DE_Wind_Onshore,2050,10,16,16,-2.3459999999999996
14457,DE_Wind_Onshore,2050,10,17,17,-9.653065705666338
14458,DE_Wind_Onshore,2050,10,18,18,-22.500531411332673
14459,DE_Wind_Onshore,2050,10,19,19,-2.3459999999999996
14460,DE_Wind_Onshore,2050,10,20,20,-2.3459999999999996
14461,DE_Wind_Onshore,2050,10,21,21,-1.518
14462,DE_Wind_Onshore,2050,10,22,22,-1.518
14463,DE_Wind_Onshore,2050,10,23,23,-0.8142
14464,DE_Wind_Onshore,2050,10,24,24,-0.8142
14465,DK_OCGT,2050,3,17,17,0.0
14466,DK_OCGT,2050,3,18,18,0.0
14467,DK_OCGT,2050,3,19,19,0.0
14468,DK_OCGT,2050,3,20,20,0.0
14469,DK_OCGT,2050,3,21,21,0.0
14470,DK_OCGT,2050,3,22,22,0.0
14471,DK_OCGT,2050,3,23,23,0.0
14472,DK_OCGT,2050,3,24,24,0.0
14473,DK_OCGT,2050,4,1,1,0.0
14474,DK_OCGT,2050,4,2,2,0.0
14475,DK_OCGT,2050,4,3,3,0.0
14476,DK_OCGT,2050,4,4,4,0.0
14477,DK_OCGT,2050,4,5,5,0.0
14478,DK_OCGT,2050,4,6,6,0.0
14479,DK_OCGT,2050,4,7,7,0.0
14480,DK_OCGT,2050,4,8,8,0.0
14481,DK_OCGT,2050,4,9,9,0.0
14482,DK_OCGT,2050,4,10,10,0.0
14483,DK_OCGT,2050,4,11,11,0.0
14484,DK_OCGT,2050,4,12,12,0.0
14485,DK_OCGT,2050,4,13,13,0.0
14486,DK_OCGT,2050,4,14,14,0.0
14487,DK_OCGT,2050,4,15,15,0.0
14488,DK_OCGT,2050,4,16,16,0.0
14489,DK_OCGT,2050,4,17,17,0.0
14490,DK_OCGT,2050,4,18,18,0.0
14491,DK_OCGT,2050,4,19,19,0.0
14492,DK_OCGT,2050,4,20,20,0.0
14493,DK_OCGT,2050,4,21,21,0.0
14494,DK_OCGT,2050,4,22,22,0.0
14495,DK_OCGT,2050,4,23,23,0.0
14496,DK_OCGT,2050,4,24,24,0.0
14497,DK_OCGT,2050,5,1,1,0.0
14498,DK_OCGT,2050,5,2,2,0.0
14499,DK_OCGT,2050,5,3,3,0.0
14500,DK_OCGT,2050,5,4,4,0.0
14501,DK_OCGT,2050,5,5,5,0.0
14502,DK_OCGT,2050,5,6,6,0.0
14503,DK_OCGT,2050,5,7,7,0.0
14504,DK_OCGT,2050,5,8,8,0.0
14505,DK_OCGT,2050,5,9,9,0.0
14506,DK_OCGT,2050,5,10,10,0.0
14507,DK_OCGT,2050,5,11,11,0.0
14508,DK_OCGT,2050,5,12,12,0.0
14509,DK_OCGT,2050,5,13,13,0.0
14510,DK_OCGT,2050,5,14,14,0.0
14511,DK_OCGT,2050,5,15,15,0.0
14512,DK_OCGT,2050,5,16,16,0.0
14513,DK_OCGT,2050,5,17,17,0.0
14514,DK_OCGT,2050,5,18,18,0.0
14515,DK_OCGT,2050,5,19,19,0.0
14516,DK_OCGT,2050,5,20,20,0.0
14517,DK_OCGT,2050,5,21,21,0.0
14518,DK_OCGT,2050,5,22,22,0.0
14519,DK_OCGT,2050,5,23,23,0.0
14520,DK_OCGT,2050,5,24,24,0.0
14521,DK_OCGT,2050,6,1,1,0.0
14522,DK_OCGT,2050,6,2,2,0.0
14523,DK_OCGT,2050,6,3,3,0.0
14524,DK_OCGT,2050,6,4,4,0.0
14525,DK_OCGT,2050,6,5,5,0.0
14526,DK_OCGT,2050,6,6,6,0.0
14527,DK_OCGT,2050,6,7,7,0.0
14528,DK_OCGT,2050,6,8,8,0.0
14529,DK_OCGT,2050,6,9,9,0.0
14530,DK_OCGT,2050,6,10,10,0.0
14531,DK_OCGT,2050,6,11,11,0.0
14532,DK_OCGT,2050,6,12,12,0.0
14533,DK_OCGT,2050,6,13,13,0.0
14534,DK_OCGT,2050,6,14,14,0.0
14535,DK_OCGT,2050,6,15,15,0.0
14536,DK_OCGT,2050,6,16,16,0.0
14537,DK_OCGT,2050,6,17,17,0.0
14538,DK_OCGT,2050,6,18,18,0.0
14539,DK_OCGT,2050,6,19,19,0.0
14540,DK_OCGT,2050,6,20,20,0.0
14541,DK_OCGT,2050,6,21,21,0.0
14542,DK_OCGT,2050,6,22,22,0.0
14543,DK_OCGT,2050,6,23,23,0.0
14544,DK_OCGT,2050,6,24,24,0.0
14545,DK_OCGT,2050,7,1,1,0.0
14546,DK_OCGT,2050,7,2,2,0.0
14547,DK_OCGT,2050,7,3,3,0.0
14548,DK_OCGT,2050,7,4,4,0.0
14549,DK_OCGT,2050,7,5,5,0.0
14550,DK_OCGT,2050,7,6,6,0.0
14551,DK_OCGT,2050,7,7,7,0.0
14552,DK_OCGT,2050,7,8,8,0.0
14553,DK_OCGT,2050,7,9,9,0.0
14554,DK_OCGT,2050,7,10,10,0.0
14555,DK_OCGT,2050,7,11,11,0.0
14556,DK_OCGT,2050,7,12,12,0.0
14557,DK_OCGT,2050,7,13,13,0.0
14558,DK_OCGT,2050,7,14,14,0.0
14559,DK_OCGT,2050,7,15,15,0.0
14560,DK_OCGT,2050,7,16,16,0.0
14561,DK_OCGT,2050,7,17,17,0.0
14562,DK_OCGT,2050,7,18,18,0.0
14563,DK_OCGT,2050,7,19,19,0.0
14564,DK_OCGT,2050,7,20,20,0.0
14565,DK_OCGT,2050,7,21,21,0.0
14566,DK_OCGT,2050,7,22,22,0.0
14567,DK_OCGT,2050,7,23,23,0.0
14568,DK_OCGT,2050,7,24,24,0.0
14569,DK_OCGT,2050,8,1,1,0.0
14570,DK_OCGT,2050,8,2,2,0.0
14571,DK_OCGT,2050,8,3,3,0.0
14572,DK_OCGT,2050,8,4,4,0.0
14573,DK_OCGT,2050,8,5,5,0.0
14574,DK_OCGT,2050,8,6,6,0.0
14575,DK_OCGT,2050,8,7,7,0.0
14576,DK_OCGT,2050,8,8,8,0.0
14577,DK_OCGT,2050,8,9,9,0.0
14578,DK_OCGT,2050,8,10,10,0.0
14579,DK_OCGT,2050,8,11,11,0.0
14580,DK_OCGT,2050,8,12,12,0.0
14581,DK_OCGT,2050,8,13,13,0.0
14582,DK_OCGT,2050,8,14,14,0.0
14583,DK_OCGT,2050,8,15,15,0.0
14584,DK_OCGT,2050,8,16,16,0.0
14585,DK_OCGT,2050,8,17,17,0.0
14586,DK_OCGT,2050,8,18,18,0.0
14587,DK_OCGT,2050,8,19,19,0.0
14588,DK_OCGT,2050,8,20,20,0.0
14589,DK_OCGT,2050,8,21,21,0.0
14590,DK_OCGT,2050,8,22,22,0.0
14591,DK_OCGT,2050,8,23,23,0.0
14592,DK_OCGT,2050,8,24,24,0.0
14593,DK_OCGT,2050,9,1,1,0.0
14594,DK_OCGT,2050,9,2,2,0.0
14595,DK_OCGT,2050,9,3,3,0.0
14596,DK_OCGT,2050,9,4,4,0.0
14597,DK_OCGT,2050,9,5,5,0.0
14598,DK_OCGT,2050,9,6,6,0.0
14599,DK_OCGT,2050,9,7,7,0.0
14600,DK_OCGT,2050,9,8,8,0.0
14601,DK_OCGT,2050,9,9,9,0.0
14602,DK_OCGT,2050,9,10,10,0.0
14603,DK_OCGT,2050,9,11,11,0.0
14604,DK_OCGT,2050,9,12,12,0.0
14605,DK_OCGT,2050,9,13,13,0.0
14606,DK_OCGT,2050,9,14,14,0.0
14607,DK_OCGT,2050,9,15,15,0.0
14608,DK_OCGT,2050,9,16,16,0.0
14609,DK_OCGT,2050,9,17,17,0.0
14610,DK_OCGT,2050,9,18,18,0.0
14611,DK_OCGT,2050,9,19,19,0.0
14612,DK_OCGT,2050,9,20,20,0.0
14613,DK_OCGT,2050,9,21,21,0.0
14614,DK_OCGT,2050,9,22,22,0.0
14615,DK_OCGT,2050,9,23,23,0.0
14616,DK_OCGT,2050,9,24,24,0.0
14617,DK_OCGT,2050,10,1,1,0.0
14618,DK_OCGT,2050,10,2,2,0.0
14619,DK_OCGT,2050,10,3,3,0.0
14620,DK_OCGT,2050,10,4,4,0.0
14621,DK_OCGT,2050,10,5,5,0.0
14622,DK_OCGT,2050,10,6,6,0.0
14623,DK_OCGT,2050,10,7,7,0.0
14624,DK_OCGT,2050,10,8,8,0.0
14625,DK_OCGT,2050,10,9,9,0.0
14626,DK_OCGT,2050,10,10,10,0.0
14627,DK_OCGT,2050,10,11,11,0.0
14628,DK_OCGT,2050,10,12,12,0.0
14629,DK_OCGT,2050,10,13,13,-7.217965705666341
14630,DK_OCGT,2050,10,14,14,-7.217965705666341
14631,DK_OCGT,2050,10,15,15,-7.217965705666341
14632,DK_OCGT,2050,10,16,16,-7.217965705666341
14633,DK_OCGT,2050,10,17,17,0.0
14634,DK_OCGT,2050,10,18,18,0.0
14635,DK_OCGT,2050,10,19,19,0.0
14636,DK_OCGT,2050,10,20,20,0.0
14637,DK_OCGT,2050,10,21,21,0.0
14638,DK_OCGT,2050,10,22,22,0.0
14639,DK_OCGT,2050,10,23,23,0.0
14640,DK_OCGT,2050,10,24,24,0.0
14641,DK_Solar,2050,1,1,1,0.0
14642,DK_Solar,2050,1,2,2,0.0
14643,DK_Solar,2050,1,3,3,0.0
14644,DK_Solar,2050,1,4,4,-1.8762
14645,DK_Solar,2050,1,5,5,-1.749
14646,DK_Solar,2050,1,6,6,-1.749
14647,DK_Solar,2050,1,7,7,-1.749
14648,DK_Solar,2050,1,8,8,-1.749
14649,DK_Solar,2050,1,9,9,-1.749
14650,DK_Solar,2050,1,10,10,-1.749
14651,DK_Solar,2050,1,11,11,-1.749
14652,DK_Solar,2050,1,12,12,-2.703
14653,DK_Solar,2050,1,13,13,-2.703
14654,DK_Solar,2050,1,14,14,-2.703
14655,DK_Solar,2050,1,15,15,-2.703
14656,DK_Solar,2050,1,16,16,-2.703
14657,DK_Solar,2050,1,17,17,-1.749
14658,DK_Solar,2050,1,18,18,-1.749
14659,DK_Solar,2050,1,19,19,-1.749
14660,DK_Solar,2050,1,20,20,-1.749
14661,DK_Solar,2050,1,21,21,-1.749
14662,DK_Solar,2050,1,22,22,-1.749
14663,DK_Solar,2050,1,23,23,-0.9381
14664,DK_Solar,2050,1,24,24,0.0
14665,DK_Solar,2050,2,1,1,0.0
14666,DK_Solar,2050,2,2,2,0.0
14667,DK_Solar,2050,2,3,3,0.0
14668,DK_Solar,2050,2,4,4,0.0
14669,DK_Solar,2050,2,5,5,-0.5841000000000001
14670,DK_Solar,2050,2,6,6,-0.5841000000000001
14671,DK_Solar,2050,2,7,7,-0.5841000000000001
14672,DK_Solar,2050,2,8,8,-0.5841000000000001
14673,DK_Solar,2050,2,9,9,-0.5841000000000001
14674,DK_Solar,2050,2,10,10,-0.5841000000000001
14675,DK_Solar,2050,2,11,11,-0.5841000000000001
14676,DK_Solar,2050,2,12,12,-0.5841000000000001
14677,DK_Solar,2050,2,13,13,-0.5841000000000001
14678,DK_Solar,2050,2,14,14,-0.5841000000000001
14679,DK_Solar,2050,2,15,15,-0.5841000000000001
14680,DK_Solar,2050,2,16,16,-1.089
14681,DK_Solar,2050,2,17,17,-0.5841000000000001
14682,DK_Solar,2050,2,18,18,-0.5841000000000001
14683,DK_Solar,2050,2,19,19,-0.5841000000000001
14684,DK_Solar,2050,2,20,20,-0.5841000000000001
14685,DK_Solar,2050,2,21,21,0.0
14686,DK_Solar,2050,2,22,22,0.0
14687,DK_Solar,2050,2,23,23,0.0
14688,DK_Solar,2050,2,24,24,0.0
14689,DK_Solar,2050,3,1,1,0.0
14690,DK_Solar,2050,3,2,2,0.0
14691,DK_Solar,2050,3,3,3,0.0
14692,DK_Solar,2050,3,4,4,0.0
14693,DK_Solar,2050,3,5,5,0.0
14694,DK_Solar,2050,3,6,6,0.0
14695,DK_Solar,2050,3,7,7,0.0
14696,DK_Solar,2050,3,8,8,0.0
14697,DK_Solar,2050,3,9,9,0.0
14698,DK_Solar,2050,3,10,10,0.0
14699,DK_Solar,2050,3,11,11,0.0
14700,DK_Solar,2050,3,12,12,0.0
14701,DK_Solar,2050,3,13,13,0.0
14702,DK_Solar,2050,3,14,14,0.0
14703,DK_Solar,2050,3,15,15,0.0
14704,DK_Solar,2050,3,16,16,0.0
14705,DK_Solar,2050,3,17,17,0.0
14706,DK_Solar,2050,3,18,18,0.0
14707,DK_Solar,2050,3,19,19,0.0
14708,DK_Solar,2050,3,20,20,0.0
14709,DK_Solar,2050,3,21,21,0.0
14710,DK_Solar,2050,3,22,22,0.0
14711,DK_Solar,2050,3,23,23,0.0
14712,DK_Solar,2050,3,24,24,0.0
14713,DK_Solar,2050,4,1,1,0.0
14714,DK_Solar,2050,4,2,2,0.0
14715,DK_Solar,2050,4,3,3,0.0
14716,DK_Solar,2050,4,4,4,0.0
14717,DK_Solar,2050,4,5,5,-0.4071
14718,DK_Solar,2050,4,6,6,-0.4071
14719,DK_Solar,2050,4,7,7,-0.4071
14720,DK_Solar,2050,4,8,8,-0.4071
14721,DK_Solar,2050,4,9,9,-0.4071
14722,DK_Solar,2050,4,10,10,0.0
14723,DK_Solar,2050,4,11,11,0.0
14724,DK_Solar,2050,4,12,12,0.0
14725,DK_Solar,2050,4,13,13,0.0
14726,DK_Solar,2050,4,14,14,-0.4071
14727,DK_Solar,2050,4,15,15,-0.4071
14728,DK_Solar,2050,4,16,16,-0.4071
14729,DK_Solar,2050,4,17,17,-13.171165705666336
14730,DK_Solar,2050,4,18,18,-0.4071
14731,DK_Solar,2050,4,19,19,-0.4071
14732,DK_Solar,2050,4,20,20,0.0
14733,DK_Solar,2050,4,21,21,0.0
14734,DK_Solar,2050,4,22,22,0.0
14735,DK_Solar,2050,4,23,23,0.0
14736,DK_Solar,2050,4,24,24,0.0
14737,DK_Solar,2050,5,1,1,0.0
14738,DK_Solar,2050,5,2,2,0.0
14739,DK_Solar,2050,5,3,3,0.0
14740,DK_Solar,2050,5,4,4,0.0
14741,DK_Solar,2050,5,5,5,0.0
14742,DK_Solar,2050,5,6,6,0.0
14743,DK_Solar,2050,5,7,7,0.0
14744,DK_Solar,2050,5,8,8,0.0
14745,DK_Solar,2050,5,9,9,0.0
14746,DK_Solar,2050,5,10,10,0.0
14747,DK_Solar,2050,5,11,11,0.0
14748,DK_Solar,2050,5,12,12,0.0
14749,DK_Solar,2050,5,13,13,0.0
14750,DK_Solar,2050,5,14,14,0.0
14751,DK_Solar,2050,5,15,15,0.0
14752,DK_Solar,2050,5,16,16,0.0
14753,DK_Solar,2050,5,17,17,0.0
14754,DK_Solar,2050,5,18,18,0.0
14755,DK_Solar,2050,5,19,19,0.0
14756,DK_Solar,2050,5,20,20,0.0
14757,DK_Solar,2050,5,21,21,0.0
14758,DK_Solar,2050,5,22,22,0.0
14759,DK_Solar,2050,5,23,23,0.0
14760,DK_Solar,2050,5,24,24,0.0
14761,DK_Solar,2050,6,1,1,0.0
14762,DK_Solar,2050,6,2,2,0.0
14763,DK_Solar,2050,6,3,3,-0.3186
14764,DK_Solar,2050,6,4,4,-0.3186
14765,DK_Solar,2050,6,5,5,-0.5940000000000001
14766,DK_Solar,2050,6,6,6,-0.5940000000000001
14767,DK_Solar,2050,6,7,7,-0.5940000000000001
14768,DK_Solar,2050,6,8,8,-0.3186
14769,DK_Solar,2050,6,9,9,-0.3186
14770,DK_Solar,2050,6,10,10,-0.3186
14771,DK_Solar,2050,6,11,11,0.0
14772,DK_Solar,2050,6,12,12,0.0
14773,DK_Solar,2050,6,13,13,0.0
14774,DK_Solar,2050,6,14,14,0.0
14775,DK_Solar,2050,6,15,15,0.0
14776,DK_Solar,2050,6,16,16,0.0
14777,DK_Solar,2050,6,17,17,0.0
14778,DK_Solar,2050,6,18,18,0.0
14779,DK_Solar,2050,6,19,19,0.0
14780,DK_Solar,2050,6,20,20,0.0
14781,DK_Solar,2050,6,21,21,0.0
14782,DK_Solar,2050,6,22,22,0.0
14783,DK_Solar,2050,6,23,23,0.0
14784,DK_Solar,2050,6,24,24,0.0
14785,DK_Solar,2050,7,1,1,0.0
14786,DK_Solar,2050,7,2,2,0.0
14787,DK_Solar,2050,7,3,3,0.0
14788,DK_Solar,2050,7,4,4,0.0
14789,DK_Solar,2050,7,5,5,0.0
14790,DK_Solar,2050,7,6,6,0.0
14791,DK_Solar,2050,7,7,7,0.0
14792,DK_Solar,2050,7,8,8,0.0
14793,DK_Solar,2050,7,9,9,0.0
14794,DK_Solar,2050,7,10,10,0.0
14795,DK_Solar,2050,7,11,11,0.0
14796,DK_Solar,2050,7,12,12,0.0
14797,DK_Solar,2050,7,13,13,0.0
14798,DK_Solar,2050,7,14,14,0.0
14799,DK_Solar,2050,7,15,15,0.0
14800,DK_Solar,2050,7,16,16,0.0
14801,DK_Solar,2050,7,17,17,-0.6549
14802,DK_Solar,2050,7,18,18,-0.6549
14803,DK_Solar,2050,7,19,19,0.0
14804,DK_Solar,2050,7,20,20,0.0
14805,DK_Solar,2050,7,21,21,0.0
14806,DK_Solar,2050,7,22,22,0.0
14807,DK_Solar,2050,7,23,23,0.0
14808,DK_Solar,2050,7,24,24,0.0
14809,DK_Solar,2050,8,1,1,0.0
14810,DK_Solar,2050,8,2,2,0.0
14811,DK_Solar,2050,8,3,3,0.0
14812,DK_Solar,2050,8,4,4,0.0
14813,DK_Solar,2050,8,5,5,0.0
14814,DK_Solar,2050,8,6,6,0.0
14815,DK_Solar,2050,8,7,7,0.0
14816,DK_Solar,2050,8,8,8,0.0
14817,DK_Solar,2050,8,9,9,0.0
14818,DK_Solar,2050,8,10,10,0.0
14819,DK_Solar,2050,8,11,11,0.0
14820,DK_Solar,2050,8,12,12,0.0
14821,DK_Solar,2050,8,13,13,0.0
14822,DK_Solar,2050,8,14,14,0.0
14823,DK_Solar,2050,8,15,15,0.0
14824,DK_Solar,2050,8,16,16,0.0
14825,DK_Solar,2050,8,17,17,0.0
14826,DK_Solar,2050,8,18,18,0.0
14827,DK_Solar,2050,8,19,19,0.0
14828,DK_Solar,2050,8,20,20,0.0
14829,DK_Solar,2050,8,21,21,0.0
14830,DK_Solar,2050,8,22,22,0.0
14831,DK_Solar,2050,8,23,23,0.0
14832,DK_Solar,2050,8,24,24,0.0
14833,DK_Solar,2050,9,1,1,0.0
14834,DK_Solar,2050,9,2,2,0.0
14835,DK_Solar,2050,9,3,3,0.0
14836,DK_Solar,2050,9,4,4,0.0
14837,DK_Solar,2050,9,5,5,0.0
14838,DK_Solar,2050,9,6,6,0.0
14839,DK_Solar,2050,9,7,7,0.0
14840,DK_Solar,2050,9,8,8,0.0
14841,DK_Solar,2050,9,9,9,0.0
14842,DK_Solar,2050,9,10,10,0.0
14843,DK_Solar,2050,9,11,11,0.0
14844,DK_Solar,2050,9,12,12,0.0
14845,DK_Solar,2050,9,13,13,0.0
14846,DK_Solar,2050,9,14,14,0.0
14847,DK_Solar,2050,9,15,15,0.0
14848,DK_Solar,2050,9,16,16,0.0
14849,DK_Solar,2050,9,17,17,0.0
14850,DK_Solar,2050,9,18,18,0.0
14851,DK_Solar,2050,9,19,19,0.0
14852,DK_Solar,2050,9,20,20,0.0
14853,DK_Solar,2050,9,21,21,0.0
14854,DK_Solar,2050,9,22,22,0.0
14855,DK_Solar,2050,9,23,23,0.0
14856,DK_Solar,2050,9,24,24,0.0
14857,DK_Solar,2050,10,1,1,-1.518
14858,DK_Solar,2050,10,2,2,-1.518
14859,DK_Solar,2050,10,3,3,-1.518
14860,DK_Solar,2050,10,4,4,-1.518
14861,DK_Solar,2050,10,5,5,-2.3459999999999996
14862,DK_Solar,2050,10,6,6,-2.3459999999999996
14863,DK_Solar,2050,10,7,7,-2.3459999999999996
14864,DK_Solar,2050,10,8,8,-2.3459999999999996
14865,DK_Solar,2050,10,9,9,-2.3459999999999996
14866,DK_Solar,2050,10,10,10,-2.3459999999999996
14867,DK_Solar,2050,10,11,11,-2.3459999999999996
14868,DK_Solar,2050,10,12,12,-2.3459999999999996
14869,DK_Solar,2050,10,13,13,-9.563965705666341
14870,DK_Solar,2050,10,14,14,-9.563965705666341
14871,DK_Solar,2050,10,15,15,-9.563965705666341
14872,DK_Solar,2050,10,16,16,-9.563965705666341
14873,DK_Solar,2050,10,17,17,-2.3459999999999996
14874,DK_Solar,2050,10,18,18,-2.3459999999999996
14875,DK_Solar,2050,10,19,19,-1.518
14876,DK_Solar,2050,10,20,20,-1.518
14877,DK_Solar,2050,10,21,21,-0.8142
14878,DK_Solar,2050,10,22,22,-0.8142
14879,DK_Solar,2050,10,23,23,-0.8142
14880,DK_Solar,2050,10,24,24,-0.8142
14881,DK_Wind_Offshore,2050,1,1,1,0.0
14882,DK_Wind_Offshore,2050,1,2,2,0.0
14883,DK_Wind_Offshore,2050,1,3,3,0.0
14884,DK_Wind_Offshore,2050,1,4,4,-1.8762
14885,DK_Wind_Offshore,2050,1,5,5,-1.749
14886,DK_Wind_Offshore,2050,1,6,6,-1.749
14887,DK_Wind_Offshore,2050,1,7,7,-1.749
14888,DK_Wind_Offshore,2050,1,8,8,-1.749
14889,DK_Wind_Offshore,2050,1,9,9,-1.749
14890,DK_Wind_Offshore,2050,1,10,10,-1.749
14891,DK_Wind_Offshore,2050,1,11,11,-1.749
14892,DK_Wind_Offshore,2050,1,12,12,-2.703
14893,DK_Wind_Offshore,2050,1,13,13,-2.703
14894,DK_Wind_Offshore,2050,1,14,14,-2.703
14895,DK_Wind_Offshore,2050,1,15,15,-2.703
14896,DK_Wind_Offshore,2050,1,16,16,-2.703
14897,DK_Wind_Offshore,2050,1,17,17,-1.749
14898,DK_Wind_Offshore,2050,1,18,18,-1.749
14899,DK_Wind_Offshore,2050,1,19,19,-1.749
14900,DK_Wind_Offshore,2050,1,20,20,-1.749
14901,DK_Wind_Offshore,2050,1,21,21,-1.749
14902,DK_Wind_Offshore,2050,1,22,22,-1.749
14903,DK_Wind_Offshore,2050,1,23,23,-0.9381
14904,DK_Wind_Offshore,2050,1,24,24,0.0
14905,DK_Wind_Offshore,2050,2,1,1,0.0
14906,DK_Wind_Offshore,2050,2,2,2,0.0
14907,DK_Wind_Offshore,2050,2,3,3,0.0
14908,DK_Wind_Offshore,2050,2,4,4,0.0
14909,DK_Wind_Offshore,2050,2,5,5,-0.5841000000000001
14910,DK_Wind_Offshore,2050,2,6,6,-0.5841000000000001
14911,DK_Wind_Offshore,2050,2,7,7,-0.5841000000000001
14912,DK_Wind_Offshore,2050,2,8,8,-0.5841000000000001
14913,DK_Wind_Offshore,2050,2,9,9,-0.5841000000000001
14914,DK_Wind_Offshore,2050,2,10,10,-0.5841000000000001
14915,DK_Wind_Offshore,2050,2,11,11,-0.5841000000000001
14916,DK_Wind_Offshore,2050,2,12,12,-0.5841000000000001
14917,DK_Wind_Offshore,2050,2,13,13,-0.5841000000000001
14918,DK_Wind_Offshore,2050,2,14,14,-0.5841000000000001
14919,DK_Wind_Offshore,2050,2,15,15,-0.5841000000000001
14920,DK_Wind_Offshore,2050,2,16,16,-1.089
14921,DK_Wind_Offshore,2050,2,17,17,-0.5841000000000001
14922,DK_Wind_Offshore,2050,2,18,18,-0.5841000000000001
14923,DK_Wind_Offshore,2050,2,19,19,-0.5841000000000001
14924,DK_Wind_Offshore,2050,2,20,20,-0.5841000000000001
14925,DK_Wind_Offshore,2050,2,21,21,0.0
14926,DK_Wind_Offshore,2050,2,22,22,0.0
14927,DK_Wind_Offshore,2050,2,23,23,0.0
14928,DK_Wind_Offshore,2050,2,24,24,0.0
14929,DK_Wind_Offshore,2050,3,1,1,0.0
14930,DK_Wind_Offshore,2050,3,2,2,0.0
14931,DK_Wind_Offshore,2050,3,3,3,0.0
14932,DK_Wind_Offshore,2050,3,4,4,0.0
14933,DK_Wind_Offshore,2050,3,5,5,0.0
14934,DK_Wind_Offshore,2050,3,6,6,0.0
14935,DK_Wind_Offshore,2050,3,7,7,0.0
14936,DK_Wind_Offshore,2050,3,8,8,0.0
14937,DK_Wind_Offshore,2050,3,9,9,0.0
14938,DK_Wind_Offshore,2050,3,10,10,0.0
14939,DK_Wind_Offshore,2050,3,11,11,0.0
14940,DK_Wind_Offshore,2050,3,12,12,0.0
14941,DK_Wind_Offshore,2050,3,13,13,0.0
14942,DK_Wind_Offshore,2050,3,14,14,0.0
14943,DK_Wind_Offshore,2050,3,15,15,0.0
14944,DK_Wind_Offshore,2050,3,16,16,0.0
14945,DK_Wind_Offshore,2050,3,17,17,0.0
14946,DK_Wind_Offshore,2050,3,18,18,0.0
14947,DK_Wind_Offshore,2050,3,19,19,0.0
14948,DK_Wind_Offshore,2050,3,20,20,0.0
14949,DK_Wind_Offshore,2050,3,21,21,0.0
14950,DK_Wind_Offshore,2050,3,22,22,0.0
14951,DK_Wind_Offshore,2050,3,23,23,0.0
14952,DK_Wind_Offshore,2050,3,24,24,0.0
14953,DK_Wind_Offshore,2050,4,1,1,0.0
14954,DK_Wind_Offshore,2050,4,2,2,0.0
14955,DK_Wind_Offshore,2050,4,3,3,0.0
14956,DK_Wind_Offshore,2050,4,4,4,0.0
14957,DK_Wind_Offshore,2050,4,5,5,-0.4071
14958,DK_Wind_Offshore,2050,4,6,6,-0.4071
14959,DK_Wind_Offshore,2050,4,7,7,-0.4071
14960,DK_Wind_Offshore,2050,4,8,8,-0.4071
14961,DK_Wind_Offshore,2050,4,9,9,-0.4071
14962,DK_Wind_Offshore,2050,4,10,10,0.0
14963,DK_Wind_Offshore,2050,4,11,11,0.0
14964,DK_Wind_Offshore,2050,4,12,12,0.0
14965,DK_Wind_Offshore,2050,4,13,13,0.0
14966,DK_Wind_Offshore,2050,4,14,14,-0.4071
14967,DK_Wind_Offshore,2050,4,15,15,-0.4071
14968,DK_Wind_Offshore,2050,4,16,16,-0.4071
14969,DK_Wind_Offshore,2050,4,17,17,-13.171165705666336
14970,DK_Wind_Offshore,2050,4,18,18,-0.4071
14971,DK_Wind_Offshore,2050,4,19,19,-0.4071
14972,DK_Wind_Offshore,2050,4,20,20,0.0
14973,DK_Wind_Offshore,2050,4,21,21,0.0
14974,DK_Wind_Offshore,2050,4,22,22,0.0
14975,DK_Wind_Offshore,2050,4,23,23,0.0
14976,DK_Wind_Offshore,2050,4,24,24,0.0
14977,DK_Wind_Offshore,2050,5,1,1,0.0
14978,DK_Wind_Offshore,2050,5,2,2,0.0
14979,DK_Wind_Offshore,2050,5,3,3,0.0
14980,DK_Wind_Offshore,2050,5,4,4,0.0
14981,DK_Wind_Offshore,2050,5,5,5,0.0
14982,DK_Wind_Offshore,2050,5,6,6,0.0
14983,DK_Wind_Offshore,2050,5,7,7,0.0
14984,DK_Wind_Offshore,2050,5,8,8,0.0
14985,DK_Wind_Offshore,2050,5,9,9,0.0
14986,DK_Wind_Offshore,2050,5,10,10,0.0
14987,DK_Wind_Offshore,2050,5,11,11,0.0
14988,DK_Wind_Offshore,2050,5,12,12,0.0
14989,DK_Wind_Offshore,2050,5,13,13,0.0
14990,DK_Wind_Offshore,2050,5,14,14,0.0
14991,DK_Wind_Offshore,2050,5,15,15,0.0
14992,DK_Wind_Offshore,2050,5,16,16,0.0
14993,DK_Wind_Offshore,2050,5,17,17,0.0
14994,DK_Wind_Offshore,2050,5,18,18,0.0
14995,DK_Wind_Offshore,2050,5,19,19,0.0
14996,DK_Wind_Offshore,2050,5,20,20,0.0
14997,DK_Wind_Offshore,2050,5,21,21,0.0
14998,DK_Wind_Offshore,2050,5,22,22,0.0
14999,DK_Wind_Offshore,2050,5,23,23,0.0
15000,DK_Wind_Offshore,2050,5,24,24,0.0
15001,DK_Wind_Offshore,2050,6,1,1,0.0
15002,DK_Wind_Offshore,2050,6,2,2,0.0
15003,DK_Wind_Offshore,2050,6,3,3,-0.3186
15004,DK_Wind_Offshore,2050,6,4,4,-0.3186
15005,DK_Wind_Offshore,2050,6,5,5,-0.5940000000000001
15006,DK_Wind_Offshore,2050,6,6,6,-0.5940000000000001
15007,DK_Wind_Offshore,2050,6,7,7,-0.5940000000000001
15008,DK_Wind_Offshore,2050,6,8,8,-0.3186
15009,DK_Wind_Offshore,2050,6,9,9,-0.3186
15010,DK_Wind_Offshore,2050,6,10,10,-0.3186
15011,DK_Wind_Offshore,2050,6,11,11,0.0
15012,DK_Wind_Offshore,2050,6,12,12,0.0
15013,DK_Wind_Offshore,2050,6,13,13,0.0
15014,DK_Wind_Offshore,2050,6,14,14,0.0
15015,DK_Wind_Offshore,2050,6,15,15,0.0
15016,DK_Wind_Offshore,2050,6,16,16,0.0
15017,DK_Wind_Offshore,2050,6,17,17,0.0
15018,DK_Wind_Offshore,2050,6,18,18,0.0
15019,DK_Wind_Offshore,2050,6,19,19,0.0
15020,DK_Wind_Offshore,2050,6,20,20,0.0
15021,DK_Wind_Offshore,2050,6,21,21,0.0
15022,DK_Wind_Offshore,2050,6,22,22,0.0
15023,DK_Wind_Offshore,2050,6,23,23,0.0
15024,DK_Wind_Offshore,2050,6,24,24,0.0
15025,DK_Wind_Offshore,2050,7,1,1,0.0
15026,DK_Wind_Offshore,2050,7,2,2,0.0
15027,DK_Wind_Offshore,2050,7,3,3,0.0
15028,DK_Wind_Offshore,2050,7,4,4,0.0
15029,DK_Wind_Offshore,2050,7,5,5,0.0
15030,DK_Wind_Offshore,2050,7,6,6,0.0
15031,DK_Wind_Offshore,2050,7,7,7,0.0
15032,DK_Wind_Offshore,2050,7,8,8,0.0
15033,DK_Wind_Offshore,2050,7,9,9,0.0
15034,DK_Wind_Offshore,2050,7,10,10,0.0
15035,DK_Wind_Offshore,2050,7,11,11,0.0
15036,DK_Wind_Offshore,2050,7,12,12,0.0
15037,DK_Wind_Offshore,2050,7,13,13,0.0
15038,DK_Wind_Offshore,2050,7,14,14,0.0
15039,DK_Wind_Offshore,2050,7,15,15,0.0
15040,DK_Wind_Offshore,2050,7,16,16,0.0
15041,DK_Wind_Offshore,2050,7,17,17,-0.6549
15042,DK_Wind_Offshore,2050,7,18,18,-0.6549
15043,DK_Wind_Offshore,2050,7,19,19,0.0
15044,DK_Wind_Offshore,2050,7,20,20,0.0
15045,DK_Wind_Offshore,2050,7,21,21,0.0
15046,DK_Wind_Offshore,2050,7,22,22,0.0
15047,DK_Wind_Offshore,2050,7,23,23,0.0
15048,DK_Wind_Offshore,2050,7,24,24,0.0
15049,DK_Wind_Offshore,2050,8,1,1,0.0
15050,DK_Wind_Offshore,2050,8,2,2,0.0
15051,DK_Wind_Offshore,2050,8,3,3,0.0
15052,DK_Wind_Offshore,2050,8,4,4,0.0
15053,DK_Wind_Offshore,2050,8,5,5,0.0
15054,DK_Wind_Offshore,2050,8,6,6,0.0
15055,DK_Wind_Offshore,2050,8,7,7,0.0
15056,DK_Wind_Offshore,2050,8,8,8,0.0
15057,DK_Wind_Offshore,2050,8,9,9,0.0
15058,DK_Wind_Offshore,2050,8,10,10,0.0
15059,DK_Wind_Offshore,2050,8,11,11,0.0
15060,DK_Wind_Offshore,2050,8,12,12,0.0
15061,DK_Wind_Offshore,2050,8,13,13,0.0
15062,DK_Wind_Offshore,2050,8,14,14,0.0
15063,DK_Wind_Offshore,2050,8,15,15,0.0
15064,DK_Wind_Offshore,2050,8,16,16,0.0
15065,DK_Wind_Offshore,2050,8,17,17,0.0
15066,DK_Wind_Offshore,2050,8,18,18,0.0
15067,DK_Wind_Offshore,2050,8,19,19,0.0
15068,DK_Wind_Offshore,2050,8,20,20,0.0
15069,DK_Wind_Offshore,2050,8,21,21,0.0
15070,DK_Wind_Offshore,2050,8,22,22,0.0
15071,DK_Wind_Offshore,2050,8,23,23,0.0
15072,DK_Wind_Offshore,2050,8,24,24,0.0
15073,DK_Wind_Offshore,2050,9,1,1,0.0
15074,DK_Wind_Offshore,2050,9,2,2,0.0
15075,DK_Wind_Offshore,2050,9,3,3,0.0
15076,DK_Wind_Offshore,2050,9,4,4,0.0
15077,DK_Wind_Offshore,2050,9,5,5,0.0
15078,DK_Wind_Offshore,2050,9,6,6,0.0
15079,DK_Wind_Offshore,2050,9,7,7,0.0
15080,DK_Wind_Offshore,2050,9,8,8,0.0
15081,DK_Wind_Offshore,2050,9,9,9,0.0
15082,DK_Wind_Offshore,2050,9,10,10,0.0
15083,DK_Wind_Offshore,2050,9,11,11,0.0
15084,DK_Wind_Offshore,2050,9,12,12,0.0
15085,DK_Wind_Offshore,2050,9,13,13,0.0
15086,DK_Wind_Offshore,2050,9,14,14,0.0
15087,DK_Wind_Offshore,2050,9,15,15,0.0
15088,DK_Wind_Offshore,2050,9,16,16,0.0
15089,DK_Wind_Offshore,2050,9,17,17,0.0
15090,DK_Wind_Offshore,2050,9,18,18,0.0
15091,DK_Wind_Offshore,2050,9,19,19,0.0
15092,DK_Wind_Offshore,2050,9,20,20,0.0
15093,DK_Wind_Offshore,2050,9,21,21,0.0
15094,DK_Wind_Offshore,2050,9,22,22,0.0
15095,DK_Wind_Offshore,2050,9,23,23,0.0
15096,DK_Wind_Offshore,2050,9,24,24,0.0
15097,DK_Wind_Offshore,2050,10,1,1,-1.518
15098,DK_Wind_Offshore,2050,10,2,2,-1.518
15099,DK_Wind_Offshore,2050,10,3,3,-1.518
15100,DK_Wind_Offshore,2050,10,4,4,-1.518
15101,DK_Wind_Offshore,2050,10,5,5,-2.3459999999999996
15102,DK_Wind_Offshore,2050,10,6,6,-2.3459999999999996
15103,DK_Wind_Offshore,2050,10,7,7,-2.3459999999999996
15104,DK_Wind_Offshore,2050,10,8,8,-2.3459999999999996
15105,DK_Wind_Offshore,2050,10,9,9,-2.3459999999999996
15106,DK_Wind_Offshore,2050,10,10,10,-2.3459999999999996
15107,DK_Wind_Offshore,2050,10,11,11,-2.3459999999999996
15108,DK_Wind_Offshore,2050,10,12,12,-2.3459999999999996
15109,DK_Wind_Offshore,2050,10,13,13,-9.563965705666341
15110,DK_Wind_Offshore,2050,10,14,14,-9.563965705666341
15111,DK_Wind_Offshore,2050,10,15,15,-9.563965705666341
15112,DK_Wind_Offshore,2050,10,16,16,-9.563965705666341
15113,DK_Wind_Offshore,2050,10,17,17,-2.3459999999999996
15114,DK_Wind_Offshore,2050,10,18,18,-2.3459999999999996
15115,DK_Wind_Offshore,2050,10,19,19,-1.518
15116,DK_Wind_Offshore,2050,10,20,20,-1.518
15117,DK_Wind_Offshore,2050,10,21,21,-0.8142
15118,DK_Wind_Offshore,2050,10,22,22,-0.8142
15119,DK_Wind_Offshore,2050,10,23,23,-0.8142
15120,DK_Wind_Offshore,2050,10,24,24,-0.8142
15121,EE_Battery,2050,1,1,1,0.0
15122,EE_Battery,2050,1,2,2,0.0
15123,EE_Battery,2050,1,3,3,0.0
15124,EE_Battery,2050,1,4,4,0.0
15125,EE_Battery,2050,1,5,5,0.0
15126,EE_Battery,2050,1,6,6,0.0
15127,EE_Battery,2050,1,7,7,0.0
15128,EE_Battery,2050,1,8,8,0.0
15129,EE_Battery,2050,1,9,9,0.0
15130,EE_Battery,2050,1,10,10,0.0
15131,EE_Battery,2050,1,11,11,0.0
15132,EE_Battery,2050,1,12,12,0.0
15133,EE_Battery,2050,1,13,13,0.0
15134,EE_Battery,2050,1,14,14,0.0
15135,EE_Battery,2050,1,15,15,0.0
15136,EE_Battery,2050,1,16,16,0.0
15137,EE_Battery,2050,1,17,17,0.0
15138,EE_Battery,2050,1,18,18,0.0
15139,EE_Battery,2050,1,19,19,0.0
15140,EE_Battery,2050,1,20,20,0.0
15141,EE_Battery,2050,1,21,21,-12.637165705666336
15142,EE_Battery,2050,1,22,22,0.0
15143,EE_Battery,2050,1,23,23,0.0
15144,EE_Battery,2050,1,24,24,0.0
15145,EE_Battery,2050,2,1,1,0.0
15146,EE_Battery,2050,2,2,2,0.0
15147,EE_Battery,2050,2,3,3,0.0
15148,EE_Battery,2050,2,4,4,0.0
15149,EE_Battery,2050,2,5,5,0.0
15150,EE_Battery,2050,2,6,6,0.0
15151,EE_Battery,2050,2,7,7,0.0
15152,EE_Battery,2050,2,8,8,0.0
15153,EE_Battery,2050,2,9,9,0.0
15154,EE_Battery,2050,2,10,10,0.0
15155,EE_Battery,2050,2,11,11,0.0
15156,EE_Battery,2050,2,12,12,0.0
15157,EE_Battery,2050,2,13,13,0.0
15158,EE_Battery,2050,2,14,14,0.0
15159,EE_Battery,2050,2,15,15,0.0
15160,EE_Battery,2050,2,16,16,0.0
15161,EE_Battery,2050,2,17,17,0.0
15162,EE_Battery,2050,2,18,18,0.0
15163,EE_Battery,2050,2,19,19,0.0
15164,EE_Battery,2050,2,20,20,0.0
15165,EE_Battery,2050,2,21,21,0.0
15166,EE_Battery,2050,2,22,22,0.0
15167,EE_Battery,2050,2,23,23,0.0
15168,EE_Battery,2050,2,24,24,0.0
15169,EE_Battery,2050,3,1,1,0.0
15170,EE_Battery,2050,3,2,2,0.0
15171,EE_Battery,2050,3,3,3,0.0
15172,EE_Battery,2050,3,4,4,0.0
15173,EE_Battery,2050,3,5,5,0.0
15174,EE_Battery,2050,3,6,6,0.0
15175,EE_Battery,2050,3,7,7,0.0
15176,EE_Battery,2050,3,8,8,0.0
15177,EE_Battery,2050,3,9,9,0.0
15178,EE_Battery,2050,3,10,10,0.0
15179,EE_Battery,2050,3,11,11,0.0
15180,EE_Battery,2050,3,12,12,0.0
15181,EE_Battery,2050,3,13,13,0.0
15182,EE_Battery,2050,3,14,14,0.0
15183,EE_Battery,2050,3,15,15,0.0
15184,EE_Battery,2050,3,16,16,0.0
15185,EE_Battery,2050,3,17,17,0.0
15186,EE_Battery,2050,3,18,18,0.0
15187,EE_Battery,2050,3,19,19,0.0
15188,EE_Battery,2050,3,20,20,0.0
15189,EE_Battery,2050,3,21,21,0.0
15190,EE_Battery,2050,3,22,22,0.0
15191,EE_Battery,2050,3,23,23,0.0
15192,EE_Battery,2050,3,24,24,0.0
15193,EE_Battery,2050,4,1,1,0.0
15194,EE_Battery,2050,4,2,2,0.0
15195,EE_Battery,2050,4,3,3,0.0
15196,EE_Battery,2050,4,4,4,0.0
15197,EE_Battery,2050,4,5,5,0.0
15198,EE_Battery,2050,4,6,6,0.0
15199,EE_Battery,2050,4,7,7,0.0
15200,EE_Battery,2050,4,8,8,0.0
15201,EE_Battery,2050,4,9,9,0.0
15202,EE_Battery,2050,4,10,10,0.0
15203,EE_Battery,2050,4,11,11,0.0
15204,EE_Battery,2050,4,12,12,0.0
15205,EE_Battery,2050,4,13,13,0.0
15206,EE_Battery,2050,4,14,14,0.0
15207,EE_Battery,2050,4,15,15,0.0
15208,EE_Battery,2050,4,16,16,0.0
15209,EE_Battery,2050,4,17,17,0.0
15210,EE_Battery,2050,4,18,18,0.0
15211,EE_Battery,2050,4,19,19,0.0
15212,EE_Battery,2050,4,20,20,0.0
15213,EE_Battery,2050,4,21,21,0.0
15214,EE_Battery,2050,4,22,22,0.0
15215,EE_Battery,2050,4,23,23,0.0
15216,EE_Battery,2050,4,24,24,0.0
15217,EE_Battery,2050,5,1,1,0.0
15218,EE_Battery,2050,5,2,2,0.0
15219,EE_Battery,2050,5,3,3,0.0
15220,EE_Battery,2050,5,4,4,0.0
15221,EE_Battery,2050,5,5,5,0.0
15222,EE_Battery,2050,5,6,6,0.0
15223,EE_Battery,2050,5,7,7,0.0
15224,EE_Battery,2050,5,8,8,0.0
15225,EE_Battery,2050,5,9,9,0.0
15226,EE_Battery,2050,5,10,10,0.0
15227,EE_Battery,2050,5,11,11,0.0
15228,EE_Battery,2050,5,12,12,0.0
15229,EE_Battery,2050,5,13,13,0.0
15230,EE_Battery,2050,5,14,14,0.0
15231,EE_Battery,2050,5,15,15,0.0
15232,EE_Battery,2050,5,16,16,0.0
15233,EE_Battery,2050,5,17,17,0.0
15234,EE_Battery,2050,5,18,18,0.0
15235,EE_Battery,2050,5,19,19,0.0
15236,EE_Battery,2050,5,20,20,0.0
15237,EE_Battery,2050,5,21,21,0.0
15238,EE_Battery,2050,5,22,22,0.0
15239,EE_Battery,2050,5,23,23,0.0
15240,EE_Battery,2050,5,24,24,0.0
15241,EE_Battery,2050,6,1,1,0.0
15242,EE_Battery,2050,6,2,2,0.0
15243,EE_Battery,2050,6,3,3,0.0
15244,EE_Battery,2050,6,4,4,0.0
15245,EE_Battery,2050,6,5,5,0.0
15246,EE_Battery,2050,6,6,6,0.0
15247,EE_Battery,2050,6,7,7,0.0
15248,EE_Battery,2050,6,8,8,0.0
15249,EE_Battery,2050,6,9,9,0.0
15250,EE_Battery,2050,6,10,10,0.0
15251,EE_Battery,2050,6,11,11,0.0
15252,EE_Battery,2050,6,12,12,0.0
15253,EE_Battery,2050,6,13,13,0.0
15254,EE_Battery,2050,6,14,14,0.0
15255,EE_Battery,2050,6,15,15,0.0
15256,EE_Battery,2050,6,16,16,0.0
15257,EE_Battery,2050,6,17,17,0.0
15258,EE_Battery,2050,6,18,18,0.0
15259,EE_Battery,2050,6,19,19,0.0
15260,EE_Battery,2050,6,20,20,0.0
15261,EE_Battery,2050,6,21,21,0.0
15262,EE_Battery,2050,6,22,22,0.0
15263,EE_Battery,2050,6,23,23,0.0
15264,EE_Battery,2050,6,24,24,0.0
15265,EE_Battery,2050,7,1,1,0.0
15266,EE_Battery,2050,7,2,2,0.0
15267,EE_Battery,2050,7,3,3,0.0
15268,EE_Battery,2050,7,4,4,0.0
15269,EE_Battery,2050,7,5,5,0.0
15270,EE_Battery,2050,7,6,6,0.0
15271,EE_Battery,2050,7,7,7,0.0
15272,EE_Battery,2050,7,8,8,0.0
15273,EE_Battery,2050,7,9,9,0.0
15274,EE_Battery,2050,7,10,10,0.0
15275,EE_Battery,2050,7,11,11,0.0
15276,EE_Battery,2050,7,12,12,0.0
15277,EE_Battery,2050,7,13,13,0.0
15278,EE_Battery,2050,7,14,14,0.0
15279,EE_Battery,2050,7,15,15,0.0
15280,EE_Battery,2050,7,16,16,0.0
15281,EE_Battery,2050,7,17,17,0.0
15282,EE_Battery,2050,7,18,18,0.0
15283,EE_Battery,2050,7,19,19,0.0
15284,EE_Battery,2050,7,20,20,0.0
15285,EE_Battery,2050,7,21,21,0.0
15286,EE_Battery,2050,7,22,22,0.0
15287,EE_Battery,2050,7,23,23,0.0
15288,EE_Battery,2050,7,24,24,0.0
15289,EE_Battery,2050,8,1,1,0.0
15290,EE_Battery,2050,8,2,2,0.0
15291,EE_Battery,2050,8,3,3,0.0
15292,EE_Battery,2050,8,4,4,0.0
15293,EE_Battery,2050,8,5,5,0.0
15294,EE_Battery,2050,8,6,6,0.0
15295,EE_Battery,2050,8,7,7,0.0
15296,EE_Battery,2050,8,8,8,0.0
15297,EE_Battery,2050,8,9,9,0.0
15298,EE_Battery,2050,8,10,10,0.0
15299,EE_Battery,2050,8,11,11,0.0
15300,EE_Battery,2050,8,12,12,0.0
15301,EE_Battery,2050,8,13,13,0.0
15302,EE_Battery,2050,8,14,14,0.0
15303,EE_Battery,2050,8,15,15,0.0
15304,EE_Battery,2050,8,16,16,0.0
15305,EE_Battery,2050,8,17,17,0.0
15306,EE_Battery,2050,8,18,18,0.0
15307,EE_Battery,2050,8,19,19,0.0
15308,EE_Battery,2050,8,20,20,0.0
15309,EE_Battery,2050,8,21,21,0.0
15310,EE_Battery,2050,8,22,22,0.0
15311,EE_Battery,2050,8,23,23,0.0
15312,EE_Battery,2050,8,24,24,0.0
15313,EE_Battery,2050,9,1,1,0.0
15314,EE_Battery,2050,9,2,2,0.0
15315,EE_Battery,2050,9,3,3,0.0
15316,EE_Battery,2050,9,4,4,0.0
15317,EE_Battery,2050,9,5,5,0.0
15318,EE_Battery,2050,9,6,6,0.0
15319,EE_Battery,2050,9,7,7,0.0
15320,EE_Battery,2050,9,8,8,0.0
15321,EE_Battery,2050,9,9,9,0.0
15322,EE_Battery,2050,9,10,10,0.0
15323,EE_Battery,2050,9,11,11,0.0
15324,EE_Battery,2050,9,12,12,0.0
15325,EE_Battery,2050,9,13,13,0.0
15326,EE_Battery,2050,9,14,14,0.0
15327,EE_Battery,2050,9,15,15,0.0
15328,EE_Battery,2050,9,16,16,0.0
15329,EE_Battery,2050,9,17,17,0.0
15330,EE_Battery,2050,9,18,18,0.0
15331,EE_Battery,2050,9,19,19,0.0
15332,EE_Battery,2050,9,20,20,0.0
15333,EE_Battery,2050,9,21,21,0.0
15334,EE_Battery,2050,9,22,22,0.0
15335,EE_Battery,2050,9,23,23,0.0
15336,EE_Battery,2050,9,24,24,0.0
15337,EE_Battery,2050,10,1,1,0.0
15338,EE_Battery,2050,10,2,2,0.0
15339,EE_Battery,2050,10,3,3,0.0
15340,EE_Battery,2050,10,4,4,0.0
15341,EE_Battery,2050,10,5,5,0.0
15342,EE_Battery,2050,10,6,6,0.0
15343,EE_Battery,2050,10,7,7,0.0
15344,EE_Battery,2050,10,8,8,0.0
15345,EE_Battery,2050,10,9,9,0.0
15346,EE_Battery,2050,10,10,10,0.0
15347,EE_Battery,2050,10,11,11,0.0
15348,EE_Battery,2050,10,12,12,0.0
15349,EE_Battery,2050,10,13,13,0.0
15350,EE_Battery,2050,10,14,14,0.0
15351,EE_Battery,2050,10,15,15,0.0
15352,EE_Battery,2050,10,16,16,0.0
15353,EE_Battery,2050,10,17,17,0.0
15354,EE_Battery,2050,10,18,18,0.0
15355,EE_Battery,2050,10,19,19,0.0
15356,EE_Battery,2050,10,20,20,0.0
15357,EE_Battery,2050,10,21,21,0.0
15358,EE_Battery,2050,10,22,22,0.0
15359,EE_Battery,2050,10,23,23,0.0
15360,EE_Battery,2050,10,24,24,0.0
15361,EE_CCGT,2050,1,1,1,0.0
15362,EE_CCGT,2050,1,2,2,0.0
15363,EE_CCGT,2050,1,3,3,0.0
15364,EE_CCGT,2050,1,4,4,0.0
15365,EE_CCGT,2050,1,5,5,0.0
15366,EE_CCGT,2050,1,6,6,0.0
15367,EE_CCGT,2050,1,7,7,0.0
15368,EE_CCGT,2050,1,8,8,0.0
15369,EE_CCGT,2050,1,9,9,0.0
15370,EE_CCGT,2050,1,10,10,0.0
15371,EE_CCGT,2050,1,11,11,0.0
15372,EE_CCGT,2050,1,12,12,0.0
15373,EE_CCGT,2050,1,13,13,0.0
15374,EE_CCGT,2050,1,14,14,0.0
15375,EE_CCGT,2050,1,15,15,0.0
15376,EE_CCGT,2050,1,16,16,0.0
15377,EE_CCGT,2050,1,17,17,0.0
15378,EE_CCGT,2050,1,18,18,0.0
15379,EE_CCGT,2050,1,19,19,0.0
15380,EE_CCGT,2050,1,20,20,0.0
15381,EE_CCGT,2050,1,21,21,0.0
15382,EE_CCGT,2050,1,22,22,0.0
15383,EE_CCGT,2050,1,23,23,0.0
15384,EE_CCGT,2050,1,24,24,0.0
15385,EE_CCGT,2050,2,1,1,0.0
15386,EE_CCGT,2050,2,2,2,0.0
15387,EE_CCGT,2050,2,3,3,0.0
15388,EE_CCGT,2050,2,4,4,0.0
15389,EE_CCGT,2050,2,5,5,0.0
15390,EE_CCGT,2050,2,6,6,0.0
15391,EE_CCGT,2050,2,7,7,0.0
15392,EE_CCGT,2050,2,8,8,0.0
15393,EE_CCGT,2050,2,9,9,0.0
15394,EE_CCGT,2050,2,10,10,0.0
15395,EE_CCGT,2050,2,11,11,0.0
15396,EE_CCGT,2050,2,12,12,0.0
15397,EE_CCGT,2050,2,13,13,0.0
15398,EE_CCGT,2050,2,14,14,0.0
15399,EE_CCGT,2050,2,15,15,0.0
15400,EE_CCGT,2050,2,16,16,0.0
15401,EE_CCGT,2050,2,17,17,0.0
15402,EE_CCGT,2050,2,18,18,0.0
15403,EE_CCGT,2050,2,19,19,0.0
15404,EE_CCGT,2050,2,20,20,0.0
15405,EE_CCGT,2050,2,21,21,0.0
15406,EE_CCGT,2050,2,22,22,0.0
15407,EE_CCGT,2050,2,23,23,0.0
15408,EE_CCGT,2050,2,24,24,0.0
15409,EE_CCGT,2050,3,1,1,0.0
15410,EE_CCGT,2050,3,2,2,0.0
15411,EE_CCGT,2050,3,3,3,0.0
15412,EE_CCGT,2050,3,4,4,0.0
15413,EE_CCGT,2050,3,5,5,0.0
15414,EE_CCGT,2050,3,6,6,0.0
15415,EE_CCGT,2050,3,7,7,0.0
15416,EE_CCGT,2050,3,8,8,0.0
15417,EE_CCGT,2050,3,9,9,0.0
15418,EE_CCGT,2050,3,10,10,0.0
15419,EE_CCGT,2050,3,11,11,0.0
15420,EE_CCGT,2050,3,12,12,0.0
15421,EE_CCGT,2050,3,13,13,0.0
15422,EE_CCGT,2050,3,14,14,0.0
15423,EE_CCGT,2050,3,15,15,0.0
15424,EE_CCGT,2050,3,16,16,0.0
15425,EE_CCGT,2050,3,17,17,0.0
15426,EE_CCGT,2050,3,18,18,0.0
15427,EE_CCGT,2050,3,19,19,0.0
15428,EE_CCGT,2050,3,20,20,0.0
15429,EE_CCGT,2050,3,21,21,0.0
15430,EE_CCGT,2050,3,22,22,0.0
15431,EE_CCGT,2050,3,23,23,0.0
15432,EE_CCGT,2050,3,24,24,0.0
15433,EE_CCGT,2050,4,1,1,0.0
15434,EE_CCGT,2050,4,2,2,0.0
15435,EE_CCGT,2050,4,3,3,0.0
15436,EE_CCGT,2050,4,4,4,0.0
15437,EE_CCGT,2050,4,5,5,0.0
15438,EE_CCGT,2050,4,6,6,0.0
15439,EE_CCGT,2050,4,7,7,0.0
15440,EE_CCGT,2050,4,8,8,0.0
15441,EE_CCGT,2050,4,9,9,0.0
15442,EE_CCGT,2050,4,10,10,0.0
15443,EE_CCGT,2050,4,11,11,0.0
15444,EE_CCGT,2050,4,12,12,0.0
15445,EE_CCGT,2050,4,13,13,-10.129165705666336
15446,EE_CCGT,2050,4,14,14,-10.129165705666336
15447,EE_CCGT,2050,4,15,15,-10.129165705666336
15448,EE_CCGT,2050,4,16,16,-10.129165705666336
15449,EE_CCGT,2050,4,17,17,-10.129165705666336
15450,EE_CCGT,2050,4,18,18,-10.129165705666336
15451,EE_CCGT,2050,4,19,19,0.0
15452,EE_CCGT,2050,4,20,20,0.0
15453,EE_CCGT,2050,4,21,21,0.0
15454,EE_CCGT,2050,4,22,22,0.0
15455,EE_CCGT,2050,4,23,23,0.0
15456,EE_CCGT,2050,4,24,24,0.0
15457,EE_CCGT,2050,5,1,1,0.0
15458,EE_CCGT,2050,5,2,2,0.0
15459,EE_CCGT,2050,5,3,3,0.0
15460,EE_CCGT,2050,5,4,4,0.0
15461,EE_CCGT,2050,5,5,5,0.0
15462,EE_CCGT,2050,5,6,6,0.0
15463,EE_CCGT,2050,5,7,7,0.0
15464,EE_CCGT,2050,5,8,8,0.0
15465,EE_CCGT,2050,5,9,9,0.0
15466,EE_CCGT,2050,5,10,10,0.0
15467,EE_CCGT,2050,5,11,11,0.0
15468,EE_CCGT,2050,5,12,12,0.0
15469,EE_CCGT,2050,5,13,13,0.0
15470,EE_CCGT,2050,5,14,14,0.0
15471,EE_CCGT,2050,5,15,15,0.0
15472,EE_CCGT,2050,5,16,16,0.0
15473,EE_CCGT,2050,5,17,17,0.0
15474,EE_CCGT,2050,5,18,18,0.0
15475,EE_CCGT,2050,5,19,19,0.0
15476,EE_CCGT,2050,5,20,20,0.0
15477,EE_CCGT,2050,5,21,21,0.0
15478,EE_CCGT,2050,5,22,22,0.0
15479,EE_CCGT,2050,5,23,23,0.0
15480,EE_CCGT,2050,5,24,24,0.0
15481,EE_CCGT,2050,6,1,1,0.0
15482,EE_CCGT,2050,6,2,2,0.0
15483,EE_CCGT,2050,6,3,3,0.0
15484,EE_CCGT,2050,6,4,4,0.0
15485,EE_CCGT,2050,6,5,5,0.0
15486,EE_CCGT,2050,6,6,6,0.0
15487,EE_CCGT,2050,6,7,7,0.0
15488,EE_CCGT,2050,6,8,8,0.0
15489,EE_CCGT,2050,6,9,9,0.0
15490,EE_CCGT,2050,6,10,10,0.0
15491,EE_CCGT,2050,6,11,11,0.0
15492,EE_CCGT,2050,6,12,12,0.0
15493,EE_CCGT,2050,6,13,13,0.0
15494,EE_CCGT,2050,6,14,14,0.0
15495,EE_CCGT,2050,6,15,15,0.0
15496,EE_CCGT,2050,6,16,16,0.0
15497,EE_CCGT,2050,6,17,17,0.0
15498,EE_CCGT,2050,6,18,18,0.0
15499,EE_CCGT,2050,6,19,19,0.0
15500,EE_CCGT,2050,6,20,20,0.0
15501,EE_CCGT,2050,6,21,21,0.0
15502,EE_CCGT,2050,6,22,22,0.0
15503,EE_CCGT,2050,6,23,23,0.0
15504,EE_CCGT,2050,6,24,24,0.0
15505,EE_CCGT,2050,7,1,1,0.0
15506,EE_CCGT,2050,7,2,2,0.0
15507,EE_CCGT,2050,7,3,3,0.0
15508,EE_CCGT,2050,7,4,4,0.0
15509,EE_CCGT,2050,7,5,5,0.0
15510,EE_CCGT,2050,7,6,6,0.0
15511,EE_CCGT,2050,7,7,7,0.0
15512,EE_CCGT,2050,7,8,8,0.0
15513,EE_CCGT,2050,7,9,9,0.0
15514,EE_CCGT,2050,7,10,10,0.0
15515,EE_CCGT,2050,7,11,11,0.0
15516,EE_CCGT,2050,7,12,12,0.0
15517,EE_CCGT,2050,7,13,13,0.0
15518,EE_CCGT,2050,7,14,14,0.0
15519,EE_CCGT,2050,7,15,15,0.0
15520,EE_CCGT,2050,7,16,16,0.0
15521,EE_CCGT,2050,7,17,17,0.0
15522,EE_CCGT,2050,7,18,18,0.0
15523,EE_CCGT,2050,7,19,19,0.0
15524,EE_CCGT,2050,7,20,20,0.0
15525,EE_CCGT,2050,7,21,21,0.0
15526,EE_CCGT,2050,7,22,22,0.0
15527,EE_CCGT,2050,7,23,23,0.0
15528,EE_CCGT,2050,7,24,24,0.0
15529,EE_CCGT,2050,8,1,1,0.0
15530,EE_CCGT,2050,8,2,2,0.0
15531,EE_CCGT,2050,8,3,3,0.0
15532,EE_CCGT,2050,8,4,4,0.0
15533,EE_CCGT,2050,8,5,5,0.0
15534,EE_CCGT,2050,8,6,6,0.0
15535,EE_CCGT,2050,8,7,7,0.0
15536,EE_CCGT,2050,8,8,8,0.0
15537,EE_CCGT,2050,8,9,9,0.0
15538,EE_CCGT,2050,8,10,10,0.0
15539,EE_CCGT,2050,8,11,11,0.0
15540,EE_CCGT,2050,8,12,12,0.0
15541,EE_CCGT,2050,8,13,13,0.0
15542,EE_CCGT,2050,8,14,14,0.0
15543,EE_CCGT,2050,8,15,15,0.0
15544,EE_CCGT,2050,8,16,16,0.0
15545,EE_CCGT,2050,8,17,17,0.0
15546,EE_CCGT,2050,8,18,18,0.0
15547,EE_CCGT,2050,8,19,19,0.0
15548,EE_CCGT,2050,8,20,20,0.0
15549,EE_CCGT,2050,8,21,21,0.0
15550,EE_CCGT,2050,8,22,22,0.0
15551,EE_CCGT,2050,8,23,23,0.0
15552,EE_CCGT,2050,8,24,24,0.0
15553,EE_CCGT,2050,9,1,1,0.0
15554,EE_CCGT,2050,9,2,2,0.0
15555,EE_CCGT,2050,9,3,3,0.0
15556,EE_CCGT,2050,9,4,4,0.0
15557,EE_CCGT,2050,9,5,5,0.0
15558,EE_CCGT,2050,9,6,6,0.0
15559,EE_CCGT,2050,9,7,7,0.0
15560,EE_CCGT,2050,9,8,8,0.0
15561,EE_CCGT,2050,9,9,9,0.0
15562,EE_CCGT,2050,9,10,10,0.0
15563,EE_CCGT,2050,9,11,11,0.0
15564,EE_CCGT,2050,9,12,12,0.0
15565,EE_CCGT,2050,9,13,13,0.0
15566,EE_CCGT,2050,9,14,14,0.0
15567,EE_CCGT,2050,9,15,15,0.0
15568,EE_CCGT,2050,9,16,16,0.0
15569,EE_CCGT,2050,9,17,17,0.0
15570,EE_CCGT,2050,9,18,18,0.0
15571,EE_CCGT,2050,9,19,19,0.0
15572,EE_CCGT,2050,9,20,20,0.0
15573,EE_CCGT,2050,9,21,21,0.0
15574,EE_CCGT,2050,9,22,22,0.0
15575,EE_CCGT,2050,9,23,23,0.0
15576,EE_CCGT,2050,9,24,24,0.0
15577,EE_CCGT,2050,10,1,1,0.0
15578,EE_CCGT,2050,10,2,2,0.0
15579,EE_CCGT,2050,10,3,3,0.0
15580,EE_CCGT,2050,10,4,4,0.0
15581,EE_CCGT,2050,10,5,5,0.0
15582,EE_CCGT,2050,10,6,6,0.0
15583,EE_CCGT,2050,10,7,7,0.0
15584,EE_CCGT,2050,10,8,8,0.0
15585,EE_CCGT,2050,10,9,9,0.0
15586,EE_CCGT,2050,10,10,10,0.0
15587,EE_CCGT,2050,10,11,11,0.0
15588,EE_CCGT,2050,10,12,12,0.0
15589,EE_CCGT,2050,10,13,13,0.0
15590,EE_CCGT,2050,10,14,14,0.0
15591,EE_CCGT,2050,10,15,15,0.0
15592,EE_CCGT,2050,10,16,16,0.0
15593,EE_CCGT,2050,10,17,17,0.0
15594,EE_CCGT,2050,10,18,18,0.0
15595,EE_CCGT,2050,10,19,19,0.0
15596,EE_CCGT,2050,10,20,20,0.0
15597,EE_CCGT,2050,10,21,21,0.0
15598,EE_CCGT,2050,10,22,22,0.0
15599,EE_CCGT,2050,10,23,23,0.0
15600,EE_CCGT,2050,10,24,24,0.0
15601,EE_Coal,2050,1,1,1,0.0
15602,EE_Coal,2050,1,2,2,0.0
15603,EE_Coal,2050,1,3,3,0.0
15604,EE_Coal,2050,1,4,4,0.0
15605,EE_Coal,2050,1,5,5,-0.8109000000000001
15606,EE_Coal,2050,1,6,6,-0.8109000000000001
15607,EE_Coal,2050,1,7,7,-0.8109000000000001
15608,EE_Coal,2050,1,8,8,-0.8109000000000001
15609,EE_Coal,2050,1,9,9,-0.8109000000000001
15610,EE_Coal,2050,1,10,10,-0.8109000000000001
15611,EE_Coal,2050,1,11,11,-0.8109000000000001
15612,EE_Coal,2050,1,12,12,-0.8109000000000001
15613,EE_Coal,2050,1,13,13,-0.8109000000000001
15614,EE_Coal,2050,1,14,14,0.0
15615,EE_Coal,2050,1,15,15,0.0
15616,EE_Coal,2050,1,16,16,0.0
15617,EE_Coal,2050,1,17,17,0.0
15618,EE_Coal,2050,1,18,18,0.0
15619,EE_Coal,2050,1,19,19,0.0
15620,EE_Coal,2050,1,20,20,0.0
15621,EE_Coal,2050,1,21,21,-11.699065705666335
15622,EE_Coal,2050,1,22,22,0.0
15623,EE_Coal,2050,1,23,23,0.0
15624,EE_Coal,2050,1,24,24,0.0
15625,EE_Coal,2050,2,1,1,0.0
15626,EE_Coal,2050,2,2,2,0.0
15627,EE_Coal,2050,2,3,3,0.0
15628,EE_Coal,2050,2,4,4,0.0
15629,EE_Coal,2050,2,5,5,0.0
15630,EE_Coal,2050,2,6,6,0.0
15631,EE_Coal,2050,2,7,7,0.0
15632,EE_Coal,2050,2,8,8,0.0
15633,EE_Coal,2050,2,9,9,0.0
15634,EE_Coal,2050,2,10,10,0.0
15635,EE_Coal,2050,2,11,11,0.0
15636,EE_Coal,2050,2,12,12,0.0
15637,EE_Coal,2050,2,13,13,0.0
15638,EE_Coal,2050,2,14,14,0.0
15639,EE_Coal,2050,2,15,15,0.0
15640,EE_Coal,2050,2,16,16,0.0
15641,EE_Coal,2050,2,17,17,0.0
15642,EE_Coal,2050,2,18,18,0.0
15643,EE_Coal,2050,2,19,19,0.0
15644,EE_Coal,2050,2,20,20,0.0
15645,EE_Coal,2050,2,21,21,0.0
15646,EE_Coal,2050,2,22,22,0.0
15647,EE_Coal,2050,2,23,23,0.0
15648,EE_Coal,2050,2,24,24,0.0
15649,EE_Coal,2050,3,1,1,0.0
15650,EE_Coal,2050,3,2,2,0.0
15651,EE_Coal,2050,3,3,3,0.0
15652,EE_Coal,2050,3,4,4,0.0
15653,EE_Coal,2050,3,5,5,0.0
15654,EE_Coal,2050,3,6,6,0.0
15655,EE_Coal,2050,3,7,7,0.0
15656,EE_Coal,2050,3,8,8,0.0
15657,EE_Coal,2050,3,9,9,0.0
15658,EE_Coal,2050,3,10,10,0.0
15659,EE_Coal,2050,3,11,11,0.0
15660,EE_Coal,2050,3,12,12,0.0
15661,EE_Coal,2050,3,13,13,0.0
15662,EE_Coal,2050,3,14,14,0.0
15663,EE_Coal,2050,3,15,15,0.0
15664,EE_Coal,2050,3,16,16,0.0
15665,EE_Coal,2050,3,17,17,0.0
15666,EE_Coal,2050,3,18,18,0.0
15667,EE_Coal,2050,3,19,19,0.0
15668,EE_Coal,2050,3,20,20,0.0
15669,EE_Coal,2050,3,21,21,0.0
15670,EE_Coal,2050,3,22,22,0.0
15671,EE_Coal,2050,3,23,23,0.0
15672,EE_Coal,2050,3,24,24,0.0
15673,EE_Coal,2050,4,1,1,0.0
15674,EE_Coal,2050,4,2,2,-0.3519
15675,EE_Coal,2050,4,3,3,-0.3519
15676,EE_Coal,2050,4,4,4,-0.3519
15677,EE_Coal,2050,4,5,5,-0.3519
15678,EE_Coal,2050,4,6,6,-0.3519
15679,EE_Coal,2050,4,7,7,-0.3519
15680,EE_Coal,2050,4,8,8,-0.3519
15681,EE_Coal,2050,4,9,9,-0.3519
15682,EE_Coal,2050,4,10,10,-0.3519
15683,EE_Coal,2050,4,11,11,-0.3519
15684,EE_Coal,2050,4,12,12,-0.3519
15685,EE_Coal,2050,4,13,13,-10.481065705666337
15686,EE_Coal,2050,4,14,14,-10.481065705666337
15687,EE_Coal,2050,4,15,15,-10.481065705666337
15688,EE_Coal,2050,4,16,16,-10.481065705666337
15689,EE_Coal,2050,4,17,17,-10.481065705666337
15690,EE_Coal,2050,4,18,18,-10.481065705666337
15691,EE_Coal,2050,4,19,19,-0.3519
15692,EE_Coal,2050,4,20,20,-0.3519
15693,EE_Coal,2050,4,21,21,-0.3519
15694,EE_Coal,2050,4,22,22,-0.3519
15695,EE_Coal,2050,4,23,23,-0.3519
15696,EE_Coal,2050,4,24,24,-0.3519
15697,EE_Coal,2050,5,1,1,0.0
15698,EE_Coal,2050,5,2,2,0.0
15699,EE_Coal,2050,5,3,3,0.0
15700,EE_Coal,2050,5,4,4,0.0
15701,EE_Coal,2050,5,5,5,0.0
15702,EE_Coal,2050,5,6,6,0.0
15703,EE_Coal,2050,5,7,7,0.0
15704,EE_Coal,2050,5,8,8,0.0
15705,EE_Coal,2050,5,9,9,0.0
15706,EE_Coal,2050,5,10,10,0.0
15707,EE_Coal,2050,5,11,11,0.0
15708,EE_Coal,2050,5,12,12,0.0
15709,EE_Coal,2050,5,13,13,0.0
15710,EE_Coal,2050,5,14,14,0.0
15711,EE_Coal,2050,5,15,15,0.0
15712,EE_Coal,2050,5,16,16,0.0
15713,EE_Coal,2050,5,17,17,0.0
15714,EE_Coal,2050,5,18,18,0.0
15715,EE_Coal,2050,5,19,19,0.0
15716,EE_Coal,2050,5,20,20,0.0
15717,EE_Coal,2050,5,21,21,0.0
15718,EE_Coal,2050,5,22,22,0.0
15719,EE_Coal,2050,5,23,23,0.0
15720,EE_Coal,2050,5,24,24,0.0
15721,EE_Coal,2050,6,1,1,0.0
15722,EE_Coal,2050,6,2,2,0.0
15723,EE_Coal,2050,6,3,3,0.0
15724,EE_Coal,2050,6,4,4,0.0
15725,EE_Coal,2050,6,5,5,0.0
15726,EE_Coal,2050,6,6,6,0.0
15727,EE_Coal,2050,6,7,7,0.0
15728,EE_Coal,2050,6,8,8,0.0
15729,EE_Coal,2050,6,9,9,0.0
15730,EE_Coal,2050,6,10,10,0.0
15731,EE_Coal,2050,6,11,11,0.0
15732,EE_Coal,2050,6,12,12,0.0
15733,EE_Coal,2050,6,13,13,0.0
15734,EE_Coal,2050,6,14,14,0.0
15735,EE_Coal,2050,6,15,15,0.0
15736,EE_Coal,2050,6,16,16,0.0
15737,EE_Coal,2050,6,17,17,0.0
15738,EE_Coal,2050,6,18,18,0.0
15739,EE_Coal,2050,6,19,19,0.0
15740,EE_Coal,2050,6,20,20,0.0
15741,EE_Coal,2050,6,21,21,0.0
15742,EE_Coal,2050,6,22,22,0.0
15743,EE_Coal,2050,6,23,23,0.0
15744,EE_Coal,2050,6,24,24,0.0
15745,EE_Coal,2050,7,1,1,0.0
15746,EE_Coal,2050,7,2,2,0.0
15747,EE_Coal,2050,7,3,3,0.0
15748,EE_Coal,2050,7,4,4,0.0
15749,EE_Coal,2050,7,5,5,0.0
15750,EE_Coal,2050,7,6,6,0.0
15751,EE_Coal,2050,7,7,7,0.0
15752,EE_Coal,2050,7,8,8,0.0
15753,EE_Coal,2050,7,9,9,0.0
15754,EE_Coal,2050,7,10,10,0.0
15755,EE_Coal,2050,7,11,11,0.0
15756,EE_Coal,2050,7,12,12,0.0
15757,EE_Coal,2050,7,13,13,0.0
15758,EE_Coal,2050,7,14,14,0.0
15759,EE_Coal,2050,7,15,15,0.0
15760,EE_Coal,2050,7,16,16,0.0
15761,EE_Coal,2050,7,17,17,0.0
15762,EE_Coal,2050,7,18,18,0.0
15763,EE_Coal,2050,7,19,19,0.0
15764,EE_Coal,2050,7,20,20,0.0
15765,EE_Coal,2050,7,21,21,0.0
15766,EE_Coal,2050,7,22,22,0.0
15767,EE_Coal,2050,7,23,23,0.0
15768,EE_Coal,2050,7,24,24,0.0
15769,EE_Coal,2050,8,1,1,0.0
15770,EE_Coal,2050,8,2,2,0.0
15771,EE_Coal,2050,8,3,3,0.0
15772,EE_Coal,2050,8,4,4,0.0
15773,EE_Coal,2050,8,5,5,0.0
15774,EE_Coal,2050,8,6,6,0.0
15775,EE_Coal,2050,8,7,7,0.0
15776,EE_Coal,2050,8,8,8,0.0
15777,EE_Coal,2050,8,9,9,0.0
15778,EE_Coal,2050,8,10,10,0.0
15779,EE_Coal,2050,8,11,11,0.0
15780,EE_Coal,2050,8,12,12,0.0
15781,EE_Coal,2050,8,13,13,0.0
15782,EE_Coal,2050,8,14,14,0.0
15783,EE_Coal,2050,8,15,15,0.0
15784,EE_Coal,2050,8,16,16,0.0
15785,EE_Coal,2050,8,17,17,0.0
15786,EE_Coal,2050,8,18,18,0.0
15787,EE_Coal,2050,8,19,19,0.0
15788,EE_Coal,2050,8,20,20,0.0
15789,EE_Coal,2050,8,21,21,0.0
15790,EE_Coal,2050,8,22,22,0.0
15791,EE_Coal,2050,8,23,23,0.0
15792,EE_Coal,2050,8,24,24,0.0
15793,EE_Coal,2050,9,1,1,0.0
15794,EE_Coal,2050,9,2,2,0.0
15795,EE_Coal,2050,9,3,3,0.0
15796,EE_Coal,2050,9,4,4,0.0
15797,EE_Coal,2050,9,5,5,0.0
15798,EE_Coal,2050,9,6,6,0.0
15799,EE_Coal,2050,9,7,7,0.0
15800,EE_Coal,2050,9,8,8,0.0
15801,EE_Coal,2050,9,9,9,0.0
15802,EE_Coal,2050,9,10,10,0.0
15803,EE_Coal,2050,9,11,11,0.0
15804,EE_Coal,2050,9,12,12,0.0
15805,EE_Coal,2050,9,13,13,0.0
15806,EE_Coal,2050,9,14,14,0.0
15807,EE_Coal,2050,9,15,15,0.0
15808,EE_Coal,2050,9,16,16,0.0
15809,EE_Coal,2050,9,17,17,0.0
15810,EE_Coal,2050,9,18,18,0.0
15811,EE_Coal,2050,9,19,19,0.0
15812,EE_Coal,2050,9,20,20,0.0
15813,EE_Coal,2050,9,21,21,0.0
15814,EE_Coal,2050,9,22,22,0.0
15815,EE_Coal,2050,9,23,23,0.0
15816,EE_Coal,2050,9,24,24,0.0
15817,EE_Coal,2050,10,1,1,0.0
15818,EE_Coal,2050,10,2,2,0.0
15819,EE_Coal,2050,10,3,3,0.0
15820,EE_Coal,2050,10,4,4,0.0
15821,EE_Coal,2050,10,5,5,0.0
15822,EE_Coal,2050,10,6,6,0.0
15823,EE_Coal,2050,10,7,7,0.0
15824,EE_Coal,2050,10,8,8,0.0
15825,EE_Coal,2050,10,9,9,-0.7038
15826,EE_Coal,2050,10,10,10,-0.7038
15827,EE_Coal,2050,10,11,11,-0.7038
15828,EE_Coal,2050,10,12,12,-0.7038
15829,EE_Coal,2050,10,13,13,-0.7038
15830,EE_Coal,2050,10,14,14,-0.7038
15831,EE_Coal,2050,10,15,15,-0.7038
15832,EE_Coal,2050,10,16,16,-0.7038
15833,EE_Coal,2050,10,17,17,-0.7038
15834,EE_Coal,2050,10,18,18,-0.7038
15835,EE_Coal,2050,10,19,19,-0.7038
15836,EE_Coal,2050,10,20,20,-0.7038
15837,EE_Coal,2050,10,21,21,-0.7038
15838,EE_Coal,2050,10,22,22,0.0
15839,EE_Coal,2050,10,23,23,0.0
15840,EE_Coal,2050,10,24,24,0.0
15841,EE_Nuclear,2050,1,1,1,0.0
15842,EE_Nuclear,2050,1,2,2,0.0
15843,EE_Nuclear,2050,1,3,3,0.0
15844,EE_Nuclear,2050,1,4,4,0.0
15845,EE_Nuclear,2050,1,5,5,-1.3038
15846,EE_Nuclear,2050,1,6,6,-1.3038
15847,EE_Nuclear,2050,1,7,7,-1.3038
15848,EE_Nuclear,2050,1,8,8,-1.3038
15849,EE_Nuclear,2050,1,9,9,-1.3038
15850,EE_Nuclear,2050,1,10,10,-1.3038
15851,EE_Nuclear,2050,1,11,11,-1.3038
15852,EE_Nuclear,2050,1,12,12,-1.3038
15853,EE_Nuclear,2050,1,13,13,-1.3038
15854,EE_Nuclear,2050,1,14,14,0.0
15855,EE_Nuclear,2050,1,15,15,0.0
15856,EE_Nuclear,2050,1,16,16,0.0
15857,EE_Nuclear,2050,1,17,17,0.0
15858,EE_Nuclear,2050,1,18,18,0.0
15859,EE_Nuclear,2050,1,19,19,0.0
15860,EE_Nuclear,2050,1,20,20,0.0
15861,EE_Nuclear,2050,1,21,21,-12.191965705666336
15862,EE_Nuclear,2050,1,22,22,0.0
15863,EE_Nuclear,2050,1,23,23,0.0
15864,EE_Nuclear,2050,1,24,24,0.0
15865,EE_Nuclear,2050,2,1,1,0.0
15866,EE_Nuclear,2050,2,2,2,0.0
15867,EE_Nuclear,2050,2,3,3,0.0
15868,EE_Nuclear,2050,2,4,4,0.0
15869,EE_Nuclear,2050,2,5,5,0.0
15870,EE_Nuclear,2050,2,6,6,0.0
15871,EE_Nuclear,2050,2,7,7,0.0
15872,EE_Nuclear,2050,2,8,8,0.0
15873,EE_Nuclear,2050,2,9,9,0.0
15874,EE_Nuclear,2050,2,10,10,0.0
15875,EE_Nuclear,2050,2,11,11,0.0
15876,EE_Nuclear,2050,2,12,12,0.0
15877,EE_Nuclear,2050,2,13,13,0.0
15878,EE_Nuclear,2050,2,14,14,0.0
15879,EE_Nuclear,2050,2,15,15,0.0
15880,EE_Nuclear,2050,2,16,16,0.0
15881,EE_Nuclear,2050,2,17,17,0.0
15882,EE_Nuclear,2050,2,18,18,0.0
15883,EE_Nuclear,2050,2,19,19,0.0
15884,EE_Nuclear,2050,2,20,20,0.0
15885,EE_Nuclear,2050,2,21,21,0.0
15886,EE_Nuclear,2050,2,22,22,0.0
15887,EE_Nuclear,2050,2,23,23,0.0
15888,EE_Nuclear,2050,2,24,24,0.0
15889,EE_Nuclear,2050,3,1,1,0.0
15890,EE_Nuclear,2050,3,2,2,0.0
15891,EE_Nuclear,2050,3,3,3,0.0
15892,EE_Nuclear,2050,3,4,4,0.0
15893,EE_Nuclear,2050,3,5,5,0.0
15894,EE_Nuclear,2050,3,6,6,0.0
15895,EE_Nuclear,2050,3,7,7,0.0
15896,EE_Nuclear,2050,3,8,8,0.0
15897,EE_Nuclear,2050,3,9,9,0.0
15898,EE_Nuclear,2050,3,10,10,0.0
15899,EE_Nuclear,2050,3,11,11,0.0
15900,EE_Nuclear,2050,3,12,12,0.0
15901,EE_Nuclear,2050,3,13,13,0.0
15902,EE_Nuclear,2050,3,14,14,0.0
15903,EE_Nuclear,2050,3,15,15,0.0
15904,EE_Nuclear,2050,3,16,16,0.0
15905,EE_Nuclear,2050,3,17,17,0.0
15906,EE_Nuclear,2050,3,18,18,0.0
15907,EE_Nuclear,2050,3,19,19,0.0
15908,EE_Nuclear,2050,3,20,20,0.0
15909,EE_Nuclear,2050,3,21,21,0.0
15910,EE_Nuclear,2050,3,22,22,0.0
15911,EE_Nuclear,2050,3,23,23,0.0
15912,EE_Nuclear,2050,3,24,24,0.0
15913,EE_Nuclear,2050,4,1,1,0.0
15914,EE_Nuclear,2050,4,2,2,-0.5658000000000001
15915,EE_Nuclear,2050,4,3,3,-0.5658000000000001
15916,EE_Nuclear,2050,4,4,4,-0.5658000000000001
15917,EE_Nuclear,2050,4,5,5,-0.5658000000000001
15918,EE_Nuclear,2050,4,6,6,-0.5658000000000001
15919,EE_Nuclear,2050,4,7,7,-0.5658000000000001
15920,EE_Nuclear,2050,4,8,8,-0.5658000000000001
15921,EE_Nuclear,2050,4,9,9,-0.5658000000000001
15922,EE_Nuclear,2050,4,10,10,-0.5658000000000001
15923,EE_Nuclear,2050,4,11,11,-0.5658000000000001
15924,EE_Nuclear,2050,4,12,12,-0.5658000000000001
15925,EE_Nuclear,2050,4,13,13,-10.694965705666338
15926,EE_Nuclear,2050,4,14,14,-10.694965705666338
15927,EE_Nuclear,2050,4,15,15,-10.694965705666338
15928,EE_Nuclear,2050,4,16,16,-10.694965705666338
15929,EE_Nuclear,2050,4,17,17,-10.694965705666338
15930,EE_Nuclear,2050,4,18,18,-10.694965705666338
15931,EE_Nuclear,2050,4,19,19,-0.5658000000000001
15932,EE_Nuclear,2050,4,20,20,-0.5658000000000001
15933,EE_Nuclear,2050,4,21,21,-0.5658000000000001
15934,EE_Nuclear,2050,4,22,22,-0.5658000000000001
15935,EE_Nuclear,2050,4,23,23,-0.5658000000000001
15936,EE_Nuclear,2050,4,24,24,-0.5658000000000001
15937,EE_Nuclear,2050,5,1,1,0.0
15938,EE_Nuclear,2050,5,2,2,0.0
15939,EE_Nuclear,2050,5,3,3,0.0
15940,EE_Nuclear,2050,5,4,4,0.0
15941,EE_Nuclear,2050,5,5,5,0.0
15942,EE_Nuclear,2050,5,6,6,0.0
15943,EE_Nuclear,2050,5,7,7,0.0
15944,EE_Nuclear,2050,5,8,8,0.0
15945,EE_Nuclear,2050,5,9,9,0.0
15946,EE_Nuclear,2050,5,10,10,0.0
15947,EE_Nuclear,2050,5,11,11,0.0
15948,EE_Nuclear,2050,5,12,12,0.0
15949,EE_Nuclear,2050,5,13,13,0.0
15950,EE_Nuclear,2050,5,14,14,0.0
15951,EE_Nuclear,2050,5,15,15,0.0
15952,EE_Nuclear,2050,5,16,16,0.0
15953,EE_Nuclear,2050,5,17,17,0.0
15954,EE_Nuclear,2050,5,18,18,0.0
15955,EE_Nuclear,2050,5,19,19,0.0
15956,EE_Nuclear,2050,5,20,20,0.0
15957,EE_Nuclear,2050,5,21,21,0.0
15958,EE_Nuclear,2050,5,22,22,0.0
15959,EE_Nuclear,2050,5,23,23,0.0
15960,EE_Nuclear,2050,5,24,24,0.0
15961,EE_Nuclear,2050,6,1,1,0.0
15962,EE_Nuclear,2050,6,2,2,0.0
15963,EE_Nuclear,2050,6,3,3,0.0
15964,EE_Nuclear,2050,6,4,4,0.0
15965,EE_Nuclear,2050,6,5,5,0.0
15966,EE_Nuclear,2050,6,6,6,0.0
15967,EE_Nuclear,2050,6,7,7,0.0
15968,EE_Nuclear,2050,6,8,8,0.0
15969,EE_Nuclear,2050,6,9,9,0.0
15970,EE_Nuclear,2050,6,10,10,0.0
15971,EE_Nuclear,2050,6,11,11,0.0
15972,EE_Nuclear,2050,6,12,12,0.0
15973,EE_Nuclear,2050,6,13,13,0.0
15974,EE_Nuclear,2050,6,14,14,0.0
15975,EE_Nuclear,2050,6,15,15,0.0
15976,EE_Nuclear,2050,6,16,16,0.0
15977,EE_Nuclear,2050,6,17,17,0.0
15978,EE_Nuclear,2050,6,18,18,0.0
15979,EE_Nuclear,2050,6,19,19,0.0
15980,EE_Nuclear,2050,6,20,20,0.0
15981,EE_Nuclear,2050,6,21,21,0.0
15982,EE_Nuclear,2050,6,22,22,0.0
15983,EE_Nuclear,2050,6,23,23,0.0
15984,EE_Nuclear,2050,6,24,24,0.0
15985,EE_Nuclear,2050,7,1,1,0.0
15986,EE_Nuclear,2050,7,2,2,0.0
15987,EE_Nuclear,2050,7,3,3,0.0
15988,EE_Nuclear,2050,7,4,4,0.0
15989,EE_Nuclear,2050,7,5,5,0.0
15990,EE_Nuclear,2050,7,6,6,0.0
15991,EE_Nuclear,2050,7,7,7,0.0
15992,EE_Nuclear,2050,7,8,8,0.0
15993,EE_Nuclear,2050,7,9,9,0.0
15994,EE_Nuclear,2050,7,10,10,0.0
15995,EE_Nuclear,2050,7,11,11,0.0
15996,EE_Nuclear,2050,7,12,12,0.0
15997,EE_Nuclear,2050,7,13,13,0.0
15998,EE_Nuclear,2050,7,14,14,0.0
15999,EE_Nuclear,2050,7,15,15,0.0
16000,EE_Nuclear,2050,7,16,16,0.0
16001,EE_Nuclear,2050,7,17,17,0.0
16002,EE_Nuclear,2050,7,18,18,0.0
16003,EE_Nuclear,2050,7,19,19,0.0
16004,EE_Nuclear,2050,7,20,20,0.0
16005,EE_Nuclear,2050,7,21,21,0.0
16006,EE_Nuclear,2050,7,22,22,0.0
16007,EE_Nuclear,2050,7,23,23,0.0
16008,EE_Nuclear,2050,7,24,24,0.0
16009,EE_Nuclear,2050,8,1,1,0.0
16010,EE_Nuclear,2050,8,2,2,0.0
16011,EE_Nuclear,2050,8,3,3,0.0
16012,EE_Nuclear,2050,8,4,4,0.0
16013,EE_Nuclear,2050,8,5,5,0.0
16014,EE_Nuclear,2050,8,6,6,0.0
16015,EE_Nuclear,2050,8,7,7,0.0
16016,EE_Nuclear,2050,8,8,8,0.0
16017,EE_Nuclear,2050,8,9,9,0.0
16018,EE_Nuclear,2050,8,10,10,0.0
16019,EE_Nuclear,2050,8,11,11,0.0
16020,EE_Nuclear,2050,8,12,12,0.0
16021,EE_Nuclear,2050,8,13,13,0.0
16022,EE_Nuclear,2050,8,14,14,0.0
16023,EE_Nuclear,2050,8,15,15,0.0
16024,EE_Nuclear,2050,8,16,16,0.0
16025,EE_Nuclear,2050,8,17,17,0.0
16026,EE_Nuclear,2050,8,18,18,0.0
16027,EE_Nuclear,2050,8,19,19,0.0
16028,EE_Nuclear,2050,8,20,20,0.0
16029,EE_Nuclear,2050,8,21,21,0.0
16030,EE_Nuclear,2050,8,22,22,0.0
16031,EE_Nuclear,2050,8,23,23,0.0
16032,EE_Nuclear,2050,8,24,24,0.0
16033,DK_Wind_Onshore,2050,1,1,1,0.0
16034,DK_Wind_Onshore,2050,1,2,2,0.0
16035,DK_Wind_Onshore,2050,1,3,3,0.0
16036,DK_Wind_Onshore,2050,1,4,4,-1.8762
16037,DK_Wind_Onshore,2050,1,5,5,-1.749
16038,DK_Wind_Onshore,2050,1,6,6,-1.749
16039,DK_Wind_Onshore,2050,1,7,7,-1.749
16040,DK_Wind_Onshore,2050,1,8,8,-1.749
16041,DK_Wind_Onshore,2050,1,9,9,-1.749
16042,DK_Wind_Onshore,2050,1,10,10,-1.749
16043,DK_Wind_Onshore,2050,1,11,11,-1.749
16044,DK_Wind_Onshore,2050,1,12,12,-2.703
16045,DK_Wind_Onshore,2050,1,13,13,-2.703
16046,DK_Wind_Onshore,2050,1,14,14,-2.703
16047,DK_Wind_Onshore,2050,1,15,15,-2.703
16048,DK_Wind_Onshore,2050,1,16,16,-2.703
16049,DK_Wind_Onshore,2050,1,17,17,-1.749
16050,DK_Wind_Onshore,2050,1,18,18,-1.749
16051,DK_Wind_Onshore,2050,1,19,19,-1.749
16052,DK_Wind_Onshore,2050,1,20,20,-1.749
16053,DK_Wind_Onshore,2050,1,21,21,-1.749
16054,DK_Wind_Onshore,2050,1,22,22,-1.749
16055,DK_Wind_Onshore,2050,1,23,23,-0.9381
16056,DK_Wind_Onshore,2050,1,24,24,0.0
16057,DK_Wind_Onshore,2050,2,1,1,0.0
16058,DK_Wind_Onshore,2050,2,2,2,0.0
16059,DK_Wind_Onshore,2050,2,3,3,0.0
16060,DK_Wind_Onshore,2050,2,4,4,0.0
16061,DK_Wind_Onshore,2050,2,5,5,-0.5841000000000001
16062,DK_Wind_Onshore,2050,2,6,6,-0.5841000000000001
16063,DK_Wind_Onshore,2050,2,7,7,-0.5841000000000001
16064,DK_Wind_Onshore,2050,2,8,8,-0.5841000000000001
16065,DK_Wind_Onshore,2050,2,9,9,-0.5841000000000001
16066,DK_Wind_Onshore,2050,2,10,10,-0.5841000000000001
16067,DK_Wind_Onshore,2050,2,11,11,-0.5841000000000001
16068,DK_Wind_Onshore,2050,2,12,12,-0.5841000000000001
16069,DK_Wind_Onshore,2050,2,13,13,-0.5841000000000001
16070,DK_Wind_Onshore,2050,2,14,14,-0.5841000000000001
16071,DK_Wind_Onshore,2050,2,15,15,-0.5841000000000001
16072,DK_Wind_Onshore,2050,2,16,16,-1.089
16073,DK_Wind_Onshore,2050,2,17,17,-0.5841000000000001
16074,DK_Wind_Onshore,2050,2,18,18,-0.5841000000000001
16075,DK_Wind_Onshore,2050,2,19,19,-0.5841000000000001
16076,DK_Wind_Onshore,2050,2,20,20,-0.5841000000000001
16077,DK_Wind_Onshore,2050,2,21,21,0.0
16078,DK_Wind_Onshore,2050,2,22,22,0.0
16079,DK_Wind_Onshore,2050,2,23,23,0.0
16080,DK_Wind_Onshore,2050,2,24,24,0.0
16081,DK_Wind_Onshore,2050,3,1,1,0.0
16082,DK_Wind_Onshore,2050,3,2,2,0.0
16083,DK_Wind_Onshore,2050,3,3,3,0.0
16084,DK_Wind_Onshore,2050,3,4,4,0.0
16085,DK_Wind_Onshore,2050,3,5,5,0.0
16086,DK_Wind_Onshore,2050,3,6,6,0.0
16087,DK_Wind_Onshore,2050,3,7,7,0.0
16088,DK_Wind_Onshore,2050,3,8,8,0.0
16089,DK_Wind_Onshore,2050,3,9,9,0.0
16090,DK_Wind_Onshore,2050,3,10,10,0.0
16091,DK_Wind_Onshore,2050,3,11,11,0.0
16092,DK_Wind_Onshore,2050,3,12,12,0.0
16093,DK_Wind_Onshore,2050,3,13,13,0.0
16094,DK_Wind_Onshore,2050,3,14,14,0.0
16095,DK_Wind_Onshore,2050,3,15,15,0.0
16096,DK_Wind_Onshore,2050,3,16,16,0.0
16097,DK_Wind_Onshore,2050,3,17,17,0.0
16098,DK_Wind_Onshore,2050,3,18,18,0.0
16099,DK_Wind_Onshore,2050,3,19,19,0.0
16100,DK_Wind_Onshore,2050,3,20,20,0.0
16101,DK_Wind_Onshore,2050,3,21,21,0.0
16102,DK_Wind_Onshore,2050,3,22,22,0.0
16103,DK_Wind_Onshore,2050,3,23,23,0.0
16104,DK_Wind_Onshore,2050,3,24,24,0.0
16105,DK_Wind_Onshore,2050,4,1,1,0.0
16106,DK_Wind_Onshore,2050,4,2,2,0.0
16107,DK_Wind_Onshore,2050,4,3,3,0.0
16108,DK_Wind_Onshore,2050,4,4,4,0.0
16109,DK_Wind_Onshore,2050,4,5,5,-0.4071
16110,DK_Wind_Onshore,2050,4,6,6,-0.4071
16111,DK_Wind_Onshore,2050,4,7,7,-0.4071
16112,DK_Wind_Onshore,2050,4,8,8,-0.4071
16113,DK_Wind_Onshore,2050,4,9,9,-0.4071
16114,DK_Wind_Onshore,2050,4,10,10,0.0
16115,DK_Wind_Onshore,2050,4,11,11,0.0
16116,DK_Wind_Onshore,2050,4,12,12,0.0
16117,DK_Wind_Onshore,2050,4,13,13,0.0
16118,DK_Wind_Onshore,2050,4,14,14,-0.4071
16119,DK_Wind_Onshore,2050,4,15,15,-0.4071
16120,DK_Wind_Onshore,2050,4,16,16,-0.4071
16121,DK_Wind_Onshore,2050,4,17,17,-13.171165705666336
16122,DK_Wind_Onshore,2050,4,18,18,-0.4071
16123,DK_Wind_Onshore,2050,4,19,19,-0.4071
16124,DK_Wind_Onshore,2050,4,20,20,0.0
16125,DK_Wind_Onshore,2050,4,21,21,0.0
16126,DK_Wind_Onshore,2050,4,22,22,0.0
16127,DK_Wind_Onshore,2050,4,23,23,0.0
16128,DK_Wind_Onshore,2050,4,24,24,0.0
16129,DK_Wind_Onshore,2050,5,1,1,0.0
16130,DK_Wind_Onshore,2050,5,2,2,0.0
16131,DK_Wind_Onshore,2050,5,3,3,0.0
16132,DK_Wind_Onshore,2050,5,4,4,0.0
16133,DK_Wind_Onshore,2050,5,5,5,0.0
16134,DK_Wind_Onshore,2050,5,6,6,0.0
16135,DK_Wind_Onshore,2050,5,7,7,0.0
16136,DK_Wind_Onshore,2050,5,8,8,0.0
16137,DK_Wind_Onshore,2050,5,9,9,0.0
16138,DK_Wind_Onshore,2050,5,10,10,0.0
16139,DK_Wind_Onshore,2050,5,11,11,0.0
16140,DK_Wind_Onshore,2050,5,12,12,0.0
16141,DK_Wind_Onshore,2050,5,13,13,0.0
16142,DK_Wind_Onshore,2050,5,14,14,0.0
16143,DK_Wind_Onshore,2050,5,15,15,0.0
16144,DK_Wind_Onshore,2050,5,16,16,0.0
16145,DK_Wind_Onshore,2050,5,17,17,0.0
16146,DK_Wind_Onshore,2050,5,18,18,0.0
16147,DK_Wind_Onshore,2050,5,19,19,0.0
16148,DK_Wind_Onshore,2050,5,20,20,0.0
16149,DK_Wind_Onshore,2050,5,21,21,0.0
16150,DK_Wind_Onshore,2050,5,22,22,0.0
16151,DK_Wind_Onshore,2050,5,23,23,0.0
16152,DK_Wind_Onshore,2050,5,24,24,0.0
16153,DK_Wind_Onshore,2050,6,1,1,0.0
16154,DK_Wind_Onshore,2050,6,2,2,0.0
16155,DK_Wind_Onshore,2050,6,3,3,-0.3186
16156,DK_Wind_Onshore,2050,6,4,4,-0.3186
16157,DK_Wind_Onshore,2050,6,5,5,-0.5940000000000001
16158,DK_Wind_Onshore,2050,6,6,6,-0.5940000000000001
16159,DK_Wind_Onshore,2050,6,7,7,-0.5940000000000001
16160,DK_Wind_Onshore,2050,6,8,8,-0.3186
16161,DK_Wind_Onshore,2050,6,9,9,-0.3186
16162,DK_Wind_Onshore,2050,6,10,10,-0.3186
16163,DK_Wind_Onshore,2050,6,11,11,0.0
16164,DK_Wind_Onshore,2050,6,12,12,0.0
16165,DK_Wind_Onshore,2050,6,13,13,0.0
16166,DK_Wind_Onshore,2050,6,14,14,0.0
16167,DK_Wind_Onshore,2050,6,15,15,0.0
16168,DK_Wind_Onshore,2050,6,16,16,0.0
16169,DK_Wind_Onshore,2050,6,17,17,0.0
16170,DK_Wind_Onshore,2050,6,18,18,0.0
16171,DK_Wind_Onshore,2050,6,19,19,0.0
16172,DK_Wind_Onshore,2050,6,20,20,0.0
16173,DK_Wind_Onshore,2050,6,21,21,0.0
16174,DK_Wind_Onshore,2050,6,22,22,0.0
16175,DK_Wind_Onshore,2050,6,23,23,0.0
16176,DK_Wind_Onshore,2050,6,24,24,0.0
16177,DK_Wind_Onshore,2050,7,1,1,0.0
16178,DK_Wind_Onshore,2050,7,2,2,0.0
16179,DK_Wind_Onshore,2050,7,3,3,0.0
16180,DK_Wind_Onshore,2050,7,4,4,0.0
16181,DK_Wind_Onshore,2050,7,5,5,0.0
16182,DK_Wind_Onshore,2050,7,6,6,0.0
16183,DK_Wind_Onshore,2050,7,7,7,0.0
16184,DK_Wind_Onshore,2050,7,8,8,0.0
16185,DK_Wind_Onshore,2050,7,9,9,0.0
16186,DK_Wind_Onshore,2050,7,10,10,0.0
16187,DK_Wind_Onshore,2050,7,11,11,0.0
16188,DK_Wind_Onshore,2050,7,12,12,0.0
16189,DK_Wind_Onshore,2050,7,13,13,0.0
16190,DK_Wind_Onshore,2050,7,14,14,0.0
16191,DK_Wind_Onshore,2050,7,15,15,0.0
16192,DK_Wind_Onshore,2050,7,16,16,0.0
16193,DK_Wind_Onshore,2050,7,17,17,-0.6549
16194,DK_Wind_Onshore,2050,7,18,18,-0.6549
16195,DK_Wind_Onshore,2050,7,19,19,0.0
16196,DK_Wind_Onshore,2050,7,20,20,0.0
16197,DK_Wind_Onshore,2050,7,21,21,0.0
16198,DK_Wind_Onshore,2050,7,22,22,0.0
16199,DK_Wind_Onshore,2050,7,23,23,0.0
16200,DK_Wind_Onshore,2050,7,24,24,0.0
16201,DK_Wind_Onshore,2050,8,1,1,0.0
16202,DK_Wind_Onshore,2050,8,2,2,0.0
16203,DK_Wind_Onshore,2050,8,3,3,0.0
16204,DK_Wind_Onshore,2050,8,4,4,0.0
16205,DK_Wind_Onshore,2050,8,5,5,0.0
16206,DK_Wind_Onshore,2050,8,6,6,0.0
16207,DK_Wind_Onshore,2050,8,7,7,0.0
16208,DK_Wind_Onshore,2050,8,8,8,0.0
16209,DK_Wind_Onshore,2050,8,9,9,0.0
16210,DK_Wind_Onshore,2050,8,10,10,0.0
16211,DK_Wind_Onshore,2050,8,11,11,0.0
16212,DK_Wind_Onshore,2050,8,12,12,0.0
16213,DK_Wind_Onshore,2050,8,13,13,0.0
16214,DK_Wind_Onshore,2050,8,14,14,0.0
16215,DK_Wind_Onshore,2050,8,15,15,0.0
16216,DK_Wind_Onshore,2050,8,16,16,0.0
16217,DK_Wind_Onshore,2050,8,17,17,0.0
16218,DK_Wind_Onshore,2050,8,18,18,0.0
16219,DK_Wind_Onshore,2050,8,19,19,0.0
16220,DK_Wind_Onshore,2050,8,20,20,0.0
16221,DK_Wind_Onshore,2050,8,21,21,0.0
16222,DK_Wind_Onshore,2050,8,22,22,0.0
16223,DK_Wind_Onshore,2050,8,23,23,0.0
16224,DK_Wind_Onshore,2050,8,24,24,0.0
16225,DK_Wind_Onshore,2050,9,1,1,0.0
16226,DK_Wind_Onshore,2050,9,2,2,0.0
16227,DK_Wind_Onshore,2050,9,3,3,0.0
16228,DK_Wind_Onshore,2050,9,4,4,0.0
16229,DK_Wind_Onshore,2050,9,5,5,0.0
16230,DK_Wind_Onshore,2050,9,6,6,0.0
16231,DK_Wind_Onshore,2050,9,7,7,0.0
16232,DK_Wind_Onshore,2050,9,8,8,0.0
16233,DK_Wind_Onshore,2050,9,9,9,0.0
16234,DK_Wind_Onshore,2050,9,10,10,0.0
16235,DK_Wind_Onshore,2050,9,11,11,0.0
16236,DK_Wind_Onshore,2050,9,12,12,0.0
16237,DK_Wind_Onshore,2050,9,13,13,0.0
16238,DK_Wind_Onshore,2050,9,14,14,0.0
16239,DK_Wind_Onshore,2050,9,15,15,0.0
16240,DK_Wind_Onshore,2050,9,16,16,0.0
16241,DK_Wind_Onshore,2050,9,17,17,0.0
16242,DK_Wind_Onshore,2050,9,18,18,0.0
16243,DK_Wind_Onshore,2050,9,19,19,0.0
16244,DK_Wind_Onshore,2050,9,20,20,0.0
16245,DK_Wind_Onshore,2050,9,21,21,0.0
16246,DK_Wind_Onshore,2050,9,22,22,0.0
16247,DK_Wind_Onshore,2050,9,23,23,0.0
16248,DK_Wind_Onshore,2050,9,24,24,0.0
16249,DK_Wind_Onshore,2050,10,1,1,-1.518
16250,DK_Wind_Onshore,2050,10,2,2,-1.518
16251,DK_Wind_Onshore,2050,10,3,3,-1.518
16252,DK_Wind_Onshore,2050,10,4,4,-1.518
16253,DK_Wind_Onshore,2050,10,5,5,-2.3459999999999996
16254,DK_Wind_Onshore,2050,10,6,6,-2.3459999999999996
16255,DK_Wind_Onshore,2050,10,7,7,-2.3459999999999996
16256,DK_Wind_Onshore,2050,10,8,8,-2.3459999999999996
16257,DK_Wind_Onshore,2050,10,9,9,-2.3459999999999996
16258,DK_Wind_Onshore,2050,10,10,10,-2.3459999999999996
16259,DK_Wind_Onshore,2050,10,11,11,-2.3459999999999996
16260,DK_Wind_Onshore,2050,10,12,12,-2.3459999999999996
16261,DK_Wind_Onshore,2050,10,13,13,-9.563965705666341
16262,DK_Wind_Onshore,2050,10,14,14,-9.563965705666341
16263,DK_Wind_Onshore,2050,10,15,15,-9.563965705666341
16264,DK_Wind_Onshore,2050,10,16,16,-9.563965705666341
16265,DK_Wind_Onshore,2050,10,17,17,-2.3459999999999996
16266,DK_Wind_Onshore,2050,10,18,18,-2.3459999999999996
16267,DK_Wind_Onshore,2050,10,19,19,-1.518
16268,DK_Wind_Onshore,2050,10,20,20,-1.518
16269,DK_Wind_Onshore,2050,10,21,21,-0.8142
16270,DK_Wind_Onshore,2050,10,22,22,-0.8142
16271,DK_Wind_Onshore,2050,10,23,23,-0.8142
16272,DK_Wind_Onshore,2050,10,24,24,-0.8142
16273,EE_Nuclear,2050,9,1,1,0.0
16274,EE_Nuclear,2050,9,2,2,0.0
16275,EE_Nuclear,2050,9,3,3,0.0
16276,EE_Nuclear,2050,9,4,4,0.0
16277,EE_Nuclear,2050,9,5,5,0.0
16278,EE_Nuclear,2050,9,6,6,0.0
16279,EE_Nuclear,2050,9,7,7,0.0
16280,EE_Nuclear,2050,9,8,8,0.0
16281,EE_Nuclear,2050,9,9,9,0.0
16282,EE_Nuclear,2050,9,10,10,0.0
16283,EE_Nuclear,2050,9,11,11,0.0
16284,EE_Nuclear,2050,9,12,12,0.0
16285,EE_Nuclear,2050,9,13,13,0.0
16286,EE_Nuclear,2050,9,14,14,0.0
16287,EE_Nuclear,2050,9,15,15,0.0
16288,EE_Nuclear,2050,9,16,16,0.0
16289,EE_Nuclear,2050,9,17,17,0.0
16290,EE_Nuclear,2050,9,18,18,0.0
16291,EE_Nuclear,2050,9,19,19,0.0
16292,EE_Nuclear,2050,9,20,20,0.0
16293,EE_Nuclear,2050,9,21,21,0.0
16294,EE_Nuclear,2050,9,22,22,0.0
16295,EE_Nuclear,2050,9,23,23,0.0
16296,EE_Nuclear,2050,9,24,24,0.0
16297,EE_Nuclear,2050,10,1,1,0.0
16298,EE_Nuclear,2050,10,2,2,0.0
16299,EE_Nuclear,2050,10,3,3,0.0
16300,EE_Nuclear,2050,10,4,4,0.0
16301,EE_Nuclear,2050,10,5,5,0.0
16302,EE_Nuclear,2050,10,6,6,0.0
16303,EE_Nuclear,2050,10,7,7,0.0
16304,EE_Nuclear,2050,10,8,8,0.0
16305,EE_Nuclear,2050,10,9,9,-1.1316000000000002
16306,EE_Nuclear,2050,10,10,10,-1.1316000000000002
16307,EE_Nuclear,2050,10,11,11,-1.1316000000000002
16308,EE_Nuclear,2050,10,12,12,-1.1316000000000002
16309,EE_Nuclear,2050,10,13,13,-1.1316000000000002
16310,EE_Nuclear,2050,10,14,14,-1.1316000000000002
16311,EE_Nuclear,2050,10,15,15,-1.1316000000000002
16312,EE_Nuclear,2050,10,16,16,-1.1316000000000002
16313,EE_Nuclear,2050,10,17,17,-1.1316000000000002
16314,EE_Nuclear,2050,10,18,18,-1.1316000000000002
16315,EE_Nuclear,2050,10,19,19,-1.1316000000000002
16316,EE_Nuclear,2050,10,20,20,-1.1316000000000002
16317,EE_Nuclear,2050,10,21,21,-1.1316000000000002
16318,EE_Nuclear,2050,10,22,22,0.0
16319,EE_Nuclear,2050,10,23,23,0.0
16320,EE_Nuclear,2050,10,24,24,0.0
16321,EE_OCGT,2050,1,1,1,0.0
16322,EE_OCGT,2050,1,2,2,0.0
16323,EE_OCGT,2050,1,3,3,0.0
16324,EE_OCGT,2050,1,4,4,0.0
16325,EE_OCGT,2050,1,5,5,0.0
16326,EE_OCGT,2050,1,6,6,0.0
16327,EE_OCGT,2050,1,7,7,0.0
16328,EE_OCGT,2050,1,8,8,0.0
16329,EE_OCGT,2050,1,9,9,0.0
16330,EE_OCGT,2050,1,10,10,0.0
16331,EE_OCGT,2050,1,11,11,0.0
16332,EE_OCGT,2050,1,12,12,0.0
16333,EE_OCGT,2050,1,13,13,0.0
16334,EE_OCGT,2050,1,14,14,0.0
16335,EE_OCGT,2050,1,15,15,0.0
16336,EE_OCGT,2050,1,16,16,0.0
16337,EE_OCGT,2050,1,17,17,0.0
16338,EE_OCGT,2050,1,18,18,0.0
16339,EE_OCGT,2050,1,19,19,0.0
16340,EE_OCGT,2050,1,20,20,0.0
16341,EE_OCGT,2050,1,21,21,-9.934165705666336
16342,EE_OCGT,2050,1,22,22,0.0
16343,EE_OCGT,2050,1,23,23,0.0
16344,EE_OCGT,2050,1,24,24,0.0
16345,EE_OCGT,2050,2,1,1,0.0
16346,EE_OCGT,2050,2,2,2,0.0
16347,EE_OCGT,2050,2,3,3,0.0
16348,EE_OCGT,2050,2,4,4,0.0
16349,EE_OCGT,2050,2,5,5,0.0
16350,EE_OCGT,2050,2,6,6,0.0
16351,EE_OCGT,2050,2,7,7,0.0
16352,EE_OCGT,2050,2,8,8,0.0
16353,EE_OCGT,2050,2,9,9,0.0
16354,EE_OCGT,2050,2,10,10,0.0
16355,EE_OCGT,2050,2,11,11,0.0
16356,EE_OCGT,2050,2,12,12,0.0
16357,EE_OCGT,2050,2,13,13,0.0
16358,EE_OCGT,2050,2,14,14,0.0
16359,EE_OCGT,2050,2,15,15,0.0
16360,EE_OCGT,2050,2,16,16,0.0
16361,EE_OCGT,2050,2,17,17,0.0
16362,EE_OCGT,2050,2,18,18,0.0
16363,EE_OCGT,2050,2,19,19,0.0
16364,EE_OCGT,2050,2,20,20,0.0
16365,EE_OCGT,2050,2,21,21,0.0
16366,EE_OCGT,2050,2,22,22,0.0
16367,EE_OCGT,2050,2,23,23,0.0
16368,EE_OCGT,2050,2,24,24,0.0
16369,EE_OCGT,2050,3,1,1,0.0
16370,EE_OCGT,2050,3,2,2,0.0
16371,EE_OCGT,2050,3,3,3,0.0
16372,EE_OCGT,2050,3,4,4,0.0
16373,EE_OCGT,2050,3,5,5,0.0
16374,EE_OCGT,2050,3,6,6,0.0
16375,EE_OCGT,2050,3,7,7,0.0
16376,EE_OCGT,2050,3,8,8,0.0
16377,EE_OCGT,2050,3,9,9,0.0
16378,EE_OCGT,2050,3,10,10,0.0
16379,EE_OCGT,2050,3,11,11,0.0
16380,EE_OCGT,2050,3,12,12,0.0
16381,EE_OCGT,2050,3,13,13,0.0
16382,EE_OCGT,2050,3,14,14,0.0
16383,EE_OCGT,2050,3,15,15,0.0
16384,EE_OCGT,2050,3,16,16,0.0
16385,EE_OCGT,2050,3,17,17,0.0
16386,EE_OCGT,2050,3,18,18,0.0
16387,EE_OCGT,2050,3,19,19,0.0
16388,EE_OCGT,2050,3,20,20,0.0
16389,EE_OCGT,2050,3,21,21,0.0
16390,EE_OCGT,2050,3,22,22,0.0
16391,EE_OCGT,2050,3,23,23,0.0
16392,EE_OCGT,2050,3,24,24,0.0
16393,EE_OCGT,2050,4,1,1,0.0
16394,EE_OCGT,2050,4,2,2,0.0
16395,EE_OCGT,2050,4,3,3,0.0
16396,EE_OCGT,2050,4,4,4,0.0
16397,EE_OCGT,2050,4,5,5,0.0
16398,EE_OCGT,2050,4,6,6,0.0
16399,EE_OCGT,2050,4,7,7,0.0
16400,EE_OCGT,2050,4,8,8,0.0
16401,EE_OCGT,2050,4,9,9,0.0
16402,EE_OCGT,2050,4,10,10,0.0
16403,EE_OCGT,2050,4,11,11,0.0
16404,EE_OCGT,2050,4,12,12,0.0
16405,EE_OCGT,2050,4,13,13,-9.715165705666337
16406,EE_OCGT,2050,4,14,14,-9.715165705666337
16407,EE_OCGT,2050,4,15,15,-9.715165705666337
16408,EE_OCGT,2050,4,16,16,-9.715165705666337
16409,EE_OCGT,2050,4,17,17,-9.715165705666337
16410,EE_OCGT,2050,4,18,18,-9.715165705666337
16411,EE_OCGT,2050,4,19,19,0.0
16412,EE_OCGT,2050,4,20,20,0.0
16413,EE_OCGT,2050,4,21,21,0.0
16414,EE_OCGT,2050,4,22,22,0.0
16415,EE_OCGT,2050,4,23,23,0.0
16416,EE_OCGT,2050,4,24,24,0.0
16417,EE_OCGT,2050,5,1,1,0.0
16418,EE_OCGT,2050,5,2,2,0.0
16419,EE_OCGT,2050,5,3,3,0.0
16420,EE_OCGT,2050,5,4,4,0.0
16421,EE_OCGT,2050,5,5,5,0.0
16422,EE_OCGT,2050,5,6,6,0.0
16423,EE_OCGT,2050,5,7,7,0.0
16424,EE_OCGT,2050,5,8,8,0.0
16425,EE_OCGT,2050,5,9,9,0.0
16426,EE_OCGT,2050,5,10,10,0.0
16427,EE_OCGT,2050,5,11,11,0.0
16428,EE_OCGT,2050,5,12,12,0.0
16429,EE_OCGT,2050,5,13,13,0.0
16430,EE_OCGT,2050,5,14,14,0.0
16431,EE_OCGT,2050,5,15,15,0.0
16432,EE_OCGT,2050,5,16,16,0.0
16433,EE_OCGT,2050,5,17,17,0.0
16434,EE_OCGT,2050,5,18,18,0.0
16435,EE_OCGT,2050,5,19,19,0.0
16436,EE_OCGT,2050,5,20,20,0.0
16437,EE_OCGT,2050,5,21,21,0.0
16438,EE_OCGT,2050,5,22,22,0.0
16439,EE_OCGT,2050,5,23,23,0.0
16440,EE_OCGT,2050,5,24,24,0.0
16441,EE_OCGT,2050,6,1,1,0.0
16442,EE_OCGT,2050,6,2,2,0.0
16443,EE_OCGT,2050,6,3,3,0.0
16444,EE_OCGT,2050,6,4,4,0.0
16445,EE_OCGT,2050,6,5,5,0.0
16446,EE_OCGT,2050,6,6,6,0.0
16447,EE_OCGT,2050,6,7,7,0.0
16448,EE_OCGT,2050,6,8,8,0.0
16449,EE_OCGT,2050,6,9,9,0.0
16450,EE_OCGT,2050,6,10,10,0.0
16451,EE_OCGT,2050,6,11,11,0.0
16452,EE_OCGT,2050,6,12,12,0.0
16453,EE_OCGT,2050,6,13,13,0.0
16454,EE_OCGT,2050,6,14,14,0.0
16455,EE_OCGT,2050,6,15,15,0.0
16456,EE_OCGT,2050,6,16,16,0.0
16457,EE_OCGT,2050,6,17,17,0.0
16458,EE_OCGT,2050,6,18,18,0.0
16459,EE_OCGT,2050,6,19,19,0.0
16460,EE_OCGT,2050,6,20,20,0.0
16461,EE_OCGT,2050,6,21,21,0.0
16462,EE_OCGT,2050,6,22,22,0.0
16463,EE_OCGT,2050,6,23,23,0.0
16464,EE_OCGT,2050,6,24,24,0.0
16465,EE_OCGT,2050,7,1,1,0.0
16466,EE_OCGT,2050,7,2,2,0.0
16467,EE_OCGT,2050,7,3,3,0.0
16468,EE_OCGT,2050,7,4,4,0.0
16469,EE_OCGT,2050,7,5,5,0.0
16470,EE_OCGT,2050,7,6,6,0.0
16471,EE_OCGT,2050,7,7,7,0.0
16472,EE_OCGT,2050,7,8,8,0.0
16473,EE_OCGT,2050,7,9,9,0.0
16474,EE_OCGT,2050,7,10,10,0.0
16475,EE_OCGT,2050,7,11,11,0.0
16476,EE_OCGT,2050,7,12,12,0.0
16477,EE_OCGT,2050,7,13,13,0.0
16478,EE_OCGT,2050,7,14,14,0.0
16479,EE_OCGT,2050,7,15,15,0.0
16480,EE_OCGT,2050,7,16,16,0.0
16481,EE_OCGT,2050,7,17,17,0.0
16482,EE_OCGT,2050,7,18,18,0.0
16483,EE_OCGT,2050,7,19,19,0.0
16484,EE_OCGT,2050,7,20,20,0.0
16485,EE_OCGT,2050,7,21,21,0.0
16486,EE_OCGT,2050,7,22,22,0.0
16487,EE_OCGT,2050,7,23,23,0.0
16488,EE_OCGT,2050,7,24,24,0.0
16489,EE_OCGT,2050,8,1,1,0.0
16490,EE_OCGT,2050,8,2,2,0.0
16491,EE_OCGT,2050,8,3,3,0.0
16492,EE_OCGT,2050,8,4,4,0.0
16493,EE_OCGT,2050,8,5,5,0.0
16494,EE_OCGT,2050,8,6,6,0.0
16495,EE_OCGT,2050,8,7,7,0.0
16496,EE_OCGT,2050,8,8,8,0.0
16497,EE_OCGT,2050,8,9,9,0.0
16498,EE_OCGT,2050,8,10,10,0.0
16499,EE_OCGT,2050,8,11,11,0.0
16500,EE_OCGT,2050,8,12,12,0.0
16501,EE_OCGT,2050,8,13,13,0.0
16502,EE_OCGT,2050,8,14,14,0.0
16503,EE_OCGT,2050,8,15,15,0.0
16504,EE_OCGT,2050,8,16,16,0.0
16505,EE_OCGT,2050,8,17,17,0.0
16506,EE_OCGT,2050,8,18,18,0.0
16507,EE_OCGT,2050,8,19,19,0.0
16508,EE_OCGT,2050,8,20,20,0.0
16509,EE_OCGT,2050,8,21,21,0.0
16510,EE_OCGT,2050,8,22,22,0.0
16511,EE_OCGT,2050,8,23,23,0.0
16512,EE_OCGT,2050,8,24,24,0.0
16513,EE_OCGT,2050,9,1,1,0.0
16514,EE_OCGT,2050,9,2,2,0.0
16515,EE_OCGT,2050,9,3,3,0.0
16516,EE_OCGT,2050,9,4,4,0.0
16517,EE_OCGT,2050,9,5,5,0.0
16518,EE_OCGT,2050,9,6,6,0.0
16519,EE_OCGT,2050,9,7,7,0.0
16520,EE_OCGT,2050,9,8,8,0.0
16521,EE_OCGT,2050,9,9,9,0.0
16522,EE_OCGT,2050,9,10,10,0.0
16523,EE_OCGT,2050,9,11,11,0.0
16524,EE_OCGT,2050,9,12,12,0.0
16525,EE_OCGT,2050,9,13,13,0.0
16526,EE_OCGT,2050,9,14,14,0.0
16527,EE_OCGT,2050,9,15,15,0.0
16528,EE_OCGT,2050,9,16,16,0.0
16529,EE_OCGT,2050,9,17,17,0.0
16530,EE_OCGT,2050,9,18,18,0.0
16531,EE_OCGT,2050,9,19,19,0.0
16532,EE_OCGT,2050,9,20,20,0.0
16533,EE_OCGT,2050,9,21,21,0.0
16534,EE_OCGT,2050,9,22,22,0.0
16535,EE_OCGT,2050,9,23,23,0.0
16536,EE_OCGT,2050,9,24,24,0.0
16537,EE_OCGT,2050,10,1,1,0.0
16538,EE_OCGT,2050,10,2,2,0.0
16539,EE_OCGT,2050,10,3,3,0.0
16540,EE_OCGT,2050,10,4,4,0.0
16541,EE_OCGT,2050,10,5,5,0.0
16542,EE_OCGT,2050,10,6,6,0.0
16543,EE_OCGT,2050,10,7,7,0.0
16544,EE_OCGT,2050,10,8,8,0.0
16545,EE_OCGT,2050,10,9,9,0.0
16546,EE_OCGT,2050,10,10,10,0.0
16547,EE_OCGT,2050,10,11,11,0.0
16548,EE_OCGT,2050,10,12,12,0.0
16549,EE_OCGT,2050,10,13,13,0.0
16550,EE_OCGT,2050,10,14,14,0.0
16551,EE_OCGT,2050,10,15,15,0.0
16552,EE_OCGT,2050,10,16,16,0.0
16553,EE_OCGT,2050,10,17,17,0.0
16554,EE_OCGT,2050,10,18,18,0.0
16555,EE_OCGT,2050,10,19,19,0.0
16556,EE_OCGT,2050,10,20,20,0.0
16557,EE_OCGT,2050,10,21,21,0.0
16558,EE_OCGT,2050,10,22,22,0.0
16559,EE_OCGT,2050,10,23,23,0.0
16560,EE_OCGT,2050,10,24,24,0.0
16561,EE_Solar,2050,1,1,1,0.0
16562,EE_Solar,2050,1,2,2,0.0
16563,EE_Solar,2050,1,3,3,0.0
16564,EE_Solar,2050,1,4,4,0.0
16565,EE_Solar,2050,1,5,5,-1.749
16566,EE_Solar,2050,1,6,6,-1.749
16567,EE_Solar,2050,1,7,7,-1.749
16568,EE_Solar,2050,1,8,8,-1.749
16569,EE_Solar,2050,1,9,9,-1.749
16570,EE_Solar,2050,1,10,10,-1.749
16571,EE_Solar,2050,1,11,11,-1.749
16572,EE_Solar,2050,1,12,12,-1.749
16573,EE_Solar,2050,1,13,13,-1.749
16574,EE_Solar,2050,1,14,14,0.0
16575,EE_Solar,2050,1,15,15,0.0
16576,EE_Solar,2050,1,16,16,0.0
16577,EE_Solar,2050,1,17,17,0.0
16578,EE_Solar,2050,1,18,18,0.0
16579,EE_Solar,2050,1,19,19,0.0
16580,EE_Solar,2050,1,20,20,0.0
16581,EE_Solar,2050,1,21,21,-12.637165705666336
16582,EE_Solar,2050,1,22,22,0.0
16583,EE_Solar,2050,1,23,23,0.0
16584,EE_Solar,2050,1,24,24,0.0
16585,EE_Solar,2050,2,1,1,0.0
16586,EE_Solar,2050,2,2,2,0.0
16587,EE_Solar,2050,2,3,3,0.0
16588,EE_Solar,2050,2,4,4,0.0
16589,EE_Solar,2050,2,5,5,0.0
16590,EE_Solar,2050,2,6,6,0.0
16591,EE_Solar,2050,2,7,7,0.0
16592,EE_Solar,2050,2,8,8,0.0
16593,EE_Solar,2050,2,9,9,0.0
16594,EE_Solar,2050,2,10,10,0.0
16595,EE_Solar,2050,2,11,11,0.0
16596,EE_Solar,2050,2,12,12,0.0
16597,EE_Solar,2050,2,13,13,0.0
16598,EE_Solar,2050,2,14,14,0.0
16599,EE_Solar,2050,2,15,15,0.0
16600,EE_Solar,2050,2,16,16,0.0
16601,EE_Solar,2050,2,17,17,0.0
16602,EE_Solar,2050,2,18,18,0.0
16603,EE_Solar,2050,2,19,19,0.0
16604,EE_Solar,2050,2,20,20,0.0
16605,EE_Solar,2050,2,21,21,0.0
16606,EE_Solar,2050,2,22,22,0.0
16607,EE_Solar,2050,2,23,23,0.0
16608,EE_Solar,2050,2,24,24,0.0
16609,EE_Solar,2050,3,1,1,0.0
16610,EE_Solar,2050,3,2,2,0.0
16611,EE_Solar,2050,3,3,3,0.0
16612,EE_Solar,2050,3,4,4,0.0
16613,EE_Solar,2050,3,5,5,0.0
16614,EE_Solar,2050,3,6,6,0.0
16615,EE_Solar,2050,3,7,7,0.0
16616,EE_Solar,2050,3,8,8,0.0
16617,EE_Solar,2050,3,9,9,0.0
16618,EE_Solar,2050,3,10,10,0.0
16619,EE_Solar,2050,3,11,11,0.0
16620,EE_Solar,2050,3,12,12,0.0
16621,EE_Solar,2050,3,13,13,0.0
16622,EE_Solar,2050,3,14,14,0.0
16623,EE_Solar,2050,3,15,15,0.0
16624,EE_Solar,2050,3,16,16,0.0
16625,EE_Solar,2050,3,17,17,0.0
16626,EE_Solar,2050,3,18,18,0.0
16627,EE_Solar,2050,3,19,19,0.0
16628,EE_Solar,2050,3,20,20,0.0
16629,EE_Solar,2050,3,21,21,0.0
16630,EE_Solar,2050,3,22,22,0.0
16631,EE_Solar,2050,3,23,23,0.0
16632,EE_Solar,2050,3,24,24,0.0
16633,EE_Solar,2050,4,1,1,0.0
16634,EE_Solar,2050,4,2,2,-0.759
16635,EE_Solar,2050,4,3,3,-0.759
16636,EE_Solar,2050,4,4,4,-0.759
16637,EE_Solar,2050,4,5,5,-0.759
16638,EE_Solar,2050,4,6,6,-0.759
16639,EE_Solar,2050,4,7,7,-0.759
16640,EE_Solar,2050,4,8,8,-0.759
16641,EE_Solar,2050,4,9,9,-0.759
16642,EE_Solar,2050,4,10,10,-0.759
16643,EE_Solar,2050,4,11,11,-0.759
16644,EE_Solar,2050,4,12,12,-0.759
16645,EE_Solar,2050,4,13,13,-10.888165705666337
16646,EE_Solar,2050,4,14,14,-10.888165705666337
16647,EE_Solar,2050,4,15,15,-10.888165705666337
16648,EE_Solar,2050,4,16,16,-10.888165705666337
16649,EE_Solar,2050,4,17,17,-10.888165705666337
16650,EE_Solar,2050,4,18,18,-10.888165705666337
16651,EE_Solar,2050,4,19,19,-0.759
16652,EE_Solar,2050,4,20,20,-0.759
16653,EE_Solar,2050,4,21,21,-0.759
16654,EE_Solar,2050,4,22,22,-0.759
16655,EE_Solar,2050,4,23,23,-0.759
16656,EE_Solar,2050,4,24,24,-0.759
16657,EE_Solar,2050,5,1,1,0.0
16658,EE_Solar,2050,5,2,2,0.0
16659,EE_Solar,2050,5,3,3,0.0
16660,EE_Solar,2050,5,4,4,0.0
16661,EE_Solar,2050,5,5,5,0.0
16662,EE_Solar,2050,5,6,6,0.0
16663,EE_Solar,2050,5,7,7,0.0
16664,EE_Solar,2050,5,8,8,0.0
16665,EE_Solar,2050,5,9,9,0.0
16666,EE_Solar,2050,5,10,10,0.0
16667,EE_Solar,2050,5,11,11,0.0
16668,EE_Solar,2050,5,12,12,0.0
16669,EE_Solar,2050,5,13,13,0.0
16670,EE_Solar,2050,5,14,14,0.0
16671,EE_Solar,2050,5,15,15,0.0
16672,EE_Solar,2050,5,16,16,0.0
16673,EE_Solar,2050,5,17,17,0.0
16674,EE_Solar,2050,5,18,18,0.0
16675,EE_Solar,2050,5,19,19,0.0
16676,EE_Solar,2050,5,20,20,0.0
16677,EE_Solar,2050,5,21,21,0.0
16678,EE_Solar,2050,5,22,22,0.0
16679,EE_Solar,2050,5,23,23,0.0
16680,EE_Solar,2050,5,24,24,0.0
16681,EE_Solar,2050,6,1,1,0.0
16682,EE_Solar,2050,6,2,2,0.0
16683,EE_Solar,2050,6,3,3,0.0
16684,EE_Solar,2050,6,4,4,0.0
16685,EE_Solar,2050,6,5,5,0.0
16686,EE_Solar,2050,6,6,6,0.0
16687,EE_Solar,2050,6,7,7,0.0
16688,EE_Solar,2050,6,8,8,0.0
16689,EE_Solar,2050,6,9,9,0.0
16690,EE_Solar,2050,6,10,10,0.0
16691,EE_Solar,2050,6,11,11,0.0
16692,EE_Solar,2050,6,12,12,0.0
16693,EE_Solar,2050,6,13,13,0.0
16694,EE_Solar,2050,6,14,14,0.0
16695,EE_Solar,2050,6,15,15,0.0
16696,EE_Solar,2050,6,16,16,0.0
16697,EE_Solar,2050,6,17,17,0.0
16698,EE_Solar,2050,6,18,18,0.0
16699,EE_Solar,2050,6,19,19,0.0
16700,EE_Solar,2050,6,20,20,0.0
16701,EE_Solar,2050,6,21,21,0.0
16702,EE_Solar,2050,6,22,22,0.0
16703,EE_Solar,2050,6,23,23,0.0
16704,EE_Solar,2050,6,24,24,0.0
16705,EE_Solar,2050,7,1,1,0.0
16706,EE_Solar,2050,7,2,2,0.0
16707,EE_Solar,2050,7,3,3,0.0
16708,EE_Solar,2050,7,4,4,0.0
16709,EE_Solar,2050,7,5,5,0.0
16710,EE_Solar,2050,7,6,6,0.0
16711,EE_Solar,2050,7,7,7,0.0
16712,EE_Solar,2050,7,8,8,0.0
16713,EE_Solar,2050,7,9,9,0.0
16714,EE_Solar,2050,7,10,10,0.0
16715,EE_Solar,2050,7,11,11,0.0
16716,EE_Solar,2050,7,12,12,0.0
16717,EE_Solar,2050,7,13,13,0.0
16718,EE_Solar,2050,7,14,14,0.0
16719,EE_Solar,2050,7,15,15,0.0
16720,EE_Solar,2050,7,16,16,0.0
16721,EE_Solar,2050,7,17,17,0.0
16722,EE_Solar,2050,7,18,18,0.0
16723,EE_Solar,2050,7,19,19,0.0
16724,EE_Solar,2050,7,20,20,0.0
16725,EE_Solar,2050,7,21,21,0.0
16726,EE_Solar,2050,7,22,22,0.0
16727,EE_Solar,2050,7,23,23,0.0
16728,EE_Solar,2050,7,24,24,0.0
16729,EE_Solar,2050,8,1,1,0.0
16730,EE_Solar,2050,8,2,2,0.0
16731,EE_Solar,2050,8,3,3,0.0
16732,EE_Solar,2050,8,4,4,0.0
16733,EE_Solar,2050,8,5,5,0.0
16734,EE_Solar,2050,8,6,6,0.0
16735,EE_Solar,2050,8,7,7,0.0
16736,EE_Solar,2050,8,8,8,0.0
16737,EE_Solar,2050,8,9,9,0.0
16738,EE_Solar,2050,8,10,10,0.0
16739,EE_Solar,2050,8,11,11,0.0
16740,EE_Solar,2050,8,12,12,0.0
16741,EE_Solar,2050,8,13,13,0.0
16742,EE_Solar,2050,8,14,14,0.0
16743,EE_Solar,2050,8,15,15,0.0
16744,EE_Solar,2050,8,16,16,0.0
16745,EE_Solar,2050,8,17,17,0.0
16746,EE_Solar,2050,8,18,18,0.0
16747,EE_Solar,2050,8,19,19,0.0
16748,EE_Solar,2050,8,20,20,0.0
16749,EE_Solar,2050,8,21,21,0.0
16750,EE_Solar,2050,8,22,22,0.0
16751,EE_Solar,2050,8,23,23,0.0
16752,EE_Solar,2050,8,24,24,0.0
16753,EE_Solar,2050,9,1,1,0.0
16754,EE_Solar,2050,9,2,2,0.0
16755,EE_Solar,2050,9,3,3,0.0
16756,EE_Solar,2050,9,4,4,0.0
16757,EE_Solar,2050,9,5,5,0.0
16758,EE_Solar,2050,9,6,6,0.0
16759,EE_Solar,2050,9,7,7,0.0
16760,EE_Solar,2050,9,8,8,0.0
16761,EE_Solar,2050,9,9,9,0.0
16762,EE_Solar,2050,9,10,10,0.0
16763,EE_Solar,2050,9,11,11,0.0
16764,EE_Solar,2050,9,12,12,0.0
16765,EE_Solar,2050,9,13,13,0.0
16766,EE_Solar,2050,9,14,14,0.0
16767,EE_Solar,2050,9,15,15,0.0
16768,EE_Solar,2050,9,16,16,0.0
16769,EE_Solar,2050,9,17,17,0.0
16770,EE_Solar,2050,9,18,18,0.0
16771,EE_Solar,2050,9,19,19,0.0
16772,EE_Solar,2050,9,20,20,0.0
16773,EE_Solar,2050,9,21,21,0.0
16774,EE_Solar,2050,9,22,22,0.0
16775,EE_Solar,2050,9,23,23,0.0
16776,EE_Solar,2050,9,24,24,0.0
16777,EE_Solar,2050,10,1,1,0.0
16778,EE_Solar,2050,10,2,2,0.0
16779,EE_Solar,2050,10,3,3,0.0
16780,EE_Solar,2050,10,4,4,0.0
16781,EE_Solar,2050,10,5,5,0.0
16782,EE_Solar,2050,10,6,6,0.0
16783,EE_Solar,2050,10,7,7,0.0
16784,EE_Solar,2050,10,8,8,0.0
16785,EE_Solar,2050,10,9,9,-1.518
16786,EE_Solar,2050,10,10,10,-1.518
16787,EE_Solar,2050,10,11,11,-1.518
16788,EE_Solar,2050,10,12,12,-1.518
16789,EE_Solar,2050,10,13,13,-1.518
16790,EE_Solar,2050,10,14,14,-1.518
16791,EE_Solar,2050,10,15,15,-1.518
16792,EE_Solar,2050,10,16,16,-1.518
16793,EE_Solar,2050,10,17,17,-1.518
16794,EE_Solar,2050,10,18,18,-1.518
16795,EE_Solar,2050,10,19,19,-1.518
16796,EE_Solar,2050,10,20,20,-1.518
16797,EE_Solar,2050,10,21,21,-1.518
16798,EE_Solar,2050,10,22,22,0.0
16799,EE_Solar,2050,10,23,23,0.0
16800,EE_Solar,2050,10,24,24,0.0
16801,EE_Wind_Onshore,2050,1,1,1,0.0
16802,EE_Wind_Onshore,2050,1,2,2,0.0
16803,EE_Wind_Onshore,2050,1,3,3,0.0
16804,EE_Wind_Onshore,2050,1,4,4,0.0
16805,EE_Wind_Onshore,2050,1,5,5,-1.749
16806,EE_Wind_Onshore,2050,1,6,6,-1.749
16807,EE_Wind_Onshore,2050,1,7,7,-1.749
16808,EE_Wind_Onshore,2050,1,8,8,-1.749
16809,EE_Wind_Onshore,2050,1,9,9,-1.749
16810,EE_Wind_Onshore,2050,1,10,10,-1.749
16811,EE_Wind_Onshore,2050,1,11,11,-1.749
16812,EE_Wind_Onshore,2050,1,12,12,-1.749
16813,EE_Wind_Onshore,2050,1,13,13,-1.749
16814,EE_Wind_Onshore,2050,1,14,14,0.0
16815,EE_Wind_Onshore,2050,1,15,15,0.0
16816,EE_Wind_Onshore,2050,1,16,16,0.0
16817,EE_Wind_Onshore,2050,1,17,17,0.0
16818,EE_Wind_Onshore,2050,1,18,18,0.0
16819,EE_Wind_Onshore,2050,1,19,19,0.0
16820,EE_Wind_Onshore,2050,1,20,20,0.0
16821,EE_Wind_Onshore,2050,1,21,21,-12.637165705666336
16822,EE_Wind_Onshore,2050,1,22,22,0.0
16823,EE_Wind_Onshore,2050,1,23,23,0.0
16824,EE_Wind_Onshore,2050,1,24,24,0.0
16825,EE_Wind_Onshore,2050,2,1,1,0.0
16826,EE_Wind_Onshore,2050,2,2,2,0.0
16827,EE_Wind_Onshore,2050,2,3,3,0.0
16828,EE_Wind_Onshore,2050,2,4,4,0.0
16829,EE_Wind_Onshore,2050,2,5,5,0.0
16830,EE_Wind_Onshore,2050,2,6,6,0.0
16831,EE_Wind_Onshore,2050,2,7,7,0.0
16832,EE_Wind_Onshore,2050,2,8,8,0.0
16833,EE_Wind_Onshore,2050,2,9,9,0.0
16834,EE_Wind_Onshore,2050,2,10,10,0.0
16835,EE_Wind_Onshore,2050,2,11,11,0.0
16836,EE_Wind_Onshore,2050,2,12,12,0.0
16837,EE_Wind_Onshore,2050,2,13,13,0.0
16838,EE_Wind_Onshore,2050,2,14,14,0.0
16839,EE_Wind_Onshore,2050,2,15,15,0.0
16840,EE_Wind_Onshore,2050,2,16,16,0.0
16841,EE_Wind_Onshore,2050,2,17,17,0.0
16842,EE_Wind_Onshore,2050,2,18,18,0.0
16843,EE_Wind_Onshore,2050,2,19,19,0.0
16844,EE_Wind_Onshore,2050,2,20,20,0.0
16845,EE_Wind_Onshore,2050,2,21,21,0.0
16846,EE_Wind_Onshore,2050,2,22,22,0.0
16847,EE_Wind_Onshore,2050,2,23,23,0.0
16848,EE_Wind_Onshore,2050,2,24,24,0.0
16849,EE_Wind_Onshore,2050,3,1,1,0.0
16850,EE_Wind_Onshore,2050,3,2,2,0.0
16851,EE_Wind_Onshore,2050,3,3,3,0.0
16852,EE_Wind_Onshore,2050,3,4,4,0.0
16853,EE_Wind_Onshore,2050,3,5,5,0.0
16854,EE_Wind_Onshore,2050,3,6,6,0.0
16855,EE_Wind_Onshore,2050,3,7,7,0.0
16856,EE_Wind_Onshore,2050,3,8,8,0.0
16857,EE_Wind_Onshore,2050,3,9,9,0.0
16858,EE_Wind_Onshore,2050,3,10,10,0.0
16859,EE_Wind_Onshore,2050,3,11,11,0.0
16860,EE_Wind_Onshore,2050,3,12,12,0.0
16861,EE_Wind_Onshore,2050,3,13,13,0.0
16862,EE_Wind_Onshore,2050,3,14,14,0.0
16863,EE_Wind_Onshore,2050,3,15,15,0.0
16864,EE_Wind_Onshore,2050,3,16,16,0.0
16865,EE_Wind_Onshore,2050,3,17,17,0.0
16866,EE_Wind_Onshore,2050,3,18,18,0.0
16867,EE_Wind_Onshore,2050,3,19,19,0.0
16868,EE_Wind_Onshore,2050,3,20,20,0.0
16869,EE_Wind_Onshore,2050,3,21,21,0.0
16870,EE_Wind_Onshore,2050,3,22,22,0.0
16871,EE_Wind_Onshore,2050,3,23,23,0.0
16872,EE_Wind_Onshore,2050,3,24,24,0.0
16873,EE_Wind_Onshore,2050,4,1,1,0.0
16874,EE_Wind_Onshore,2050,4,2,2,-0.759
16875,EE_Wind_Onshore,2050,4,3,3,-0.759
16876,EE_Wind_Onshore,2050,4,4,4,-0.759
16877,EE_Wind_Onshore,2050,4,5,5,-0.759
16878,EE_Wind_Onshore,2050,4,6,6,-0.759
16879,EE_Wind_Onshore,2050,4,7,7,-0.759
16880,EE_Wind_Onshore,2050,4,8,8,-0.759
16881,EE_Wind_Onshore,2050,4,9,9,-0.759
16882,EE_Wind_Onshore,2050,4,10,10,-0.759
16883,EE_Wind_Onshore,2050,4,11,11,-0.759
16884,EE_Wind_Onshore,2050,4,12,12,-0.759
16885,EE_Wind_Onshore,2050,4,13,13,-10.888165705666337
16886,EE_Wind_Onshore,2050,4,14,14,-10.888165705666337
16887,EE_Wind_Onshore,2050,4,15,15,-10.888165705666337
16888,EE_Wind_Onshore,2050,4,16,16,-10.888165705666337
16889,EE_Wind_Onshore,2050,4,17,17,-10.888165705666337
16890,EE_Wind_Onshore,2050,4,18,18,-10.888165705666337
16891,EE_Wind_Onshore,2050,4,19,19,-0.759
16892,EE_Wind_Onshore,2050,4,20,20,-0.759
16893,EE_Wind_Onshore,2050,4,21,21,-0.759
16894,EE_Wind_Onshore,2050,4,22,22,-0.759
16895,EE_Wind_Onshore,2050,4,23,23,-0.759
16896,EE_Wind_Onshore,2050,4,24,24,-0.759
16897,EE_Wind_Onshore,2050,5,1,1,0.0
16898,EE_Wind_Onshore,2050,5,2,2,0.0
16899,EE_Wind_Onshore,2050,5,3,3,0.0
16900,EE_Wind_Onshore,2050,5,4,4,0.0
16901,EE_Wind_Onshore,2050,5,5,5,0.0
16902,EE_Wind_Onshore,2050,5,6,6,0.0
16903,EE_Wind_Onshore,2050,5,7,7,0.0
16904,EE_Wind_Onshore,2050,5,8,8,0.0
16905,EE_Wind_Onshore,2050,5,9,9,0.0
16906,EE_Wind_Onshore,2050,5,10,10,0.0
16907,EE_Wind_Onshore,2050,5,11,11,0.0
16908,EE_Wind_Onshore,2050,5,12,12,0.0
16909,EE_Wind_Onshore,2050,5,13,13,0.0
16910,EE_Wind_Onshore,2050,5,14,14,0.0
16911,EE_Wind_Onshore,2050,5,15,15,0.0
16912,EE_Wind_Onshore,2050,5,16,16,0.0
16913,EE_Wind_Onshore,2050,5,17,17,0.0
16914,EE_Wind_Onshore,2050,5,18,18,0.0
16915,EE_Wind_Onshore,2050,5,19,19,0.0
16916,EE_Wind_Onshore,2050,5,20,20,0.0
16917,EE_Wind_Onshore,2050,5,21,21,0.0
16918,EE_Wind_Onshore,2050,5,22,22,0.0
16919,EE_Wind_Onshore,2050,5,23,23,0.0
16920,EE_Wind_Onshore,2050,5,24,24,0.0
16921,EE_Wind_Onshore,2050,6,1,1,0.0
16922,EE_Wind_Onshore,2050,6,2,2,0.0
16923,EE_Wind_Onshore,2050,6,3,3,0.0
16924,EE_Wind_Onshore,2050,6,4,4,0.0
16925,EE_Wind_Onshore,2050,6,5,5,0.0
16926,EE_Wind_Onshore,2050,6,6,6,0.0
16927,EE_Wind_Onshore,2050,6,7,7,0.0
16928,EE_Wind_Onshore,2050,6,8,8,0.0
16929,EE_Wind_Onshore,2050,6,9,9,0.0
16930,EE_Wind_Onshore,2050,6,10,10,0.0
16931,EE_Wind_Onshore,2050,6,11,11,0.0
16932,EE_Wind_Onshore,2050,6,12,12,0.0
16933,EE_Wind_Onshore,2050,6,13,13,0.0
16934,EE_Wind_Onshore,2050,6,14,14,0.0
16935,EE_Wind_Onshore,2050,6,15,15,0.0
16936,EE_Wind_Onshore,2050,6,16,16,0.0
16937,EE_Wind_Onshore,2050,6,17,17,0.0
16938,EE_Wind_Onshore,2050,6,18,18,0.0
16939,EE_Wind_Onshore,2050,6,19,19,0.0
16940,EE_Wind_Onshore,2050,6,20,20,0.0
16941,EE_Wind_Onshore,2050,6,21,21,0.0
16942,EE_Wind_Onshore,2050,6,22,22,0.0
16943,EE_Wind_Onshore,2050,6,23,23,0.0
16944,EE_Wind_Onshore,2050,6,24,24,0.0
16945,EE_Wind_Onshore,2050,7,1,1,0.0
16946,EE_Wind_Onshore,2050,7,2,2,0.0
16947,EE_Wind_Onshore,2050,7,3,3,0.0
16948,EE_Wind_Onshore,2050,7,4,4,0.0
16949,EE_Wind_Onshore,2050,7,5,5,0.0
16950,EE_Wind_Onshore,2050,7,6,6,0.0
16951,EE_Wind_Onshore,2050,7,7,7,0.0
16952,EE_Wind_Onshore,2050,7,8,8,0.0
16953,EE_Wind_Onshore,2050,7,9,9,0.0
16954,EE_Wind_Onshore,2050,7,10,10,0.0
16955,EE_Wind_Onshore,2050,7,11,11,0.0
16956,EE_Wind_Onshore,2050,7,12,12,0.0
16957,EE_Wind_Onshore,2050,7,13,13,0.0
16958,EE_Wind_Onshore,2050,7,14,14,0.0
16959,EE_Wind_Onshore,2050,7,15,15,0.0
16960,EE_Wind_Onshore,2050,7,16,16,0.0
16961,EE_Wind_Onshore,2050,7,17,17,0.0
16962,EE_Wind_Onshore,2050,7,18,18,0.0
16963,EE_Wind_Onshore,2050,7,19,19,0.0
16964,EE_Wind_Onshore,2050,7,20,20,0.0
16965,EE_Wind_Onshore,2050,7,21,21,0.0
16966,EE_Wind_Onshore,2050,7,22,22,0.0
16967,EE_Wind_Onshore,2050,7,23,23,0.0
16968,EE_Wind_Onshore,2050,7,24,24,0.0
16969,EE_Wind_Onshore,2050,8,1,1,0.0
16970,EE_Wind_Onshore,2050,8,2,2,0.0
16971,EE_Wind_Onshore,2050,8,3,3,0.0
16972,EE_Wind_Onshore,2050,8,4,4,0.0
16973,EE_Wind_Onshore,2050,8,5,5,0.0
16974,EE_Wind_Onshore,2050,8,6,6,0.0
16975,EE_Wind_Onshore,2050,8,7,7,0.0
16976,EE_Wind_Onshore,2050,8,8,8,0.0
16977,EE_Wind_Onshore,2050,8,9,9,0.0
16978,EE_Wind_Onshore,2050,8,10,10,0.0
16979,EE_Wind_Onshore,2050,8,11,11,0.0
16980,EE_Wind_Onshore,2050,8,12,12,0.0
16981,EE_Wind_Onshore,2050,8,13,13,0.0
16982,EE_Wind_Onshore,2050,8,14,14,0.0
16983,EE_Wind_Onshore,2050,8,15,15,0.0
16984,EE_Wind_Onshore,2050,8,16,16,0.0
16985,EE_Wind_Onshore,2050,8,17,17,0.0
16986,EE_Wind_Onshore,2050,8,18,18,0.0
16987,EE_Wind_Onshore,2050,8,19,19,0.0
16988,EE_Wind_Onshore,2050,8,20,20,0.0
16989,EE_Wind_Onshore,2050,8,21,21,0.0
16990,EE_Wind_Onshore,2050,8,22,22,0.0
16991,EE_Wind_Onshore,2050,8,23,23,0.0
16992,EE_Wind_Onshore,2050,8,24,24,0.0
16993,EE_Wind_Onshore,2050,9,1,1,0.0
16994,EE_Wind_Onshore,2050,9,2,2,0.0
16995,EE_Wind_Onshore,2050,9,3,3,0.0
16996,EE_Wind_Onshore,2050,9,4,4,0.0
16997,EE_Wind_Onshore,2050,9,5,5,0.0
16998,EE_Wind_Onshore,2050,9,6,6,0.0
16999,EE_Wind_Onshore,2050,9,7,7,0.0
17000,EE_Wind_Onshore,2050,9,8,8,0.0
17001,EE_Wind_Onshore,2050,9,9,9,0.0
17002,EE_Wind_Onshore,2050,9,10,10,0.0
17003,EE_Wind_Onshore,2050,9,11,11,0.0
17004,EE_Wind_Onshore,2050,9,12,12,0.0
17005,EE_Wind_Onshore,2050,9,13,13,0.0
17006,EE_Wind_Onshore,2050,9,14,14,0.0
17007,EE_Wind_Onshore,2050,9,15,15,0.0
17008,EE_Wind_Onshore,2050,9,16,16,0.0
17009,EE_Wind_Onshore,2050,9,17,17,0.0
17010,EE_Wind_Onshore,2050,9,18,18,0.0
17011,EE_Wind_Onshore,2050,9,19,19,0.0
17012,EE_Wind_Onshore,2050,9,20,20,0.0
17013,EE_Wind_Onshore,2050,9,21,21,0.0
17014,EE_Wind_Onshore,2050,9,22,22,0.0
17015,EE_Wind_Onshore,2050,9,23,23,0.0
17016,EE_Wind_Onshore,2050,9,24,24,0.0
17017,EE_Wind_Onshore,2050,10,1,1,0.0
17018,EE_Wind_Onshore,2050,10,2,2,0.0
17019,EE_Wind_Onshore,2050,10,3,3,0.0
17020,EE_Wind_Onshore,2050,10,4,4,0.0
17021,EE_Wind_Onshore,2050,10,5,5,0.0
17022,EE_Wind_Onshore,2050,10,6,6,0.0
17023,EE_Wind_Onshore,2050,10,7,7,0.0
17024,EE_Wind_Onshore,2050,10,8,8,0.0
17025,EE_Wind_Onshore,2050,10,9,9,-1.518
17026,EE_Wind_Onshore,2050,10,10,10,-1.518
17027,EE_Wind_Onshore,2050,10,11,11,-1.518
17028,EE_Wind_Onshore,2050,10,12,12,-1.518
17029,EE_Wind_Onshore,2050,10,13,13,-1.518
17030,EE_Wind_Onshore,2050,10,14,14,-1.518
17031,EE_Wind_Onshore,2050,10,15,15,-1.518
17032,EE_Wind_Onshore,2050,10,16,16,-1.518
17033,EE_Wind_Onshore,2050,10,17,17,-1.518
17034,EE_Wind_Onshore,2050,10,18,18,-1.518
17035,EE_Wind_Onshore,2050,10,19,19,-1.518
17036,EE_Wind_Onshore,2050,10,20,20,-1.518
17037,EE_Wind_Onshore,2050,10,21,21,-1.518
17038,EE_Wind_Onshore,2050,10,22,22,0.0
17039,EE_Wind_Onshore,2050,10,23,23,0.0
17040,EE_Wind_Onshore,2050,10,24,24,0.0
17041,ES_Battery,2050,1,1,1,0.0
17042,ES_Battery,2050,1,2,2,0.0
17043,ES_Battery,2050,1,3,3,0.0
17044,ES_Battery,2050,1,4,4,0.0
17045,ES_Battery,2050,1,5,5,0.0
17046,ES_Battery,2050,1,6,6,0.0
17047,ES_Battery,2050,1,7,7,0.0
17048,ES_Battery,2050,1,8,8,0.0
17049,ES_Battery,2050,1,9,9,0.0
17050,ES_Battery,2050,1,10,10,0.0
17051,ES_Battery,2050,1,11,11,0.0
17052,ES_Battery,2050,1,12,12,0.0
17053,ES_Battery,2050,1,13,13,0.0
17054,ES_Battery,2050,1,14,14,0.0
17055,ES_Battery,2050,1,15,15,0.0
17056,ES_Battery,2050,1,16,16,0.0
17057,ES_Battery,2050,1,17,17,0.0
17058,ES_Battery,2050,1,18,18,0.0
17059,ES_Battery,2050,1,19,19,0.0
17060,ES_Battery,2050,1,20,20,0.0
17061,ES_Battery,2050,1,21,21,-11.049865705666337
17062,ES_Battery,2050,1,22,22,0.0
17063,ES_Battery,2050,1,23,23,0.0
17064,ES_Battery,2050,1,24,24,0.0
17065,ES_Battery,2050,2,1,1,0.0
17066,ES_Battery,2050,2,2,2,0.0
17067,ES_Battery,2050,2,3,3,0.0
17068,ES_Battery,2050,2,4,4,0.0
17069,ES_Battery,2050,2,5,5,0.0
17070,ES_Battery,2050,2,6,6,0.0
17071,ES_Battery,2050,2,7,7,0.0
17072,ES_Battery,2050,2,8,8,0.0
17073,ES_Battery,2050,2,9,9,0.0
17074,ES_Battery,2050,2,10,10,0.0
17075,ES_Battery,2050,2,11,11,0.0
17076,ES_Battery,2050,2,12,12,0.0
17077,ES_Battery,2050,2,13,13,0.0
17078,ES_Battery,2050,2,14,14,0.0
17079,ES_Battery,2050,2,15,15,0.0
17080,ES_Battery,2050,2,16,16,0.0
17081,ES_Battery,2050,2,17,17,0.0
17082,ES_Battery,2050,2,18,18,0.0
17083,ES_Battery,2050,2,19,19,0.0
17084,ES_Battery,2050,2,20,20,0.0
17085,ES_Battery,2050,2,21,21,0.0
17086,ES_Battery,2050,2,22,22,0.0
17087,ES_Battery,2050,2,23,23,0.0
17088,ES_Battery,2050,2,24,24,0.0
17089,ES_Battery,2050,3,1,1,0.0
17090,ES_Battery,2050,3,2,2,0.0
17091,ES_Battery,2050,3,3,3,0.0
17092,ES_Battery,2050,3,4,4,0.0
17093,ES_Battery,2050,3,5,5,0.0
17094,ES_Battery,2050,3,6,6,0.0
17095,ES_Battery,2050,3,7,7,0.0
17096,ES_Battery,2050,3,8,8,0.0
17097,ES_Battery,2050,3,9,9,0.0
17098,ES_Battery,2050,3,10,10,0.0
17099,ES_Battery,2050,3,11,11,0.0
17100,ES_Battery,2050,3,12,12,0.0
17101,ES_Battery,2050,3,13,13,0.0
17102,ES_Battery,2050,3,14,14,0.0
17103,ES_Battery,2050,3,15,15,0.0
17104,ES_Battery,2050,3,16,16,0.0
17105,ES_Battery,2050,3,17,17,0.0
17106,ES_Battery,2050,3,18,18,0.0
17107,ES_Battery,2050,3,19,19,0.0
17108,ES_Battery,2050,3,20,20,0.0
17109,ES_Battery,2050,3,21,21,0.0
17110,ES_Battery,2050,3,22,22,0.0
17111,ES_Battery,2050,3,23,23,0.0
17112,ES_Battery,2050,3,24,24,0.0
17113,ES_Battery,2050,4,1,1,0.0
17114,ES_Battery,2050,4,2,2,0.0
17115,ES_Battery,2050,4,3,3,0.0
17116,ES_Battery,2050,4,4,4,0.0
17117,ES_Battery,2050,4,5,5,0.0
17118,ES_Battery,2050,4,6,6,0.0
17119,ES_Battery,2050,4,7,7,0.0
17120,ES_Battery,2050,4,8,8,0.0
17121,ES_Battery,2050,4,9,9,0.0
17122,ES_Battery,2050,4,10,10,0.0
17123,ES_Battery,2050,4,11,11,0.0
17124,ES_Battery,2050,4,12,12,0.0
17125,ES_Battery,2050,4,13,13,0.0
17126,ES_Battery,2050,4,14,14,0.0
17127,ES_Battery,2050,4,15,15,0.0
17128,ES_Battery,2050,4,16,16,0.0
17129,ES_Battery,2050,4,17,17,0.0
17130,ES_Battery,2050,4,18,18,0.0
17131,ES_Battery,2050,4,19,19,0.0
17132,ES_Battery,2050,4,20,20,0.0
17133,ES_Battery,2050,4,21,21,0.0
17134,ES_Battery,2050,4,22,22,0.0
17135,ES_Battery,2050,4,23,23,0.0
17136,ES_Battery,2050,4,24,24,0.0
17137,ES_Battery,2050,5,1,1,0.0
17138,ES_Battery,2050,5,2,2,0.0
17139,ES_Battery,2050,5,3,3,0.0
17140,ES_Battery,2050,5,4,4,0.0
17141,ES_Battery,2050,5,5,5,0.0
17142,ES_Battery,2050,5,6,6,0.0
17143,ES_Battery,2050,5,7,7,0.0
17144,ES_Battery,2050,5,8,8,0.0
17145,ES_Battery,2050,5,9,9,0.0
17146,ES_Battery,2050,5,10,10,0.0
17147,ES_Battery,2050,5,11,11,0.0
17148,ES_Battery,2050,5,12,12,0.0
17149,ES_Battery,2050,5,13,13,0.0
17150,ES_Battery,2050,5,14,14,0.0
17151,ES_Battery,2050,5,15,15,0.0
17152,ES_Battery,2050,5,16,16,0.0
17153,ES_Battery,2050,5,17,17,0.0
17154,ES_Battery,2050,5,18,18,0.0
17155,ES_Battery,2050,5,19,19,0.0
17156,ES_Battery,2050,5,20,20,-0.9359999999999995
17157,ES_Battery,2050,5,21,21,-0.9359999999999995
17158,ES_Battery,2050,5,22,22,0.0
17159,ES_Battery,2050,5,23,23,0.0
17160,ES_Battery,2050,5,24,24,0.0
17161,ES_Battery,2050,6,1,1,0.0
17162,ES_Battery,2050,6,2,2,0.0
17163,ES_Battery,2050,6,3,3,0.0
17164,ES_Battery,2050,6,4,4,0.0
17165,ES_Battery,2050,6,5,5,0.0
17166,ES_Battery,2050,6,6,6,0.0
17167,ES_Battery,2050,6,7,7,0.0
17168,ES_Battery,2050,6,8,8,0.0
17169,ES_Battery,2050,6,9,9,0.0
17170,ES_Battery,2050,6,10,10,0.0
17171,ES_Battery,2050,6,11,11,0.0
17172,ES_Battery,2050,6,12,12,0.0
17173,ES_Battery,2050,6,13,13,0.0
17174,ES_Battery,2050,6,14,14,0.0
17175,ES_Battery,2050,6,15,15,0.0
17176,ES_Battery,2050,6,16,16,0.0
17177,ES_Battery,2050,6,17,17,0.0
17178,ES_Battery,2050,6,18,18,0.0
17179,ES_Battery,2050,6,19,19,0.0
17180,ES_Battery,2050,6,20,20,0.0
17181,ES_Battery,2050,6,21,21,0.0
17182,ES_Battery,2050,6,22,22,0.0
17183,ES_Battery,2050,6,23,23,0.0
17184,ES_Battery,2050,6,24,24,0.0
17185,ES_Battery,2050,7,1,1,0.0
17186,ES_Battery,2050,7,2,2,0.0
17187,ES_Battery,2050,7,3,3,0.0
17188,ES_Battery,2050,7,4,4,0.0
17189,ES_Battery,2050,7,5,5,0.0
17190,ES_Battery,2050,7,6,6,0.0
17191,ES_Battery,2050,7,7,7,0.0
17192,ES_Battery,2050,7,8,8,0.0
17193,ES_Battery,2050,7,9,9,0.0
17194,ES_Battery,2050,7,10,10,0.0
17195,ES_Battery,2050,7,11,11,0.0
17196,ES_Battery,2050,7,12,12,0.0
17197,ES_Battery,2050,7,13,13,0.0
17198,ES_Battery,2050,7,14,14,0.0
17199,ES_Battery,2050,7,15,15,0.0
17200,ES_Battery,2050,7,16,16,0.0
17201,ES_Battery,2050,7,17,17,0.0
17202,ES_Battery,2050,7,18,18,0.0
17203,ES_Battery,2050,7,19,19,0.0
17204,ES_Battery,2050,7,20,20,0.0
17205,ES_Battery,2050,7,21,21,0.0
17206,ES_Battery,2050,7,22,22,0.0
17207,ES_Battery,2050,7,23,23,0.0
17208,ES_Battery,2050,7,24,24,0.0
17209,ES_Battery,2050,8,1,1,0.0
17210,ES_Battery,2050,8,2,2,0.0
17211,ES_Battery,2050,8,3,3,0.0
17212,ES_Battery,2050,8,4,4,0.0
17213,ES_Battery,2050,8,5,5,0.0
17214,ES_Battery,2050,8,6,6,0.0
17215,ES_Battery,2050,8,7,7,0.0
17216,ES_Battery,2050,8,8,8,-0.47430000000000017
17217,ES_Battery,2050,8,9,9,0.0
17218,ES_Battery,2050,8,10,10,0.0
17219,ES_Battery,2050,8,11,11,0.0
17220,ES_Battery,2050,8,12,12,0.0
17221,ES_Battery,2050,8,13,13,0.0
17222,ES_Battery,2050,8,14,14,0.0
17223,ES_Battery,2050,8,15,15,0.0
17224,ES_Battery,2050,8,16,16,0.0
17225,ES_Battery,2050,8,17,17,0.0
17226,ES_Battery,2050,8,18,18,0.0
17227,ES_Battery,2050,8,19,19,0.0
17228,ES_Battery,2050,8,20,20,0.0
17229,ES_Battery,2050,8,21,21,0.0
17230,ES_Battery,2050,8,22,22,0.0
17231,ES_Battery,2050,8,23,23,0.0
17232,ES_Battery,2050,8,24,24,0.0
17233,ES_Battery,2050,9,1,1,0.0
17234,ES_Battery,2050,9,2,2,0.0
17235,ES_Battery,2050,9,3,3,0.0
17236,ES_Battery,2050,9,4,4,0.0
17237,ES_Battery,2050,9,5,5,0.0
17238,ES_Battery,2050,9,6,6,0.0
17239,ES_Battery,2050,9,7,7,0.0
17240,ES_Battery,2050,9,8,8,0.0
17241,ES_Battery,2050,9,9,9,0.0
17242,ES_Battery,2050,9,10,10,0.0
17243,ES_Battery,2050,9,11,11,0.0
17244,ES_Battery,2050,9,12,12,0.0
17245,ES_Battery,2050,9,13,13,0.0
17246,ES_Battery,2050,9,14,14,0.0
17247,ES_Battery,2050,9,15,15,0.0
17248,ES_Battery,2050,9,16,16,0.0
17249,ES_Battery,2050,9,17,17,0.0
17250,ES_Battery,2050,9,18,18,0.0
17251,ES_Battery,2050,9,19,19,0.0
17252,ES_Battery,2050,9,20,20,0.0
17253,ES_Battery,2050,9,21,21,0.0
17254,ES_Battery,2050,9,22,22,0.0
17255,ES_Battery,2050,9,23,23,0.0
17256,ES_Battery,2050,9,24,24,0.0
17257,ES_Battery,2050,10,1,1,0.0
17258,ES_Battery,2050,10,2,2,0.0
17259,ES_Battery,2050,10,3,3,0.0
17260,ES_Battery,2050,10,4,4,0.0
17261,ES_Battery,2050,10,5,5,0.0
17262,ES_Battery,2050,10,6,6,0.0
17263,ES_Battery,2050,10,7,7,0.0
17264,ES_Battery,2050,10,8,8,0.0
17265,ES_Battery,2050,10,9,9,0.0
17266,ES_Battery,2050,10,10,10,0.0
17267,ES_Battery,2050,10,11,11,0.0
17268,ES_Battery,2050,10,12,12,0.0
17269,ES_Battery,2050,10,13,13,0.0
17270,ES_Battery,2050,10,14,14,0.0
17271,ES_Battery,2050,10,15,15,0.0
17272,ES_Battery,2050,10,16,16,0.0
17273,ES_Battery,2050,10,17,17,0.0
17274,ES_Battery,2050,10,18,18,0.0
17275,ES_Battery,2050,10,19,19,0.0
17276,ES_Battery,2050,10,20,20,0.0
17277,ES_Battery,2050,10,21,21,0.0
17278,ES_Battery,2050,10,22,22,0.0
17279,ES_Battery,2050,10,23,23,0.0
17280,ES_Battery,2050,10,24,24,0.0
17281,ES_CCGT,2050,1,1,1,0.0
17282,ES_CCGT,2050,1,2,2,0.0
17283,ES_CCGT,2050,1,3,3,0.0
17284,ES_CCGT,2050,1,4,4,0.0
17285,ES_CCGT,2050,1,5,5,0.0
17286,ES_CCGT,2050,1,6,6,0.0
17287,ES_CCGT,2050,1,7,7,-0.9539999999999997
17288,ES_CCGT,2050,1,8,8,-0.9539999999999997
17289,ES_CCGT,2050,1,9,9,-0.9539999999999997
17290,ES_CCGT,2050,1,10,10,-0.9539999999999997
17291,ES_CCGT,2050,1,11,11,0.0
17292,ES_CCGT,2050,1,12,12,0.0
17293,ES_CCGT,2050,1,13,13,0.0
17294,ES_CCGT,2050,1,14,14,0.0
17295,ES_CCGT,2050,1,15,15,0.0
17296,ES_CCGT,2050,1,16,16,0.0
17297,ES_CCGT,2050,1,17,17,0.0
17298,ES_CCGT,2050,1,18,18,0.0
17299,ES_CCGT,2050,1,19,19,0.0
17300,ES_CCGT,2050,1,20,20,0.0
17301,ES_CCGT,2050,1,21,21,0.0
17302,ES_CCGT,2050,1,22,22,0.0
17303,ES_CCGT,2050,1,23,23,0.0
17304,ES_CCGT,2050,1,24,24,0.0
17305,ES_CCGT,2050,2,1,1,0.0
17306,ES_CCGT,2050,2,2,2,0.0
17307,ES_CCGT,2050,2,3,3,0.0
17308,ES_CCGT,2050,2,4,4,0.0
17309,ES_CCGT,2050,2,5,5,0.0
17310,ES_CCGT,2050,2,6,6,0.0
17311,ES_CCGT,2050,2,7,7,0.0
17312,ES_CCGT,2050,2,8,8,0.0
17313,ES_CCGT,2050,2,9,9,0.0
17314,ES_CCGT,2050,2,10,10,0.0
17315,ES_CCGT,2050,2,11,11,0.0
17316,ES_CCGT,2050,2,12,12,0.0
17317,ES_CCGT,2050,2,13,13,0.0
17318,ES_CCGT,2050,2,14,14,0.0
17319,ES_CCGT,2050,2,15,15,0.0
17320,ES_CCGT,2050,2,16,16,0.0
17321,ES_CCGT,2050,2,17,17,0.0
17322,ES_CCGT,2050,2,18,18,0.0
17323,ES_CCGT,2050,2,19,19,0.0
17324,ES_CCGT,2050,2,20,20,0.0
17325,ES_CCGT,2050,2,21,21,0.0
17326,ES_CCGT,2050,2,22,22,0.0
17327,ES_CCGT,2050,2,23,23,0.0
17328,ES_CCGT,2050,2,24,24,0.0
17329,ES_CCGT,2050,3,1,1,0.0
17330,ES_CCGT,2050,3,2,2,0.0
17331,ES_CCGT,2050,3,3,3,0.0
17332,ES_CCGT,2050,3,4,4,-0.5219999999999998
17333,ES_CCGT,2050,3,5,5,-0.5219999999999998
17334,ES_CCGT,2050,3,6,6,-0.5219999999999998
17335,ES_CCGT,2050,3,7,7,-0.5219999999999998
17336,ES_CCGT,2050,3,8,8,-0.5219999999999998
17337,ES_CCGT,2050,3,9,9,-0.5219999999999998
17338,ES_CCGT,2050,3,10,10,-0.5219999999999998
17339,ES_CCGT,2050,3,11,11,-0.5219999999999998
17340,ES_CCGT,2050,3,12,12,-0.5219999999999998
17341,ES_CCGT,2050,3,13,13,-0.5219999999999998
17342,ES_CCGT,2050,3,14,14,0.0
17343,ES_CCGT,2050,3,15,15,0.0
17344,ES_CCGT,2050,3,16,16,0.0
17345,ES_CCGT,2050,3,17,17,-0.5219999999999998
17346,ES_CCGT,2050,3,18,18,-0.5219999999999998
17347,ES_CCGT,2050,3,19,19,-4.859965705666339
17348,ES_CCGT,2050,3,20,20,-4.859965705666339
17349,ES_CCGT,2050,3,21,21,-4.859965705666339
17350,ES_CCGT,2050,3,22,22,-0.5219999999999998
17351,ES_CCGT,2050,3,23,23,-0.5219999999999998
17352,ES_CCGT,2050,3,24,24,-0.5219999999999998
17353,ES_CCGT,2050,4,1,1,0.0
17354,ES_CCGT,2050,4,2,2,0.0
17355,ES_CCGT,2050,4,3,3,0.0
17356,ES_CCGT,2050,4,4,4,0.0
17357,ES_CCGT,2050,4,5,5,0.0
17358,ES_CCGT,2050,4,6,6,0.0
17359,ES_CCGT,2050,4,7,7,0.0
17360,ES_CCGT,2050,4,8,8,0.0
17361,ES_CCGT,2050,4,9,9,0.0
17362,ES_CCGT,2050,4,10,10,0.0
17363,ES_CCGT,2050,4,11,11,0.0
17364,ES_CCGT,2050,4,12,12,0.0
17365,ES_CCGT,2050,4,13,13,0.0
17366,ES_CCGT,2050,4,14,14,0.0
17367,ES_CCGT,2050,4,15,15,0.0
17368,ES_CCGT,2050,4,16,16,0.0
17369,ES_CCGT,2050,4,17,17,0.0
17370,ES_CCGT,2050,4,18,18,0.0
17371,ES_CCGT,2050,4,19,19,0.0
17372,ES_CCGT,2050,4,20,20,0.0
17373,ES_CCGT,2050,4,21,21,0.0
17374,ES_CCGT,2050,4,22,22,0.0
17375,ES_CCGT,2050,4,23,23,0.0
17376,ES_CCGT,2050,4,24,24,0.0
17377,ES_CCGT,2050,5,1,1,0.0
17378,ES_CCGT,2050,5,2,2,0.0
17379,ES_CCGT,2050,5,3,3,0.0
17380,ES_CCGT,2050,5,4,4,0.0
17381,ES_CCGT,2050,5,5,5,0.0
17382,ES_CCGT,2050,5,6,6,0.0
17383,ES_CCGT,2050,5,7,7,0.0
17384,ES_CCGT,2050,5,8,8,0.0
17385,ES_CCGT,2050,5,9,9,0.0
17386,ES_CCGT,2050,5,10,10,0.0
17387,ES_CCGT,2050,5,11,11,0.0
17388,ES_CCGT,2050,5,12,12,0.0
17389,ES_CCGT,2050,5,13,13,0.0
17390,ES_CCGT,2050,5,14,14,0.0
17391,ES_CCGT,2050,5,15,15,0.0
17392,ES_CCGT,2050,5,16,16,0.0
17393,ES_CCGT,2050,5,17,17,0.0
17394,ES_CCGT,2050,5,18,18,0.0
17395,ES_CCGT,2050,5,19,19,0.0
17396,ES_CCGT,2050,5,20,20,-0.9359999999999995
17397,ES_CCGT,2050,5,21,21,-0.9359999999999995
17398,ES_CCGT,2050,5,22,22,0.0
17399,ES_CCGT,2050,5,23,23,0.0
17400,ES_CCGT,2050,5,24,24,0.0
17401,ES_CCGT,2050,6,1,1,0.0
17402,ES_CCGT,2050,6,2,2,0.0
17403,ES_CCGT,2050,6,3,3,0.0
17404,ES_CCGT,2050,6,4,4,0.0
17405,ES_CCGT,2050,6,5,5,0.0
17406,ES_CCGT,2050,6,6,6,0.0
17407,ES_CCGT,2050,6,7,7,0.0
17408,ES_CCGT,2050,6,8,8,0.0
17409,ES_CCGT,2050,6,9,9,0.0
17410,ES_CCGT,2050,6,10,10,0.0
17411,ES_CCGT,2050,6,11,11,0.0
17412,ES_CCGT,2050,6,12,12,0.0
17413,ES_CCGT,2050,6,13,13,0.0
17414,ES_CCGT,2050,6,14,14,0.0
17415,ES_CCGT,2050,6,15,15,0.0
17416,ES_CCGT,2050,6,16,16,0.0
17417,ES_CCGT,2050,6,17,17,0.0
17418,ES_CCGT,2050,6,18,18,0.0
17419,ES_CCGT,2050,6,19,19,0.0
17420,ES_CCGT,2050,6,20,20,0.0
17421,ES_CCGT,2050,6,21,21,0.0
17422,ES_CCGT,2050,6,22,22,0.0
17423,ES_CCGT,2050,6,23,23,0.0
17424,ES_CCGT,2050,6,24,24,0.0
17425,ES_CCGT,2050,7,1,1,0.0
17426,ES_CCGT,2050,7,2,2,0.0
17427,ES_CCGT,2050,7,3,3,0.0
17428,ES_CCGT,2050,7,4,4,0.0
17429,ES_CCGT,2050,7,5,5,0.0
17430,ES_CCGT,2050,7,6,6,0.0
17431,ES_CCGT,2050,7,7,7,0.0
17432,ES_CCGT,2050,7,8,8,0.0
17433,ES_CCGT,2050,7,9,9,0.0
17434,ES_CCGT,2050,7,10,10,0.0
17435,ES_CCGT,2050,7,11,11,0.0
17436,ES_CCGT,2050,7,12,12,0.0
17437,ES_CCGT,2050,7,13,13,0.0
17438,ES_CCGT,2050,7,14,14,0.0
17439,ES_CCGT,2050,7,15,15,0.0
17440,ES_CCGT,2050,7,16,16,0.0
17441,ES_CCGT,2050,7,17,17,0.0
17442,ES_CCGT,2050,7,18,18,0.0
17443,ES_CCGT,2050,7,19,19,0.0
17444,ES_CCGT,2050,7,20,20,0.0
17445,ES_CCGT,2050,7,21,21,0.0
17446,ES_CCGT,2050,7,22,22,0.0
17447,ES_CCGT,2050,7,23,23,0.0
17448,ES_CCGT,2050,7,24,24,0.0
17449,ES_CCGT,2050,8,1,1,0.0
17450,ES_CCGT,2050,8,2,2,0.0
17451,ES_CCGT,2050,8,3,3,0.0
17452,ES_CCGT,2050,8,4,4,0.0
17453,ES_CCGT,2050,8,5,5,0.0
17454,ES_CCGT,2050,8,6,6,0.0
17455,ES_CCGT,2050,8,7,7,0.0
17456,ES_CCGT,2050,8,8,8,0.0
17457,ES_CCGT,2050,8,9,9,0.0
17458,ES_CCGT,2050,8,10,10,0.0
17459,ES_CCGT,2050,8,11,11,0.0
17460,ES_CCGT,2050,8,12,12,0.0
17461,ES_CCGT,2050,8,13,13,0.0
17462,ES_CCGT,2050,8,14,14,0.0
17463,ES_CCGT,2050,8,15,15,0.0
17464,ES_CCGT,2050,8,16,16,0.0
17465,ES_CCGT,2050,8,17,17,0.0
17466,ES_CCGT,2050,8,18,18,0.0
17467,ES_CCGT,2050,8,19,19,0.0
17468,ES_CCGT,2050,8,20,20,0.0
17469,ES_CCGT,2050,8,21,21,0.0
17470,ES_CCGT,2050,8,22,22,0.0
17471,ES_CCGT,2050,8,23,23,0.0
17472,ES_CCGT,2050,8,24,24,0.0
17473,ES_CCGT,2050,9,1,1,0.0
17474,ES_CCGT,2050,9,2,2,0.0
17475,ES_CCGT,2050,9,3,3,0.0
17476,ES_CCGT,2050,9,4,4,0.0
17477,ES_CCGT,2050,9,5,5,0.0
17478,ES_CCGT,2050,9,6,6,0.0
17479,ES_CCGT,2050,9,7,7,0.0
17480,ES_CCGT,2050,9,8,8,0.0
17481,ES_CCGT,2050,9,9,9,0.0
17482,ES_CCGT,2050,9,10,10,0.0
17483,ES_CCGT,2050,9,11,11,0.0
17484,ES_CCGT,2050,9,12,12,0.0
17485,ES_CCGT,2050,9,13,13,0.0
17486,ES_CCGT,2050,9,14,14,0.0
17487,ES_CCGT,2050,9,15,15,0.0
17488,ES_CCGT,2050,9,16,16,0.0
17489,ES_CCGT,2050,9,17,17,0.0
17490,ES_CCGT,2050,9,18,18,0.0
17491,ES_CCGT,2050,9,19,19,0.0
17492,ES_CCGT,2050,9,20,20,0.0
17493,ES_CCGT,2050,9,21,21,0.0
17494,ES_CCGT,2050,9,22,22,0.0
17495,ES_CCGT,2050,9,23,23,0.0
17496,ES_CCGT,2050,9,24,24,0.0
17497,ES_CCGT,2050,10,1,1,0.0
17498,ES_CCGT,2050,10,2,2,0.0
17499,ES_CCGT,2050,10,3,3,0.0
17500,ES_CCGT,2050,10,4,4,0.0
17501,ES_CCGT,2050,10,5,5,0.0
17502,ES_CCGT,2050,10,6,6,0.0
17503,ES_CCGT,2050,10,7,7,0.0
17504,ES_CCGT,2050,10,8,8,0.0
17505,ES_CCGT,2050,10,9,9,0.0
17506,ES_CCGT,2050,10,10,10,0.0
17507,ES_CCGT,2050,10,11,11,0.0
17508,ES_CCGT,2050,10,12,12,0.0
17509,ES_CCGT,2050,10,13,13,0.0
17510,ES_CCGT,2050,10,14,14,0.0
17511,ES_CCGT,2050,10,15,15,0.0
17512,ES_CCGT,2050,10,16,16,0.0
17513,ES_CCGT,2050,10,17,17,0.0
17514,ES_CCGT,2050,10,18,18,0.0
17515,ES_CCGT,2050,10,19,19,0.0
17516,ES_CCGT,2050,10,20,20,0.0
17517,ES_CCGT,2050,10,21,21,0.0
17518,ES_CCGT,2050,10,22,22,0.0
17519,ES_CCGT,2050,10,23,23,0.0
17520,ES_CCGT,2050,10,24,24,0.0
17521,ES_Coal,2050,1,1,1,0.0
17522,ES_Coal,2050,1,2,2,0.0
17523,ES_Coal,2050,1,3,3,0.0
17524,ES_Coal,2050,1,4,4,-0.8109000000000001
17525,ES_Coal,2050,1,5,5,-0.8109000000000001
17526,ES_Coal,2050,1,6,6,-0.8109000000000001
17527,ES_Coal,2050,1,7,7,-1.7649
17528,ES_Coal,2050,1,8,8,-1.7649
17529,ES_Coal,2050,1,9,9,-1.7649
17530,ES_Coal,2050,1,10,10,-1.7649
17531,ES_Coal,2050,1,11,11,-0.8109000000000001
17532,ES_Coal,2050,1,12,12,-0.8109000000000001
17533,ES_Coal,2050,1,13,13,0.0
17534,ES_Coal,2050,1,14,14,0.0
17535,ES_Coal,2050,1,15,15,0.0
17536,ES_Coal,2050,1,16,16,0.0
17537,ES_Coal,2050,1,17,17,0.0
17538,ES_Coal,2050,1,18,18,0.0
17539,ES_Coal,2050,1,19,19,0.0
17540,ES_Coal,2050,1,20,20,0.0
17541,ES_Coal,2050,1,21,21,-11.049865705666337
17542,ES_Coal,2050,1,22,22,0.0
17543,ES_Coal,2050,1,23,23,0.0
17544,ES_Coal,2050,1,24,24,0.0
17545,ES_Coal,2050,2,1,1,0.0
17546,ES_Coal,2050,2,2,2,0.0
17547,ES_Coal,2050,2,3,3,0.0
17548,ES_Coal,2050,2,4,4,0.0
17549,ES_Coal,2050,2,5,5,0.0
17550,ES_Coal,2050,2,6,6,0.0
17551,ES_Coal,2050,2,7,7,0.0
17552,ES_Coal,2050,2,8,8,0.0
17553,ES_Coal,2050,2,9,9,0.0
17554,ES_Coal,2050,2,10,10,0.0
17555,ES_Coal,2050,2,11,11,0.0
17556,ES_Coal,2050,2,12,12,0.0
17557,ES_Coal,2050,2,13,13,0.0
17558,ES_Coal,2050,2,14,14,0.0
17559,ES_Coal,2050,2,15,15,0.0
17560,ES_Coal,2050,2,16,16,0.0
17561,ES_Coal,2050,2,17,17,0.0
17562,ES_Coal,2050,2,18,18,0.0
17563,ES_Coal,2050,2,19,19,0.0
17564,ES_Coal,2050,2,20,20,0.0
17565,ES_Coal,2050,2,21,21,0.0
17566,ES_Coal,2050,2,22,22,0.0
17567,ES_Coal,2050,2,23,23,0.0
17568,ES_Coal,2050,2,24,24,0.0
17569,ES_Coal,2050,3,1,1,-0.4437000000000001
17570,ES_Coal,2050,3,2,2,-0.4437000000000001
17571,ES_Coal,2050,3,3,3,-0.4437000000000001
17572,ES_Coal,2050,3,4,4,-0.9656999999999999
17573,ES_Coal,2050,3,5,5,-0.9656999999999999
17574,ES_Coal,2050,3,6,6,-0.9656999999999999
17575,ES_Coal,2050,3,7,7,-0.9656999999999999
17576,ES_Coal,2050,3,8,8,-0.9656999999999999
17577,ES_Coal,2050,3,9,9,-0.9656999999999999
17578,ES_Coal,2050,3,10,10,-0.9656999999999999
17579,ES_Coal,2050,3,11,11,-0.9656999999999999
17580,ES_Coal,2050,3,12,12,-0.9656999999999999
17581,ES_Coal,2050,3,13,13,-0.9656999999999999
17582,ES_Coal,2050,3,14,14,-0.4437000000000001
17583,ES_Coal,2050,3,15,15,-0.4437000000000001
17584,ES_Coal,2050,3,16,16,-0.4437000000000001
17585,ES_Coal,2050,3,17,17,-0.9656999999999999
17586,ES_Coal,2050,3,18,18,-0.9656999999999999
17587,ES_Coal,2050,3,19,19,-5.303665705666338
17588,ES_Coal,2050,3,20,20,-5.303665705666338
17589,ES_Coal,2050,3,21,21,-5.303665705666338
17590,ES_Coal,2050,3,22,22,-0.9656999999999999
17591,ES_Coal,2050,3,23,23,-0.9656999999999999
17592,ES_Coal,2050,3,24,24,-0.9656999999999999
17593,ES_Coal,2050,4,1,1,0.0
17594,ES_Coal,2050,4,2,2,0.0
17595,ES_Coal,2050,4,3,3,0.0
17596,ES_Coal,2050,4,4,4,0.0
17597,ES_Coal,2050,4,5,5,0.0
17598,ES_Coal,2050,4,6,6,0.0
17599,ES_Coal,2050,4,7,7,0.0
17600,ES_Coal,2050,4,8,8,0.0
17601,ES_Coal,2050,4,9,9,0.0
17602,ES_Coal,2050,4,10,10,0.0
17603,ES_Coal,2050,4,11,11,0.0
17604,ES_Coal,2050,4,12,12,0.0
17605,ES_Coal,2050,4,13,13,0.0
17606,ES_Coal,2050,4,14,14,0.0
17607,ES_Coal,2050,4,15,15,0.0
17608,ES_Coal,2050,4,16,16,0.0
17609,ES_Coal,2050,4,17,17,0.0
17610,ES_Coal,2050,4,18,18,0.0
17611,ES_Coal,2050,4,19,19,0.0
17612,ES_Coal,2050,4,20,20,0.0
17613,ES_Coal,2050,4,21,21,0.0
17614,ES_Coal,2050,4,22,22,0.0
17615,ES_Coal,2050,4,23,23,0.0
17616,ES_Coal,2050,4,24,24,0.0
17617,ES_Coal,2050,5,1,1,0.0
17618,ES_Coal,2050,5,2,2,0.0
17619,ES_Coal,2050,5,3,3,0.0
17620,ES_Coal,2050,5,4,4,-0.7956000000000002
17621,ES_Coal,2050,5,5,5,-0.7956000000000002
17622,ES_Coal,2050,5,6,6,-0.7956000000000002
17623,ES_Coal,2050,5,7,7,-0.7956000000000002
17624,ES_Coal,2050,5,8,8,-0.7956000000000002
17625,ES_Coal,2050,5,9,9,-0.7956000000000002
17626,ES_Coal,2050,5,10,10,-0.7956000000000002
17627,ES_Coal,2050,5,11,11,-0.7956000000000002
17628,ES_Coal,2050,5,12,12,-0.7956000000000002
17629,ES_Coal,2050,5,13,13,0.0
17630,ES_Coal,2050,5,14,14,0.0
17631,ES_Coal,2050,5,15,15,0.0
17632,ES_Coal,2050,5,16,16,0.0
17633,ES_Coal,2050,5,17,17,0.0
17634,ES_Coal,2050,5,18,18,-0.7956000000000002
17635,ES_Coal,2050,5,19,19,-0.7956000000000002
17636,ES_Coal,2050,5,20,20,-1.7315999999999998
17637,ES_Coal,2050,5,21,21,-1.7315999999999998
17638,ES_Coal,2050,5,22,22,-0.7956000000000002
17639,ES_Coal,2050,5,23,23,-0.7956000000000002
17640,ES_Coal,2050,5,24,24,-0.7956000000000002
17641,ES_Coal,2050,6,1,1,0.0
17642,ES_Coal,2050,6,2,2,0.0
17643,ES_Coal,2050,6,3,3,0.0
17644,ES_Coal,2050,6,4,4,0.0
17645,ES_Coal,2050,6,5,5,0.0
17646,ES_Coal,2050,6,6,6,0.0
17647,ES_Coal,2050,6,7,7,0.0
17648,ES_Coal,2050,6,8,8,0.0
17649,ES_Coal,2050,6,9,9,0.0
17650,ES_Coal,2050,6,10,10,0.0
17651,ES_Coal,2050,6,11,11,0.0
17652,ES_Coal,2050,6,12,12,0.0
17653,ES_Coal,2050,6,13,13,0.0
17654,ES_Coal,2050,6,14,14,0.0
17655,ES_Coal,2050,6,15,15,0.0
17656,ES_Coal,2050,6,16,16,0.0
17657,ES_Coal,2050,6,17,17,0.0
17658,ES_Coal,2050,6,18,18,0.0
17659,ES_Coal,2050,6,19,19,0.0
17660,ES_Coal,2050,6,20,20,0.0
17661,ES_Coal,2050,6,21,21,0.0
17662,ES_Coal,2050,6,22,22,0.0
17663,ES_Coal,2050,6,23,23,0.0
17664,ES_Coal,2050,6,24,24,0.0
17665,ES_Coal,2050,7,1,1,0.0
17666,ES_Coal,2050,7,2,2,0.0
17667,ES_Coal,2050,7,3,3,0.0
17668,ES_Coal,2050,7,4,4,0.0
17669,ES_Coal,2050,7,5,5,0.0
17670,ES_Coal,2050,7,6,6,0.0
17671,ES_Coal,2050,7,7,7,0.0
17672,ES_Coal,2050,7,8,8,0.0
17673,ES_Coal,2050,7,9,9,0.0
17674,ES_Coal,2050,7,10,10,0.0
17675,ES_Coal,2050,7,11,11,0.0
17676,ES_Coal,2050,7,12,12,0.0
17677,ES_Coal,2050,7,13,13,0.0
17678,ES_Coal,2050,7,14,14,0.0
17679,ES_Coal,2050,7,15,15,0.0
17680,ES_Coal,2050,7,16,16,0.0
17681,ES_Coal,2050,7,17,17,0.0
17682,ES_Coal,2050,7,18,18,0.0
17683,ES_Coal,2050,7,19,19,0.0
17684,ES_Coal,2050,7,20,20,0.0
17685,ES_Coal,2050,7,21,21,0.0
17686,ES_Coal,2050,7,22,22,0.0
17687,ES_Coal,2050,7,23,23,0.0
17688,ES_Coal,2050,7,24,24,0.0
17689,ES_Coal,2050,8,1,1,0.0
17690,ES_Coal,2050,8,2,2,0.0
17691,ES_Coal,2050,8,3,3,0.0
17692,ES_Coal,2050,8,4,4,0.0
17693,ES_Coal,2050,8,5,5,0.0
17694,ES_Coal,2050,8,6,6,0.0
17695,ES_Coal,2050,8,7,7,0.0
17696,ES_Coal,2050,8,8,8,-0.47430000000000017
17697,ES_Coal,2050,8,9,9,0.0
17698,ES_Coal,2050,8,10,10,0.0
17699,ES_Coal,2050,8,11,11,0.0
17700,ES_Coal,2050,8,12,12,0.0
17701,ES_Coal,2050,8,13,13,0.0
17702,ES_Coal,2050,8,14,14,0.0
17703,ES_Coal,2050,8,15,15,0.0
17704,ES_Coal,2050,8,16,16,0.0
17705,ES_Coal,2050,8,17,17,0.0
17706,ES_Coal,2050,8,18,18,0.0
17707,ES_Coal,2050,8,19,19,0.0
17708,ES_Coal,2050,8,20,20,0.0
17709,ES_Coal,2050,8,21,21,0.0
17710,ES_Coal,2050,8,22,22,0.0
17711,ES_Coal,2050,8,23,23,0.0
17712,ES_Coal,2050,8,24,24,0.0
17713,ES_Coal,2050,9,1,1,0.0
17714,ES_Coal,2050,9,2,2,0.0
17715,ES_Coal,2050,9,3,3,0.0
17716,ES_Coal,2050,9,4,4,0.0
17717,ES_Coal,2050,9,5,5,0.0
17718,ES_Coal,2050,9,6,6,0.0
17719,ES_Coal,2050,9,7,7,-0.6579
17720,ES_Coal,2050,9,8,8,-0.6579
17721,ES_Coal,2050,9,9,9,-0.6579
17722,ES_Coal,2050,9,10,10,-0.6579
17723,ES_Coal,2050,9,11,11,-0.6579
17724,ES_Coal,2050,9,12,12,0.0
17725,ES_Coal,2050,9,13,13,0.0
17726,ES_Coal,2050,9,14,14,0.0
17727,ES_Coal,2050,9,15,15,0.0
17728,ES_Coal,2050,9,16,16,0.0
17729,ES_Coal,2050,9,17,17,0.0
17730,ES_Coal,2050,9,18,18,0.0
17731,ES_Coal,2050,9,19,19,0.0
17732,ES_Coal,2050,9,20,20,0.0
17733,ES_Coal,2050,9,21,21,0.0
17734,ES_Coal,2050,9,22,22,0.0
17735,ES_Coal,2050,9,23,23,0.0
17736,ES_Coal,2050,9,24,24,0.0
17737,ES_Coal,2050,10,1,1,0.0
17738,ES_Coal,2050,10,2,2,0.0
17739,ES_Coal,2050,10,3,3,0.0
17740,ES_Coal,2050,10,4,4,0.0
17741,ES_Coal,2050,10,5,5,0.0
17742,ES_Coal,2050,10,6,6,0.0
17743,ES_Coal,2050,10,7,7,0.0
17744,ES_Coal,2050,10,8,8,0.0
17745,ES_Coal,2050,10,9,9,0.0
17746,ES_Coal,2050,10,10,10,0.0
17747,ES_Coal,2050,10,11,11,0.0
17748,ES_Coal,2050,10,12,12,0.0
17749,ES_Coal,2050,10,13,13,0.0
17750,ES_Coal,2050,10,14,14,0.0
17751,ES_Coal,2050,10,15,15,0.0
17752,ES_Coal,2050,10,16,16,0.0
17753,ES_Coal,2050,10,17,17,0.0
17754,ES_Coal,2050,10,18,18,0.0
17755,ES_Coal,2050,10,19,19,0.0
17756,ES_Coal,2050,10,20,20,0.0
17757,ES_Coal,2050,10,21,21,0.0
17758,ES_Coal,2050,10,22,22,0.0
17759,ES_Coal,2050,10,23,23,0.0
17760,ES_Coal,2050,10,24,24,0.0
17761,ES_Nuclear,2050,1,1,1,-0.49290000000000006
17762,ES_Nuclear,2050,1,2,2,-0.49290000000000006
17763,ES_Nuclear,2050,1,3,3,-0.49290000000000006
17764,ES_Nuclear,2050,1,4,4,-1.3038
17765,ES_Nuclear,2050,1,5,5,-1.3038
17766,ES_Nuclear,2050,1,6,6,-1.3038
17767,ES_Nuclear,2050,1,7,7,-2.2578
17768,ES_Nuclear,2050,1,8,8,-2.2578
17769,ES_Nuclear,2050,1,9,9,-2.2578
17770,ES_Nuclear,2050,1,10,10,-2.2578
17771,ES_Nuclear,2050,1,11,11,-1.3038
17772,ES_Nuclear,2050,1,12,12,-1.3038
17773,ES_Nuclear,2050,1,13,13,-0.49290000000000006
17774,ES_Nuclear,2050,1,14,14,-0.49290000000000006
17775,ES_Nuclear,2050,1,15,15,-0.49290000000000006
17776,ES_Nuclear,2050,1,16,16,-0.49290000000000006
17777,ES_Nuclear,2050,1,17,17,-0.49290000000000006
17778,ES_Nuclear,2050,1,18,18,-0.49290000000000006
17779,ES_Nuclear,2050,1,19,19,-0.49290000000000006
17780,ES_Nuclear,2050,1,20,20,-0.49290000000000006
17781,ES_Nuclear,2050,1,21,21,-11.542765705666337
17782,ES_Nuclear,2050,1,22,22,-0.49290000000000006
17783,ES_Nuclear,2050,1,23,23,-0.49290000000000006
17784,ES_Nuclear,2050,1,24,24,-0.49290000000000006
17785,ES_Nuclear,2050,2,1,1,0.0
17786,ES_Nuclear,2050,2,2,2,0.0
17787,ES_Nuclear,2050,2,3,3,0.0
17788,ES_Nuclear,2050,2,4,4,0.0
17789,ES_Nuclear,2050,2,5,5,0.0
17790,ES_Nuclear,2050,2,6,6,-0.30690000000000006
17791,ES_Nuclear,2050,2,7,7,-0.30690000000000006
17792,ES_Nuclear,2050,2,8,8,-0.30690000000000006
17793,ES_Nuclear,2050,2,9,9,-0.30690000000000006
17794,ES_Nuclear,2050,2,10,10,-0.30690000000000006
17795,ES_Nuclear,2050,2,11,11,-0.30690000000000006
17796,ES_Nuclear,2050,2,12,12,-0.30690000000000006
17797,ES_Nuclear,2050,2,13,13,0.0
17798,ES_Nuclear,2050,2,14,14,0.0
17799,ES_Nuclear,2050,2,15,15,0.0
17800,ES_Nuclear,2050,2,16,16,0.0
17801,ES_Nuclear,2050,2,17,17,0.0
17802,ES_Nuclear,2050,2,18,18,0.0
17803,ES_Nuclear,2050,2,19,19,-0.30690000000000006
17804,ES_Nuclear,2050,2,20,20,-0.30690000000000006
17805,ES_Nuclear,2050,2,21,21,-0.30690000000000006
17806,ES_Nuclear,2050,2,22,22,-0.30690000000000006
17807,ES_Nuclear,2050,2,23,23,-0.30690000000000006
17808,ES_Nuclear,2050,2,24,24,-0.30690000000000006
17809,ES_Nuclear,2050,3,1,1,-0.7134
17810,ES_Nuclear,2050,3,2,2,-0.7134
17811,ES_Nuclear,2050,3,3,3,-0.7134
17812,ES_Nuclear,2050,3,4,4,-1.2353999999999998
17813,ES_Nuclear,2050,3,5,5,-1.2353999999999998
17814,ES_Nuclear,2050,3,6,6,-1.2353999999999998
17815,ES_Nuclear,2050,3,7,7,-1.2353999999999998
17816,ES_Nuclear,2050,3,8,8,-1.2353999999999998
17817,ES_Nuclear,2050,3,9,9,-1.2353999999999998
17818,ES_Nuclear,2050,3,10,10,-1.2353999999999998
17819,ES_Nuclear,2050,3,11,11,-1.2353999999999998
17820,ES_Nuclear,2050,3,12,12,-1.2353999999999998
17821,ES_Nuclear,2050,3,13,13,-1.2353999999999998
17822,ES_Nuclear,2050,3,14,14,-0.7134
17823,ES_Nuclear,2050,3,15,15,-0.7134
17824,ES_Nuclear,2050,3,16,16,-0.7134
17825,ES_Nuclear,2050,3,17,17,-1.2353999999999998
17826,ES_Nuclear,2050,3,18,18,-1.2353999999999998
17827,ES_Nuclear,2050,3,19,19,-5.573365705666339
17828,ES_Nuclear,2050,3,20,20,-5.573365705666339
17829,ES_Nuclear,2050,3,21,21,-5.573365705666339
17830,ES_Nuclear,2050,3,22,22,-1.2353999999999998
17831,ES_Nuclear,2050,3,23,23,-1.2353999999999998
17832,ES_Nuclear,2050,3,24,24,-1.2353999999999998
17833,ES_Nuclear,2050,4,1,1,0.0
17834,ES_Nuclear,2050,4,2,2,0.0
17835,ES_Nuclear,2050,4,3,3,0.0
17836,ES_Nuclear,2050,4,4,4,0.0
17837,ES_Nuclear,2050,4,5,5,0.0
17838,ES_Nuclear,2050,4,6,6,0.0
17839,ES_Nuclear,2050,4,7,7,0.0
17840,ES_Nuclear,2050,4,8,8,0.0
17841,EE_Wind_Offshore,2050,1,1,1,0.0
17842,EE_Wind_Offshore,2050,1,2,2,0.0
17843,EE_Wind_Offshore,2050,1,3,3,0.0
17844,EE_Wind_Offshore,2050,1,4,4,0.0
17845,EE_Wind_Offshore,2050,1,5,5,-1.749
17846,EE_Wind_Offshore,2050,1,6,6,-1.749
17847,EE_Wind_Offshore,2050,1,7,7,-1.749
17848,EE_Wind_Offshore,2050,1,8,8,-1.749
17849,EE_Wind_Offshore,2050,1,9,9,-1.749
17850,EE_Wind_Offshore,2050,1,10,10,-1.749
17851,EE_Wind_Offshore,2050,1,11,11,-1.749
17852,EE_Wind_Offshore,2050,1,12,12,-1.749
17853,EE_Wind_Offshore,2050,1,13,13,-1.749
17854,EE_Wind_Offshore,2050,1,14,14,0.0
17855,EE_Wind_Offshore,2050,1,15,15,0.0
17856,EE_Wind_Offshore,2050,1,16,16,0.0
17857,EE_Wind_Offshore,2050,1,17,17,0.0
17858,EE_Wind_Offshore,2050,1,18,18,0.0
17859,EE_Wind_Offshore,2050,1,19,19,0.0
17860,EE_Wind_Offshore,2050,1,20,20,0.0
17861,EE_Wind_Offshore,2050,1,21,21,-12.637165705666336
17862,EE_Wind_Offshore,2050,1,22,22,0.0
17863,EE_Wind_Offshore,2050,1,23,23,0.0
17864,EE_Wind_Offshore,2050,1,24,24,0.0
17865,EE_Wind_Offshore,2050,2,1,1,0.0
17866,EE_Wind_Offshore,2050,2,2,2,0.0
17867,EE_Wind_Offshore,2050,2,3,3,0.0
17868,EE_Wind_Offshore,2050,2,4,4,0.0
17869,EE_Wind_Offshore,2050,2,5,5,0.0
17870,EE_Wind_Offshore,2050,2,6,6,0.0
17871,EE_Wind_Offshore,2050,2,7,7,0.0
17872,EE_Wind_Offshore,2050,2,8,8,0.0
17873,EE_Wind_Offshore,2050,2,9,9,0.0
17874,EE_Wind_Offshore,2050,2,10,10,0.0
17875,EE_Wind_Offshore,2050,2,11,11,0.0
17876,EE_Wind_Offshore,2050,2,12,12,0.0
17877,EE_Wind_Offshore,2050,2,13,13,0.0
17878,EE_Wind_Offshore,2050,2,14,14,0.0
17879,EE_Wind_Offshore,2050,2,15,15,0.0
17880,EE_Wind_Offshore,2050,2,16,16,0.0
17881,EE_Wind_Offshore,2050,2,17,17,0.0
17882,EE_Wind_Offshore,2050,2,18,18,0.0
17883,EE_Wind_Offshore,2050,2,19,19,0.0
17884,EE_Wind_Offshore,2050,2,20,20,0.0
17885,EE_Wind_Offshore,2050,2,21,21,0.0
17886,EE_Wind_Offshore,2050,2,22,22,0.0
17887,EE_Wind_Offshore,2050,2,23,23,0.0
17888,EE_Wind_Offshore,2050,2,24,24,0.0
17889,EE_Wind_Offshore,2050,3,1,1,0.0
17890,EE_Wind_Offshore,2050,3,2,2,0.0
17891,EE_Wind_Offshore,2050,3,3,3,0.0
17892,EE_Wind_Offshore,2050,3,4,4,0.0
17893,EE_Wind_Offshore,2050,3,5,5,0.0
17894,EE_Wind_Offshore,2050,3,6,6,0.0
17895,EE_Wind_Offshore,2050,3,7,7,0.0
17896,EE_Wind_Offshore,2050,3,8,8,0.0
17897,EE_Wind_Offshore,2050,3,9,9,0.0
17898,EE_Wind_Offshore,2050,3,10,10,0.0
17899,EE_Wind_Offshore,2050,3,11,11,0.0
17900,EE_Wind_Offshore,2050,3,12,12,0.0
17901,EE_Wind_Offshore,2050,3,13,13,0.0
17902,EE_Wind_Offshore,2050,3,14,14,0.0
17903,EE_Wind_Offshore,2050,3,15,15,0.0
17904,EE_Wind_Offshore,2050,3,16,16,0.0
17905,EE_Wind_Offshore,2050,3,17,17,0.0
17906,EE_Wind_Offshore,2050,3,18,18,0.0
17907,EE_Wind_Offshore,2050,3,19,19,0.0
17908,EE_Wind_Offshore,2050,3,20,20,0.0
17909,EE_Wind_Offshore,2050,3,21,21,0.0
17910,EE_Wind_Offshore,2050,3,22,22,0.0
17911,EE_Wind_Offshore,2050,3,23,23,0.0
17912,EE_Wind_Offshore,2050,3,24,24,0.0
17913,EE_Wind_Offshore,2050,4,1,1,0.0
17914,EE_Wind_Offshore,2050,4,2,2,-0.759
17915,EE_Wind_Offshore,2050,4,3,3,-0.759
17916,EE_Wind_Offshore,2050,4,4,4,-0.759
17917,EE_Wind_Offshore,2050,4,5,5,-0.759
17918,EE_Wind_Offshore,2050,4,6,6,-0.759
17919,EE_Wind_Offshore,2050,4,7,7,-0.759
17920,EE_Wind_Offshore,2050,4,8,8,-0.759
17921,EE_Wind_Offshore,2050,4,9,9,-0.759
17922,EE_Wind_Offshore,2050,4,10,10,-0.759
17923,EE_Wind_Offshore,2050,4,11,11,-0.759
17924,EE_Wind_Offshore,2050,4,12,12,-0.759
17925,EE_Wind_Offshore,2050,4,13,13,-10.888165705666337
17926,EE_Wind_Offshore,2050,4,14,14,-10.888165705666337
17927,EE_Wind_Offshore,2050,4,15,15,-10.888165705666337
17928,EE_Wind_Offshore,2050,4,16,16,-10.888165705666337
17929,EE_Wind_Offshore,2050,4,17,17,-10.888165705666337
17930,EE_Wind_Offshore,2050,4,18,18,-10.888165705666337
17931,EE_Wind_Offshore,2050,4,19,19,-0.759
17932,EE_Wind_Offshore,2050,4,20,20,-0.759
17933,EE_Wind_Offshore,2050,4,21,21,-0.759
17934,EE_Wind_Offshore,2050,4,22,22,-0.759
17935,EE_Wind_Offshore,2050,4,23,23,-0.759
17936,EE_Wind_Offshore,2050,4,24,24,-0.759
17937,EE_Wind_Offshore,2050,5,1,1,0.0
17938,EE_Wind_Offshore,2050,5,2,2,0.0
17939,EE_Wind_Offshore,2050,5,3,3,0.0
17940,EE_Wind_Offshore,2050,5,4,4,0.0
17941,EE_Wind_Offshore,2050,5,5,5,0.0
17942,EE_Wind_Offshore,2050,5,6,6,0.0
17943,EE_Wind_Offshore,2050,5,7,7,0.0
17944,EE_Wind_Offshore,2050,5,8,8,0.0
17945,EE_Wind_Offshore,2050,5,9,9,0.0
17946,EE_Wind_Offshore,2050,5,10,10,0.0
17947,EE_Wind_Offshore,2050,5,11,11,0.0
17948,EE_Wind_Offshore,2050,5,12,12,0.0
17949,EE_Wind_Offshore,2050,5,13,13,0.0
17950,EE_Wind_Offshore,2050,5,14,14,0.0
17951,EE_Wind_Offshore,2050,5,15,15,0.0
17952,EE_Wind_Offshore,2050,5,16,16,0.0
17953,EE_Wind_Offshore,2050,5,17,17,0.0
17954,EE_Wind_Offshore,2050,5,18,18,0.0
17955,EE_Wind_Offshore,2050,5,19,19,0.0
17956,EE_Wind_Offshore,2050,5,20,20,0.0
17957,EE_Wind_Offshore,2050,5,21,21,0.0
17958,EE_Wind_Offshore,2050,5,22,22,0.0
17959,EE_Wind_Offshore,2050,5,23,23,0.0
17960,EE_Wind_Offshore,2050,5,24,24,0.0
17961,EE_Wind_Offshore,2050,6,1,1,0.0
17962,EE_Wind_Offshore,2050,6,2,2,0.0
17963,EE_Wind_Offshore,2050,6,3,3,0.0
17964,EE_Wind_Offshore,2050,6,4,4,0.0
17965,EE_Wind_Offshore,2050,6,5,5,0.0
17966,EE_Wind_Offshore,2050,6,6,6,0.0
17967,EE_Wind_Offshore,2050,6,7,7,0.0
17968,EE_Wind_Offshore,2050,6,8,8,0.0
17969,EE_Wind_Offshore,2050,6,9,9,0.0
17970,EE_Wind_Offshore,2050,6,10,10,0.0
17971,EE_Wind_Offshore,2050,6,11,11,0.0
17972,EE_Wind_Offshore,2050,6,12,12,0.0
17973,EE_Wind_Offshore,2050,6,13,13,0.0
17974,EE_Wind_Offshore,2050,6,14,14,0.0
17975,EE_Wind_Offshore,2050,6,15,15,0.0
17976,EE_Wind_Offshore,2050,6,16,16,0.0
17977,EE_Wind_Offshore,2050,6,17,17,0.0
17978,EE_Wind_Offshore,2050,6,18,18,0.0
17979,EE_Wind_Offshore,2050,6,19,19,0.0
17980,EE_Wind_Offshore,2050,6,20,20,0.0
17981,EE_Wind_Offshore,2050,6,21,21,0.0
17982,EE_Wind_Offshore,2050,6,22,22,0.0
17983,EE_Wind_Offshore,2050,6,23,23,0.0
17984,EE_Wind_Offshore,2050,6,24,24,0.0
17985,EE_Wind_Offshore,2050,7,1,1,0.0
17986,EE_Wind_Offshore,2050,7,2,2,0.0
17987,EE_Wind_Offshore,2050,7,3,3,0.0
17988,EE_Wind_Offshore,2050,7,4,4,0.0
17989,EE_Wind_Offshore,2050,7,5,5,0.0
17990,EE_Wind_Offshore,2050,7,6,6,0.0
17991,EE_Wind_Offshore,2050,7,7,7,0.0
17992,EE_Wind_Offshore,2050,7,8,8,0.0
17993,EE_Wind_Offshore,2050,7,9,9,0.0
17994,EE_Wind_Offshore,2050,7,10,10,0.0
17995,EE_Wind_Offshore,2050,7,11,11,0.0
17996,EE_Wind_Offshore,2050,7,12,12,0.0
17997,EE_Wind_Offshore,2050,7,13,13,0.0
17998,EE_Wind_Offshore,2050,7,14,14,0.0
17999,EE_Wind_Offshore,2050,7,15,15,0.0
18000,EE_Wind_Offshore,2050,7,16,16,0.0
18001,EE_Wind_Offshore,2050,7,17,17,0.0
18002,EE_Wind_Offshore,2050,7,18,18,0.0
18003,EE_Wind_Offshore,2050,7,19,19,0.0
18004,EE_Wind_Offshore,2050,7,20,20,0.0
18005,EE_Wind_Offshore,2050,7,21,21,0.0
18006,EE_Wind_Offshore,2050,7,22,22,0.0
18007,EE_Wind_Offshore,2050,7,23,23,0.0
18008,EE_Wind_Offshore,2050,7,24,24,0.0
18009,EE_Wind_Offshore,2050,8,1,1,0.0
18010,EE_Wind_Offshore,2050,8,2,2,0.0
18011,EE_Wind_Offshore,2050,8,3,3,0.0
18012,EE_Wind_Offshore,2050,8,4,4,0.0
18013,EE_Wind_Offshore,2050,8,5,5,0.0
18014,EE_Wind_Offshore,2050,8,6,6,0.0
18015,EE_Wind_Offshore,2050,8,7,7,0.0
18016,EE_Wind_Offshore,2050,8,8,8,0.0
18017,EE_Wind_Offshore,2050,8,9,9,0.0
18018,EE_Wind_Offshore,2050,8,10,10,0.0
18019,EE_Wind_Offshore,2050,8,11,11,0.0
18020,EE_Wind_Offshore,2050,8,12,12,0.0
18021,EE_Wind_Offshore,2050,8,13,13,0.0
18022,EE_Wind_Offshore,2050,8,14,14,0.0
18023,EE_Wind_Offshore,2050,8,15,15,0.0
18024,EE_Wind_Offshore,2050,8,16,16,0.0
18025,EE_Wind_Offshore,2050,8,17,17,0.0
18026,EE_Wind_Offshore,2050,8,18,18,0.0
18027,EE_Wind_Offshore,2050,8,19,19,0.0
18028,EE_Wind_Offshore,2050,8,20,20,0.0
18029,EE_Wind_Offshore,2050,8,21,21,0.0
18030,EE_Wind_Offshore,2050,8,22,22,0.0
18031,EE_Wind_Offshore,2050,8,23,23,0.0
18032,EE_Wind_Offshore,2050,8,24,24,0.0
18033,EE_Wind_Offshore,2050,9,1,1,0.0
18034,EE_Wind_Offshore,2050,9,2,2,0.0
18035,EE_Wind_Offshore,2050,9,3,3,0.0
18036,EE_Wind_Offshore,2050,9,4,4,0.0
18037,EE_Wind_Offshore,2050,9,5,5,0.0
18038,EE_Wind_Offshore,2050,9,6,6,0.0
18039,EE_Wind_Offshore,2050,9,7,7,0.0
18040,EE_Wind_Offshore,2050,9,8,8,0.0
18041,EE_Wind_Offshore,2050,9,9,9,0.0
18042,EE_Wind_Offshore,2050,9,10,10,0.0
18043,EE_Wind_Offshore,2050,9,11,11,0.0
18044,EE_Wind_Offshore,2050,9,12,12,0.0
18045,EE_Wind_Offshore,2050,9,13,13,0.0
18046,EE_Wind_Offshore,2050,9,14,14,0.0
18047,EE_Wind_Offshore,2050,9,15,15,0.0
18048,EE_Wind_Offshore,2050,9,16,16,0.0
18049,EE_Wind_Offshore,2050,9,17,17,0.0
18050,EE_Wind_Offshore,2050,9,18,18,0.0
18051,EE_Wind_Offshore,2050,9,19,19,0.0
18052,EE_Wind_Offshore,2050,9,20,20,0.0
18053,EE_Wind_Offshore,2050,9,21,21,0.0
18054,EE_Wind_Offshore,2050,9,22,22,0.0
18055,EE_Wind_Offshore,2050,9,23,23,0.0
18056,EE_Wind_Offshore,2050,9,24,24,0.0
18057,EE_Wind_Offshore,2050,10,1,1,0.0
18058,EE_Wind_Offshore,2050,10,2,2,0.0
18059,EE_Wind_Offshore,2050,10,3,3,0.0
18060,EE_Wind_Offshore,2050,10,4,4,0.0
18061,EE_Wind_Offshore,2050,10,5,5,0.0
18062,EE_Wind_Offshore,2050,10,6,6,0.0
18063,EE_Wind_Offshore,2050,10,7,7,0.0
18064,EE_Wind_Offshore,2050,10,8,8,0.0
18065,EE_Wind_Offshore,2050,10,9,9,-1.518
18066,EE_Wind_Offshore,2050,10,10,10,-1.518
18067,EE_Wind_Offshore,2050,10,11,11,-1.518
18068,EE_Wind_Offshore,2050,10,12,12,-1.518
18069,EE_Wind_Offshore,2050,10,13,13,-1.518
18070,EE_Wind_Offshore,2050,10,14,14,-1.518
18071,EE_Wind_Offshore,2050,10,15,15,-1.518
18072,EE_Wind_Offshore,2050,10,16,16,-1.518
18073,EE_Wind_Offshore,2050,10,17,17,-1.518
18074,EE_Wind_Offshore,2050,10,18,18,-1.518
18075,EE_Wind_Offshore,2050,10,19,19,-1.518
18076,EE_Wind_Offshore,2050,10,20,20,-1.518
18077,EE_Wind_Offshore,2050,10,21,21,-1.518
18078,EE_Wind_Offshore,2050,10,22,22,0.0
18079,EE_Wind_Offshore,2050,10,23,23,0.0
18080,EE_Wind_Offshore,2050,10,24,24,0.0
18081,ES_Nuclear,2050,4,9,9,0.0
18082,ES_Nuclear,2050,4,10,10,0.0
18083,ES_Nuclear,2050,4,11,11,0.0
18084,ES_Nuclear,2050,4,12,12,0.0
18085,ES_Nuclear,2050,4,13,13,0.0
18086,ES_Nuclear,2050,4,14,14,0.0
18087,ES_Nuclear,2050,4,15,15,0.0
18088,ES_Nuclear,2050,4,16,16,0.0
18089,ES_Nuclear,2050,4,17,17,0.0
18090,ES_Nuclear,2050,4,18,18,0.0
18091,ES_Nuclear,2050,4,19,19,0.0
18092,ES_Nuclear,2050,4,20,20,0.0
18093,ES_Nuclear,2050,4,21,21,0.0
18094,ES_Nuclear,2050,4,22,22,0.0
18095,ES_Nuclear,2050,4,23,23,0.0
18096,ES_Nuclear,2050,4,24,24,0.0
18097,ES_Nuclear,2050,5,1,1,-0.48360000000000003
18098,ES_Nuclear,2050,5,2,2,-0.48360000000000003
18099,ES_Nuclear,2050,5,3,3,-0.48360000000000003
18100,ES_Nuclear,2050,5,4,4,-1.2792000000000003
18101,ES_Nuclear,2050,5,5,5,-1.2792000000000003
18102,ES_Nuclear,2050,5,6,6,-1.2792000000000003
18103,ES_Nuclear,2050,5,7,7,-1.2792000000000003
18104,ES_Nuclear,2050,5,8,8,-1.2792000000000003
18105,ES_Nuclear,2050,5,9,9,-1.2792000000000003
18106,ES_Nuclear,2050,5,10,10,-1.2792000000000003
18107,ES_Nuclear,2050,5,11,11,-1.2792000000000003
18108,ES_Nuclear,2050,5,12,12,-1.2792000000000003
18109,ES_Nuclear,2050,5,13,13,-0.48360000000000003
18110,ES_Nuclear,2050,5,14,14,-0.48360000000000003
18111,ES_Nuclear,2050,5,15,15,-0.48360000000000003
18112,ES_Nuclear,2050,5,16,16,-0.48360000000000003
18113,ES_Nuclear,2050,5,17,17,-0.48360000000000003
18114,ES_Nuclear,2050,5,18,18,-1.2792000000000003
18115,ES_Nuclear,2050,5,19,19,-1.2792000000000003
18116,ES_Nuclear,2050,5,20,20,-2.2152
18117,ES_Nuclear,2050,5,21,21,-2.2152
18118,ES_Nuclear,2050,5,22,22,-1.2792000000000003
18119,ES_Nuclear,2050,5,23,23,-1.2792000000000003
18120,ES_Nuclear,2050,5,24,24,-1.2792000000000003
18121,ES_Nuclear,2050,6,1,1,0.0
18122,ES_Nuclear,2050,6,2,2,0.0
18123,ES_Nuclear,2050,6,3,3,0.0
18124,ES_Nuclear,2050,6,4,4,0.0
18125,ES_Nuclear,2050,6,5,5,0.0
18126,ES_Nuclear,2050,6,6,6,0.0
18127,ES_Nuclear,2050,6,7,7,0.0
18128,ES_Nuclear,2050,6,8,8,0.0
18129,ES_Nuclear,2050,6,9,9,0.0
18130,ES_Nuclear,2050,6,10,10,0.0
18131,ES_Nuclear,2050,6,11,11,0.0
18132,ES_Nuclear,2050,6,12,12,0.0
18133,ES_Nuclear,2050,6,13,13,0.0
18134,ES_Nuclear,2050,6,14,14,0.0
18135,ES_Nuclear,2050,6,15,15,0.0
18136,ES_Nuclear,2050,6,16,16,0.0
18137,ES_Nuclear,2050,6,17,17,0.0
18138,ES_Nuclear,2050,6,18,18,0.0
18139,ES_Nuclear,2050,6,19,19,0.0
18140,ES_Nuclear,2050,6,20,20,0.0
18141,ES_Nuclear,2050,6,21,21,0.0
18142,ES_Nuclear,2050,6,22,22,0.0
18143,ES_Nuclear,2050,6,23,23,0.0
18144,ES_Nuclear,2050,6,24,24,0.0
18145,ES_Nuclear,2050,7,1,1,-0.3441000000000001
18146,ES_Nuclear,2050,7,2,2,-0.3441000000000001
18147,ES_Nuclear,2050,7,3,3,-0.3441000000000001
18148,ES_Nuclear,2050,7,4,4,-0.3441000000000001
18149,ES_Nuclear,2050,7,5,5,-0.3441000000000001
18150,ES_Nuclear,2050,7,6,6,-0.3441000000000001
18151,ES_Nuclear,2050,7,7,7,-0.3441000000000001
18152,ES_Nuclear,2050,7,8,8,-0.3441000000000001
18153,ES_Nuclear,2050,7,9,9,-0.3441000000000001
18154,ES_Nuclear,2050,7,10,10,-0.3441000000000001
18155,ES_Nuclear,2050,7,11,11,-0.3441000000000001
18156,ES_Nuclear,2050,7,12,12,-0.3441000000000001
18157,ES_Nuclear,2050,7,13,13,-0.3441000000000001
18158,ES_Nuclear,2050,7,14,14,0.0
18159,ES_Nuclear,2050,7,15,15,0.0
18160,ES_Nuclear,2050,7,16,16,0.0
18161,ES_Nuclear,2050,7,17,17,0.0
18162,ES_Nuclear,2050,7,18,18,-0.3441000000000001
18163,ES_Nuclear,2050,7,19,19,-0.3441000000000001
18164,ES_Nuclear,2050,7,20,20,-0.3441000000000001
18165,ES_Nuclear,2050,7,21,21,-0.3441000000000001
18166,ES_Nuclear,2050,7,22,22,-0.3441000000000001
18167,ES_Nuclear,2050,7,23,23,-0.3441000000000001
18168,ES_Nuclear,2050,7,24,24,-0.3441000000000001
18169,ES_Nuclear,2050,8,1,1,-0.2883
18170,ES_Nuclear,2050,8,2,2,-0.2883
18171,ES_Nuclear,2050,8,3,3,-0.2883
18172,ES_Nuclear,2050,8,4,4,-0.2883
18173,ES_Nuclear,2050,8,5,5,-0.2883
18174,ES_Nuclear,2050,8,6,6,-0.2883
18175,ES_Nuclear,2050,8,7,7,-0.2883
18176,ES_Nuclear,2050,8,8,8,-0.7626000000000002
18177,ES_Nuclear,2050,8,9,9,-0.2883
18178,ES_Nuclear,2050,8,10,10,-0.2883
18179,ES_Nuclear,2050,8,11,11,-0.2883
18180,ES_Nuclear,2050,8,12,12,-0.2883
18181,ES_Nuclear,2050,8,13,13,-0.2883
18182,ES_Nuclear,2050,8,14,14,0.0
18183,ES_Nuclear,2050,8,15,15,0.0
18184,ES_Nuclear,2050,8,16,16,0.0
18185,ES_Nuclear,2050,8,17,17,0.0
18186,ES_Nuclear,2050,8,18,18,0.0
18187,ES_Nuclear,2050,8,19,19,-0.2883
18188,ES_Nuclear,2050,8,20,20,-0.2883
18189,ES_Nuclear,2050,8,21,21,-0.2883
18190,ES_Nuclear,2050,8,22,22,-0.2883
18191,ES_Nuclear,2050,8,23,23,-0.2883
18192,ES_Nuclear,2050,8,24,24,-0.2883
18193,ES_Nuclear,2050,9,1,1,-0.39990000000000003
18194,ES_Nuclear,2050,9,2,2,-0.39990000000000003
18195,ES_Nuclear,2050,9,3,3,-0.39990000000000003
18196,ES_Nuclear,2050,9,4,4,-0.39990000000000003
18197,ES_Nuclear,2050,9,5,5,-0.39990000000000003
18198,ES_Nuclear,2050,9,6,6,-0.39990000000000003
18199,ES_Nuclear,2050,9,7,7,-1.0578
18200,ES_Nuclear,2050,9,8,8,-1.0578
18201,ES_Nuclear,2050,9,9,9,-1.0578
18202,ES_Nuclear,2050,9,10,10,-1.0578
18203,ES_Nuclear,2050,9,11,11,-1.0578
18204,ES_Nuclear,2050,9,12,12,-0.39990000000000003
18205,ES_Nuclear,2050,9,13,13,-0.39990000000000003
18206,ES_Nuclear,2050,9,14,14,-0.39990000000000003
18207,ES_Nuclear,2050,9,15,15,-0.39990000000000003
18208,ES_Nuclear,2050,9,16,16,-0.39990000000000003
18209,ES_Nuclear,2050,9,17,17,-0.39990000000000003
18210,ES_Nuclear,2050,9,18,18,-0.39990000000000003
18211,ES_Nuclear,2050,9,19,19,-0.39990000000000003
18212,ES_Nuclear,2050,9,20,20,-0.39990000000000003
18213,ES_Nuclear,2050,9,21,21,-0.39990000000000003
18214,ES_Nuclear,2050,9,22,22,-0.39990000000000003
18215,ES_Nuclear,2050,9,23,23,-0.39990000000000003
18216,ES_Nuclear,2050,9,24,24,-0.39990000000000003
18217,ES_Nuclear,2050,10,1,1,-0.42780000000000007
18218,ES_Nuclear,2050,10,2,2,0.0
18219,ES_Nuclear,2050,10,3,3,0.0
18220,ES_Nuclear,2050,10,4,4,0.0
18221,ES_Nuclear,2050,10,5,5,-0.42780000000000007
18222,ES_Nuclear,2050,10,6,6,-0.42780000000000007
18223,ES_Nuclear,2050,10,7,7,-0.42780000000000007
18224,ES_Nuclear,2050,10,8,8,-0.42780000000000007
18225,ES_Nuclear,2050,10,9,9,-0.42780000000000007
18226,ES_Nuclear,2050,10,10,10,-0.42780000000000007
18227,ES_Nuclear,2050,10,11,11,-0.42780000000000007
18228,ES_Nuclear,2050,10,12,12,0.0
18229,ES_Nuclear,2050,10,13,13,0.0
18230,ES_Nuclear,2050,10,14,14,0.0
18231,ES_Nuclear,2050,10,15,15,0.0
18232,ES_Nuclear,2050,10,16,16,0.0
18233,ES_Nuclear,2050,10,17,17,0.0
18234,ES_Nuclear,2050,10,18,18,0.0
18235,ES_Nuclear,2050,10,19,19,-0.42780000000000007
18236,ES_Nuclear,2050,10,20,20,-0.42780000000000007
18237,ES_Nuclear,2050,10,21,21,-0.42780000000000007
18238,ES_Nuclear,2050,10,22,22,-0.42780000000000007
18239,ES_Nuclear,2050,10,23,23,-0.42780000000000007
18240,ES_Nuclear,2050,10,24,24,0.0
18241,ES_OCGT,2050,1,1,1,0.0
18242,ES_OCGT,2050,1,2,2,0.0
18243,ES_OCGT,2050,1,3,3,0.0
18244,ES_OCGT,2050,1,4,4,0.0
18245,ES_OCGT,2050,1,5,5,0.0
18246,ES_OCGT,2050,1,6,6,0.0
18247,ES_OCGT,2050,1,7,7,0.0
18248,ES_OCGT,2050,1,8,8,0.0
18249,ES_OCGT,2050,1,9,9,0.0
18250,ES_OCGT,2050,1,10,10,0.0
18251,ES_OCGT,2050,1,11,11,0.0
18252,ES_OCGT,2050,1,12,12,0.0
18253,ES_OCGT,2050,1,13,13,0.0
18254,ES_OCGT,2050,1,14,14,0.0
18255,ES_OCGT,2050,1,15,15,0.0
18256,ES_OCGT,2050,1,16,16,0.0
18257,ES_OCGT,2050,1,17,17,0.0
18258,ES_OCGT,2050,1,18,18,0.0
18259,ES_OCGT,2050,1,19,19,0.0
18260,ES_OCGT,2050,1,20,20,0.0
18261,ES_OCGT,2050,1,21,21,0.0
18262,ES_OCGT,2050,1,22,22,0.0
18263,ES_OCGT,2050,1,23,23,0.0
18264,ES_OCGT,2050,1,24,24,0.0
18265,ES_OCGT,2050,2,1,1,0.0
18266,ES_OCGT,2050,2,2,2,0.0
18267,ES_OCGT,2050,2,3,3,0.0
18268,ES_OCGT,2050,2,4,4,0.0
18269,ES_OCGT,2050,2,5,5,0.0
18270,ES_OCGT,2050,2,6,6,0.0
18271,ES_OCGT,2050,2,7,7,0.0
18272,ES_OCGT,2050,2,8,8,0.0
18273,ES_OCGT,2050,2,9,9,0.0
18274,ES_OCGT,2050,2,10,10,0.0
18275,ES_OCGT,2050,2,11,11,0.0
18276,ES_OCGT,2050,2,12,12,0.0
18277,ES_OCGT,2050,2,13,13,0.0
18278,ES_OCGT,2050,2,14,14,0.0
18279,ES_OCGT,2050,2,15,15,0.0
18280,ES_OCGT,2050,2,16,16,0.0
18281,ES_OCGT,2050,2,17,17,0.0
18282,ES_OCGT,2050,2,18,18,0.0
18283,ES_OCGT,2050,2,19,19,0.0
18284,ES_OCGT,2050,2,20,20,0.0
18285,ES_OCGT,2050,2,21,21,0.0
18286,ES_OCGT,2050,2,22,22,0.0
18287,ES_OCGT,2050,2,23,23,0.0
18288,ES_OCGT,2050,2,24,24,0.0
18289,ES_OCGT,2050,3,1,1,0.0
18290,ES_OCGT,2050,3,2,2,0.0
18291,ES_OCGT,2050,3,3,3,0.0
18292,ES_OCGT,2050,3,4,4,0.0
18293,ES_OCGT,2050,3,5,5,0.0
18294,ES_OCGT,2050,3,6,6,0.0
18295,ES_OCGT,2050,3,7,7,0.0
18296,ES_OCGT,2050,3,8,8,0.0
18297,ES_OCGT,2050,3,9,9,0.0
18298,ES_OCGT,2050,3,10,10,0.0
18299,ES_OCGT,2050,3,11,11,0.0
18300,ES_OCGT,2050,3,12,12,0.0
18301,ES_OCGT,2050,3,13,13,0.0
18302,ES_OCGT,2050,3,14,14,0.0
18303,ES_OCGT,2050,3,15,15,0.0
18304,ES_OCGT,2050,3,16,16,0.0
18305,ES_OCGT,2050,3,17,17,0.0
18306,ES_OCGT,2050,3,18,18,0.0
18307,ES_OCGT,2050,3,19,19,-4.337965705666338
18308,ES_OCGT,2050,3,20,20,-4.337965705666338
18309,ES_OCGT,2050,3,21,21,-4.337965705666338
18310,ES_OCGT,2050,3,22,22,0.0
18311,ES_OCGT,2050,3,23,23,0.0
18312,ES_OCGT,2050,3,24,24,0.0
18313,ES_OCGT,2050,4,1,1,0.0
18314,ES_OCGT,2050,4,2,2,0.0
18315,ES_OCGT,2050,4,3,3,0.0
18316,ES_OCGT,2050,4,4,4,0.0
18317,ES_OCGT,2050,4,5,5,0.0
18318,ES_OCGT,2050,4,6,6,0.0
18319,ES_OCGT,2050,4,7,7,0.0
18320,ES_OCGT,2050,4,8,8,0.0
18321,ES_OCGT,2050,4,9,9,0.0
18322,ES_OCGT,2050,4,10,10,0.0
18323,ES_OCGT,2050,4,11,11,0.0
18324,ES_OCGT,2050,4,12,12,0.0
18325,ES_OCGT,2050,4,13,13,0.0
18326,ES_OCGT,2050,4,14,14,0.0
18327,ES_OCGT,2050,4,15,15,0.0
18328,ES_OCGT,2050,4,16,16,0.0
18329,ES_OCGT,2050,4,17,17,0.0
18330,ES_OCGT,2050,4,18,18,0.0
18331,ES_OCGT,2050,4,19,19,0.0
18332,ES_OCGT,2050,4,20,20,0.0
18333,ES_OCGT,2050,4,21,21,0.0
18334,ES_OCGT,2050,4,22,22,0.0
18335,ES_OCGT,2050,4,23,23,0.0
18336,ES_OCGT,2050,4,24,24,0.0
18337,ES_OCGT,2050,5,1,1,0.0
18338,ES_OCGT,2050,5,2,2,0.0
18339,ES_OCGT,2050,5,3,3,0.0
18340,ES_OCGT,2050,5,4,4,0.0
18341,ES_OCGT,2050,5,5,5,0.0
18342,ES_OCGT,2050,5,6,6,0.0
18343,ES_OCGT,2050,5,7,7,0.0
18344,ES_OCGT,2050,5,8,8,0.0
18345,ES_OCGT,2050,5,9,9,0.0
18346,ES_OCGT,2050,5,10,10,0.0
18347,ES_OCGT,2050,5,11,11,0.0
18348,ES_OCGT,2050,5,12,12,0.0
18349,ES_OCGT,2050,5,13,13,0.0
18350,ES_OCGT,2050,5,14,14,0.0
18351,ES_OCGT,2050,5,15,15,0.0
18352,ES_OCGT,2050,5,16,16,0.0
18353,ES_OCGT,2050,5,17,17,0.0
18354,ES_OCGT,2050,5,18,18,0.0
18355,ES_OCGT,2050,5,19,19,0.0
18356,ES_OCGT,2050,5,20,20,0.0
18357,ES_OCGT,2050,5,21,21,0.0
18358,ES_OCGT,2050,5,22,22,0.0
18359,ES_OCGT,2050,5,23,23,0.0
18360,ES_OCGT,2050,5,24,24,0.0
18361,ES_OCGT,2050,6,1,1,0.0
18362,ES_OCGT,2050,6,2,2,0.0
18363,ES_OCGT,2050,6,3,3,0.0
18364,ES_OCGT,2050,6,4,4,0.0
18365,ES_OCGT,2050,6,5,5,0.0
18366,ES_OCGT,2050,6,6,6,0.0
18367,ES_OCGT,2050,6,7,7,0.0
18368,ES_OCGT,2050,6,8,8,0.0
18369,ES_OCGT,2050,6,9,9,0.0
18370,ES_OCGT,2050,6,10,10,0.0
18371,ES_OCGT,2050,6,11,11,0.0
18372,ES_OCGT,2050,6,12,12,0.0
18373,ES_OCGT,2050,6,13,13,0.0
18374,ES_OCGT,2050,6,14,14,0.0
18375,ES_OCGT,2050,6,15,15,0.0
18376,ES_OCGT,2050,6,16,16,0.0
18377,ES_OCGT,2050,6,17,17,0.0
18378,ES_OCGT,2050,6,18,18,0.0
18379,ES_OCGT,2050,6,19,19,0.0
18380,ES_OCGT,2050,6,20,20,0.0
18381,ES_OCGT,2050,6,21,21,0.0
18382,ES_OCGT,2050,6,22,22,0.0
18383,ES_OCGT,2050,6,23,23,0.0
18384,ES_OCGT,2050,6,24,24,0.0
18385,ES_OCGT,2050,7,1,1,0.0
18386,ES_OCGT,2050,7,2,2,0.0
18387,ES_OCGT,2050,7,3,3,0.0
18388,ES_OCGT,2050,7,4,4,0.0
18389,ES_OCGT,2050,7,5,5,0.0
18390,ES_OCGT,2050,7,6,6,0.0
18391,ES_OCGT,2050,7,7,7,0.0
18392,ES_OCGT,2050,7,8,8,0.0
18393,ES_OCGT,2050,7,9,9,0.0
18394,ES_OCGT,2050,7,10,10,0.0
18395,ES_OCGT,2050,7,11,11,0.0
18396,ES_OCGT,2050,7,12,12,0.0
18397,ES_OCGT,2050,7,13,13,0.0
18398,ES_OCGT,2050,7,14,14,0.0
18399,ES_OCGT,2050,7,15,15,0.0
18400,ES_OCGT,2050,7,16,16,0.0
18401,ES_OCGT,2050,7,17,17,0.0
18402,ES_OCGT,2050,7,18,18,0.0
18403,ES_OCGT,2050,7,19,19,0.0
18404,ES_OCGT,2050,7,20,20,0.0
18405,ES_OCGT,2050,7,21,21,0.0
18406,ES_OCGT,2050,7,22,22,0.0
18407,ES_OCGT,2050,7,23,23,0.0
18408,ES_OCGT,2050,7,24,24,0.0
18409,ES_OCGT,2050,8,1,1,0.0
18410,ES_OCGT,2050,8,2,2,0.0
18411,ES_OCGT,2050,8,3,3,0.0
18412,ES_OCGT,2050,8,4,4,0.0
18413,ES_OCGT,2050,8,5,5,0.0
18414,ES_OCGT,2050,8,6,6,0.0
18415,ES_OCGT,2050,8,7,7,0.0
18416,ES_OCGT,2050,8,8,8,0.0
18417,ES_OCGT,2050,8,9,9,0.0
18418,ES_OCGT,2050,8,10,10,0.0
18419,ES_OCGT,2050,8,11,11,0.0
18420,ES_OCGT,2050,8,12,12,0.0
18421,ES_OCGT,2050,8,13,13,0.0
18422,ES_OCGT,2050,8,14,14,0.0
18423,ES_OCGT,2050,8,15,15,0.0
18424,ES_OCGT,2050,8,16,16,0.0
18425,ES_OCGT,2050,8,17,17,0.0
18426,ES_OCGT,2050,8,18,18,0.0
18427,ES_OCGT,2050,8,19,19,0.0
18428,ES_OCGT,2050,8,20,20,0.0
18429,ES_OCGT,2050,8,21,21,0.0
18430,ES_OCGT,2050,8,22,22,0.0
18431,ES_OCGT,2050,8,23,23,0.0
18432,ES_OCGT,2050,8,24,24,0.0
18433,ES_OCGT,2050,9,1,1,0.0
18434,ES_OCGT,2050,9,2,2,0.0
18435,ES_OCGT,2050,9,3,3,0.0
18436,ES_OCGT,2050,9,4,4,0.0
18437,ES_OCGT,2050,9,5,5,0.0
18438,ES_OCGT,2050,9,6,6,0.0
18439,ES_OCGT,2050,9,7,7,0.0
18440,ES_OCGT,2050,9,8,8,0.0
18441,ES_OCGT,2050,9,9,9,0.0
18442,ES_OCGT,2050,9,10,10,0.0
18443,ES_OCGT,2050,9,11,11,0.0
18444,ES_OCGT,2050,9,12,12,0.0
18445,ES_OCGT,2050,9,13,13,0.0
18446,ES_OCGT,2050,9,14,14,0.0
18447,ES_OCGT,2050,9,15,15,0.0
18448,ES_OCGT,2050,9,16,16,0.0
18449,ES_OCGT,2050,9,17,17,0.0
18450,ES_OCGT,2050,9,18,18,0.0
18451,ES_OCGT,2050,9,19,19,0.0
18452,ES_OCGT,2050,9,20,20,0.0
18453,ES_OCGT,2050,9,21,21,0.0
18454,ES_OCGT,2050,9,22,22,0.0
18455,ES_OCGT,2050,9,23,23,0.0
18456,ES_OCGT,2050,9,24,24,0.0
18457,ES_OCGT,2050,10,1,1,0.0
18458,ES_OCGT,2050,10,2,2,0.0
18459,ES_OCGT,2050,10,3,3,0.0
18460,ES_OCGT,2050,10,4,4,0.0
18461,ES_OCGT,2050,10,5,5,0.0
18462,ES_OCGT,2050,10,6,6,0.0
18463,ES_OCGT,2050,10,7,7,0.0
18464,ES_OCGT,2050,10,8,8,0.0
18465,ES_OCGT,2050,10,9,9,0.0
18466,ES_OCGT,2050,10,10,10,0.0
18467,ES_OCGT,2050,10,11,11,0.0
18468,ES_OCGT,2050,10,12,12,0.0
18469,ES_OCGT,2050,10,13,13,0.0
18470,ES_OCGT,2050,10,14,14,0.0
18471,ES_OCGT,2050,10,15,15,0.0
18472,ES_OCGT,2050,10,16,16,0.0
18473,ES_OCGT,2050,10,17,17,0.0
18474,ES_OCGT,2050,10,18,18,0.0
18475,ES_OCGT,2050,10,19,19,0.0
18476,ES_OCGT,2050,10,20,20,0.0
18477,ES_OCGT,2050,10,21,21,0.0
18478,ES_OCGT,2050,10,22,22,0.0
18479,ES_OCGT,2050,10,23,23,0.0
18480,ES_OCGT,2050,10,24,24,0.0
18481,ES_Solar,2050,1,1,1,-0.9381
18482,ES_Solar,2050,1,2,2,-0.9381
18483,ES_Solar,2050,1,3,3,-0.9381
18484,ES_Solar,2050,1,4,4,-1.749
18485,ES_Solar,2050,1,5,5,-1.749
18486,ES_Solar,2050,1,6,6,-1.749
18487,ES_Solar,2050,1,7,7,-2.703
18488,ES_Solar,2050,1,8,8,-2.703
18489,ES_Solar,2050,1,9,9,-2.703
18490,ES_Solar,2050,1,10,10,-2.703
18491,ES_Solar,2050,1,11,11,-1.749
18492,ES_Solar,2050,1,12,12,-1.749
18493,ES_Solar,2050,1,13,13,-0.9381
18494,ES_Solar,2050,1,14,14,-0.9381
18495,ES_Solar,2050,1,15,15,-0.9381
18496,ES_Solar,2050,1,16,16,-0.9381
18497,ES_Solar,2050,1,17,17,-0.9381
18498,ES_Solar,2050,1,18,18,-0.9381
18499,ES_Solar,2050,1,19,19,-0.9381
18500,ES_Solar,2050,1,20,20,-0.9381
18501,ES_Solar,2050,1,21,21,-11.987965705666337
18502,ES_Solar,2050,1,22,22,-0.9381
18503,ES_Solar,2050,1,23,23,-0.9381
18504,ES_Solar,2050,1,24,24,-0.9381
18505,ES_Solar,2050,2,1,1,0.0
18506,ES_Solar,2050,2,2,2,0.0
18507,ES_Solar,2050,2,3,3,0.0
18508,ES_Solar,2050,2,4,4,0.0
18509,ES_Solar,2050,2,5,5,0.0
18510,ES_Solar,2050,2,6,6,-0.5841000000000001
18511,ES_Solar,2050,2,7,7,-0.5841000000000001
18512,ES_Solar,2050,2,8,8,-0.5841000000000001
18513,ES_Solar,2050,2,9,9,-0.5841000000000001
18514,ES_Solar,2050,2,10,10,-0.5841000000000001
18515,ES_Solar,2050,2,11,11,-0.5841000000000001
18516,ES_Solar,2050,2,12,12,-0.5841000000000001
18517,ES_Solar,2050,2,13,13,0.0
18518,ES_Solar,2050,2,14,14,0.0
18519,ES_Solar,2050,2,15,15,0.0
18520,ES_Solar,2050,2,16,16,0.0
18521,ES_Solar,2050,2,17,17,0.0
18522,ES_Solar,2050,2,18,18,0.0
18523,ES_Solar,2050,2,19,19,-0.5841000000000001
18524,ES_Solar,2050,2,20,20,-0.5841000000000001
18525,ES_Solar,2050,2,21,21,-0.5841000000000001
18526,ES_Solar,2050,2,22,22,-0.5841000000000001
18527,ES_Solar,2050,2,23,23,-0.5841000000000001
18528,ES_Solar,2050,2,24,24,-0.5841000000000001
18529,ES_Solar,2050,3,1,1,-0.9570000000000001
18530,ES_Solar,2050,3,2,2,-0.9570000000000001
18531,ES_Solar,2050,3,3,3,-0.9570000000000001
18532,ES_Solar,2050,3,4,4,-1.4789999999999999
18533,ES_Solar,2050,3,5,5,-1.4789999999999999
18534,ES_Solar,2050,3,6,6,-1.4789999999999999
18535,ES_Solar,2050,3,7,7,-1.4789999999999999
18536,ES_Solar,2050,3,8,8,-1.4789999999999999
18537,ES_Solar,2050,3,9,9,-1.4789999999999999
18538,ES_Solar,2050,3,10,10,-1.4789999999999999
18539,ES_Solar,2050,3,11,11,-1.4789999999999999
18540,ES_Solar,2050,3,12,12,-1.4789999999999999
18541,ES_Solar,2050,3,13,13,-1.4789999999999999
18542,ES_Solar,2050,3,14,14,-0.9570000000000001
18543,ES_Solar,2050,3,15,15,-0.9570000000000001
18544,ES_Solar,2050,3,16,16,-0.9570000000000001
18545,ES_Solar,2050,3,17,17,-1.4789999999999999
18546,ES_Solar,2050,3,18,18,-1.4789999999999999
18547,ES_Solar,2050,3,19,19,-5.816965705666338
18548,ES_Solar,2050,3,20,20,-5.816965705666338
18549,ES_Solar,2050,3,21,21,-5.816965705666338
18550,ES_Solar,2050,3,22,22,-1.4789999999999999
18551,ES_Solar,2050,3,23,23,-1.4789999999999999
18552,ES_Solar,2050,3,24,24,-1.4789999999999999
18553,ES_Solar,2050,4,1,1,0.0
18554,ES_Solar,2050,4,2,2,0.0
18555,ES_Solar,2050,4,3,3,0.0
18556,ES_Solar,2050,4,4,4,0.0
18557,ES_Solar,2050,4,5,5,0.0
18558,ES_Solar,2050,4,6,6,0.0
18559,ES_Solar,2050,4,7,7,0.0
18560,ES_Solar,2050,4,8,8,0.0
18561,ES_Solar,2050,4,9,9,0.0
18562,ES_Solar,2050,4,10,10,0.0
18563,ES_Solar,2050,4,11,11,0.0
18564,ES_Solar,2050,4,12,12,0.0
18565,ES_Solar,2050,4,13,13,0.0
18566,ES_Solar,2050,4,14,14,0.0
18567,ES_Solar,2050,4,15,15,0.0
18568,ES_Solar,2050,4,16,16,0.0
18569,ES_Solar,2050,4,17,17,0.0
18570,ES_Solar,2050,4,18,18,0.0
18571,ES_Solar,2050,4,19,19,0.0
18572,ES_Solar,2050,4,20,20,0.0
18573,ES_Solar,2050,4,21,21,0.0
18574,ES_Solar,2050,4,22,22,0.0
18575,ES_Solar,2050,4,23,23,0.0
18576,ES_Solar,2050,4,24,24,0.0
18577,ES_Solar,2050,5,1,1,-0.9204
18578,ES_Solar,2050,5,2,2,-0.9204
18579,ES_Solar,2050,5,3,3,-0.9204
18580,ES_Solar,2050,5,4,4,-1.7160000000000002
18581,ES_Solar,2050,5,5,5,-1.7160000000000002
18582,ES_Solar,2050,5,6,6,-1.7160000000000002
18583,ES_Solar,2050,5,7,7,-1.7160000000000002
18584,ES_Solar,2050,5,8,8,-1.7160000000000002
18585,ES_Solar,2050,5,9,9,-1.7160000000000002
18586,ES_Solar,2050,5,10,10,-1.7160000000000002
18587,ES_Solar,2050,5,11,11,-1.7160000000000002
18588,ES_Solar,2050,5,12,12,-1.7160000000000002
18589,ES_Solar,2050,5,13,13,-0.9204
18590,ES_Solar,2050,5,14,14,-0.9204
18591,ES_Solar,2050,5,15,15,-0.9204
18592,ES_Solar,2050,5,16,16,-0.9204
18593,ES_Solar,2050,5,17,17,-0.9204
18594,ES_Solar,2050,5,18,18,-1.7160000000000002
18595,ES_Solar,2050,5,19,19,-1.7160000000000002
18596,ES_Solar,2050,5,20,20,-2.6519999999999997
18597,ES_Solar,2050,5,21,21,-2.6519999999999997
18598,ES_Solar,2050,5,22,22,-1.7160000000000002
18599,ES_Solar,2050,5,23,23,-1.7160000000000002
18600,ES_Solar,2050,5,24,24,-1.7160000000000002
18601,ES_Solar,2050,6,1,1,0.0
18602,ES_Solar,2050,6,2,2,0.0
18603,ES_Solar,2050,6,3,3,0.0
18604,ES_Solar,2050,6,4,4,0.0
18605,ES_Solar,2050,6,5,5,0.0
18606,ES_Solar,2050,6,6,6,0.0
18607,ES_Solar,2050,6,7,7,0.0
18608,ES_Solar,2050,6,8,8,0.0
18609,ES_Solar,2050,6,9,9,0.0
18610,ES_Solar,2050,6,10,10,0.0
18611,ES_Solar,2050,6,11,11,0.0
18612,ES_Solar,2050,6,12,12,0.0
18613,ES_Solar,2050,6,13,13,0.0
18614,ES_Solar,2050,6,14,14,0.0
18615,ES_Solar,2050,6,15,15,0.0
18616,ES_Solar,2050,6,16,16,0.0
18617,ES_Solar,2050,6,17,17,0.0
18618,ES_Solar,2050,6,18,18,0.0
18619,ES_Solar,2050,6,19,19,0.0
18620,ES_Solar,2050,6,20,20,0.0
18621,ES_Solar,2050,6,21,21,0.0
18622,ES_Solar,2050,6,22,22,0.0
18623,ES_Solar,2050,6,23,23,0.0
18624,ES_Solar,2050,6,24,24,0.0
18625,ES_Solar,2050,7,1,1,-0.6549
18626,ES_Solar,2050,7,2,2,-0.6549
18627,ES_Solar,2050,7,3,3,-0.6549
18628,ES_Solar,2050,7,4,4,-0.6549
18629,ES_Solar,2050,7,5,5,-0.6549
18630,ES_Solar,2050,7,6,6,-0.6549
18631,ES_Solar,2050,7,7,7,-0.6549
18632,ES_Solar,2050,7,8,8,-0.6549
18633,ES_Solar,2050,7,9,9,-0.6549
18634,ES_Solar,2050,7,10,10,-0.6549
18635,ES_Solar,2050,7,11,11,-0.6549
18636,ES_Solar,2050,7,12,12,-0.6549
18637,ES_Solar,2050,7,13,13,-0.6549
18638,ES_Solar,2050,7,14,14,0.0
18639,ES_Solar,2050,7,15,15,0.0
18640,ES_Solar,2050,7,16,16,0.0
18641,ES_Solar,2050,7,17,17,0.0
18642,ES_Solar,2050,7,18,18,-0.6549
18643,ES_Solar,2050,7,19,19,-0.6549
18644,ES_Solar,2050,7,20,20,-0.6549
18645,ES_Solar,2050,7,21,21,-0.6549
18646,ES_Solar,2050,7,22,22,-0.6549
18647,ES_Solar,2050,7,23,23,-0.6549
18648,ES_Solar,2050,7,24,24,-0.6549
18649,ES_Solar,2050,8,1,1,-0.5487
18650,ES_Solar,2050,8,2,2,-0.5487
18651,ES_Solar,2050,8,3,3,-0.5487
18652,ES_Solar,2050,8,4,4,-0.5487
18653,ES_Solar,2050,8,5,5,-0.5487
18654,ES_Solar,2050,8,6,6,-0.5487
18655,ES_Solar,2050,8,7,7,-0.5487
18656,ES_Solar,2050,8,8,8,-1.0230000000000001
18657,ES_Solar,2050,8,9,9,-0.5487
18658,ES_Solar,2050,8,10,10,-0.5487
18659,ES_Solar,2050,8,11,11,-0.5487
18660,ES_Solar,2050,8,12,12,-0.5487
18661,ES_Solar,2050,8,13,13,-0.5487
18662,ES_Solar,2050,8,14,14,0.0
18663,ES_Solar,2050,8,15,15,0.0
18664,ES_Solar,2050,8,16,16,0.0
18665,ES_Solar,2050,8,17,17,0.0
18666,ES_Solar,2050,8,18,18,0.0
18667,ES_Solar,2050,8,19,19,-0.5487
18668,ES_Solar,2050,8,20,20,-0.5487
18669,ES_Solar,2050,8,21,21,-0.5487
18670,ES_Solar,2050,8,22,22,-0.5487
18671,ES_Solar,2050,8,23,23,-0.5487
18672,ES_Solar,2050,8,24,24,-0.5487
18673,ES_Solar,2050,9,1,1,-0.7611
18674,ES_Solar,2050,9,2,2,-0.7611
18675,ES_Solar,2050,9,3,3,-0.7611
18676,ES_Solar,2050,9,4,4,-0.7611
18677,ES_Solar,2050,9,5,5,-0.7611
18678,ES_Solar,2050,9,6,6,-0.7611
18679,ES_Solar,2050,9,7,7,-1.419
18680,ES_Solar,2050,9,8,8,-1.419
18681,ES_Solar,2050,9,9,9,-1.419
18682,ES_Solar,2050,9,10,10,-1.419
18683,ES_Solar,2050,9,11,11,-1.419
18684,ES_Solar,2050,9,12,12,-0.7611
18685,ES_Solar,2050,9,13,13,-0.7611
18686,ES_Solar,2050,9,14,14,-0.7611
18687,ES_Solar,2050,9,15,15,-0.7611
18688,ES_Solar,2050,9,16,16,-0.7611
18689,ES_Solar,2050,9,17,17,-0.7611
18690,ES_Solar,2050,9,18,18,-0.7611
18691,ES_Solar,2050,9,19,19,-0.7611
18692,ES_Solar,2050,9,20,20,-0.7611
18693,ES_Solar,2050,9,21,21,-0.7611
18694,ES_Solar,2050,9,22,22,-0.7611
18695,ES_Solar,2050,9,23,23,-0.7611
18696,ES_Solar,2050,9,24,24,-0.7611
18697,ES_Solar,2050,10,1,1,-0.8142
18698,ES_Solar,2050,10,2,2,0.0
18699,ES_Solar,2050,10,3,3,0.0
18700,ES_Solar,2050,10,4,4,0.0
18701,ES_Solar,2050,10,5,5,-0.8142
18702,ES_Solar,2050,10,6,6,-0.8142
18703,ES_Solar,2050,10,7,7,-0.8142
18704,ES_Solar,2050,10,8,8,-0.8142
18705,ES_Solar,2050,10,9,9,-0.8142
18706,ES_Solar,2050,10,10,10,-0.8142
18707,ES_Solar,2050,10,11,11,-0.8142
18708,ES_Solar,2050,10,12,12,0.0
18709,ES_Solar,2050,10,13,13,0.0
18710,ES_Solar,2050,10,14,14,0.0
18711,ES_Solar,2050,10,15,15,0.0
18712,ES_Solar,2050,10,16,16,0.0
18713,ES_Solar,2050,10,17,17,0.0
18714,ES_Solar,2050,10,18,18,0.0
18715,ES_Solar,2050,10,19,19,-0.8142
18716,ES_Solar,2050,10,20,20,-0.8142
18717,ES_Solar,2050,10,21,21,-0.8142
18718,ES_Solar,2050,10,22,22,-0.8142
18719,ES_Solar,2050,10,23,23,-0.8142
18720,ES_Solar,2050,10,24,24,0.0
18721,ES_Wind_Offshore,2050,1,1,1,-0.9381
18722,ES_Wind_Offshore,2050,1,2,2,-0.9381
18723,ES_Wind_Offshore,2050,1,3,3,-0.9381
18724,ES_Wind_Offshore,2050,1,4,4,-1.749
18725,ES_Wind_Offshore,2050,1,5,5,-1.749
18726,ES_Wind_Offshore,2050,1,6,6,-1.749
18727,ES_Wind_Offshore,2050,1,7,7,-2.703
18728,ES_Wind_Offshore,2050,1,8,8,-2.703
18729,ES_Wind_Offshore,2050,1,9,9,-2.703
18730,ES_Wind_Offshore,2050,1,10,10,-2.703
18731,ES_Wind_Offshore,2050,1,11,11,-1.749
18732,ES_Wind_Offshore,2050,1,12,12,-1.749
18733,ES_Wind_Offshore,2050,1,13,13,-0.9381
18734,ES_Wind_Offshore,2050,1,14,14,-0.9381
18735,ES_Wind_Offshore,2050,1,15,15,-0.9381
18736,ES_Wind_Offshore,2050,1,16,16,-0.9381
18737,ES_Wind_Offshore,2050,1,17,17,-0.9381
18738,ES_Wind_Offshore,2050,1,18,18,-0.9381
18739,ES_Wind_Offshore,2050,1,19,19,-0.9381
18740,ES_Wind_Offshore,2050,1,20,20,-0.9381
18741,ES_Wind_Offshore,2050,1,21,21,-11.987965705666337
18742,ES_Wind_Offshore,2050,1,22,22,-0.9381
18743,ES_Wind_Offshore,2050,1,23,23,-0.9381
18744,ES_Wind_Offshore,2050,1,24,24,-0.9381
18745,ES_Wind_Offshore,2050,2,1,1,0.0
18746,ES_Wind_Offshore,2050,2,2,2,0.0
18747,ES_Wind_Offshore,2050,2,3,3,0.0
18748,ES_Wind_Offshore,2050,2,4,4,0.0
18749,ES_Wind_Offshore,2050,2,5,5,0.0
18750,ES_Wind_Offshore,2050,2,6,6,-0.5841000000000001
18751,ES_Wind_Offshore,2050,2,7,7,-0.5841000000000001
18752,ES_Wind_Offshore,2050,2,8,8,-0.5841000000000001
18753,ES_Wind_Offshore,2050,2,9,9,-0.5841000000000001
18754,ES_Wind_Offshore,2050,2,10,10,-0.5841000000000001
18755,ES_Wind_Offshore,2050,2,11,11,-0.5841000000000001
18756,ES_Wind_Offshore,2050,2,12,12,-0.5841000000000001
18757,ES_Wind_Offshore,2050,2,13,13,0.0
18758,ES_Wind_Offshore,2050,2,14,14,0.0
18759,ES_Wind_Offshore,2050,2,15,15,0.0
18760,ES_Wind_Offshore,2050,2,16,16,0.0
18761,ES_Wind_Offshore,2050,2,17,17,0.0
18762,ES_Wind_Offshore,2050,2,18,18,0.0
18763,ES_Wind_Offshore,2050,2,19,19,-0.5841000000000001
18764,ES_Wind_Offshore,2050,2,20,20,-0.5841000000000001
18765,ES_Wind_Offshore,2050,2,21,21,-0.5841000000000001
18766,ES_Wind_Offshore,2050,2,22,22,-0.5841000000000001
18767,ES_Wind_Offshore,2050,2,23,23,-0.5841000000000001
18768,ES_Wind_Offshore,2050,2,24,24,-0.5841000000000001
18769,ES_Wind_Offshore,2050,3,1,1,-0.9570000000000001
18770,ES_Wind_Offshore,2050,3,2,2,-0.9570000000000001
18771,ES_Wind_Offshore,2050,3,3,3,-0.9570000000000001
18772,ES_Wind_Offshore,2050,3,4,4,-1.4789999999999999
18773,ES_Wind_Offshore,2050,3,5,5,-1.4789999999999999
18774,ES_Wind_Offshore,2050,3,6,6,-1.4789999999999999
18775,ES_Wind_Offshore,2050,3,7,7,-1.4789999999999999
18776,ES_Wind_Offshore,2050,3,8,8,-1.4789999999999999
18777,ES_Wind_Offshore,2050,3,9,9,-1.4789999999999999
18778,ES_Wind_Offshore,2050,3,10,10,-1.4789999999999999
18779,ES_Wind_Offshore,2050,3,11,11,-1.4789999999999999
18780,ES_Wind_Offshore,2050,3,12,12,-1.4789999999999999
18781,ES_Wind_Offshore,2050,3,13,13,-1.4789999999999999
18782,ES_Wind_Offshore,2050,3,14,14,-0.9570000000000001
18783,ES_Wind_Offshore,2050,3,15,15,-0.9570000000000001
18784,ES_Wind_Offshore,2050,3,16,16,-0.9570000000000001
18785,ES_Wind_Offshore,2050,3,17,17,-1.4789999999999999
18786,ES_Wind_Offshore,2050,3,18,18,-1.4789999999999999
18787,ES_Wind_Offshore,2050,3,19,19,-5.816965705666338
18788,ES_Wind_Offshore,2050,3,20,20,-5.816965705666338
18789,ES_Wind_Offshore,2050,3,21,21,-5.816965705666338
18790,ES_Wind_Offshore,2050,3,22,22,-1.4789999999999999
18791,ES_Wind_Offshore,2050,3,23,23,-1.4789999999999999
18792,ES_Wind_Offshore,2050,3,24,24,-1.4789999999999999
18793,ES_Wind_Offshore,2050,4,1,1,0.0
18794,ES_Wind_Offshore,2050,4,2,2,0.0
18795,ES_Wind_Offshore,2050,4,3,3,0.0
18796,ES_Wind_Offshore,2050,4,4,4,0.0
18797,ES_Wind_Offshore,2050,4,5,5,0.0
18798,ES_Wind_Offshore,2050,4,6,6,0.0
18799,ES_Wind_Offshore,2050,4,7,7,0.0
18800,ES_Wind_Offshore,2050,4,8,8,0.0
18801,ES_Wind_Offshore,2050,4,9,9,0.0
18802,ES_Wind_Offshore,2050,4,10,10,0.0
18803,ES_Wind_Offshore,2050,4,11,11,0.0
18804,ES_Wind_Offshore,2050,4,12,12,0.0
18805,ES_Wind_Offshore,2050,4,13,13,0.0
18806,ES_Wind_Offshore,2050,4,14,14,0.0
18807,ES_Wind_Offshore,2050,4,15,15,0.0
18808,ES_Wind_Offshore,2050,4,16,16,0.0
18809,ES_Wind_Offshore,2050,4,17,17,0.0
18810,ES_Wind_Offshore,2050,4,18,18,0.0
18811,ES_Wind_Offshore,2050,4,19,19,0.0
18812,ES_Wind_Offshore,2050,4,20,20,0.0
18813,ES_Wind_Offshore,2050,4,21,21,0.0
18814,ES_Wind_Offshore,2050,4,22,22,0.0
18815,ES_Wind_Offshore,2050,4,23,23,0.0
18816,ES_Wind_Offshore,2050,4,24,24,0.0
18817,ES_Wind_Offshore,2050,5,1,1,-0.9204
18818,ES_Wind_Offshore,2050,5,2,2,-0.9204
18819,ES_Wind_Offshore,2050,5,3,3,-0.9204
18820,ES_Wind_Offshore,2050,5,4,4,-1.7160000000000002
18821,ES_Wind_Offshore,2050,5,5,5,-1.7160000000000002
18822,ES_Wind_Offshore,2050,5,6,6,-1.7160000000000002
18823,ES_Wind_Offshore,2050,5,7,7,-1.7160000000000002
18824,ES_Wind_Offshore,2050,5,8,8,-1.7160000000000002
18825,ES_Wind_Offshore,2050,5,9,9,-1.7160000000000002
18826,ES_Wind_Offshore,2050,5,10,10,-1.7160000000000002
18827,ES_Wind_Offshore,2050,5,11,11,-1.7160000000000002
18828,ES_Wind_Offshore,2050,5,12,12,-1.7160000000000002
18829,ES_Wind_Offshore,2050,5,13,13,-0.9204
18830,ES_Wind_Offshore,2050,5,14,14,-0.9204
18831,ES_Wind_Offshore,2050,5,15,15,-0.9204
18832,ES_Wind_Offshore,2050,5,16,16,-0.9204
18833,ES_Wind_Offshore,2050,5,17,17,-0.9204
18834,ES_Wind_Offshore,2050,5,18,18,-1.7160000000000002
18835,ES_Wind_Offshore,2050,5,19,19,-1.7160000000000002
18836,ES_Wind_Offshore,2050,5,20,20,-2.6519999999999997
18837,ES_Wind_Offshore,2050,5,21,21,-2.6519999999999997
18838,ES_Wind_Offshore,2050,5,22,22,-1.7160000000000002
18839,ES_Wind_Offshore,2050,5,23,23,-1.7160000000000002
18840,ES_Wind_Offshore,2050,5,24,24,-1.7160000000000002
18841,ES_Wind_Offshore,2050,6,1,1,0.0
18842,ES_Wind_Offshore,2050,6,2,2,0.0
18843,ES_Wind_Offshore,2050,6,3,3,0.0
18844,ES_Wind_Offshore,2050,6,4,4,0.0
18845,ES_Wind_Offshore,2050,6,5,5,0.0
18846,ES_Wind_Offshore,2050,6,6,6,0.0
18847,ES_Wind_Offshore,2050,6,7,7,0.0
18848,ES_Wind_Offshore,2050,6,8,8,0.0
18849,ES_Wind_Offshore,2050,6,9,9,0.0
18850,ES_Wind_Offshore,2050,6,10,10,0.0
18851,ES_Wind_Offshore,2050,6,11,11,0.0
18852,ES_Wind_Offshore,2050,6,12,12,0.0
18853,ES_Wind_Offshore,2050,6,13,13,0.0
18854,ES_Wind_Offshore,2050,6,14,14,0.0
18855,ES_Wind_Offshore,2050,6,15,15,0.0
18856,ES_Wind_Offshore,2050,6,16,16,0.0
18857,ES_Wind_Offshore,2050,6,17,17,0.0
18858,ES_Wind_Offshore,2050,6,18,18,0.0
18859,ES_Wind_Offshore,2050,6,19,19,0.0
18860,ES_Wind_Offshore,2050,6,20,20,0.0
18861,ES_Wind_Offshore,2050,6,21,21,0.0
18862,ES_Wind_Offshore,2050,6,22,22,0.0
18863,ES_Wind_Offshore,2050,6,23,23,0.0
18864,ES_Wind_Offshore,2050,6,24,24,0.0
18865,ES_Wind_Offshore,2050,7,1,1,-0.6549
18866,ES_Wind_Offshore,2050,7,2,2,-0.6549
18867,ES_Wind_Offshore,2050,7,3,3,-0.6549
18868,ES_Wind_Offshore,2050,7,4,4,-0.6549
18869,ES_Wind_Offshore,2050,7,5,5,-0.6549
18870,ES_Wind_Offshore,2050,7,6,6,-0.6549
18871,ES_Wind_Offshore,2050,7,7,7,-0.6549
18872,ES_Wind_Offshore,2050,7,8,8,-0.6549
18873,ES_Wind_Offshore,2050,7,9,9,-0.6549
18874,ES_Wind_Offshore,2050,7,10,10,-0.6549
18875,ES_Wind_Offshore,2050,7,11,11,-0.6549
18876,ES_Wind_Offshore,2050,7,12,12,-0.6549
18877,ES_Wind_Offshore,2050,7,13,13,-0.6549
18878,ES_Wind_Offshore,2050,7,14,14,0.0
18879,ES_Wind_Offshore,2050,7,15,15,0.0
18880,ES_Wind_Offshore,2050,7,16,16,0.0
18881,ES_Wind_Offshore,2050,7,17,17,0.0
18882,ES_Wind_Offshore,2050,7,18,18,-0.6549
18883,ES_Wind_Offshore,2050,7,19,19,-0.6549
18884,ES_Wind_Offshore,2050,7,20,20,-0.6549
18885,ES_Wind_Offshore,2050,7,21,21,-0.6549
18886,ES_Wind_Offshore,2050,7,22,22,-0.6549
18887,ES_Wind_Offshore,2050,7,23,23,-0.6549
18888,ES_Wind_Offshore,2050,7,24,24,-0.6549
18889,ES_Wind_Offshore,2050,8,1,1,-0.5487
18890,ES_Wind_Offshore,2050,8,2,2,-0.5487
18891,ES_Wind_Offshore,2050,8,3,3,-0.5487
18892,ES_Wind_Offshore,2050,8,4,4,-0.5487
18893,ES_Wind_Offshore,2050,8,5,5,-0.5487
18894,ES_Wind_Offshore,2050,8,6,6,-0.5487
18895,ES_Wind_Offshore,2050,8,7,7,-0.5487
18896,ES_Wind_Offshore,2050,8,8,8,-1.0230000000000001
18897,ES_Wind_Offshore,2050,8,9,9,-0.5487
18898,ES_Wind_Offshore,2050,8,10,10,-0.5487
18899,ES_Wind_Offshore,2050,8,11,11,-0.5487
18900,ES_Wind_Offshore,2050,8,12,12,-0.5487
18901,ES_Wind_Offshore,2050,8,13,13,-0.5487
18902,ES_Wind_Offshore,2050,8,14,14,0.0
18903,ES_Wind_Offshore,2050,8,15,15,0.0
18904,ES_Wind_Offshore,2050,8,16,16,0.0
18905,ES_Wind_Offshore,2050,8,17,17,0.0
18906,ES_Wind_Offshore,2050,8,18,18,0.0
18907,ES_Wind_Offshore,2050,8,19,19,-0.5487
18908,ES_Wind_Offshore,2050,8,20,20,-0.5487
18909,ES_Wind_Offshore,2050,8,21,21,-0.5487
18910,ES_Wind_Offshore,2050,8,22,22,-0.5487
18911,ES_Wind_Offshore,2050,8,23,23,-0.5487
18912,ES_Wind_Offshore,2050,8,24,24,-0.5487
18913,ES_Wind_Offshore,2050,9,1,1,-0.7611
18914,ES_Wind_Offshore,2050,9,2,2,-0.7611
18915,ES_Wind_Offshore,2050,9,3,3,-0.7611
18916,ES_Wind_Offshore,2050,9,4,4,-0.7611
18917,ES_Wind_Offshore,2050,9,5,5,-0.7611
18918,ES_Wind_Offshore,2050,9,6,6,-0.7611
18919,ES_Wind_Offshore,2050,9,7,7,-1.419
18920,ES_Wind_Offshore,2050,9,8,8,-1.419
18921,ES_Wind_Offshore,2050,9,9,9,-1.419
18922,ES_Wind_Offshore,2050,9,10,10,-1.419
18923,ES_Wind_Offshore,2050,9,11,11,-1.419
18924,ES_Wind_Offshore,2050,9,12,12,-0.7611
18925,ES_Wind_Offshore,2050,9,13,13,-0.7611
18926,ES_Wind_Offshore,2050,9,14,14,-0.7611
18927,ES_Wind_Offshore,2050,9,15,15,-0.7611
18928,ES_Wind_Offshore,2050,9,16,16,-0.7611
18929,ES_Wind_Offshore,2050,9,17,17,-0.7611
18930,ES_Wind_Offshore,2050,9,18,18,-0.7611
18931,ES_Wind_Offshore,2050,9,19,19,-0.7611
18932,ES_Wind_Offshore,2050,9,20,20,-0.7611
18933,ES_Wind_Offshore,2050,9,21,21,-0.7611
18934,ES_Wind_Offshore,2050,9,22,22,-0.7611
18935,ES_Wind_Offshore,2050,9,23,23,-0.7611
18936,ES_Wind_Offshore,2050,9,24,24,-0.7611
18937,ES_Wind_Offshore,2050,10,1,1,-0.8142
18938,ES_Wind_Offshore,2050,10,2,2,0.0
18939,ES_Wind_Offshore,2050,10,3,3,0.0
18940,ES_Wind_Offshore,2050,10,4,4,0.0
18941,ES_Wind_Offshore,2050,10,5,5,-0.8142
18942,ES_Wind_Offshore,2050,10,6,6,-0.8142
18943,ES_Wind_Offshore,2050,10,7,7,-0.8142
18944,ES_Wind_Offshore,2050,10,8,8,-0.8142
18945,ES_Wind_Offshore,2050,10,9,9,-0.8142
18946,ES_Wind_Offshore,2050,10,10,10,-0.8142
18947,ES_Wind_Offshore,2050,10,11,11,-0.8142
18948,ES_Wind_Offshore,2050,10,12,12,0.0
18949,ES_Wind_Offshore,2050,10,13,13,0.0
18950,ES_Wind_Offshore,2050,10,14,14,0.0
18951,ES_Wind_Offshore,2050,10,15,15,0.0
18952,ES_Wind_Offshore,2050,10,16,16,0.0
18953,ES_Wind_Offshore,2050,10,17,17,0.0
18954,ES_Wind_Offshore,2050,10,18,18,0.0
18955,ES_Wind_Offshore,2050,10,19,19,-0.8142
18956,ES_Wind_Offshore,2050,10,20,20,-0.8142
18957,ES_Wind_Offshore,2050,10,21,21,-0.8142
18958,ES_Wind_Offshore,2050,10,22,22,-0.8142
18959,ES_Wind_Offshore,2050,10,23,23,-0.8142
18960,ES_Wind_Offshore,2050,10,24,24,0.0
18961,ES_Wind_Onshore,2050,1,1,1,-0.9381
18962,ES_Wind_Onshore,2050,1,2,2,-0.9381
18963,ES_Wind_Onshore,2050,1,3,3,-0.9381
18964,ES_Wind_Onshore,2050,1,4,4,-1.749
18965,ES_Wind_Onshore,2050,1,5,5,-1.749
18966,ES_Wind_Onshore,2050,1,6,6,-1.749
18967,ES_Wind_Onshore,2050,1,7,7,-2.703
18968,ES_Wind_Onshore,2050,1,8,8,-2.703
18969,ES_Wind_Onshore,2050,1,9,9,-2.703
18970,ES_Wind_Onshore,2050,1,10,10,-2.703
18971,ES_Wind_Onshore,2050,1,11,11,-1.749
18972,ES_Wind_Onshore,2050,1,12,12,-1.749
18973,ES_Wind_Onshore,2050,1,13,13,-0.9381
18974,ES_Wind_Onshore,2050,1,14,14,-0.9381
18975,ES_Wind_Onshore,2050,1,15,15,-0.9381
18976,ES_Wind_Onshore,2050,1,16,16,-0.9381
18977,ES_Wind_Onshore,2050,1,17,17,-0.9381
18978,ES_Wind_Onshore,2050,1,18,18,-0.9381
18979,ES_Wind_Onshore,2050,1,19,19,-0.9381
18980,ES_Wind_Onshore,2050,1,20,20,-0.9381
18981,ES_Wind_Onshore,2050,1,21,21,-11.987965705666337
18982,ES_Wind_Onshore,2050,1,22,22,-0.9381
18983,ES_Wind_Onshore,2050,1,23,23,-0.9381
18984,ES_Wind_Onshore,2050,1,24,24,-0.9381
18985,ES_Wind_Onshore,2050,2,1,1,0.0
18986,ES_Wind_Onshore,2050,2,2,2,0.0
18987,ES_Wind_Onshore,2050,2,3,3,0.0
18988,ES_Wind_Onshore,2050,2,4,4,0.0
18989,ES_Wind_Onshore,2050,2,5,5,0.0
18990,ES_Wind_Onshore,2050,2,6,6,-0.5841000000000001
18991,ES_Wind_Onshore,2050,2,7,7,-0.5841000000000001
18992,ES_Wind_Onshore,2050,2,8,8,-0.5841000000000001
18993,ES_Wind_Onshore,2050,2,9,9,-0.5841000000000001
18994,ES_Wind_Onshore,2050,2,10,10,-0.5841000000000001
18995,ES_Wind_Onshore,2050,2,11,11,-0.5841000000000001
18996,ES_Wind_Onshore,2050,2,12,12,-0.5841000000000001
18997,ES_Wind_Onshore,2050,2,13,13,0.0
18998,ES_Wind_Onshore,2050,2,14,14,0.0
18999,ES_Wind_Onshore,2050,2,15,15,0.0
19000,ES_Wind_Onshore,2050,2,16,16,0.0
19001,ES_Wind_Onshore,2050,2,17,17,0.0
19002,ES_Wind_Onshore,2050,2,18,18,0.0
19003,ES_Wind_Onshore,2050,2,19,19,-0.5841000000000001
19004,ES_Wind_Onshore,2050,2,20,20,-0.5841000000000001
19005,ES_Wind_Onshore,2050,2,21,21,-0.5841000000000001
19006,ES_Wind_Onshore,2050,2,22,22,-0.5841000000000001
19007,ES_Wind_Onshore,2050,2,23,23,-0.5841000000000001
19008,ES_Wind_Onshore,2050,2,24,24,-0.5841000000000001
19009,ES_Wind_Onshore,2050,3,1,1,-0.9570000000000001
19010,ES_Wind_Onshore,2050,3,2,2,-0.9570000000000001
19011,ES_Wind_Onshore,2050,3,3,3,-0.9570000000000001
19012,ES_Wind_Onshore,2050,3,4,4,-1.4789999999999999
19013,ES_Wind_Onshore,2050,3,5,5,-1.4789999999999999
19014,ES_Wind_Onshore,2050,3,6,6,-1.4789999999999999
19015,ES_Wind_Onshore,2050,3,7,7,-1.4789999999999999
19016,ES_Wind_Onshore,2050,3,8,8,-1.4789999999999999
19017,ES_Wind_Onshore,2050,3,9,9,-1.4789999999999999
19018,ES_Wind_Onshore,2050,3,10,10,-1.4789999999999999
19019,ES_Wind_Onshore,2050,3,11,11,-1.4789999999999999
19020,ES_Wind_Onshore,2050,3,12,12,-1.4789999999999999
19021,ES_Wind_Onshore,2050,3,13,13,-1.4789999999999999
19022,ES_Wind_Onshore,2050,3,14,14,-0.9570000000000001
19023,ES_Wind_Onshore,2050,3,15,15,-0.9570000000000001
19024,ES_Wind_Onshore,2050,3,16,16,-0.9570000000000001
19025,ES_Wind_Onshore,2050,3,17,17,-1.4789999999999999
19026,ES_Wind_Onshore,2050,3,18,18,-1.4789999999999999
19027,ES_Wind_Onshore,2050,3,19,19,-5.816965705666338
19028,ES_Wind_Onshore,2050,3,20,20,-5.816965705666338
19029,ES_Wind_Onshore,2050,3,21,21,-5.816965705666338
19030,ES_Wind_Onshore,2050,3,22,22,-1.4789999999999999
19031,ES_Wind_Onshore,2050,3,23,23,-1.4789999999999999
19032,ES_Wind_Onshore,2050,3,24,24,-1.4789999999999999
19033,ES_Wind_Onshore,2050,4,1,1,0.0
19034,ES_Wind_Onshore,2050,4,2,2,0.0
19035,ES_Wind_Onshore,2050,4,3,3,0.0
19036,ES_Wind_Onshore,2050,4,4,4,0.0
19037,ES_Wind_Onshore,2050,4,5,5,0.0
19038,ES_Wind_Onshore,2050,4,6,6,0.0
19039,ES_Wind_Onshore,2050,4,7,7,0.0
19040,ES_Wind_Onshore,2050,4,8,8,0.0
19041,ES_Wind_Onshore,2050,4,9,9,0.0
19042,ES_Wind_Onshore,2050,4,10,10,0.0
19043,ES_Wind_Onshore,2050,4,11,11,0.0
19044,ES_Wind_Onshore,2050,4,12,12,0.0
19045,ES_Wind_Onshore,2050,4,13,13,0.0
19046,ES_Wind_Onshore,2050,4,14,14,0.0
19047,ES_Wind_Onshore,2050,4,15,15,0.0
19048,ES_Wind_Onshore,2050,4,16,16,0.0
19049,ES_Wind_Onshore,2050,4,17,17,0.0
19050,ES_Wind_Onshore,2050,4,18,18,0.0
19051,ES_Wind_Onshore,2050,4,19,19,0.0
19052,ES_Wind_Onshore,2050,4,20,20,0.0
19053,ES_Wind_Onshore,2050,4,21,21,0.0
19054,ES_Wind_Onshore,2050,4,22,22,0.0
19055,ES_Wind_Onshore,2050,4,23,23,0.0
19056,ES_Wind_Onshore,2050,4,24,24,0.0
19057,ES_Wind_Onshore,2050,5,1,1,-0.9204
19058,ES_Wind_Onshore,2050,5,2,2,-0.9204
19059,ES_Wind_Onshore,2050,5,3,3,-0.9204
19060,ES_Wind_Onshore,2050,5,4,4,-1.7160000000000002
19061,ES_Wind_Onshore,2050,5,5,5,-1.7160000000000002
19062,ES_Wind_Onshore,2050,5,6,6,-1.7160000000000002
19063,ES_Wind_Onshore,2050,5,7,7,-1.7160000000000002
19064,ES_Wind_Onshore,2050,5,8,8,-1.7160000000000002
19065,ES_Wind_Onshore,2050,5,9,9,-1.7160000000000002
19066,ES_Wind_Onshore,2050,5,10,10,-1.7160000000000002
19067,ES_Wind_Onshore,2050,5,11,11,-1.7160000000000002
19068,ES_Wind_Onshore,2050,5,12,12,-1.7160000000000002
19069,ES_Wind_Onshore,2050,5,13,13,-0.9204
19070,ES_Wind_Onshore,2050,5,14,14,-0.9204
19071,ES_Wind_Onshore,2050,5,15,15,-0.9204
19072,ES_Wind_Onshore,2050,5,16,16,-0.9204
19073,ES_Wind_Onshore,2050,5,17,17,-0.9204
19074,ES_Wind_Onshore,2050,5,18,18,-1.7160000000000002
19075,ES_Wind_Onshore,2050,5,19,19,-1.7160000000000002
19076,ES_Wind_Onshore,2050,5,20,20,-2.6519999999999997
19077,ES_Wind_Onshore,2050,5,21,21,-2.6519999999999997
19078,ES_Wind_Onshore,2050,5,22,22,-1.7160000000000002
19079,ES_Wind_Onshore,2050,5,23,23,-1.7160000000000002
19080,ES_Wind_Onshore,2050,5,24,24,-1.7160000000000002
19081,ES_Wind_Onshore,2050,6,1,1,0.0
19082,ES_Wind_Onshore,2050,6,2,2,0.0
19083,ES_Wind_Onshore,2050,6,3,3,0.0
19084,ES_Wind_Onshore,2050,6,4,4,0.0
19085,ES_Wind_Onshore,2050,6,5,5,0.0
19086,ES_Wind_Onshore,2050,6,6,6,0.0
19087,ES_Wind_Onshore,2050,6,7,7,0.0
19088,ES_Wind_Onshore,2050,6,8,8,0.0
19089,ES_Wind_Onshore,2050,6,9,9,0.0
19090,ES_Wind_Onshore,2050,6,10,10,0.0
19091,ES_Wind_Onshore,2050,6,11,11,0.0
19092,ES_Wind_Onshore,2050,6,12,12,0.0
19093,ES_Wind_Onshore,2050,6,13,13,0.0
19094,ES_Wind_Onshore,2050,6,14,14,0.0
19095,ES_Wind_Onshore,2050,6,15,15,0.0
19096,ES_Wind_Onshore,2050,6,16,16,0.0
19097,ES_Wind_Onshore,2050,6,17,17,0.0
19098,ES_Wind_Onshore,2050,6,18,18,0.0
19099,ES_Wind_Onshore,2050,6,19,19,0.0
19100,ES_Wind_Onshore,2050,6,20,20,0.0
19101,ES_Wind_Onshore,2050,6,21,21,0.0
19102,ES_Wind_Onshore,2050,6,22,22,0.0
19103,ES_Wind_Onshore,2050,6,23,23,0.0
19104,ES_Wind_Onshore,2050,6,24,24,0.0
19105,ES_Wind_Onshore,2050,7,1,1,-0.6549
19106,ES_Wind_Onshore,2050,7,2,2,-0.6549
19107,ES_Wind_Onshore,2050,7,3,3,-0.6549
19108,ES_Wind_Onshore,2050,7,4,4,-0.6549
19109,ES_Wind_Onshore,2050,7,5,5,-0.6549
19110,ES_Wind_Onshore,2050,7,6,6,-0.6549
19111,ES_Wind_Onshore,2050,7,7,7,-0.6549
19112,ES_Wind_Onshore,2050,7,8,8,-0.6549
19113,ES_Wind_Onshore,2050,7,9,9,-0.6549
19114,ES_Wind_Onshore,2050,7,10,10,-0.6549
19115,ES_Wind_Onshore,2050,7,11,11,-0.6549
19116,ES_Wind_Onshore,2050,7,12,12,-0.6549
19117,ES_Wind_Onshore,2050,7,13,13,-0.6549
19118,ES_Wind_Onshore,2050,7,14,14,0.0
19119,ES_Wind_Onshore,2050,7,15,15,0.0
19120,ES_Wind_Onshore,2050,7,16,16,0.0
19121,ES_Wind_Onshore,2050,7,17,17,0.0
19122,ES_Wind_Onshore,2050,7,18,18,-0.6549
19123,ES_Wind_Onshore,2050,7,19,19,-0.6549
19124,ES_Wind_Onshore,2050,7,20,20,-0.6549
19125,ES_Wind_Onshore,2050,7,21,21,-0.6549
19126,ES_Wind_Onshore,2050,7,22,22,-0.6549
19127,ES_Wind_Onshore,2050,7,23,23,-0.6549
19128,ES_Wind_Onshore,2050,7,24,24,-0.6549
19129,ES_Wind_Onshore,2050,8,1,1,-0.5487
19130,ES_Wind_Onshore,2050,8,2,2,-0.5487
19131,ES_Wind_Onshore,2050,8,3,3,-0.5487
19132,ES_Wind_Onshore,2050,8,4,4,-0.5487
19133,ES_Wind_Onshore,2050,8,5,5,-0.5487
19134,ES_Wind_Onshore,2050,8,6,6,-0.5487
19135,ES_Wind_Onshore,2050,8,7,7,-0.5487
19136,ES_Wind_Onshore,2050,8,8,8,-1.0230000000000001
19137,ES_Wind_Onshore,2050,8,9,9,-0.5487
19138,ES_Wind_Onshore,2050,8,10,10,-0.5487
19139,ES_Wind_Onshore,2050,8,11,11,-0.5487
19140,ES_Wind_Onshore,2050,8,12,12,-0.5487
19141,ES_Wind_Onshore,2050,8,13,13,-0.5487
19142,ES_Wind_Onshore,2050,8,14,14,0.0
19143,ES_Wind_Onshore,2050,8,15,15,0.0
19144,ES_Wind_Onshore,2050,8,16,16,0.0
19145,ES_Wind_Onshore,2050,8,17,17,0.0
19146,ES_Wind_Onshore,2050,8,18,18,0.0
19147,ES_Wind_Onshore,2050,8,19,19,-0.5487
19148,ES_Wind_Onshore,2050,8,20,20,-0.5487
19149,ES_Wind_Onshore,2050,8,21,21,-0.5487
19150,ES_Wind_Onshore,2050,8,22,22,-0.5487
19151,ES_Wind_Onshore,2050,8,23,23,-0.5487
19152,ES_Wind_Onshore,2050,8,24,24,-0.5487
19153,ES_Wind_Onshore,2050,9,1,1,-0.7611
19154,ES_Wind_Onshore,2050,9,2,2,-0.7611
19155,ES_Wind_Onshore,2050,9,3,3,-0.7611
19156,ES_Wind_Onshore,2050,9,4,4,-0.7611
19157,ES_Wind_Onshore,2050,9,5,5,-0.7611
19158,ES_Wind_Onshore,2050,9,6,6,-0.7611
19159,ES_Wind_Onshore,2050,9,7,7,-1.419
19160,ES_Wind_Onshore,2050,9,8,8,-1.419
19161,ES_Wind_Onshore,2050,9,9,9,-1.419
19162,ES_Wind_Onshore,2050,9,10,10,-1.419
19163,ES_Wind_Onshore,2050,9,11,11,-1.419
19164,ES_Wind_Onshore,2050,9,12,12,-0.7611
19165,ES_Wind_Onshore,2050,9,13,13,-0.7611
19166,ES_Wind_Onshore,2050,9,14,14,-0.7611
19167,ES_Wind_Onshore,2050,9,15,15,-0.7611
19168,ES_Wind_Onshore,2050,9,16,16,-0.7611
19169,ES_Wind_Onshore,2050,9,17,17,-0.7611
19170,ES_Wind_Onshore,2050,9,18,18,-0.7611
19171,ES_Wind_Onshore,2050,9,19,19,-0.7611
19172,ES_Wind_Onshore,2050,9,20,20,-0.7611
19173,ES_Wind_Onshore,2050,9,21,21,-0.7611
19174,ES_Wind_Onshore,2050,9,22,22,-0.7611
19175,ES_Wind_Onshore,2050,9,23,23,-0.7611
19176,ES_Wind_Onshore,2050,9,24,24,-0.7611
19177,ES_Wind_Onshore,2050,10,1,1,-0.8142
19178,ES_Wind_Onshore,2050,10,2,2,0.0
19179,ES_Wind_Onshore,2050,10,3,3,0.0
19180,ES_Wind_Onshore,2050,10,4,4,0.0
19181,ES_Wind_Onshore,2050,10,5,5,-0.8142
19182,ES_Wind_Onshore,2050,10,6,6,-0.8142
19183,ES_Wind_Onshore,2050,10,7,7,-0.8142
19184,ES_Wind_Onshore,2050,10,8,8,-0.8142
19185,ES_Wind_Onshore,2050,10,9,9,-0.8142
19186,ES_Wind_Onshore,2050,10,10,10,-0.8142
19187,ES_Wind_Onshore,2050,10,11,11,-0.8142
19188,ES_Wind_Onshore,2050,10,12,12,0.0
19189,ES_Wind_Onshore,2050,10,13,13,0.0
19190,ES_Wind_Onshore,2050,10,14,14,0.0
19191,ES_Wind_Onshore,2050,10,15,15,0.0
19192,ES_Wind_Onshore,2050,10,16,16,0.0
19193,ES_Wind_Onshore,2050,10,17,17,0.0
19194,ES_Wind_Onshore,2050,10,18,18,0.0
19195,ES_Wind_Onshore,2050,10,19,19,-0.8142
19196,ES_Wind_Onshore,2050,10,20,20,-0.8142
19197,ES_Wind_Onshore,2050,10,21,21,-0.8142
19198,ES_Wind_Onshore,2050,10,22,22,-0.8142
19199,ES_Wind_Onshore,2050,10,23,23,-0.8142
19200,ES_Wind_Onshore,2050,10,24,24,0.0
19201,FI_Battery,2050,1,1,1,0.0
19202,FI_Battery,2050,1,2,2,0.0
19203,FI_Battery,2050,1,3,3,0.0
19204,FI_Battery,2050,1,4,4,0.0
19205,FI_Battery,2050,1,5,5,0.0
19206,FI_Battery,2050,1,6,6,0.0
19207,FI_Battery,2050,1,7,7,0.0
19208,FI_Battery,2050,1,8,8,0.0
19209,FI_Battery,2050,1,9,9,0.0
19210,FI_Battery,2050,1,10,10,0.0
19211,FI_Battery,2050,1,11,11,0.0
19212,FI_Battery,2050,1,12,12,0.0
19213,FI_Battery,2050,1,13,13,0.0
19214,FI_Battery,2050,1,14,14,0.0
19215,FI_Battery,2050,1,15,15,0.0
19216,FI_Battery,2050,1,16,16,0.0
19217,FI_Battery,2050,1,17,17,0.0
19218,FI_Battery,2050,1,18,18,-13.396165705666336
19219,FI_Battery,2050,1,19,19,0.0
19220,FI_Battery,2050,1,20,20,0.0
19221,FI_Battery,2050,1,21,21,0.0
19222,FI_Battery,2050,1,22,22,0.0
19223,FI_Battery,2050,1,23,23,0.0
19224,FI_Battery,2050,1,24,24,0.0
19225,FI_Battery,2050,2,1,1,0.0
19226,FI_Battery,2050,2,2,2,0.0
19227,FI_Battery,2050,2,3,3,0.0
19228,FI_Battery,2050,2,4,4,0.0
19229,FI_Battery,2050,2,5,5,0.0
19230,FI_Battery,2050,2,6,6,0.0
19231,FI_Battery,2050,2,7,7,0.0
19232,FI_Battery,2050,2,8,8,0.0
19233,FI_Battery,2050,2,9,9,0.0
19234,FI_Battery,2050,2,10,10,0.0
19235,FI_Battery,2050,2,11,11,0.0
19236,FI_Battery,2050,2,12,12,0.0
19237,FI_Battery,2050,2,13,13,0.0
19238,FI_Battery,2050,2,14,14,0.0
19239,FI_Battery,2050,2,15,15,0.0
19240,FI_Battery,2050,2,16,16,0.0
19241,FI_Battery,2050,2,17,17,0.0
19242,FI_Battery,2050,2,18,18,0.0
19243,FI_Battery,2050,2,19,19,0.0
19244,FI_Battery,2050,2,20,20,0.0
19245,FI_Battery,2050,2,21,21,0.0
19246,FI_Battery,2050,2,22,22,0.0
19247,FI_Battery,2050,2,23,23,0.0
19248,FI_Battery,2050,2,24,24,0.0
19249,FI_Battery,2050,3,1,1,0.0
19250,FI_Battery,2050,3,2,2,0.0
19251,FI_Battery,2050,3,3,3,0.0
19252,FI_Battery,2050,3,4,4,0.0
19253,FI_Battery,2050,3,5,5,0.0
19254,FI_Battery,2050,3,6,6,0.0
19255,FI_Battery,2050,3,7,7,0.0
19256,FI_Battery,2050,3,8,8,0.0
19257,FI_Battery,2050,3,9,9,0.0
19258,FI_Battery,2050,3,10,10,0.0
19259,FI_Battery,2050,3,11,11,0.0
19260,FI_Battery,2050,3,12,12,0.0
19261,FI_Battery,2050,3,13,13,0.0
19262,FI_Battery,2050,3,14,14,0.0
19263,FI_Battery,2050,3,15,15,0.0
19264,FI_Battery,2050,3,16,16,0.0
19265,FI_Battery,2050,3,17,17,0.0
19266,FI_Battery,2050,3,18,18,0.0
19267,FI_Battery,2050,3,19,19,0.0
19268,FI_Battery,2050,3,20,20,0.0
19269,FI_Battery,2050,3,21,21,0.0
19270,FI_Battery,2050,3,22,22,0.0
19271,FI_Battery,2050,3,23,23,0.0
19272,FI_Battery,2050,3,24,24,0.0
19273,FI_Battery,2050,4,1,1,0.0
19274,FI_Battery,2050,4,2,2,0.0
19275,FI_Battery,2050,4,3,3,0.0
19276,FI_Battery,2050,4,4,4,0.0
19277,FI_Battery,2050,4,5,5,0.0
19278,FI_Battery,2050,4,6,6,0.0
19279,FI_Battery,2050,4,7,7,0.0
19280,FI_Battery,2050,4,8,8,0.0
19281,FI_Battery,2050,4,9,9,0.0
19282,FI_Battery,2050,4,10,10,0.0
19283,FI_Battery,2050,4,11,11,0.0
19284,FI_Battery,2050,4,12,12,0.0
19285,FI_Battery,2050,4,13,13,0.0
19286,FI_Battery,2050,4,14,14,0.0
19287,FI_Battery,2050,4,15,15,0.0
19288,FI_Battery,2050,4,16,16,0.0
19289,FI_Battery,2050,4,17,17,0.0
19290,FI_Battery,2050,4,18,18,0.0
19291,FI_Battery,2050,4,19,19,0.0
19292,FI_Battery,2050,4,20,20,0.0
19293,FI_Battery,2050,4,21,21,0.0
19294,FI_Battery,2050,4,22,22,0.0
19295,FI_Battery,2050,4,23,23,0.0
19296,FI_Battery,2050,4,24,24,0.0
19297,FI_Battery,2050,5,1,1,0.0
19298,FI_Battery,2050,5,2,2,0.0
19299,FI_Battery,2050,5,3,3,0.0
19300,FI_Battery,2050,5,4,4,0.0
19301,FI_Battery,2050,5,5,5,0.0
19302,FI_Battery,2050,5,6,6,0.0
19303,FI_Battery,2050,5,7,7,0.0
19304,FI_Battery,2050,5,8,8,0.0
19305,FI_Battery,2050,5,9,9,0.0
19306,FI_Battery,2050,5,10,10,0.0
19307,FI_Battery,2050,5,11,11,0.0
19308,FI_Battery,2050,5,12,12,0.0
19309,FI_Battery,2050,5,13,13,0.0
19310,FI_Battery,2050,5,14,14,0.0
19311,FI_Battery,2050,5,15,15,0.0
19312,FI_Battery,2050,5,16,16,0.0
19313,FI_Battery,2050,5,17,17,0.0
19314,FI_Battery,2050,5,18,18,0.0
19315,FI_Battery,2050,5,19,19,0.0
19316,FI_Battery,2050,5,20,20,0.0
19317,FI_Battery,2050,5,21,21,0.0
19318,FI_Battery,2050,5,22,22,0.0
19319,FI_Battery,2050,5,23,23,0.0
19320,FI_Battery,2050,5,24,24,0.0
19321,FI_Battery,2050,6,1,1,0.0
19322,FI_Battery,2050,6,2,2,0.0
19323,FI_Battery,2050,6,3,3,0.0
19324,FI_Battery,2050,6,4,4,0.0
19325,FI_Battery,2050,6,5,5,0.0
19326,FI_Battery,2050,6,6,6,0.0
19327,FI_Battery,2050,6,7,7,0.0
19328,FI_Battery,2050,6,8,8,0.0
19329,FI_Battery,2050,6,9,9,0.0
19330,FI_Battery,2050,6,10,10,0.0
19331,FI_Battery,2050,6,11,11,0.0
19332,FI_Battery,2050,6,12,12,0.0
19333,FI_Battery,2050,6,13,13,0.0
19334,FI_Battery,2050,6,14,14,0.0
19335,FI_Battery,2050,6,15,15,0.0
19336,FI_Battery,2050,6,16,16,0.0
19337,FI_Battery,2050,6,17,17,0.0
19338,FI_Battery,2050,6,18,18,0.0
19339,FI_Battery,2050,6,19,19,0.0
19340,FI_Battery,2050,6,20,20,0.0
19341,FI_Battery,2050,6,21,21,0.0
19342,FI_Battery,2050,6,22,22,0.0
19343,FI_Battery,2050,6,23,23,0.0
19344,FI_Battery,2050,6,24,24,0.0
19345,FI_Battery,2050,7,1,1,0.0
19346,FI_Battery,2050,7,2,2,0.0
19347,FI_Battery,2050,7,3,3,0.0
19348,FI_Battery,2050,7,4,4,0.0
19349,FI_Battery,2050,7,5,5,0.0
19350,FI_Battery,2050,7,6,6,0.0
19351,FI_Battery,2050,7,7,7,0.0
19352,FI_Battery,2050,7,8,8,0.0
19353,FI_Battery,2050,7,9,9,0.0
19354,FI_Battery,2050,7,10,10,0.0
19355,FI_Battery,2050,7,11,11,0.0
19356,FI_Battery,2050,7,12,12,0.0
19357,FI_Battery,2050,7,13,13,0.0
19358,FI_Battery,2050,7,14,14,0.0
19359,FI_Battery,2050,7,15,15,0.0
19360,FI_Battery,2050,7,16,16,0.0
19361,FI_Battery,2050,7,17,17,0.0
19362,FI_Battery,2050,7,18,18,0.0
19363,FI_Battery,2050,7,19,19,0.0
19364,FI_Battery,2050,7,20,20,0.0
19365,FI_Battery,2050,7,21,21,0.0
19366,FI_Battery,2050,7,22,22,0.0
19367,FI_Battery,2050,7,23,23,0.0
19368,FI_Battery,2050,7,24,24,0.0
19369,FI_Battery,2050,8,1,1,0.0
19370,FI_Battery,2050,8,2,2,0.0
19371,FI_Battery,2050,8,3,3,0.0
19372,FI_Battery,2050,8,4,4,0.0
19373,FI_Battery,2050,8,5,5,0.0
19374,FI_Battery,2050,8,6,6,0.0
19375,FI_Battery,2050,8,7,7,0.0
19376,FI_Battery,2050,8,8,8,0.0
19377,FI_Battery,2050,8,9,9,0.0
19378,FI_Battery,2050,8,10,10,0.0
19379,FI_Battery,2050,8,11,11,0.0
19380,FI_Battery,2050,8,12,12,0.0
19381,FI_Battery,2050,8,13,13,0.0
19382,FI_Battery,2050,8,14,14,0.0
19383,FI_Battery,2050,8,15,15,0.0
19384,FI_Battery,2050,8,16,16,0.0
19385,FI_Battery,2050,8,17,17,0.0
19386,FI_Battery,2050,8,18,18,0.0
19387,FI_Battery,2050,8,19,19,0.0
19388,FI_Battery,2050,8,20,20,0.0
19389,FI_Battery,2050,8,21,21,0.0
19390,FI_Battery,2050,8,22,22,0.0
19391,FI_Battery,2050,8,23,23,0.0
19392,FI_Battery,2050,8,24,24,0.0
19393,FI_Battery,2050,9,1,1,0.0
19394,FI_Battery,2050,9,2,2,0.0
19395,FI_Battery,2050,9,3,3,0.0
19396,FI_Battery,2050,9,4,4,0.0
19397,FI_Battery,2050,9,5,5,0.0
19398,FI_Battery,2050,9,6,6,0.0
19399,FI_Battery,2050,9,7,7,0.0
19400,FI_Battery,2050,9,8,8,0.0
19401,FI_Battery,2050,9,9,9,0.0
19402,FI_Battery,2050,9,10,10,0.0
19403,FI_Battery,2050,9,11,11,0.0
19404,FI_Battery,2050,9,12,12,0.0
19405,FI_Battery,2050,9,13,13,0.0
19406,FI_Battery,2050,9,14,14,0.0
19407,FI_Battery,2050,9,15,15,0.0
19408,FI_Battery,2050,9,16,16,0.0
19409,FI_Battery,2050,9,17,17,0.0
19410,FI_Battery,2050,9,18,18,0.0
19411,FI_Battery,2050,9,19,19,0.0
19412,FI_Battery,2050,9,20,20,0.0
19413,FI_Battery,2050,9,21,21,0.0
19414,FI_Battery,2050,9,22,22,0.0
19415,FI_Battery,2050,9,23,23,0.0
19416,FI_Battery,2050,9,24,24,0.0
19417,FI_Battery,2050,10,1,1,0.0
19418,FI_Battery,2050,10,2,2,0.0
19419,FI_Battery,2050,10,3,3,0.0
19420,FI_Battery,2050,10,4,4,0.0
19421,FI_Battery,2050,10,5,5,0.0
19422,FI_Battery,2050,10,6,6,0.0
19423,FI_Battery,2050,10,7,7,0.0
19424,FI_Battery,2050,10,8,8,0.0
19425,FI_Battery,2050,10,9,9,0.0
19426,FI_Battery,2050,10,10,10,0.0
19427,FI_Battery,2050,10,11,11,0.0
19428,FI_Battery,2050,10,12,12,0.0
19429,FI_Battery,2050,10,13,13,0.0
19430,FI_Battery,2050,10,14,14,0.0
19431,FI_Battery,2050,10,15,15,0.0
19432,FI_Battery,2050,10,16,16,0.0
19433,FI_Battery,2050,10,17,17,0.0
19434,FI_Battery,2050,10,18,18,0.0
19435,FI_Battery,2050,10,19,19,0.0
19436,FI_Battery,2050,10,20,20,0.0
19437,FI_Battery,2050,10,21,21,0.0
19438,FI_Battery,2050,10,22,22,0.0
19439,FI_Battery,2050,10,23,23,0.0
19440,FI_Battery,2050,10,24,24,0.0
19441,FI_CCGT,2050,1,1,1,0.0
19442,FI_CCGT,2050,1,2,2,0.0
19443,FI_CCGT,2050,1,3,3,0.0
19444,FI_CCGT,2050,1,4,4,0.0
19445,FI_CCGT,2050,1,5,5,0.0
19446,FI_CCGT,2050,1,6,6,0.0
19447,FI_CCGT,2050,1,7,7,-0.9539999999999997
19448,FI_CCGT,2050,1,8,8,-0.9539999999999997
19449,FI_CCGT,2050,1,9,9,-0.9539999999999997
19450,FI_CCGT,2050,1,10,10,-0.9539999999999997
19451,FI_CCGT,2050,1,11,11,-0.9539999999999997
19452,FI_CCGT,2050,1,12,12,-0.9539999999999997
19453,FI_CCGT,2050,1,13,13,-0.9539999999999997
19454,FI_CCGT,2050,1,14,14,0.0
19455,FI_CCGT,2050,1,15,15,0.0
19456,FI_CCGT,2050,1,16,16,-0.9539999999999997
19457,FI_CCGT,2050,1,17,17,-0.9539999999999997
19458,FI_CCGT,2050,1,18,18,-22.186431411332673
19459,FI_CCGT,2050,1,19,19,-0.9539999999999997
19460,FI_CCGT,2050,1,20,20,-0.9539999999999997
19461,FI_CCGT,2050,1,21,21,-0.9539999999999997
19462,FI_CCGT,2050,1,22,22,0.0
19463,FI_CCGT,2050,1,23,23,0.0
19464,FI_CCGT,2050,1,24,24,0.0
19465,FI_CCGT,2050,2,1,1,0.0
19466,FI_CCGT,2050,2,2,2,0.0
19467,FI_CCGT,2050,2,3,3,0.0
19468,FI_CCGT,2050,2,4,4,0.0
19469,FI_CCGT,2050,2,5,5,0.0
19470,FI_CCGT,2050,2,6,6,0.0
19471,FI_CCGT,2050,2,7,7,0.0
19472,FI_CCGT,2050,2,8,8,0.0
19473,FI_CCGT,2050,2,9,9,0.0
19474,FI_CCGT,2050,2,10,10,0.0
19475,FI_CCGT,2050,2,11,11,0.0
19476,FI_CCGT,2050,2,12,12,0.0
19477,FI_CCGT,2050,2,13,13,0.0
19478,FI_CCGT,2050,2,14,14,0.0
19479,FI_CCGT,2050,2,15,15,0.0
19480,FI_CCGT,2050,2,16,16,0.0
19481,FI_CCGT,2050,2,17,17,0.0
19482,FI_CCGT,2050,2,18,18,0.0
19483,FI_CCGT,2050,2,19,19,0.0
19484,FI_CCGT,2050,2,20,20,0.0
19485,FI_CCGT,2050,2,21,21,0.0
19486,FI_CCGT,2050,2,22,22,0.0
19487,FI_CCGT,2050,2,23,23,0.0
19488,FI_CCGT,2050,2,24,24,0.0
19489,FI_CCGT,2050,3,1,1,0.0
19490,FI_CCGT,2050,3,2,2,0.0
19491,FI_CCGT,2050,3,3,3,0.0
19492,FI_CCGT,2050,3,4,4,0.0
19493,FI_CCGT,2050,3,5,5,0.0
19494,FI_CCGT,2050,3,6,6,0.0
19495,FI_CCGT,2050,3,7,7,0.0
19496,FI_CCGT,2050,3,8,8,0.0
19497,FI_CCGT,2050,3,9,9,0.0
19498,FI_CCGT,2050,3,10,10,0.0
19499,FI_CCGT,2050,3,11,11,0.0
19500,FI_CCGT,2050,3,12,12,0.0
19501,FI_CCGT,2050,3,13,13,0.0
19502,FI_CCGT,2050,3,14,14,0.0
19503,FI_CCGT,2050,3,15,15,0.0
19504,FI_CCGT,2050,3,16,16,0.0
19505,FI_CCGT,2050,3,17,17,0.0
19506,FI_CCGT,2050,3,18,18,0.0
19507,FI_CCGT,2050,3,19,19,0.0
19508,FI_CCGT,2050,3,20,20,0.0
19509,FI_CCGT,2050,3,21,21,0.0
19510,FI_CCGT,2050,3,22,22,0.0
19511,FI_CCGT,2050,3,23,23,0.0
19512,FI_CCGT,2050,3,24,24,0.0
19513,FI_CCGT,2050,4,1,1,0.0
19514,FI_CCGT,2050,4,2,2,0.0
19515,FI_CCGT,2050,4,3,3,0.0
19516,FI_CCGT,2050,4,4,4,0.0
19517,FI_CCGT,2050,4,5,5,0.0
19518,FI_CCGT,2050,4,6,6,0.0
19519,FI_CCGT,2050,4,7,7,0.0
19520,FI_CCGT,2050,4,8,8,0.0
19521,FI_CCGT,2050,4,9,9,0.0
19522,FI_CCGT,2050,4,10,10,0.0
19523,FI_CCGT,2050,4,11,11,0.0
19524,FI_CCGT,2050,4,12,12,0.0
19525,FI_CCGT,2050,4,13,13,0.0
19526,FI_CCGT,2050,4,14,14,0.0
19527,FI_CCGT,2050,4,15,15,0.0
19528,FI_CCGT,2050,4,16,16,0.0
19529,FI_CCGT,2050,4,17,17,0.0
19530,FI_CCGT,2050,4,18,18,0.0
19531,FI_CCGT,2050,4,19,19,0.0
19532,FI_CCGT,2050,4,20,20,0.0
19533,FI_CCGT,2050,4,21,21,0.0
19534,FI_CCGT,2050,4,22,22,0.0
19535,FI_CCGT,2050,4,23,23,0.0
19536,FI_CCGT,2050,4,24,24,0.0
19537,FI_CCGT,2050,5,1,1,0.0
19538,FI_CCGT,2050,5,2,2,0.0
19539,FI_CCGT,2050,5,3,3,0.0
19540,FI_CCGT,2050,5,4,4,0.0
19541,FI_CCGT,2050,5,5,5,0.0
19542,FI_CCGT,2050,5,6,6,0.0
19543,FI_CCGT,2050,5,7,7,0.0
19544,FI_CCGT,2050,5,8,8,0.0
19545,FI_CCGT,2050,5,9,9,0.0
19546,FI_CCGT,2050,5,10,10,0.0
19547,FI_CCGT,2050,5,11,11,0.0
19548,FI_CCGT,2050,5,12,12,0.0
19549,FI_CCGT,2050,5,13,13,0.0
19550,FI_CCGT,2050,5,14,14,0.0
19551,FI_CCGT,2050,5,15,15,0.0
19552,FI_CCGT,2050,5,16,16,0.0
19553,FI_CCGT,2050,5,17,17,0.0
19554,FI_CCGT,2050,5,18,18,0.0
19555,FI_CCGT,2050,5,19,19,0.0
19556,FI_CCGT,2050,5,20,20,0.0
19557,FI_CCGT,2050,5,21,21,0.0
19558,FI_CCGT,2050,5,22,22,0.0
19559,FI_CCGT,2050,5,23,23,0.0
19560,FI_CCGT,2050,5,24,24,0.0
19561,FI_CCGT,2050,6,1,1,0.0
19562,FI_CCGT,2050,6,2,2,0.0
19563,FI_CCGT,2050,6,3,3,0.0
19564,FI_CCGT,2050,6,4,4,0.0
19565,FI_CCGT,2050,6,5,5,0.0
19566,FI_CCGT,2050,6,6,6,0.0
19567,FI_CCGT,2050,6,7,7,0.0
19568,FI_CCGT,2050,6,8,8,0.0
19569,FI_CCGT,2050,6,9,9,0.0
19570,FI_CCGT,2050,6,10,10,0.0
19571,FI_CCGT,2050,6,11,11,0.0
19572,FI_CCGT,2050,6,12,12,0.0
19573,FI_CCGT,2050,6,13,13,0.0
19574,FI_CCGT,2050,6,14,14,0.0
19575,FI_CCGT,2050,6,15,15,0.0
19576,FI_CCGT,2050,6,16,16,0.0
19577,FI_CCGT,2050,6,17,17,0.0
19578,FI_CCGT,2050,6,18,18,0.0
19579,FI_CCGT,2050,6,19,19,0.0
19580,FI_CCGT,2050,6,20,20,0.0
19581,FI_CCGT,2050,6,21,21,0.0
19582,FI_CCGT,2050,6,22,22,0.0
19583,FI_CCGT,2050,6,23,23,0.0
19584,FI_CCGT,2050,6,24,24,0.0
19585,FI_CCGT,2050,7,1,1,0.0
19586,FI_CCGT,2050,7,2,2,0.0
19587,FI_CCGT,2050,7,3,3,0.0
19588,FI_CCGT,2050,7,4,4,0.0
19589,FI_CCGT,2050,7,5,5,0.0
19590,FI_CCGT,2050,7,6,6,0.0
19591,FI_CCGT,2050,7,7,7,0.0
19592,FI_CCGT,2050,7,8,8,0.0
19593,FI_CCGT,2050,7,9,9,0.0
19594,FI_CCGT,2050,7,10,10,0.0
19595,FI_CCGT,2050,7,11,11,0.0
19596,FI_CCGT,2050,7,12,12,0.0
19597,FI_CCGT,2050,7,13,13,0.0
19598,FI_CCGT,2050,7,14,14,0.0
19599,FI_CCGT,2050,7,15,15,0.0
19600,FI_CCGT,2050,7,16,16,0.0
19601,FI_CCGT,2050,7,17,17,0.0
19602,FI_CCGT,2050,7,18,18,0.0
19603,FI_CCGT,2050,7,19,19,0.0
19604,FI_CCGT,2050,7,20,20,0.0
19605,FI_CCGT,2050,7,21,21,0.0
19606,FI_CCGT,2050,7,22,22,0.0
19607,FI_CCGT,2050,7,23,23,0.0
19608,FI_CCGT,2050,7,24,24,0.0
19609,FI_CCGT,2050,8,1,1,0.0
19610,FI_CCGT,2050,8,2,2,0.0
19611,FI_CCGT,2050,8,3,3,0.0
19612,FI_CCGT,2050,8,4,4,0.0
19613,FI_CCGT,2050,8,5,5,0.0
19614,FI_CCGT,2050,8,6,6,0.0
19615,FI_CCGT,2050,8,7,7,0.0
19616,FI_CCGT,2050,8,8,8,0.0
19617,FI_CCGT,2050,8,9,9,0.0
19618,FI_CCGT,2050,8,10,10,0.0
19619,FI_CCGT,2050,8,11,11,0.0
19620,FI_CCGT,2050,8,12,12,0.0
19621,FI_CCGT,2050,8,13,13,0.0
19622,FI_CCGT,2050,8,14,14,0.0
19623,FI_CCGT,2050,8,15,15,0.0
19624,FI_CCGT,2050,8,16,16,0.0
19625,FI_CCGT,2050,8,17,17,0.0
19626,FI_CCGT,2050,8,18,18,0.0
19627,FI_CCGT,2050,8,19,19,0.0
19628,FI_CCGT,2050,8,20,20,0.0
19629,FI_CCGT,2050,8,21,21,0.0
19630,FI_CCGT,2050,8,22,22,0.0
19631,FI_CCGT,2050,8,23,23,0.0
19632,FI_CCGT,2050,8,24,24,0.0
19633,FI_CCGT,2050,9,1,1,0.0
19634,FI_CCGT,2050,9,2,2,0.0
19635,FI_CCGT,2050,9,3,3,0.0
19636,FI_CCGT,2050,9,4,4,0.0
19637,FI_CCGT,2050,9,5,5,0.0
19638,FI_CCGT,2050,9,6,6,0.0
19639,FI_CCGT,2050,9,7,7,0.0
19640,FI_CCGT,2050,9,8,8,0.0
19641,FI_CCGT,2050,9,9,9,0.0
19642,FI_CCGT,2050,9,10,10,0.0
19643,FI_CCGT,2050,9,11,11,0.0
19644,FI_CCGT,2050,9,12,12,0.0
19645,FI_CCGT,2050,9,13,13,0.0
19646,FI_CCGT,2050,9,14,14,0.0
19647,FI_CCGT,2050,9,15,15,0.0
19648,FI_CCGT,2050,9,16,16,0.0
19649,FI_CCGT,2050,9,17,17,0.0
19650,FI_CCGT,2050,9,18,18,0.0
19651,FI_CCGT,2050,9,19,19,0.0
19652,FI_CCGT,2050,9,20,20,0.0
19653,FI_CCGT,2050,9,21,21,0.0
19654,FI_CCGT,2050,9,22,22,0.0
19655,FI_CCGT,2050,9,23,23,0.0
19656,FI_CCGT,2050,9,24,24,0.0
19657,FI_CCGT,2050,10,1,1,0.0
19658,FI_CCGT,2050,10,2,2,0.0
19659,FI_CCGT,2050,10,3,3,0.0
19660,FI_CCGT,2050,10,4,4,0.0
19661,FI_CCGT,2050,10,5,5,0.0
19662,FI_CCGT,2050,10,6,6,0.0
19663,FI_CCGT,2050,10,7,7,0.0
19664,FI_CCGT,2050,10,8,8,0.0
19665,FI_CCGT,2050,10,9,9,0.0
19666,FI_CCGT,2050,10,10,10,0.0
19667,FI_CCGT,2050,10,11,11,0.0
19668,FI_CCGT,2050,10,12,12,0.0
19669,FI_CCGT,2050,10,13,13,0.0
19670,FI_CCGT,2050,10,14,14,0.0
19671,FI_CCGT,2050,10,15,15,0.0
19672,FI_CCGT,2050,10,16,16,0.0
19673,FI_CCGT,2050,10,17,17,0.0
19674,FI_CCGT,2050,10,18,18,0.0
19675,FI_CCGT,2050,10,19,19,0.0
19676,FI_CCGT,2050,10,20,20,0.0
19677,FI_CCGT,2050,10,21,21,0.0
19678,FI_CCGT,2050,10,22,22,0.0
19679,FI_CCGT,2050,10,23,23,0.0
19680,FI_CCGT,2050,10,24,24,0.0
19681,FI_Coal,2050,1,1,1,-0.8109000000000001
19682,FI_Coal,2050,1,2,2,-0.8109000000000001
19683,FI_Coal,2050,1,3,3,-0.8109000000000001
19684,FI_Coal,2050,1,4,4,-0.8109000000000001
19685,FI_Coal,2050,1,5,5,-0.8109000000000001
19686,FI_Coal,2050,1,6,6,-0.8109000000000001
19687,FI_Coal,2050,1,7,7,-1.7649
19688,FI_Coal,2050,1,8,8,-1.7649
19689,FI_Coal,2050,1,9,9,-1.7649
19690,FI_Coal,2050,1,10,10,-1.7649
19691,FI_Coal,2050,1,11,11,-1.7649
19692,FI_Coal,2050,1,12,12,-1.7649
19693,FI_Coal,2050,1,13,13,-1.7649
19694,FI_Coal,2050,1,14,14,-0.8109000000000001
19695,FI_Coal,2050,1,15,15,-0.8109000000000001
19696,FI_Coal,2050,1,16,16,-1.7649
19697,FI_Coal,2050,1,17,17,-1.7649
19698,FI_Coal,2050,1,18,18,-22.997331411332674
19699,FI_Coal,2050,1,19,19,-1.7649
19700,FI_Coal,2050,1,20,20,-1.7649
19701,FI_Coal,2050,1,21,21,-1.7649
19702,FI_Coal,2050,1,22,22,-0.8109000000000001
19703,FI_Coal,2050,1,23,23,-0.8109000000000001
19704,FI_Coal,2050,1,24,24,-0.8109000000000001
19705,FI_Coal,2050,2,1,1,0.0
19706,FI_Coal,2050,2,2,2,0.0
19707,FI_Coal,2050,2,3,3,0.0
19708,FI_Coal,2050,2,4,4,0.0
19709,FI_Coal,2050,2,5,5,0.0
19710,FI_Coal,2050,2,6,6,0.0
19711,FI_Coal,2050,2,7,7,0.0
19712,FI_Coal,2050,2,8,8,0.0
19713,FI_Coal,2050,2,9,9,0.0
19714,FI_Coal,2050,2,10,10,0.0
19715,FI_Coal,2050,2,11,11,0.0
19716,FI_Coal,2050,2,12,12,0.0
19717,FI_Coal,2050,2,13,13,0.0
19718,FI_Coal,2050,2,14,14,0.0
19719,FI_Coal,2050,2,15,15,0.0
19720,FI_Coal,2050,2,16,16,0.0
19721,FI_Coal,2050,2,17,17,0.0
19722,FI_Coal,2050,2,18,18,0.0
19723,FI_Coal,2050,2,19,19,0.0
19724,FI_Coal,2050,2,20,20,0.0
19725,FI_Coal,2050,2,21,21,0.0
19726,FI_Coal,2050,2,22,22,0.0
19727,FI_Coal,2050,2,23,23,0.0
19728,FI_Coal,2050,2,24,24,0.0
19729,FI_Coal,2050,3,1,1,0.0
19730,FI_Coal,2050,3,2,2,0.0
19731,FI_Coal,2050,3,3,3,0.0
19732,FI_Coal,2050,3,4,4,0.0
19733,FI_Coal,2050,3,5,5,0.0
19734,FI_Coal,2050,3,6,6,0.0
19735,FI_Coal,2050,3,7,7,0.0
19736,FI_Coal,2050,3,8,8,0.0
19737,FI_Coal,2050,3,9,9,0.0
19738,FI_Coal,2050,3,10,10,0.0
19739,FI_Coal,2050,3,11,11,0.0
19740,FI_Coal,2050,3,12,12,0.0
19741,FI_Coal,2050,3,13,13,0.0
19742,FI_Coal,2050,3,14,14,0.0
19743,FI_Coal,2050,3,15,15,0.0
19744,FI_Coal,2050,3,16,16,0.0
19745,FI_Coal,2050,3,17,17,0.0
19746,FI_Coal,2050,3,18,18,0.0
19747,FI_Coal,2050,3,19,19,0.0
19748,FI_Coal,2050,3,20,20,0.0
19749,FI_Coal,2050,3,21,21,0.0
19750,FI_Coal,2050,3,22,22,0.0
19751,FI_Coal,2050,3,23,23,0.0
19752,FI_Coal,2050,3,24,24,0.0
19753,FI_Coal,2050,4,1,1,0.0
19754,FI_Coal,2050,4,2,2,0.0
19755,FI_Coal,2050,4,3,3,0.0
19756,FI_Coal,2050,4,4,4,0.0
19757,FI_Coal,2050,4,5,5,0.0
19758,FI_Coal,2050,4,6,6,0.0
19759,FI_Coal,2050,4,7,7,0.0
19760,FI_Coal,2050,4,8,8,0.0
19761,FI_Coal,2050,4,9,9,0.0
19762,FI_Coal,2050,4,10,10,0.0
19763,FI_Coal,2050,4,11,11,0.0
19764,FI_Coal,2050,4,12,12,0.0
19765,FI_Coal,2050,4,13,13,0.0
19766,FI_Coal,2050,4,14,14,0.0
19767,FI_Coal,2050,4,15,15,0.0
19768,FI_Coal,2050,4,16,16,0.0
19769,FI_Coal,2050,4,17,17,0.0
19770,FI_Coal,2050,4,18,18,0.0
19771,FI_Coal,2050,4,19,19,0.0
19772,FI_Coal,2050,4,20,20,0.0
19773,FI_Coal,2050,4,21,21,0.0
19774,FI_Coal,2050,4,22,22,0.0
19775,FI_Coal,2050,4,23,23,0.0
19776,FI_Coal,2050,4,24,24,0.0
19777,FI_Coal,2050,5,1,1,0.0
19778,FI_Coal,2050,5,2,2,0.0
19779,FI_Coal,2050,5,3,3,0.0
19780,FI_Coal,2050,5,4,4,0.0
19781,FI_Coal,2050,5,5,5,0.0
19782,FI_Coal,2050,5,6,6,0.0
19783,FI_Coal,2050,5,7,7,0.0
19784,FI_Coal,2050,5,8,8,0.0
19785,FI_Coal,2050,5,9,9,0.0
19786,FI_Coal,2050,5,10,10,0.0
19787,FI_Coal,2050,5,11,11,0.0
19788,FI_Coal,2050,5,12,12,0.0
19789,FI_Coal,2050,5,13,13,0.0
19790,FI_Coal,2050,5,14,14,0.0
19791,FI_Coal,2050,5,15,15,0.0
19792,FI_Coal,2050,5,16,16,0.0
19793,FI_Coal,2050,5,17,17,0.0
19794,FI_Coal,2050,5,18,18,0.0
19795,FI_Coal,2050,5,19,19,0.0
19796,FI_Coal,2050,5,20,20,0.0
19797,FI_Coal,2050,5,21,21,0.0
19798,FI_Coal,2050,5,22,22,0.0
19799,FI_Coal,2050,5,23,23,0.0
19800,FI_Coal,2050,5,24,24,0.0
19801,FI_Coal,2050,6,1,1,0.0
19802,FI_Coal,2050,6,2,2,0.0
19803,FI_Coal,2050,6,3,3,0.0
19804,FI_Coal,2050,6,4,4,0.0
19805,FI_Coal,2050,6,5,5,0.0
19806,FI_Coal,2050,6,6,6,0.0
19807,FI_Coal,2050,6,7,7,0.0
19808,FI_Coal,2050,6,8,8,0.0
19809,FI_Coal,2050,6,9,9,0.0
19810,FI_Coal,2050,6,10,10,0.0
19811,FI_Coal,2050,6,11,11,0.0
19812,FI_Coal,2050,6,12,12,0.0
19813,FI_Coal,2050,6,13,13,0.0
19814,FI_Coal,2050,6,14,14,0.0
19815,FI_Coal,2050,6,15,15,0.0
19816,FI_Coal,2050,6,16,16,0.0
19817,FI_Coal,2050,6,17,17,0.0
19818,FI_Coal,2050,6,18,18,-0.2754000000000001
19819,FI_Coal,2050,6,19,19,-0.2754000000000001
19820,FI_Coal,2050,6,20,20,-0.2754000000000001
19821,FI_Coal,2050,6,21,21,-0.2754000000000001
19822,FI_Coal,2050,6,22,22,0.0
19823,FI_Coal,2050,6,23,23,0.0
19824,FI_Coal,2050,6,24,24,0.0
19825,FI_Coal,2050,7,1,1,0.0
19826,FI_Coal,2050,7,2,2,0.0
19827,FI_Coal,2050,7,3,3,0.0
19828,FI_Coal,2050,7,4,4,0.0
19829,FI_Coal,2050,7,5,5,0.0
19830,FI_Coal,2050,7,6,6,0.0
19831,FI_Coal,2050,7,7,7,0.0
19832,FI_Coal,2050,7,8,8,0.0
19833,FI_Coal,2050,7,9,9,0.0
19834,FI_Coal,2050,7,10,10,0.0
19835,FI_Coal,2050,7,11,11,0.0
19836,FI_Coal,2050,7,12,12,0.0
19837,FI_Coal,2050,7,13,13,0.0
19838,FI_Coal,2050,7,14,14,0.0
19839,FI_Coal,2050,7,15,15,0.0
19840,FI_Coal,2050,7,16,16,0.0
19841,FI_Coal,2050,7,17,17,0.0
19842,FI_Coal,2050,7,18,18,0.0
19843,FI_Coal,2050,7,19,19,0.0
19844,FI_Coal,2050,7,20,20,0.0
19845,FI_Coal,2050,7,21,21,0.0
19846,FI_Coal,2050,7,22,22,0.0
19847,FI_Coal,2050,7,23,23,0.0
19848,FI_Coal,2050,7,24,24,0.0
19849,FI_Coal,2050,8,1,1,0.0
19850,FI_Coal,2050,8,2,2,0.0
19851,FI_Coal,2050,8,3,3,0.0
19852,FI_Coal,2050,8,4,4,0.0
19853,FI_Coal,2050,8,5,5,0.0
19854,FI_Coal,2050,8,6,6,0.0
19855,FI_Coal,2050,8,7,7,0.0
19856,FI_Coal,2050,8,8,8,0.0
19857,FI_Coal,2050,8,9,9,0.0
19858,FI_Coal,2050,8,10,10,0.0
19859,FI_Coal,2050,8,11,11,0.0
19860,FI_Coal,2050,8,12,12,0.0
19861,FI_Coal,2050,8,13,13,0.0
19862,FI_Coal,2050,8,14,14,0.0
19863,FI_Coal,2050,8,15,15,0.0
19864,FI_Coal,2050,8,16,16,0.0
19865,FI_Coal,2050,8,17,17,0.0
19866,FI_Coal,2050,8,18,18,0.0
19867,FI_Coal,2050,8,19,19,0.0
19868,FI_Coal,2050,8,20,20,0.0
19869,FI_Coal,2050,8,21,21,0.0
19870,FI_Coal,2050,8,22,22,0.0
19871,FI_Coal,2050,8,23,23,0.0
19872,FI_Coal,2050,8,24,24,0.0
19873,FI_Coal,2050,9,1,1,-0.6579
19874,FI_Coal,2050,9,2,2,-0.6579
19875,FI_Coal,2050,9,3,3,-0.6579
19876,FI_Coal,2050,9,4,4,-0.6579
19877,FI_Coal,2050,9,5,5,-0.6579
19878,FI_Coal,2050,9,6,6,-0.6579
19879,FI_Coal,2050,9,7,7,-0.6579
19880,FI_Coal,2050,9,8,8,-0.6579
19881,FI_Coal,2050,9,9,9,-0.6579
19882,FI_Coal,2050,9,10,10,-0.6579
19883,FI_Coal,2050,9,11,11,-0.6579
19884,FI_Coal,2050,9,12,12,-0.6579
19885,FI_Coal,2050,9,13,13,-0.6579
19886,FI_Coal,2050,9,14,14,-0.6579
19887,FI_Coal,2050,9,15,15,-0.6579
19888,FI_Coal,2050,9,16,16,-0.6579
19889,FI_Coal,2050,9,17,17,-0.6579
19890,FI_Coal,2050,9,18,18,-0.6579
19891,FI_Coal,2050,9,19,19,-0.6579
19892,FI_Coal,2050,9,20,20,-0.6579
19893,FI_Coal,2050,9,21,21,-0.6579
19894,FI_Coal,2050,9,22,22,0.0
19895,FI_Coal,2050,9,23,23,0.0
19896,FI_Coal,2050,9,24,24,0.0
19897,FI_Coal,2050,10,1,1,0.0
19898,FI_Coal,2050,10,2,2,0.0
19899,FI_Coal,2050,10,3,3,0.0
19900,FI_Coal,2050,10,4,4,0.0
19901,FI_Coal,2050,10,5,5,0.0
19902,FI_Coal,2050,10,6,6,0.0
19903,FI_Coal,2050,10,7,7,0.0
19904,FI_Coal,2050,10,8,8,0.0
19905,FI_Coal,2050,10,9,9,0.0
19906,FI_Coal,2050,10,10,10,0.0
19907,FI_Coal,2050,10,11,11,0.0
19908,FI_Coal,2050,10,12,12,-0.7038
19909,FI_Coal,2050,10,13,13,-0.7038
19910,FI_Coal,2050,10,14,14,-0.7038
19911,FI_Coal,2050,10,15,15,-0.7038
19912,FI_Coal,2050,10,16,16,-0.7038
19913,FI_Coal,2050,10,17,17,-0.7038
19914,FI_Coal,2050,10,18,18,0.0
19915,FI_Coal,2050,10,19,19,0.0
19916,FI_Coal,2050,10,20,20,0.0
19917,FI_Coal,2050,10,21,21,0.0
19918,FI_Coal,2050,10,22,22,0.0
19919,FI_Coal,2050,10,23,23,0.0
19920,FI_Coal,2050,10,24,24,0.0
19921,FI_Nuclear,2050,1,1,1,-1.3038
19922,FI_Nuclear,2050,1,2,2,-1.3038
19923,FI_Nuclear,2050,1,3,3,-1.3038
19924,FI_Nuclear,2050,1,4,4,-1.3038
19925,FI_Nuclear,2050,1,5,5,-1.3038
19926,FI_Nuclear,2050,1,6,6,-1.3038
19927,FI_Nuclear,2050,1,7,7,-2.2578
19928,FI_Nuclear,2050,1,8,8,-2.2578
19929,FI_Nuclear,2050,1,9,9,-2.2578
19930,FI_Nuclear,2050,1,10,10,-2.2578
19931,FI_Nuclear,2050,1,11,11,-2.2578
19932,FI_Nuclear,2050,1,12,12,-2.2578
19933,FI_Nuclear,2050,1,13,13,-2.2578
19934,FI_Nuclear,2050,1,14,14,-1.3038
19935,FI_Nuclear,2050,1,15,15,-1.3038
19936,FI_Nuclear,2050,1,16,16,-2.2578
19937,FI_Nuclear,2050,1,17,17,-2.2578
19938,FI_Nuclear,2050,1,18,18,-23.490231411332672
19939,FI_Nuclear,2050,1,19,19,-2.2578
19940,FI_Nuclear,2050,1,20,20,-2.2578
19941,FI_Nuclear,2050,1,21,21,-2.2578
19942,FI_Nuclear,2050,1,22,22,-1.3038
19943,FI_Nuclear,2050,1,23,23,-1.3038
19944,FI_Nuclear,2050,1,24,24,-1.3038
19945,FI_Nuclear,2050,2,1,1,0.0
19946,FI_Nuclear,2050,2,2,2,0.0
19947,FI_Nuclear,2050,2,3,3,0.0
19948,FI_Nuclear,2050,2,4,4,0.0
19949,FI_Nuclear,2050,2,5,5,0.0
19950,FI_Nuclear,2050,2,6,6,0.0
19951,FI_Nuclear,2050,2,7,7,0.0
19952,FI_Nuclear,2050,2,8,8,0.0
19953,FI_Nuclear,2050,2,9,9,0.0
19954,FI_Nuclear,2050,2,10,10,0.0
19955,FI_Nuclear,2050,2,11,11,0.0
19956,FI_Nuclear,2050,2,12,12,0.0
19957,FI_Nuclear,2050,2,13,13,0.0
19958,FI_Nuclear,2050,2,14,14,0.0
19959,FI_Nuclear,2050,2,15,15,-0.30690000000000006
19960,FI_Nuclear,2050,2,16,16,-0.30690000000000006
19961,FI_Nuclear,2050,2,17,17,-0.30690000000000006
19962,FI_Nuclear,2050,2,18,18,-0.30690000000000006
19963,FI_Nuclear,2050,2,19,19,0.0
19964,FI_Nuclear,2050,2,20,20,0.0
19965,FI_Nuclear,2050,2,21,21,0.0
19966,FI_Nuclear,2050,2,22,22,0.0
19967,FI_Nuclear,2050,2,23,23,0.0
19968,FI_Nuclear,2050,2,24,24,0.0
19969,FI_Nuclear,2050,3,1,1,0.0
19970,FI_Nuclear,2050,3,2,2,0.0
19971,FI_Nuclear,2050,3,3,3,0.0
19972,FI_Nuclear,2050,3,4,4,0.0
19973,FI_Nuclear,2050,3,5,5,0.0
19974,FI_Nuclear,2050,3,6,6,0.0
19975,FI_Nuclear,2050,3,7,7,0.0
19976,FI_Nuclear,2050,3,8,8,0.0
19977,FI_Nuclear,2050,3,9,9,0.0
19978,FI_Nuclear,2050,3,10,10,0.0
19979,FI_Nuclear,2050,3,11,11,0.0
19980,FI_Nuclear,2050,3,12,12,0.0
19981,FI_Nuclear,2050,3,13,13,0.0
19982,FI_Nuclear,2050,3,14,14,0.0
19983,FI_Nuclear,2050,3,15,15,0.0
19984,FI_Nuclear,2050,3,16,16,0.0
19985,FI_Nuclear,2050,3,17,17,0.0
19986,FI_Nuclear,2050,3,18,18,0.0
19987,FI_Nuclear,2050,3,19,19,0.0
19988,FI_Nuclear,2050,3,20,20,0.0
19989,FI_Nuclear,2050,3,21,21,0.0
19990,FI_Nuclear,2050,3,22,22,0.0
19991,FI_Nuclear,2050,3,23,23,0.0
19992,FI_Nuclear,2050,3,24,24,0.0
19993,FI_Nuclear,2050,4,1,1,0.0
19994,FI_Nuclear,2050,4,2,2,0.0
19995,FI_Nuclear,2050,4,3,3,0.0
19996,FI_Nuclear,2050,4,4,4,0.0
19997,FI_Nuclear,2050,4,5,5,0.0
19998,FI_Nuclear,2050,4,6,6,0.0
19999,FI_Nuclear,2050,4,7,7,0.0
20000,FI_Nuclear,2050,4,8,8,0.0
20001,FI_Nuclear,2050,4,9,9,0.0
20002,FI_Nuclear,2050,4,10,10,0.0
20003,FI_Nuclear,2050,4,11,11,0.0
20004,FI_Nuclear,2050,4,12,12,0.0
20005,FI_Nuclear,2050,4,13,13,-0.21390000000000003
20006,FI_Nuclear,2050,4,14,14,-0.21390000000000003
20007,FI_Nuclear,2050,4,15,15,-0.21390000000000003
20008,FI_Nuclear,2050,4,16,16,-0.21390000000000003
20009,FI_Nuclear,2050,4,17,17,-0.21390000000000003
20010,FI_Nuclear,2050,4,18,18,-0.21390000000000003
20011,FI_Nuclear,2050,4,19,19,0.0
20012,FI_Nuclear,2050,4,20,20,0.0
20013,FI_Nuclear,2050,4,21,21,0.0
20014,FI_Nuclear,2050,4,22,22,0.0
20015,FI_Nuclear,2050,4,23,23,0.0
20016,FI_Nuclear,2050,4,24,24,0.0
20017,FI_Nuclear,2050,5,1,1,0.0
20018,FI_Nuclear,2050,5,2,2,0.0
20019,FI_Nuclear,2050,5,3,3,0.0
20020,FI_Nuclear,2050,5,4,4,0.0
20021,FI_Nuclear,2050,5,5,5,0.0
20022,FI_Nuclear,2050,5,6,6,0.0
20023,FI_Nuclear,2050,5,7,7,0.0
20024,FI_Nuclear,2050,5,8,8,0.0
20025,FI_Nuclear,2050,5,9,9,0.0
20026,FI_Nuclear,2050,5,10,10,0.0
20027,FI_Nuclear,2050,5,11,11,0.0
20028,FI_Nuclear,2050,5,12,12,0.0
20029,FI_Nuclear,2050,5,13,13,0.0
20030,FI_Nuclear,2050,5,14,14,0.0
20031,FI_Nuclear,2050,5,15,15,0.0
20032,FI_Nuclear,2050,5,16,16,0.0
20033,FI_Nuclear,2050,5,17,17,0.0
20034,FI_Nuclear,2050,5,18,18,0.0
20035,FI_Nuclear,2050,5,19,19,0.0
20036,FI_Nuclear,2050,5,20,20,0.0
20037,FI_Nuclear,2050,5,21,21,0.0
20038,FI_Nuclear,2050,5,22,22,0.0
20039,FI_Nuclear,2050,5,23,23,0.0
20040,FI_Nuclear,2050,5,24,24,0.0
20041,FI_Nuclear,2050,6,1,1,0.0
20042,FI_Nuclear,2050,6,2,2,0.0
20043,FI_Nuclear,2050,6,3,3,-0.1674
20044,FI_Nuclear,2050,6,4,4,-0.1674
20045,FI_Nuclear,2050,6,5,5,-0.1674
20046,FI_Nuclear,2050,6,6,6,-0.1674
20047,FI_Nuclear,2050,6,7,7,-0.1674
20048,FI_Nuclear,2050,6,8,8,-0.1674
20049,FI_Nuclear,2050,6,9,9,-0.1674
20050,FI_Nuclear,2050,6,10,10,-0.1674
20051,FI_Nuclear,2050,6,11,11,-0.1674
20052,FI_Nuclear,2050,6,12,12,-0.1674
20053,FI_Nuclear,2050,6,13,13,-0.1674
20054,FI_Nuclear,2050,6,14,14,-0.1674
20055,FI_Nuclear,2050,6,15,15,-0.1674
20056,FI_Nuclear,2050,6,16,16,-0.1674
20057,FI_Nuclear,2050,6,17,17,-0.1674
20058,FI_Nuclear,2050,6,18,18,-0.4428000000000001
20059,FI_Nuclear,2050,6,19,19,-0.4428000000000001
20060,FI_Nuclear,2050,6,20,20,-0.4428000000000001
20061,FI_Nuclear,2050,6,21,21,-0.4428000000000001
20062,FI_Nuclear,2050,6,22,22,-0.1674
20063,FI_Nuclear,2050,6,23,23,-0.1674
20064,FI_Nuclear,2050,6,24,24,-0.1674
20065,FI_Nuclear,2050,7,1,1,0.0
20066,FI_Nuclear,2050,7,2,2,0.0
20067,FI_Nuclear,2050,7,3,3,0.0
20068,FI_Nuclear,2050,7,4,4,0.0
20069,FI_Nuclear,2050,7,5,5,0.0
20070,FI_Nuclear,2050,7,6,6,0.0
20071,FI_Nuclear,2050,7,7,7,0.0
20072,FI_Nuclear,2050,7,8,8,0.0
20073,FI_Nuclear,2050,7,9,9,0.0
20074,FI_Nuclear,2050,7,10,10,0.0
20075,FI_Nuclear,2050,7,11,11,0.0
20076,FI_Nuclear,2050,7,12,12,0.0
20077,FI_Nuclear,2050,7,13,13,0.0
20078,FI_Nuclear,2050,7,14,14,0.0
20079,FI_Nuclear,2050,7,15,15,0.0
20080,FI_Nuclear,2050,7,16,16,0.0
20081,FI_Nuclear,2050,7,17,17,0.0
20082,FI_Nuclear,2050,7,18,18,0.0
20083,FI_Nuclear,2050,7,19,19,0.0
20084,FI_Nuclear,2050,7,20,20,0.0
20085,FI_Nuclear,2050,7,21,21,0.0
20086,FI_Nuclear,2050,7,22,22,0.0
20087,FI_Nuclear,2050,7,23,23,0.0
20088,FI_Nuclear,2050,7,24,24,0.0
20089,FI_Nuclear,2050,8,1,1,0.0
20090,FI_Nuclear,2050,8,2,2,0.0
20091,FI_Nuclear,2050,8,3,3,0.0
20092,FI_Nuclear,2050,8,4,4,0.0
20093,FI_Nuclear,2050,8,5,5,-0.2883
20094,FI_Nuclear,2050,8,6,6,-0.2883
20095,FI_Nuclear,2050,8,7,7,-0.2883
20096,FI_Nuclear,2050,8,8,8,-0.2883
20097,FI_Nuclear,2050,8,9,9,-0.2883
20098,FI_Nuclear,2050,8,10,10,-0.2883
20099,FI_Nuclear,2050,8,11,11,-0.2883
20100,FI_Nuclear,2050,8,12,12,-0.2883
20101,FI_Nuclear,2050,8,13,13,-0.2883
20102,FI_Nuclear,2050,8,14,14,-0.2883
20103,FI_Nuclear,2050,8,15,15,-0.2883
20104,FI_Nuclear,2050,8,16,16,-0.2883
20105,FI_Nuclear,2050,8,17,17,-0.2883
20106,FI_Nuclear,2050,8,18,18,-0.2883
20107,FI_Nuclear,2050,8,19,19,-0.2883
20108,FI_Nuclear,2050,8,20,20,-0.2883
20109,FI_Nuclear,2050,8,21,21,-0.2883
20110,FI_Nuclear,2050,8,22,22,0.0
20111,FI_Nuclear,2050,8,23,23,0.0
20112,FI_Nuclear,2050,8,24,24,0.0
20113,FI_Nuclear,2050,9,1,1,-1.0578
20114,FI_Nuclear,2050,9,2,2,-1.0578
20115,FI_Nuclear,2050,9,3,3,-1.0578
20116,FI_Nuclear,2050,9,4,4,-1.0578
20117,FI_Nuclear,2050,9,5,5,-1.0578
20118,FI_Nuclear,2050,9,6,6,-1.0578
20119,FI_Nuclear,2050,9,7,7,-1.0578
20120,FI_Nuclear,2050,9,8,8,-1.0578
20121,FI_Nuclear,2050,9,9,9,-1.0578
20122,FI_Nuclear,2050,9,10,10,-1.0578
20123,FI_Nuclear,2050,9,11,11,-1.0578
20124,FI_Nuclear,2050,9,12,12,-1.0578
20125,FI_Nuclear,2050,9,13,13,-1.0578
20126,FI_Nuclear,2050,9,14,14,-1.0578
20127,FI_Nuclear,2050,9,15,15,-1.0578
20128,FI_Nuclear,2050,9,16,16,-1.0578
20129,FI_Nuclear,2050,9,17,17,-1.0578
20130,FI_Nuclear,2050,9,18,18,-1.0578
20131,FI_Nuclear,2050,9,19,19,-1.0578
20132,FI_Nuclear,2050,9,20,20,-1.0578
20133,FI_Nuclear,2050,9,21,21,-1.0578
20134,FI_Nuclear,2050,9,22,22,-0.39990000000000003
20135,FI_Nuclear,2050,9,23,23,-0.39990000000000003
20136,FI_Nuclear,2050,9,24,24,-0.39990000000000003
20137,FI_Nuclear,2050,10,1,1,0.0
20138,FI_Nuclear,2050,10,2,2,0.0
20139,FI_Nuclear,2050,10,3,3,-0.42780000000000007
20140,FI_Nuclear,2050,10,4,4,-0.42780000000000007
20141,FI_Nuclear,2050,10,5,5,-0.42780000000000007
20142,FI_Nuclear,2050,10,6,6,-0.42780000000000007
20143,FI_Nuclear,2050,10,7,7,-0.42780000000000007
20144,FI_Nuclear,2050,10,8,8,-0.42780000000000007
20145,FI_Nuclear,2050,10,9,9,-0.42780000000000007
20146,FI_Nuclear,2050,10,10,10,-0.42780000000000007
20147,FI_Nuclear,2050,10,11,11,-0.42780000000000007
20148,FI_Nuclear,2050,10,12,12,-1.1316000000000002
20149,FI_Nuclear,2050,10,13,13,-1.1316000000000002
20150,FI_Nuclear,2050,10,14,14,-1.1316000000000002
20151,FI_Nuclear,2050,10,15,15,-1.1316000000000002
20152,FI_Nuclear,2050,10,16,16,-1.1316000000000002
20153,FI_Nuclear,2050,10,17,17,-1.1316000000000002
20154,FI_Nuclear,2050,10,18,18,-0.42780000000000007
20155,FI_Nuclear,2050,10,19,19,-0.42780000000000007
20156,FI_Nuclear,2050,10,20,20,-0.42780000000000007
20157,FI_Nuclear,2050,10,21,21,-0.42780000000000007
20158,FI_Nuclear,2050,10,22,22,-0.42780000000000007
20159,FI_Nuclear,2050,10,23,23,-0.42780000000000007
20160,FI_Nuclear,2050,10,24,24,0.0
20161,FI_OCGT,2050,1,1,1,0.0
20162,FI_OCGT,2050,1,2,2,0.0
20163,FI_OCGT,2050,1,3,3,0.0
20164,FI_OCGT,2050,1,4,4,0.0
20165,FI_OCGT,2050,1,5,5,0.0
20166,FI_OCGT,2050,1,6,6,0.0
20167,FI_OCGT,2050,1,7,7,0.0
20168,FI_OCGT,2050,1,8,8,0.0
20169,FI_OCGT,2050,1,9,9,0.0
20170,FI_OCGT,2050,1,10,10,0.0
20171,FI_OCGT,2050,1,11,11,0.0
20172,FI_OCGT,2050,1,12,12,0.0
20173,FI_OCGT,2050,1,13,13,0.0
20174,FI_OCGT,2050,1,14,14,0.0
20175,FI_OCGT,2050,1,15,15,0.0
20176,FI_OCGT,2050,1,16,16,0.0
20177,FI_OCGT,2050,1,17,17,0.0
20178,FI_OCGT,2050,1,18,18,-21.232431411332673
20179,FI_OCGT,2050,1,19,19,0.0
20180,FI_OCGT,2050,1,20,20,0.0
20181,FI_OCGT,2050,1,21,21,0.0
20182,FI_OCGT,2050,1,22,22,0.0
20183,FI_OCGT,2050,1,23,23,0.0
20184,FI_OCGT,2050,1,24,24,0.0
20185,FI_OCGT,2050,2,1,1,0.0
20186,FI_OCGT,2050,2,2,2,0.0
20187,FI_OCGT,2050,2,3,3,0.0
20188,FI_OCGT,2050,2,4,4,0.0
20189,FI_OCGT,2050,2,5,5,0.0
20190,FI_OCGT,2050,2,6,6,0.0
20191,FI_OCGT,2050,2,7,7,0.0
20192,FI_OCGT,2050,2,8,8,0.0
20193,FI_OCGT,2050,2,9,9,0.0
20194,FI_OCGT,2050,2,10,10,0.0
20195,FI_OCGT,2050,2,11,11,0.0
20196,FI_OCGT,2050,2,12,12,0.0
20197,FI_OCGT,2050,2,13,13,0.0
20198,FI_OCGT,2050,2,14,14,0.0
20199,FI_OCGT,2050,2,15,15,0.0
20200,FI_OCGT,2050,2,16,16,0.0
20201,FI_OCGT,2050,2,17,17,0.0
20202,FI_OCGT,2050,2,18,18,0.0
20203,FI_OCGT,2050,2,19,19,0.0
20204,FI_OCGT,2050,2,20,20,0.0
20205,FI_OCGT,2050,2,21,21,0.0
20206,FI_OCGT,2050,2,22,22,0.0
20207,FI_OCGT,2050,2,23,23,0.0
20208,FI_OCGT,2050,2,24,24,0.0
20209,FI_OCGT,2050,3,1,1,0.0
20210,FI_OCGT,2050,3,2,2,0.0
20211,FI_OCGT,2050,3,3,3,0.0
20212,FI_OCGT,2050,3,4,4,0.0
20213,FI_OCGT,2050,3,5,5,0.0
20214,FI_OCGT,2050,3,6,6,0.0
20215,FI_OCGT,2050,3,7,7,0.0
20216,FI_OCGT,2050,3,8,8,0.0
20217,FI_OCGT,2050,3,9,9,0.0
20218,FI_OCGT,2050,3,10,10,0.0
20219,FI_OCGT,2050,3,11,11,0.0
20220,FI_OCGT,2050,3,12,12,0.0
20221,FI_OCGT,2050,3,13,13,0.0
20222,FI_OCGT,2050,3,14,14,0.0
20223,FI_OCGT,2050,3,15,15,0.0
20224,FI_OCGT,2050,3,16,16,0.0
20225,FI_OCGT,2050,3,17,17,0.0
20226,FI_OCGT,2050,3,18,18,0.0
20227,FI_OCGT,2050,3,19,19,0.0
20228,FI_OCGT,2050,3,20,20,0.0
20229,FI_OCGT,2050,3,21,21,0.0
20230,FI_OCGT,2050,3,22,22,0.0
20231,FI_OCGT,2050,3,23,23,0.0
20232,FI_OCGT,2050,3,24,24,0.0
20233,FI_OCGT,2050,4,1,1,0.0
20234,FI_OCGT,2050,4,2,2,0.0
20235,FI_OCGT,2050,4,3,3,0.0
20236,FI_OCGT,2050,4,4,4,0.0
20237,FI_OCGT,2050,4,5,5,0.0
20238,FI_OCGT,2050,4,6,6,0.0
20239,FI_OCGT,2050,4,7,7,0.0
20240,FI_OCGT,2050,4,8,8,0.0
20241,FI_OCGT,2050,4,9,9,0.0
20242,FI_OCGT,2050,4,10,10,0.0
20243,FI_OCGT,2050,4,11,11,0.0
20244,FI_OCGT,2050,4,12,12,0.0
20245,FI_OCGT,2050,4,13,13,0.0
20246,FI_OCGT,2050,4,14,14,0.0
20247,FI_OCGT,2050,4,15,15,0.0
20248,FI_OCGT,2050,4,16,16,0.0
20249,FI_OCGT,2050,4,17,17,0.0
20250,FI_OCGT,2050,4,18,18,0.0
20251,FI_OCGT,2050,4,19,19,0.0
20252,FI_OCGT,2050,4,20,20,0.0
20253,FI_OCGT,2050,4,21,21,0.0
20254,FI_OCGT,2050,4,22,22,0.0
20255,FI_OCGT,2050,4,23,23,0.0
20256,FI_OCGT,2050,4,24,24,0.0
20257,FI_OCGT,2050,5,1,1,0.0
20258,FI_OCGT,2050,5,2,2,0.0
20259,FI_OCGT,2050,5,3,3,0.0
20260,FI_OCGT,2050,5,4,4,0.0
20261,FI_OCGT,2050,5,5,5,0.0
20262,FI_OCGT,2050,5,6,6,0.0
20263,FI_OCGT,2050,5,7,7,0.0
20264,FI_OCGT,2050,5,8,8,0.0
20265,FI_OCGT,2050,5,9,9,0.0
20266,FI_OCGT,2050,5,10,10,0.0
20267,FI_OCGT,2050,5,11,11,0.0
20268,FI_OCGT,2050,5,12,12,0.0
20269,FI_OCGT,2050,5,13,13,0.0
20270,FI_OCGT,2050,5,14,14,0.0
20271,FI_OCGT,2050,5,15,15,0.0
20272,FI_OCGT,2050,5,16,16,0.0
20273,FI_OCGT,2050,5,17,17,0.0
20274,FI_OCGT,2050,5,18,18,0.0
20275,FI_OCGT,2050,5,19,19,0.0
20276,FI_OCGT,2050,5,20,20,0.0
20277,FI_OCGT,2050,5,21,21,0.0
20278,FI_OCGT,2050,5,22,22,0.0
20279,FI_OCGT,2050,5,23,23,0.0
20280,FI_OCGT,2050,5,24,24,0.0
20281,FI_OCGT,2050,6,1,1,0.0
20282,FI_OCGT,2050,6,2,2,0.0
20283,FI_OCGT,2050,6,3,3,0.0
20284,FI_OCGT,2050,6,4,4,0.0
20285,FI_OCGT,2050,6,5,5,0.0
20286,FI_OCGT,2050,6,6,6,0.0
20287,FI_OCGT,2050,6,7,7,0.0
20288,FI_OCGT,2050,6,8,8,0.0
20289,FI_OCGT,2050,6,9,9,0.0
20290,FI_OCGT,2050,6,10,10,0.0
20291,FI_OCGT,2050,6,11,11,0.0
20292,FI_OCGT,2050,6,12,12,0.0
20293,FI_OCGT,2050,6,13,13,0.0
20294,FI_OCGT,2050,6,14,14,0.0
20295,FI_OCGT,2050,6,15,15,0.0
20296,FI_OCGT,2050,6,16,16,0.0
20297,FI_OCGT,2050,6,17,17,0.0
20298,FI_OCGT,2050,6,18,18,0.0
20299,FI_OCGT,2050,6,19,19,0.0
20300,FI_OCGT,2050,6,20,20,0.0
20301,FI_OCGT,2050,6,21,21,0.0
20302,FI_OCGT,2050,6,22,22,0.0
20303,FI_OCGT,2050,6,23,23,0.0
20304,FI_OCGT,2050,6,24,24,0.0
20305,FI_OCGT,2050,7,1,1,0.0
20306,FI_OCGT,2050,7,2,2,0.0
20307,FI_OCGT,2050,7,3,3,0.0
20308,FI_OCGT,2050,7,4,4,0.0
20309,FI_OCGT,2050,7,5,5,0.0
20310,FI_OCGT,2050,7,6,6,0.0
20311,FI_OCGT,2050,7,7,7,0.0
20312,FI_OCGT,2050,7,8,8,0.0
20313,FI_OCGT,2050,7,9,9,0.0
20314,FI_OCGT,2050,7,10,10,0.0
20315,FI_OCGT,2050,7,11,11,0.0
20316,FI_OCGT,2050,7,12,12,0.0
20317,FI_OCGT,2050,7,13,13,0.0
20318,FI_OCGT,2050,7,14,14,0.0
20319,FI_OCGT,2050,7,15,15,0.0
20320,FI_OCGT,2050,7,16,16,0.0
20321,FI_OCGT,2050,7,17,17,0.0
20322,FI_OCGT,2050,7,18,18,0.0
20323,FI_OCGT,2050,7,19,19,0.0
20324,FI_OCGT,2050,7,20,20,0.0
20325,FI_OCGT,2050,7,21,21,0.0
20326,FI_OCGT,2050,7,22,22,0.0
20327,FI_OCGT,2050,7,23,23,0.0
20328,FI_OCGT,2050,7,24,24,0.0
20329,FI_OCGT,2050,8,1,1,0.0
20330,FI_OCGT,2050,8,2,2,0.0
20331,FI_OCGT,2050,8,3,3,0.0
20332,FI_OCGT,2050,8,4,4,0.0
20333,FI_OCGT,2050,8,5,5,0.0
20334,FI_OCGT,2050,8,6,6,0.0
20335,FI_OCGT,2050,8,7,7,0.0
20336,FI_OCGT,2050,8,8,8,0.0
20337,FI_OCGT,2050,8,9,9,0.0
20338,FI_OCGT,2050,8,10,10,0.0
20339,FI_OCGT,2050,8,11,11,0.0
20340,FI_OCGT,2050,8,12,12,0.0
20341,FI_OCGT,2050,8,13,13,0.0
20342,FI_OCGT,2050,8,14,14,0.0
20343,FI_OCGT,2050,8,15,15,0.0
20344,FI_OCGT,2050,8,16,16,0.0
20345,FI_OCGT,2050,8,17,17,0.0
20346,FI_OCGT,2050,8,18,18,0.0
20347,FI_OCGT,2050,8,19,19,0.0
20348,FI_OCGT,2050,8,20,20,0.0
20349,FI_OCGT,2050,8,21,21,0.0
20350,FI_OCGT,2050,8,22,22,0.0
20351,FI_OCGT,2050,8,23,23,0.0
20352,FI_OCGT,2050,8,24,24,0.0
20353,FI_OCGT,2050,9,1,1,0.0
20354,FI_OCGT,2050,9,2,2,0.0
20355,FI_OCGT,2050,9,3,3,0.0
20356,FI_OCGT,2050,9,4,4,0.0
20357,FI_OCGT,2050,9,5,5,0.0
20358,FI_OCGT,2050,9,6,6,0.0
20359,FI_OCGT,2050,9,7,7,0.0
20360,FI_OCGT,2050,9,8,8,0.0
20361,FI_OCGT,2050,9,9,9,0.0
20362,FI_OCGT,2050,9,10,10,0.0
20363,FI_OCGT,2050,9,11,11,0.0
20364,FI_OCGT,2050,9,12,12,0.0
20365,FI_OCGT,2050,9,13,13,0.0
20366,FI_OCGT,2050,9,14,14,0.0
20367,FI_OCGT,2050,9,15,15,0.0
20368,FI_OCGT,2050,9,16,16,0.0
20369,FI_OCGT,2050,9,17,17,0.0
20370,FI_OCGT,2050,9,18,18,0.0
20371,FI_OCGT,2050,9,19,19,0.0
20372,FI_OCGT,2050,9,20,20,0.0
20373,FI_OCGT,2050,9,21,21,0.0
20374,FI_OCGT,2050,9,22,22,0.0
20375,FI_OCGT,2050,9,23,23,0.0
20376,FI_OCGT,2050,9,24,24,0.0
20377,FI_OCGT,2050,10,1,1,0.0
20378,FI_OCGT,2050,10,2,2,0.0
20379,FI_OCGT,2050,10,3,3,0.0
20380,FI_OCGT,2050,10,4,4,0.0
20381,FI_OCGT,2050,10,5,5,0.0
20382,FI_OCGT,2050,10,6,6,0.0
20383,FI_OCGT,2050,10,7,7,0.0
20384,FI_OCGT,2050,10,8,8,0.0
20385,FI_OCGT,2050,10,9,9,0.0
20386,FI_OCGT,2050,10,10,10,0.0
20387,FI_OCGT,2050,10,11,11,0.0
20388,FI_OCGT,2050,10,12,12,0.0
20389,FI_OCGT,2050,10,13,13,0.0
20390,FI_OCGT,2050,10,14,14,0.0
20391,FI_OCGT,2050,10,15,15,0.0
20392,FI_OCGT,2050,10,16,16,0.0
20393,FI_OCGT,2050,10,17,17,0.0
20394,FI_OCGT,2050,10,18,18,0.0
20395,FI_OCGT,2050,10,19,19,0.0
20396,FI_OCGT,2050,10,20,20,0.0
20397,FI_OCGT,2050,10,21,21,0.0
20398,FI_OCGT,2050,10,22,22,0.0
20399,FI_OCGT,2050,10,23,23,0.0
20400,FI_OCGT,2050,10,24,24,0.0
20401,FI_Solar,2050,1,1,1,-1.749
20402,FI_Solar,2050,1,2,2,-1.749
20403,FI_Solar,2050,1,3,3,-1.749
20404,FI_Solar,2050,1,4,4,-1.749
20405,FI_Solar,2050,1,5,5,-1.749
20406,FI_Solar,2050,1,6,6,-1.749
20407,FI_Solar,2050,1,7,7,-2.703
20408,FI_Solar,2050,1,8,8,-2.703
20409,FI_Solar,2050,1,9,9,-2.703
20410,FI_Solar,2050,1,10,10,-2.703
20411,FI_Solar,2050,1,11,11,-2.703
20412,FI_Solar,2050,1,12,12,-2.703
20413,FI_Solar,2050,1,13,13,-2.703
20414,FI_Solar,2050,1,14,14,-1.749
20415,FI_Solar,2050,1,15,15,-1.749
20416,FI_Solar,2050,1,16,16,-2.703
20417,FI_Solar,2050,1,17,17,-2.703
20418,FI_Solar,2050,1,18,18,-23.935431411332672
20419,FI_Solar,2050,1,19,19,-2.703
20420,FI_Solar,2050,1,20,20,-2.703
20421,FI_Solar,2050,1,21,21,-2.703
20422,FI_Solar,2050,1,22,22,-1.749
20423,FI_Solar,2050,1,23,23,-1.749
20424,FI_Solar,2050,1,24,24,-1.749
20425,FI_Solar,2050,2,1,1,0.0
20426,FI_Solar,2050,2,2,2,0.0
20427,FI_Solar,2050,2,3,3,0.0
20428,FI_Solar,2050,2,4,4,0.0
20429,FI_Solar,2050,2,5,5,0.0
20430,FI_Solar,2050,2,6,6,0.0
20431,FI_Solar,2050,2,7,7,0.0
20432,FI_Solar,2050,2,8,8,0.0
20433,FI_Solar,2050,2,9,9,0.0
20434,FI_Solar,2050,2,10,10,0.0
20435,FI_Solar,2050,2,11,11,0.0
20436,FI_Solar,2050,2,12,12,0.0
20437,FI_Solar,2050,2,13,13,0.0
20438,FI_Solar,2050,2,14,14,0.0
20439,FI_Solar,2050,2,15,15,-0.5841000000000001
20440,FI_Solar,2050,2,16,16,-0.5841000000000001
20441,FI_Solar,2050,2,17,17,-0.5841000000000001
20442,FI_Solar,2050,2,18,18,-0.5841000000000001
20443,FI_Solar,2050,2,19,19,0.0
20444,FI_Solar,2050,2,20,20,0.0
20445,FI_Solar,2050,2,21,21,0.0
20446,FI_Solar,2050,2,22,22,0.0
20447,FI_Solar,2050,2,23,23,0.0
20448,FI_Solar,2050,2,24,24,0.0
20449,FI_Solar,2050,3,1,1,0.0
20450,FI_Solar,2050,3,2,2,0.0
20451,FI_Solar,2050,3,3,3,0.0
20452,FI_Solar,2050,3,4,4,0.0
20453,FI_Solar,2050,3,5,5,0.0
20454,FI_Solar,2050,3,6,6,0.0
20455,FI_Solar,2050,3,7,7,0.0
20456,FI_Solar,2050,3,8,8,0.0
20457,FI_Solar,2050,3,9,9,0.0
20458,FI_Solar,2050,3,10,10,0.0
20459,FI_Solar,2050,3,11,11,0.0
20460,FI_Solar,2050,3,12,12,0.0
20461,FI_Solar,2050,3,13,13,0.0
20462,FI_Solar,2050,3,14,14,0.0
20463,FI_Solar,2050,3,15,15,0.0
20464,FI_Solar,2050,3,16,16,0.0
20465,FI_Solar,2050,3,17,17,0.0
20466,FI_Solar,2050,3,18,18,0.0
20467,FI_Solar,2050,3,19,19,0.0
20468,FI_Solar,2050,3,20,20,0.0
20469,FI_Solar,2050,3,21,21,0.0
20470,FI_Solar,2050,3,22,22,0.0
20471,FI_Solar,2050,3,23,23,0.0
20472,FI_Solar,2050,3,24,24,0.0
20473,FI_Solar,2050,4,1,1,0.0
20474,FI_Solar,2050,4,2,2,0.0
20475,FI_Solar,2050,4,3,3,0.0
20476,FI_Solar,2050,4,4,4,0.0
20477,FI_Solar,2050,4,5,5,0.0
20478,FI_Solar,2050,4,6,6,0.0
20479,FI_Solar,2050,4,7,7,0.0
20480,FI_Solar,2050,4,8,8,0.0
20481,FI_Solar,2050,4,9,9,0.0
20482,FI_Solar,2050,4,10,10,0.0
20483,FI_Solar,2050,4,11,11,0.0
20484,FI_Solar,2050,4,12,12,0.0
20485,FI_Solar,2050,4,13,13,-0.4071
20486,FI_Solar,2050,4,14,14,-0.4071
20487,FI_Solar,2050,4,15,15,-0.4071
20488,FI_Solar,2050,4,16,16,-0.4071
20489,FI_Solar,2050,4,17,17,-0.4071
20490,FI_Solar,2050,4,18,18,-0.4071
20491,FI_Solar,2050,4,19,19,0.0
20492,FI_Solar,2050,4,20,20,0.0
20493,FI_Solar,2050,4,21,21,0.0
20494,FI_Solar,2050,4,22,22,0.0
20495,FI_Solar,2050,4,23,23,0.0
20496,FI_Solar,2050,4,24,24,0.0
20497,FI_Solar,2050,5,1,1,0.0
20498,FI_Solar,2050,5,2,2,0.0
20499,FI_Solar,2050,5,3,3,0.0
20500,FI_Solar,2050,5,4,4,0.0
20501,FI_Solar,2050,5,5,5,0.0
20502,FI_Solar,2050,5,6,6,0.0
20503,FI_Solar,2050,5,7,7,0.0
20504,FI_Solar,2050,5,8,8,0.0
20505,FI_Solar,2050,5,9,9,0.0
20506,FI_Solar,2050,5,10,10,0.0
20507,FI_Solar,2050,5,11,11,0.0
20508,FI_Solar,2050,5,12,12,0.0
20509,FI_Solar,2050,5,13,13,0.0
20510,FI_Solar,2050,5,14,14,0.0
20511,FI_Solar,2050,5,15,15,0.0
20512,FI_Solar,2050,5,16,16,0.0
20513,FI_Solar,2050,5,17,17,0.0
20514,FI_Solar,2050,5,18,18,0.0
20515,FI_Solar,2050,5,19,19,0.0
20516,FI_Solar,2050,5,20,20,0.0
20517,FI_Solar,2050,5,21,21,0.0
20518,FI_Solar,2050,5,22,22,0.0
20519,FI_Solar,2050,5,23,23,0.0
20520,FI_Solar,2050,5,24,24,0.0
20521,FI_Solar,2050,6,1,1,0.0
20522,FI_Solar,2050,6,2,2,0.0
20523,FI_Solar,2050,6,3,3,-0.3186
20524,FI_Solar,2050,6,4,4,-0.3186
20525,FI_Solar,2050,6,5,5,-0.3186
20526,FI_Solar,2050,6,6,6,-0.3186
20527,FI_Solar,2050,6,7,7,-0.3186
20528,FI_Solar,2050,6,8,8,-0.3186
20529,FI_Solar,2050,6,9,9,-0.3186
20530,FI_Solar,2050,6,10,10,-0.3186
20531,FI_Solar,2050,6,11,11,-0.3186
20532,FI_Solar,2050,6,12,12,-0.3186
20533,FI_Solar,2050,6,13,13,-0.3186
20534,FI_Solar,2050,6,14,14,-0.3186
20535,FI_Solar,2050,6,15,15,-0.3186
20536,FI_Solar,2050,6,16,16,-0.3186
20537,FI_Solar,2050,6,17,17,-0.3186
20538,FI_Solar,2050,6,18,18,-0.5940000000000001
20539,FI_Solar,2050,6,19,19,-0.5940000000000001
20540,FI_Solar,2050,6,20,20,-0.5940000000000001
20541,FI_Solar,2050,6,21,21,-0.5940000000000001
20542,FI_Solar,2050,6,22,22,-0.3186
20543,FI_Solar,2050,6,23,23,-0.3186
20544,FI_Solar,2050,6,24,24,-0.3186
20545,FI_Solar,2050,7,1,1,0.0
20546,FI_Solar,2050,7,2,2,0.0
20547,FI_Solar,2050,7,3,3,0.0
20548,FI_Solar,2050,7,4,4,0.0
20549,FI_Solar,2050,7,5,5,0.0
20550,FI_Solar,2050,7,6,6,0.0
20551,FI_Solar,2050,7,7,7,0.0
20552,FI_Solar,2050,7,8,8,0.0
20553,FI_Solar,2050,7,9,9,0.0
20554,FI_Solar,2050,7,10,10,0.0
20555,FI_Solar,2050,7,11,11,0.0
20556,FI_Solar,2050,7,12,12,0.0
20557,FI_Solar,2050,7,13,13,0.0
20558,FI_Solar,2050,7,14,14,0.0
20559,FI_Solar,2050,7,15,15,0.0
20560,FI_Solar,2050,7,16,16,0.0
20561,FI_Solar,2050,7,17,17,0.0
20562,FI_Solar,2050,7,18,18,0.0
20563,FI_Solar,2050,7,19,19,0.0
20564,FI_Solar,2050,7,20,20,0.0
20565,FI_Solar,2050,7,21,21,0.0
20566,FI_Solar,2050,7,22,22,0.0
20567,FI_Solar,2050,7,23,23,0.0
20568,FI_Solar,2050,7,24,24,0.0
20569,FI_Solar,2050,8,1,1,0.0
20570,FI_Solar,2050,8,2,2,0.0
20571,FI_Solar,2050,8,3,3,0.0
20572,FI_Solar,2050,8,4,4,0.0
20573,FI_Solar,2050,8,5,5,-0.5487
20574,FI_Solar,2050,8,6,6,-0.5487
20575,FI_Solar,2050,8,7,7,-0.5487
20576,FI_Solar,2050,8,8,8,-0.5487
20577,FI_Solar,2050,8,9,9,-0.5487
20578,FI_Solar,2050,8,10,10,-0.5487
20579,FI_Solar,2050,8,11,11,-0.5487
20580,FI_Solar,2050,8,12,12,-0.5487
20581,FI_Solar,2050,8,13,13,-0.5487
20582,FI_Solar,2050,8,14,14,-0.5487
20583,FI_Solar,2050,8,15,15,-0.5487
20584,FI_Solar,2050,8,16,16,-0.5487
20585,FI_Solar,2050,8,17,17,-0.5487
20586,FI_Solar,2050,8,18,18,-0.5487
20587,FI_Solar,2050,8,19,19,-0.5487
20588,FI_Solar,2050,8,20,20,-0.5487
20589,FI_Solar,2050,8,21,21,-0.5487
20590,FI_Solar,2050,8,22,22,0.0
20591,FI_Solar,2050,8,23,23,0.0
20592,FI_Solar,2050,8,24,24,0.0
20593,FI_Solar,2050,9,1,1,-1.419
20594,FI_Solar,2050,9,2,2,-1.419
20595,FI_Solar,2050,9,3,3,-1.419
20596,FI_Solar,2050,9,4,4,-1.419
20597,FI_Solar,2050,9,5,5,-1.419
20598,FI_Solar,2050,9,6,6,-1.419
20599,FI_Solar,2050,9,7,7,-1.419
20600,FI_Solar,2050,9,8,8,-1.419
20601,FI_Solar,2050,9,9,9,-1.419
20602,FI_Solar,2050,9,10,10,-1.419
20603,FI_Solar,2050,9,11,11,-1.419
20604,FI_Solar,2050,9,12,12,-1.419
20605,FI_Solar,2050,9,13,13,-1.419
20606,FI_Solar,2050,9,14,14,-1.419
20607,FI_Solar,2050,9,15,15,-1.419
20608,FI_Solar,2050,9,16,16,-1.419
20609,FI_Solar,2050,9,17,17,-1.419
20610,FI_Solar,2050,9,18,18,-1.419
20611,FI_Solar,2050,9,19,19,-1.419
20612,FI_Solar,2050,9,20,20,-1.419
20613,FI_Solar,2050,9,21,21,-1.419
20614,FI_Solar,2050,9,22,22,-0.7611
20615,FI_Solar,2050,9,23,23,-0.7611
20616,FI_Solar,2050,9,24,24,-0.7611
20617,FI_Solar,2050,10,1,1,0.0
20618,FI_Solar,2050,10,2,2,0.0
20619,FI_Solar,2050,10,3,3,-0.8142
20620,FI_Solar,2050,10,4,4,-0.8142
20621,FI_Solar,2050,10,5,5,-0.8142
20622,FI_Solar,2050,10,6,6,-0.8142
20623,FI_Solar,2050,10,7,7,-0.8142
20624,FI_Solar,2050,10,8,8,-0.8142
20625,FI_Solar,2050,10,9,9,-0.8142
20626,FI_Solar,2050,10,10,10,-0.8142
20627,FI_Solar,2050,10,11,11,-0.8142
20628,FI_Solar,2050,10,12,12,-1.518
20629,FI_Solar,2050,10,13,13,-1.518
20630,FI_Solar,2050,10,14,14,-1.518
20631,FI_Solar,2050,10,15,15,-1.518
20632,FI_Solar,2050,10,16,16,-1.518
20633,FI_Solar,2050,10,17,17,-1.518
20634,FI_Solar,2050,10,18,18,-0.8142
20635,FI_Solar,2050,10,19,19,-0.8142
20636,FI_Solar,2050,10,20,20,-0.8142
20637,FI_Solar,2050,10,21,21,-0.8142
20638,FI_Solar,2050,10,22,22,-0.8142
20639,FI_Solar,2050,10,23,23,-0.8142
20640,FI_Solar,2050,10,24,24,0.0
20641,FI_Wind_Offshore,2050,1,1,1,-1.749
20642,FI_Wind_Offshore,2050,1,2,2,-1.749
20643,FI_Wind_Offshore,2050,1,3,3,-1.749
20644,FI_Wind_Offshore,2050,1,4,4,-1.749
20645,FI_Wind_Offshore,2050,1,5,5,-1.749
20646,FI_Wind_Offshore,2050,1,6,6,-1.749
20647,FI_Wind_Offshore,2050,1,7,7,-2.703
20648,FI_Wind_Offshore,2050,1,8,8,-2.703
20649,FI_Wind_Offshore,2050,1,9,9,-2.703
20650,FI_Wind_Offshore,2050,1,10,10,-2.703
20651,FI_Wind_Offshore,2050,1,11,11,-2.703
20652,FI_Wind_Offshore,2050,1,12,12,-2.703
20653,FI_Wind_Offshore,2050,1,13,13,-2.703
20654,FI_Wind_Offshore,2050,1,14,14,-1.749
20655,FI_Wind_Offshore,2050,1,15,15,-1.749
20656,FI_Wind_Offshore,2050,1,16,16,-2.703
20657,FI_Wind_Offshore,2050,1,17,17,-2.703
20658,FI_Wind_Offshore,2050,1,18,18,-23.935431411332672
20659,FI_Wind_Offshore,2050,1,19,19,-2.703
20660,FI_Wind_Offshore,2050,1,20,20,-2.703
20661,FI_Wind_Offshore,2050,1,21,21,-2.703
20662,FI_Wind_Offshore,2050,1,22,22,-1.749
20663,FI_Wind_Offshore,2050,1,23,23,-1.749
20664,FI_Wind_Offshore,2050,1,24,24,-1.749
20665,FI_Wind_Offshore,2050,2,1,1,0.0
20666,FI_Wind_Offshore,2050,2,2,2,0.0
20667,FI_Wind_Offshore,2050,2,3,3,0.0
20668,FI_Wind_Offshore,2050,2,4,4,0.0
20669,FI_Wind_Offshore,2050,2,5,5,0.0
20670,FI_Wind_Offshore,2050,2,6,6,0.0
20671,FI_Wind_Offshore,2050,2,7,7,0.0
20672,FI_Wind_Offshore,2050,2,8,8,0.0
20673,FI_Wind_Offshore,2050,2,9,9,0.0
20674,FI_Wind_Offshore,2050,2,10,10,0.0
20675,FI_Wind_Offshore,2050,2,11,11,0.0
20676,FI_Wind_Offshore,2050,2,12,12,0.0
20677,FI_Wind_Offshore,2050,2,13,13,0.0
20678,FI_Wind_Offshore,2050,2,14,14,0.0
20679,FI_Wind_Offshore,2050,2,15,15,-0.5841000000000001
20680,FI_Wind_Offshore,2050,2,16,16,-0.5841000000000001
20681,FI_Wind_Offshore,2050,2,17,17,-0.5841000000000001
20682,FI_Wind_Offshore,2050,2,18,18,-0.5841000000000001
20683,FI_Wind_Offshore,2050,2,19,19,0.0
20684,FI_Wind_Offshore,2050,2,20,20,0.0
20685,FI_Wind_Offshore,2050,2,21,21,0.0
20686,FI_Wind_Offshore,2050,2,22,22,0.0
20687,FI_Wind_Offshore,2050,2,23,23,0.0
20688,FI_Wind_Offshore,2050,2,24,24,0.0
20689,FI_Wind_Offshore,2050,3,1,1,0.0
20690,FI_Wind_Offshore,2050,3,2,2,0.0
20691,FI_Wind_Offshore,2050,3,3,3,0.0
20692,FI_Wind_Offshore,2050,3,4,4,0.0
20693,FI_Wind_Offshore,2050,3,5,5,0.0
20694,FI_Wind_Offshore,2050,3,6,6,0.0
20695,FI_Wind_Offshore,2050,3,7,7,0.0
20696,FI_Wind_Offshore,2050,3,8,8,0.0
20697,FI_Wind_Offshore,2050,3,9,9,0.0
20698,FI_Wind_Offshore,2050,3,10,10,0.0
20699,FI_Wind_Offshore,2050,3,11,11,0.0
20700,FI_Wind_Offshore,2050,3,12,12,0.0
20701,FI_Wind_Offshore,2050,3,13,13,0.0
20702,FI_Wind_Offshore,2050,3,14,14,0.0
20703,FI_Wind_Offshore,2050,3,15,15,0.0
20704,FI_Wind_Offshore,2050,3,16,16,0.0
20705,FI_Wind_Offshore,2050,3,17,17,0.0
20706,FI_Wind_Offshore,2050,3,18,18,0.0
20707,FI_Wind_Offshore,2050,3,19,19,0.0
20708,FI_Wind_Offshore,2050,3,20,20,0.0
20709,FI_Wind_Offshore,2050,3,21,21,0.0
20710,FI_Wind_Offshore,2050,3,22,22,0.0
20711,FI_Wind_Offshore,2050,3,23,23,0.0
20712,FI_Wind_Offshore,2050,3,24,24,0.0
20713,FI_Wind_Offshore,2050,4,1,1,0.0
20714,FI_Wind_Offshore,2050,4,2,2,0.0
20715,FI_Wind_Offshore,2050,4,3,3,0.0
20716,FI_Wind_Offshore,2050,4,4,4,0.0
20717,FI_Wind_Offshore,2050,4,5,5,0.0
20718,FI_Wind_Offshore,2050,4,6,6,0.0
20719,FI_Wind_Offshore,2050,4,7,7,0.0
20720,FI_Wind_Offshore,2050,4,8,8,0.0
20721,FI_Wind_Offshore,2050,4,9,9,0.0
20722,FI_Wind_Offshore,2050,4,10,10,0.0
20723,FI_Wind_Offshore,2050,4,11,11,0.0
20724,FI_Wind_Offshore,2050,4,12,12,0.0
20725,FI_Wind_Offshore,2050,4,13,13,-0.4071
20726,FI_Wind_Offshore,2050,4,14,14,-0.4071
20727,FI_Wind_Offshore,2050,4,15,15,-0.4071
20728,FI_Wind_Offshore,2050,4,16,16,-0.4071
20729,FI_Wind_Offshore,2050,4,17,17,-0.4071
20730,FI_Wind_Offshore,2050,4,18,18,-0.4071
20731,FI_Wind_Offshore,2050,4,19,19,0.0
20732,FI_Wind_Offshore,2050,4,20,20,0.0
20733,FI_Wind_Offshore,2050,4,21,21,0.0
20734,FI_Wind_Offshore,2050,4,22,22,0.0
20735,FI_Wind_Offshore,2050,4,23,23,0.0
20736,FI_Wind_Offshore,2050,4,24,24,0.0
20737,FI_Wind_Offshore,2050,5,1,1,0.0
20738,FI_Wind_Offshore,2050,5,2,2,0.0
20739,FI_Wind_Offshore,2050,5,3,3,0.0
20740,FI_Wind_Offshore,2050,5,4,4,0.0
20741,FI_Wind_Offshore,2050,5,5,5,0.0
20742,FI_Wind_Offshore,2050,5,6,6,0.0
20743,FI_Wind_Offshore,2050,5,7,7,0.0
20744,FI_Wind_Offshore,2050,5,8,8,0.0
20745,FI_Wind_Offshore,2050,5,9,9,0.0
20746,FI_Wind_Offshore,2050,5,10,10,0.0
20747,FI_Wind_Offshore,2050,5,11,11,0.0
20748,FI_Wind_Offshore,2050,5,12,12,0.0
20749,FI_Wind_Offshore,2050,5,13,13,0.0
20750,FI_Wind_Offshore,2050,5,14,14,0.0
20751,FI_Wind_Offshore,2050,5,15,15,0.0
20752,FI_Wind_Offshore,2050,5,16,16,0.0
20753,FI_Wind_Offshore,2050,5,17,17,0.0
20754,FI_Wind_Offshore,2050,5,18,18,0.0
20755,FI_Wind_Offshore,2050,5,19,19,0.0
20756,FI_Wind_Offshore,2050,5,20,20,0.0
20757,FI_Wind_Offshore,2050,5,21,21,0.0
20758,FI_Wind_Offshore,2050,5,22,22,0.0
20759,FI_Wind_Offshore,2050,5,23,23,0.0
20760,FI_Wind_Offshore,2050,5,24,24,0.0
20761,FI_Wind_Offshore,2050,6,1,1,0.0
20762,FI_Wind_Offshore,2050,6,2,2,0.0
20763,FI_Wind_Offshore,2050,6,3,3,-0.3186
20764,FI_Wind_Offshore,2050,6,4,4,-0.3186
20765,FI_Wind_Offshore,2050,6,5,5,-0.3186
20766,FI_Wind_Offshore,2050,6,6,6,-0.3186
20767,FI_Wind_Offshore,2050,6,7,7,-0.3186
20768,FI_Wind_Offshore,2050,6,8,8,-0.3186
20769,FI_Wind_Offshore,2050,6,9,9,-0.3186
20770,FI_Wind_Offshore,2050,6,10,10,-0.3186
20771,FI_Wind_Offshore,2050,6,11,11,-0.3186
20772,FI_Wind_Offshore,2050,6,12,12,-0.3186
20773,FI_Wind_Offshore,2050,6,13,13,-0.3186
20774,FI_Wind_Offshore,2050,6,14,14,-0.3186
20775,FI_Wind_Offshore,2050,6,15,15,-0.3186
20776,FI_Wind_Offshore,2050,6,16,16,-0.3186
20777,FI_Wind_Offshore,2050,6,17,17,-0.3186
20778,FI_Wind_Offshore,2050,6,18,18,-0.5940000000000001
20779,FI_Wind_Offshore,2050,6,19,19,-0.5940000000000001
20780,FI_Wind_Offshore,2050,6,20,20,-0.5940000000000001
20781,FI_Wind_Offshore,2050,6,21,21,-0.5940000000000001
20782,FI_Wind_Offshore,2050,6,22,22,-0.3186
20783,FI_Wind_Offshore,2050,6,23,23,-0.3186
20784,FI_Wind_Offshore,2050,6,24,24,-0.3186
20785,FI_Wind_Offshore,2050,7,1,1,0.0
20786,FI_Wind_Offshore,2050,7,2,2,0.0
20787,FI_Wind_Offshore,2050,7,3,3,0.0
20788,FI_Wind_Offshore,2050,7,4,4,0.0
20789,FI_Wind_Offshore,2050,7,5,5,0.0
20790,FI_Wind_Offshore,2050,7,6,6,0.0
20791,FI_Wind_Offshore,2050,7,7,7,0.0
20792,FI_Wind_Offshore,2050,7,8,8,0.0
20793,FI_Wind_Offshore,2050,7,9,9,0.0
20794,FI_Wind_Offshore,2050,7,10,10,0.0
20795,FI_Wind_Offshore,2050,7,11,11,0.0
20796,FI_Wind_Offshore,2050,7,12,12,0.0
20797,FI_Wind_Offshore,2050,7,13,13,0.0
20798,FI_Wind_Offshore,2050,7,14,14,0.0
20799,FI_Wind_Offshore,2050,7,15,15,0.0
20800,FI_Wind_Offshore,2050,7,16,16,0.0
20801,FI_Wind_Offshore,2050,7,17,17,0.0
20802,FI_Wind_Offshore,2050,7,18,18,0.0
20803,FI_Wind_Offshore,2050,7,19,19,0.0
20804,FI_Wind_Offshore,2050,7,20,20,0.0
20805,FI_Wind_Offshore,2050,7,21,21,0.0
20806,FI_Wind_Offshore,2050,7,22,22,0.0
20807,FI_Wind_Offshore,2050,7,23,23,0.0
20808,FI_Wind_Offshore,2050,7,24,24,0.0
20809,FI_Wind_Offshore,2050,8,1,1,0.0
20810,FI_Wind_Offshore,2050,8,2,2,0.0
20811,FI_Wind_Offshore,2050,8,3,3,0.0
20812,FI_Wind_Offshore,2050,8,4,4,0.0
20813,FI_Wind_Offshore,2050,8,5,5,-0.5487
20814,FI_Wind_Offshore,2050,8,6,6,-0.5487
20815,FI_Wind_Offshore,2050,8,7,7,-0.5487
20816,FI_Wind_Offshore,2050,8,8,8,-0.5487
20817,FI_Wind_Offshore,2050,8,9,9,-0.5487
20818,FI_Wind_Offshore,2050,8,10,10,-0.5487
20819,FI_Wind_Offshore,2050,8,11,11,-0.5487
20820,FI_Wind_Offshore,2050,8,12,12,-0.5487
20821,FI_Wind_Offshore,2050,8,13,13,-0.5487
20822,FI_Wind_Offshore,2050,8,14,14,-0.5487
20823,FI_Wind_Offshore,2050,8,15,15,-0.5487
20824,FI_Wind_Offshore,2050,8,16,16,-0.5487
20825,FI_Wind_Offshore,2050,8,17,17,-0.5487
20826,FI_Wind_Offshore,2050,8,18,18,-0.5487
20827,FI_Wind_Offshore,2050,8,19,19,-0.5487
20828,FI_Wind_Offshore,2050,8,20,20,-0.5487
20829,FI_Wind_Offshore,2050,8,21,21,-0.5487
20830,FI_Wind_Offshore,2050,8,22,22,0.0
20831,FI_Wind_Offshore,2050,8,23,23,0.0
20832,FI_Wind_Offshore,2050,8,24,24,0.0
20833,FI_Wind_Offshore,2050,9,1,1,-1.419
20834,FI_Wind_Offshore,2050,9,2,2,-1.419
20835,FI_Wind_Offshore,2050,9,3,3,-1.419
20836,FI_Wind_Offshore,2050,9,4,4,-1.419
20837,FI_Wind_Offshore,2050,9,5,5,-1.419
20838,FI_Wind_Offshore,2050,9,6,6,-1.419
20839,FI_Wind_Offshore,2050,9,7,7,-1.419
20840,FI_Wind_Offshore,2050,9,8,8,-1.419
20841,FI_Wind_Offshore,2050,9,9,9,-1.419
20842,FI_Wind_Offshore,2050,9,10,10,-1.419
20843,FI_Wind_Offshore,2050,9,11,11,-1.419
20844,FI_Wind_Offshore,2050,9,12,12,-1.419
20845,FI_Wind_Offshore,2050,9,13,13,-1.419
20846,FI_Wind_Offshore,2050,9,14,14,-1.419
20847,FI_Wind_Offshore,2050,9,15,15,-1.419
20848,FI_Wind_Offshore,2050,9,16,16,-1.419
20849,FI_Wind_Offshore,2050,9,17,17,-1.419
20850,FI_Wind_Offshore,2050,9,18,18,-1.419
20851,FI_Wind_Offshore,2050,9,19,19,-1.419
20852,FI_Wind_Offshore,2050,9,20,20,-1.419
20853,FI_Wind_Offshore,2050,9,21,21,-1.419
20854,FI_Wind_Offshore,2050,9,22,22,-0.7611
20855,FI_Wind_Offshore,2050,9,23,23,-0.7611
20856,FI_Wind_Offshore,2050,9,24,24,-0.7611
20857,FI_Wind_Offshore,2050,10,1,1,0.0
20858,FI_Wind_Offshore,2050,10,2,2,0.0
20859,FI_Wind_Offshore,2050,10,3,3,-0.8142
20860,FI_Wind_Offshore,2050,10,4,4,-0.8142
20861,FI_Wind_Offshore,2050,10,5,5,-0.8142
20862,FI_Wind_Offshore,2050,10,6,6,-0.8142
20863,FI_Wind_Offshore,2050,10,7,7,-0.8142
20864,FI_Wind_Offshore,2050,10,8,8,-0.8142
20865,FI_Wind_Offshore,2050,10,9,9,-0.8142
20866,FI_Wind_Offshore,2050,10,10,10,-0.8142
20867,FI_Wind_Offshore,2050,10,11,11,-0.8142
20868,FI_Wind_Offshore,2050,10,12,12,-1.518
20869,FI_Wind_Offshore,2050,10,13,13,-1.518
20870,FI_Wind_Offshore,2050,10,14,14,-1.518
20871,FI_Wind_Offshore,2050,10,15,15,-1.518
20872,FI_Wind_Offshore,2050,10,16,16,-1.518
20873,FI_Wind_Offshore,2050,10,17,17,-1.518
20874,FI_Wind_Offshore,2050,10,18,18,-0.8142
20875,FI_Wind_Offshore,2050,10,19,19,-0.8142
20876,FI_Wind_Offshore,2050,10,20,20,-0.8142
20877,FI_Wind_Offshore,2050,10,21,21,-0.8142
20878,FI_Wind_Offshore,2050,10,22,22,-0.8142
20879,FI_Wind_Offshore,2050,10,23,23,-0.8142
20880,FI_Wind_Offshore,2050,10,24,24,0.0
20881,FI_Wind_Onshore,2050,1,1,1,-1.749
20882,FI_Wind_Onshore,2050,1,2,2,-1.749
20883,FI_Wind_Onshore,2050,1,3,3,-1.749
20884,FI_Wind_Onshore,2050,1,4,4,-1.749
20885,FI_Wind_Onshore,2050,1,5,5,-1.749
20886,FI_Wind_Onshore,2050,1,6,6,-1.749
20887,FI_Wind_Onshore,2050,1,7,7,-2.703
20888,FI_Wind_Onshore,2050,1,8,8,-2.703
20889,FI_Wind_Onshore,2050,1,9,9,-2.703
20890,FI_Wind_Onshore,2050,1,10,10,-2.703
20891,FI_Wind_Onshore,2050,1,11,11,-2.703
20892,FI_Wind_Onshore,2050,1,12,12,-2.703
20893,FI_Wind_Onshore,2050,1,13,13,-2.703
20894,FI_Wind_Onshore,2050,1,14,14,-1.749
20895,FI_Wind_Onshore,2050,1,15,15,-1.749
20896,FI_Wind_Onshore,2050,1,16,16,-2.703
20897,FI_Wind_Onshore,2050,1,17,17,-2.703
20898,FI_Wind_Onshore,2050,1,18,18,-23.935431411332672
20899,FI_Wind_Onshore,2050,1,19,19,-2.703
20900,FI_Wind_Onshore,2050,1,20,20,-2.703
20901,FI_Wind_Onshore,2050,1,21,21,-2.703
20902,FI_Wind_Onshore,2050,1,22,22,-1.749
20903,FI_Wind_Onshore,2050,1,23,23,-1.749
20904,FI_Wind_Onshore,2050,1,24,24,-1.749
20905,FI_Wind_Onshore,2050,2,1,1,0.0
20906,FI_Wind_Onshore,2050,2,2,2,0.0
20907,FI_Wind_Onshore,2050,2,3,3,0.0
20908,FI_Wind_Onshore,2050,2,4,4,0.0
20909,FI_Wind_Onshore,2050,2,5,5,0.0
20910,FI_Wind_Onshore,2050,2,6,6,0.0
20911,FI_Wind_Onshore,2050,2,7,7,0.0
20912,FI_Wind_Onshore,2050,2,8,8,0.0
20913,FI_Wind_Onshore,2050,2,9,9,0.0
20914,FI_Wind_Onshore,2050,2,10,10,0.0
20915,FI_Wind_Onshore,2050,2,11,11,0.0
20916,FI_Wind_Onshore,2050,2,12,12,0.0
20917,FI_Wind_Onshore,2050,2,13,13,0.0
20918,FI_Wind_Onshore,2050,2,14,14,0.0
20919,FI_Wind_Onshore,2050,2,15,15,-0.5841000000000001
20920,FI_Wind_Onshore,2050,2,16,16,-0.5841000000000001
20921,FI_Wind_Onshore,2050,2,17,17,-0.5841000000000001
20922,FI_Wind_Onshore,2050,2,18,18,-0.5841000000000001
20923,FI_Wind_Onshore,2050,2,19,19,0.0
20924,FI_Wind_Onshore,2050,2,20,20,0.0
20925,FI_Wind_Onshore,2050,2,21,21,0.0
20926,FI_Wind_Onshore,2050,2,22,22,0.0
20927,FI_Wind_Onshore,2050,2,23,23,0.0
20928,FI_Wind_Onshore,2050,2,24,24,0.0
20929,FI_Wind_Onshore,2050,3,1,1,0.0
20930,FI_Wind_Onshore,2050,3,2,2,0.0
20931,FI_Wind_Onshore,2050,3,3,3,0.0
20932,FI_Wind_Onshore,2050,3,4,4,0.0
20933,FI_Wind_Onshore,2050,3,5,5,0.0
20934,FI_Wind_Onshore,2050,3,6,6,0.0
20935,FI_Wind_Onshore,2050,3,7,7,0.0
20936,FI_Wind_Onshore,2050,3,8,8,0.0
20937,FI_Wind_Onshore,2050,3,9,9,0.0
20938,FI_Wind_Onshore,2050,3,10,10,0.0
20939,FI_Wind_Onshore,2050,3,11,11,0.0
20940,FI_Wind_Onshore,2050,3,12,12,0.0
20941,FI_Wind_Onshore,2050,3,13,13,0.0
20942,FI_Wind_Onshore,2050,3,14,14,0.0
20943,FI_Wind_Onshore,2050,3,15,15,0.0
20944,FI_Wind_Onshore,2050,3,16,16,0.0
20945,FI_Wind_Onshore,2050,3,17,17,0.0
20946,FI_Wind_Onshore,2050,3,18,18,0.0
20947,FI_Wind_Onshore,2050,3,19,19,0.0
20948,FI_Wind_Onshore,2050,3,20,20,0.0
20949,FI_Wind_Onshore,2050,3,21,21,0.0
20950,FI_Wind_Onshore,2050,3,22,22,0.0
20951,FI_Wind_Onshore,2050,3,23,23,0.0
20952,FI_Wind_Onshore,2050,3,24,24,0.0
20953,FI_Wind_Onshore,2050,4,1,1,0.0
20954,FI_Wind_Onshore,2050,4,2,2,0.0
20955,FI_Wind_Onshore,2050,4,3,3,0.0
20956,FI_Wind_Onshore,2050,4,4,4,0.0
20957,FI_Wind_Onshore,2050,4,5,5,0.0
20958,FI_Wind_Onshore,2050,4,6,6,0.0
20959,FI_Wind_Onshore,2050,4,7,7,0.0
20960,FI_Wind_Onshore,2050,4,8,8,0.0
20961,FI_Wind_Onshore,2050,4,9,9,0.0
20962,FI_Wind_Onshore,2050,4,10,10,0.0
20963,FI_Wind_Onshore,2050,4,11,11,0.0
20964,FI_Wind_Onshore,2050,4,12,12,0.0
20965,FI_Wind_Onshore,2050,4,13,13,-0.4071
20966,FI_Wind_Onshore,2050,4,14,14,-0.4071
20967,FI_Wind_Onshore,2050,4,15,15,-0.4071
20968,FI_Wind_Onshore,2050,4,16,16,-0.4071
20969,FI_Wind_Onshore,2050,4,17,17,-0.4071
20970,FI_Wind_Onshore,2050,4,18,18,-0.4071
20971,FI_Wind_Onshore,2050,4,19,19,0.0
20972,FI_Wind_Onshore,2050,4,20,20,0.0
20973,FI_Wind_Onshore,2050,4,21,21,0.0
20974,FI_Wind_Onshore,2050,4,22,22,0.0
20975,FI_Wind_Onshore,2050,4,23,23,0.0
20976,FI_Wind_Onshore,2050,4,24,24,0.0
20977,FI_Wind_Onshore,2050,5,1,1,0.0
20978,FI_Wind_Onshore,2050,5,2,2,0.0
20979,FI_Wind_Onshore,2050,5,3,3,0.0
20980,FI_Wind_Onshore,2050,5,4,4,0.0
20981,FI_Wind_Onshore,2050,5,5,5,0.0
20982,FI_Wind_Onshore,2050,5,6,6,0.0
20983,FI_Wind_Onshore,2050,5,7,7,0.0
20984,FI_Wind_Onshore,2050,5,8,8,0.0
20985,FI_Wind_Onshore,2050,5,9,9,0.0
20986,FI_Wind_Onshore,2050,5,10,10,0.0
20987,FI_Wind_Onshore,2050,5,11,11,0.0
20988,FI_Wind_Onshore,2050,5,12,12,0.0
20989,FI_Wind_Onshore,2050,5,13,13,0.0
20990,FI_Wind_Onshore,2050,5,14,14,0.0
20991,FI_Wind_Onshore,2050,5,15,15,0.0
20992,FI_Wind_Onshore,2050,5,16,16,0.0
20993,FI_Wind_Onshore,2050,5,17,17,0.0
20994,FI_Wind_Onshore,2050,5,18,18,0.0
20995,FI_Wind_Onshore,2050,5,19,19,0.0
20996,FI_Wind_Onshore,2050,5,20,20,0.0
20997,FI_Wind_Onshore,2050,5,21,21,0.0
20998,FI_Wind_Onshore,2050,5,22,22,0.0
20999,FI_Wind_Onshore,2050,5,23,23,0.0
21000,FI_Wind_Onshore,2050,5,24,24,0.0
21001,FI_Wind_Onshore,2050,6,1,1,0.0
21002,FI_Wind_Onshore,2050,6,2,2,0.0
21003,FI_Wind_Onshore,2050,6,3,3,-0.3186
21004,FI_Wind_Onshore,2050,6,4,4,-0.3186
21005,FI_Wind_Onshore,2050,6,5,5,-0.3186
21006,FI_Wind_Onshore,2050,6,6,6,-0.3186
21007,FI_Wind_Onshore,2050,6,7,7,-0.3186
21008,FI_Wind_Onshore,2050,6,8,8,-0.3186
21009,FI_Wind_Onshore,2050,6,9,9,-0.3186
21010,FI_Wind_Onshore,2050,6,10,10,-0.3186
21011,FI_Wind_Onshore,2050,6,11,11,-0.3186
21012,FI_Wind_Onshore,2050,6,12,12,-0.3186
21013,FI_Wind_Onshore,2050,6,13,13,-0.3186
21014,FI_Wind_Onshore,2050,6,14,14,-0.3186
21015,FI_Wind_Onshore,2050,6,15,15,-0.3186
21016,FI_Wind_Onshore,2050,6,16,16,-0.3186
21017,FI_Wind_Onshore,2050,6,17,17,-0.3186
21018,FI_Wind_Onshore,2050,6,18,18,-0.5940000000000001
21019,FI_Wind_Onshore,2050,6,19,19,-0.5940000000000001
21020,FI_Wind_Onshore,2050,6,20,20,-0.5940000000000001
21021,FI_Wind_Onshore,2050,6,21,21,-0.5940000000000001
21022,FI_Wind_Onshore,2050,6,22,22,-0.3186
21023,FI_Wind_Onshore,2050,6,23,23,-0.3186
21024,FI_Wind_Onshore,2050,6,24,24,-0.3186
21025,FI_Wind_Onshore,2050,7,1,1,0.0
21026,FI_Wind_Onshore,2050,7,2,2,0.0
21027,FI_Wind_Onshore,2050,7,3,3,0.0
21028,FI_Wind_Onshore,2050,7,4,4,0.0
21029,FI_Wind_Onshore,2050,7,5,5,0.0
21030,FI_Wind_Onshore,2050,7,6,6,0.0
21031,FI_Wind_Onshore,2050,7,7,7,0.0
21032,FI_Wind_Onshore,2050,7,8,8,0.0
21033,FI_Wind_Onshore,2050,7,9,9,0.0
21034,FI_Wind_Onshore,2050,7,10,10,0.0
21035,FI_Wind_Onshore,2050,7,11,11,0.0
21036,FI_Wind_Onshore,2050,7,12,12,0.0
21037,FI_Wind_Onshore,2050,7,13,13,0.0
21038,FI_Wind_Onshore,2050,7,14,14,0.0
21039,FI_Wind_Onshore,2050,7,15,15,0.0
21040,FI_Wind_Onshore,2050,7,16,16,0.0
21041,FI_Wind_Onshore,2050,7,17,17,0.0
21042,FI_Wind_Onshore,2050,7,18,18,0.0
21043,FI_Wind_Onshore,2050,7,19,19,0.0
21044,FI_Wind_Onshore,2050,7,20,20,0.0
21045,FI_Wind_Onshore,2050,7,21,21,0.0
21046,FI_Wind_Onshore,2050,7,22,22,0.0
21047,FI_Wind_Onshore,2050,7,23,23,0.0
21048,FI_Wind_Onshore,2050,7,24,24,0.0
21049,FI_Wind_Onshore,2050,8,1,1,0.0
21050,FI_Wind_Onshore,2050,8,2,2,0.0
21051,FI_Wind_Onshore,2050,8,3,3,0.0
21052,FI_Wind_Onshore,2050,8,4,4,0.0
21053,FI_Wind_Onshore,2050,8,5,5,-0.5487
21054,FI_Wind_Onshore,2050,8,6,6,-0.5487
21055,FI_Wind_Onshore,2050,8,7,7,-0.5487
21056,FI_Wind_Onshore,2050,8,8,8,-0.5487
21057,FI_Wind_Onshore,2050,8,9,9,-0.5487
21058,FI_Wind_Onshore,2050,8,10,10,-0.5487
21059,FI_Wind_Onshore,2050,8,11,11,-0.5487
21060,FI_Wind_Onshore,2050,8,12,12,-0.5487
21061,FI_Wind_Onshore,2050,8,13,13,-0.5487
21062,FI_Wind_Onshore,2050,8,14,14,-0.5487
21063,FI_Wind_Onshore,2050,8,15,15,-0.5487
21064,FI_Wind_Onshore,2050,8,16,16,-0.5487
21065,FI_Wind_Onshore,2050,8,17,17,-0.5487
21066,FI_Wind_Onshore,2050,8,18,18,-0.5487
21067,FI_Wind_Onshore,2050,8,19,19,-0.5487
21068,FI_Wind_Onshore,2050,8,20,20,-0.5487
21069,FI_Wind_Onshore,2050,8,21,21,-0.5487
21070,FI_Wind_Onshore,2050,8,22,22,0.0
21071,FI_Wind_Onshore,2050,8,23,23,0.0
21072,FI_Wind_Onshore,2050,8,24,24,0.0
21073,FI_Wind_Onshore,2050,9,1,1,-1.419
21074,FI_Wind_Onshore,2050,9,2,2,-1.419
21075,FI_Wind_Onshore,2050,9,3,3,-1.419
21076,FI_Wind_Onshore,2050,9,4,4,-1.419
21077,FI_Wind_Onshore,2050,9,5,5,-1.419
21078,FI_Wind_Onshore,2050,9,6,6,-1.419
21079,FI_Wind_Onshore,2050,9,7,7,-1.419
21080,FI_Wind_Onshore,2050,9,8,8,-1.419
21081,FI_Wind_Onshore,2050,9,9,9,-1.419
21082,FI_Wind_Onshore,2050,9,10,10,-1.419
21083,FI_Wind_Onshore,2050,9,11,11,-1.419
21084,FI_Wind_Onshore,2050,9,12,12,-1.419
21085,FI_Wind_Onshore,2050,9,13,13,-1.419
21086,FI_Wind_Onshore,2050,9,14,14,-1.419
21087,FI_Wind_Onshore,2050,9,15,15,-1.419
21088,FI_Wind_Onshore,2050,9,16,16,-1.419
21089,FI_Wind_Onshore,2050,9,17,17,-1.419
21090,FI_Wind_Onshore,2050,9,18,18,-1.419
21091,FI_Wind_Onshore,2050,9,19,19,-1.419
21092,FI_Wind_Onshore,2050,9,20,20,-1.419
21093,FI_Wind_Onshore,2050,9,21,21,-1.419
21094,FI_Wind_Onshore,2050,9,22,22,-0.7611
21095,FI_Wind_Onshore,2050,9,23,23,-0.7611
21096,FI_Wind_Onshore,2050,9,24,24,-0.7611
21097,FI_Wind_Onshore,2050,10,1,1,0.0
21098,FI_Wind_Onshore,2050,10,2,2,0.0
21099,FI_Wind_Onshore,2050,10,3,3,-0.8142
21100,FI_Wind_Onshore,2050,10,4,4,-0.8142
21101,FI_Wind_Onshore,2050,10,5,5,-0.8142
21102,FI_Wind_Onshore,2050,10,6,6,-0.8142
21103,FI_Wind_Onshore,2050,10,7,7,-0.8142
21104,FI_Wind_Onshore,2050,10,8,8,-0.8142
21105,FI_Wind_Onshore,2050,10,9,9,-0.8142
21106,FI_Wind_Onshore,2050,10,10,10,-0.8142
21107,FI_Wind_Onshore,2050,10,11,11,-0.8142
21108,FI_Wind_Onshore,2050,10,12,12,-1.518
21109,FI_Wind_Onshore,2050,10,13,13,-1.518
21110,FI_Wind_Onshore,2050,10,14,14,-1.518
21111,FI_Wind_Onshore,2050,10,15,15,-1.518
21112,FI_Wind_Onshore,2050,10,16,16,-1.518
21113,FI_Wind_Onshore,2050,10,17,17,-1.518
21114,FI_Wind_Onshore,2050,10,18,18,-0.8142
21115,FI_Wind_Onshore,2050,10,19,19,-0.8142
21116,FI_Wind_Onshore,2050,10,20,20,-0.8142
21117,FI_Wind_Onshore,2050,10,21,21,-0.8142
21118,FI_Wind_Onshore,2050,10,22,22,-0.8142
21119,FI_Wind_Onshore,2050,10,23,23,-0.8142
21120,FI_Wind_Onshore,2050,10,24,24,0.0
21121,FR_Battery,2050,1,1,1,0.0
21122,FR_Battery,2050,1,2,2,0.0
21123,FR_Battery,2050,1,3,3,0.0
21124,FR_Battery,2050,1,4,4,0.0
21125,FR_Battery,2050,1,5,5,0.0
21126,FR_Battery,2050,1,6,6,0.0
21127,FR_Battery,2050,1,7,7,0.0
21128,FR_Battery,2050,1,8,8,0.0
21129,FR_Battery,2050,1,9,9,0.0
21130,FR_Battery,2050,1,10,10,0.0
21131,FR_Battery,2050,1,11,11,0.0
21132,FR_Battery,2050,1,12,12,0.0
21133,FR_Battery,2050,1,13,13,0.0
21134,FR_Battery,2050,1,14,14,0.0
21135,FR_Battery,2050,1,15,15,0.0
21136,FR_Battery,2050,1,16,16,0.0
21137,FR_Battery,2050,1,17,17,0.0
21138,FR_Battery,2050,1,18,18,0.0
21139,FR_Battery,2050,1,19,19,0.0
21140,FR_Battery,2050,1,20,20,0.0
21141,FR_Battery,2050,1,21,21,0.0
21142,FR_Battery,2050,1,22,22,0.0
21143,FR_Battery,2050,1,23,23,0.0
21144,FR_Battery,2050,1,24,24,0.0
21145,FR_Battery,2050,2,1,1,0.0
21146,FR_Battery,2050,2,2,2,0.0
21147,FR_Battery,2050,2,3,3,0.0
21148,FR_Battery,2050,2,4,4,0.0
21149,FR_Battery,2050,2,5,5,0.0
21150,FR_Battery,2050,2,6,6,0.0
21151,FR_Battery,2050,2,7,7,0.0
21152,FR_Battery,2050,2,8,8,0.0
21153,FR_Battery,2050,2,9,9,0.0
21154,FR_Battery,2050,2,10,10,0.0
21155,FR_Battery,2050,2,11,11,0.0
21156,FR_Battery,2050,2,12,12,0.0
21157,FR_Battery,2050,2,13,13,0.0
21158,FR_Battery,2050,2,14,14,0.0
21159,FR_Battery,2050,2,15,15,0.0
21160,FR_Battery,2050,2,16,16,0.0
21161,FR_Battery,2050,2,17,17,0.0
21162,FR_Battery,2050,2,18,18,0.0
21163,FR_Battery,2050,2,19,19,0.0
21164,FR_Battery,2050,2,20,20,0.0
21165,FR_Battery,2050,2,21,21,0.0
21166,FR_Battery,2050,2,22,22,0.0
21167,FR_Battery,2050,2,23,23,0.0
21168,FR_Battery,2050,2,24,24,0.0
21169,FR_Battery,2050,3,1,1,0.0
21170,FR_Battery,2050,3,2,2,0.0
21171,FR_Battery,2050,3,3,3,0.0
21172,FR_Battery,2050,3,4,4,0.0
21173,FR_Battery,2050,3,5,5,0.0
21174,FR_Battery,2050,3,6,6,0.0
21175,FR_Battery,2050,3,7,7,0.0
21176,FR_Battery,2050,3,8,8,0.0
21177,FR_Battery,2050,3,9,9,0.0
21178,FR_Battery,2050,3,10,10,0.0
21179,FR_Battery,2050,3,11,11,0.0
21180,FR_Battery,2050,3,12,12,0.0
21181,FR_Battery,2050,3,13,13,0.0
21182,FR_Battery,2050,3,14,14,0.0
21183,FR_Battery,2050,3,15,15,0.0
21184,FR_Battery,2050,3,16,16,0.0
21185,FR_Battery,2050,3,17,17,0.0
21186,FR_Battery,2050,3,18,18,0.0
21187,FR_Battery,2050,3,19,19,0.0
21188,FR_Battery,2050,3,20,20,0.0
21189,FR_Battery,2050,3,21,21,0.0
21190,FR_Battery,2050,3,22,22,0.0
21191,FR_Battery,2050,3,23,23,0.0
21192,FR_Battery,2050,3,24,24,0.0
21193,FR_Battery,2050,4,1,1,0.0
21194,FR_Battery,2050,4,2,2,0.0
21195,FR_Battery,2050,4,3,3,0.0
21196,FR_Battery,2050,4,4,4,0.0
21197,FR_Battery,2050,4,5,5,0.0
21198,FR_Battery,2050,4,6,6,0.0
21199,FR_Battery,2050,4,7,7,0.0
21200,FR_Battery,2050,4,8,8,0.0
21201,FR_Battery,2050,4,9,9,0.0
21202,FR_Battery,2050,4,10,10,0.0
21203,FR_Battery,2050,4,11,11,0.0
21204,FR_Battery,2050,4,12,12,0.0
21205,FR_Battery,2050,4,13,13,0.0
21206,FR_Battery,2050,4,14,14,0.0
21207,FR_Battery,2050,4,15,15,0.0
21208,FR_Battery,2050,4,16,16,0.0
21209,FR_Battery,2050,4,17,17,0.0
21210,FR_Battery,2050,4,18,18,0.0
21211,FR_Battery,2050,4,19,19,0.0
21212,FR_Battery,2050,4,20,20,0.0
21213,FR_Battery,2050,4,21,21,0.0
21214,FR_Battery,2050,4,22,22,0.0
21215,FR_Battery,2050,4,23,23,0.0
21216,FR_Battery,2050,4,24,24,0.0
21217,FR_Battery,2050,5,1,1,0.0
21218,FR_Battery,2050,5,2,2,0.0
21219,FR_Battery,2050,5,3,3,0.0
21220,FR_Battery,2050,5,4,4,0.0
21221,FR_Battery,2050,5,5,5,0.0
21222,FR_Battery,2050,5,6,6,0.0
21223,FR_Battery,2050,5,7,7,0.0
21224,FR_Battery,2050,5,8,8,0.0
21225,FR_Battery,2050,5,9,9,0.0
21226,FR_Battery,2050,5,10,10,0.0
21227,FR_Battery,2050,5,11,11,0.0
21228,FR_Battery,2050,5,12,12,0.0
21229,FR_Battery,2050,5,13,13,0.0
21230,FR_Battery,2050,5,14,14,0.0
21231,FR_Battery,2050,5,15,15,0.0
21232,FR_Battery,2050,5,16,16,0.0
21233,FR_Battery,2050,5,17,17,0.0
21234,FR_Battery,2050,5,18,18,0.0
21235,FR_Battery,2050,5,19,19,0.0
21236,FR_Battery,2050,5,20,20,0.0
21237,FR_Battery,2050,5,21,21,0.0
21238,FR_Battery,2050,5,22,22,0.0
21239,FR_Battery,2050,5,23,23,0.0
21240,FR_Battery,2050,5,24,24,0.0
21241,FR_Battery,2050,6,1,1,0.0
21242,FR_Battery,2050,6,2,2,0.0
21243,FR_Battery,2050,6,3,3,0.0
21244,FR_Battery,2050,6,4,4,0.0
21245,FR_Battery,2050,6,5,5,0.0
21246,FR_Battery,2050,6,6,6,0.0
21247,FR_Battery,2050,6,7,7,0.0
21248,FR_Battery,2050,6,8,8,0.0
21249,FR_Battery,2050,6,9,9,0.0
21250,FR_Battery,2050,6,10,10,0.0
21251,FR_Battery,2050,6,11,11,0.0
21252,FR_Battery,2050,6,12,12,0.0
21253,FR_Battery,2050,6,13,13,0.0
21254,FR_Battery,2050,6,14,14,0.0
21255,FR_Battery,2050,6,15,15,0.0
21256,FR_Battery,2050,6,16,16,0.0
21257,FR_Battery,2050,6,17,17,0.0
21258,FR_Battery,2050,6,18,18,0.0
21259,FR_Battery,2050,6,19,19,0.0
21260,FR_Battery,2050,6,20,20,0.0
21261,FR_Battery,2050,6,21,21,0.0
21262,FR_Battery,2050,6,22,22,0.0
21263,FR_Battery,2050,6,23,23,0.0
21264,FR_Battery,2050,6,24,24,0.0
21265,FR_Battery,2050,7,1,1,0.0
21266,FR_Battery,2050,7,2,2,0.0
21267,FR_Battery,2050,7,3,3,0.0
21268,FR_Battery,2050,7,4,4,0.0
21269,FR_Battery,2050,7,5,5,0.0
21270,FR_Battery,2050,7,6,6,0.0
21271,FR_Battery,2050,7,7,7,0.0
21272,FR_Battery,2050,7,8,8,0.0
21273,FR_Battery,2050,7,9,9,0.0
21274,FR_Battery,2050,7,10,10,0.0
21275,FR_Battery,2050,7,11,11,0.0
21276,FR_Battery,2050,7,12,12,0.0
21277,FR_Battery,2050,7,13,13,0.0
21278,FR_Battery,2050,7,14,14,0.0
21279,FR_Battery,2050,7,15,15,0.0
21280,FR_Battery,2050,7,16,16,0.0
21281,FR_Battery,2050,7,17,17,0.0
21282,FR_Battery,2050,7,18,18,0.0
21283,FR_Battery,2050,7,19,19,0.0
21284,FR_Battery,2050,7,20,20,0.0
21285,FR_Battery,2050,7,21,21,0.0
21286,FR_Battery,2050,7,22,22,-13.396165705666336
21287,FR_Battery,2050,7,23,23,0.0
21288,FR_Battery,2050,7,24,24,0.0
21289,FR_Battery,2050,8,1,1,0.0
21290,FR_Battery,2050,8,2,2,0.0
21291,FR_Battery,2050,8,3,3,0.0
21292,FR_Battery,2050,8,4,4,0.0
21293,FR_Battery,2050,8,5,5,0.0
21294,FR_Battery,2050,8,6,6,0.0
21295,FR_Battery,2050,8,7,7,0.0
21296,FR_Battery,2050,8,8,8,0.0
21297,FR_Battery,2050,8,9,9,0.0
21298,FR_Battery,2050,8,10,10,0.0
21299,FR_Battery,2050,8,11,11,0.0
21300,FR_Battery,2050,8,12,12,0.0
21301,FR_Battery,2050,8,13,13,0.0
21302,FR_Battery,2050,8,14,14,0.0
21303,FR_Battery,2050,8,15,15,0.0
21304,FR_Battery,2050,8,16,16,0.0
21305,FR_Battery,2050,8,17,17,0.0
21306,FR_Battery,2050,8,18,18,0.0
21307,FR_Battery,2050,8,19,19,0.0
21308,FR_Battery,2050,8,20,20,0.0
21309,FR_Battery,2050,8,21,21,0.0
21310,FR_Battery,2050,8,22,22,0.0
21311,FR_Battery,2050,8,23,23,0.0
21312,FR_Battery,2050,8,24,24,0.0
21313,FR_Battery,2050,9,1,1,0.0
21314,FR_Battery,2050,9,2,2,0.0
21315,FR_Battery,2050,9,3,3,0.0
21316,FR_Battery,2050,9,4,4,0.0
21317,FR_Battery,2050,9,5,5,0.0
21318,FR_Battery,2050,9,6,6,0.0
21319,FR_Battery,2050,9,7,7,0.0
21320,FR_Battery,2050,9,8,8,0.0
21321,FR_Battery,2050,9,9,9,0.0
21322,FR_Battery,2050,9,10,10,0.0
21323,FR_Battery,2050,9,11,11,0.0
21324,FR_Battery,2050,9,12,12,0.0
21325,FR_Battery,2050,9,13,13,0.0
21326,FR_Battery,2050,9,14,14,0.0
21327,FR_Battery,2050,9,15,15,0.0
21328,FR_Battery,2050,9,16,16,0.0
21329,FR_Battery,2050,9,17,17,0.0
21330,FR_Battery,2050,9,18,18,0.0
21331,FR_Battery,2050,9,19,19,0.0
21332,FR_Battery,2050,9,20,20,0.0
21333,FR_Battery,2050,9,21,21,0.0
21334,FR_Battery,2050,9,22,22,0.0
21335,FR_Battery,2050,9,23,23,0.0
21336,FR_Battery,2050,9,24,24,0.0
21337,FR_Battery,2050,10,1,1,0.0
21338,FR_Battery,2050,10,2,2,0.0
21339,FR_Battery,2050,10,3,3,0.0
21340,FR_Battery,2050,10,4,4,0.0
21341,FR_Battery,2050,10,5,5,0.0
21342,FR_Battery,2050,10,6,6,0.0
21343,FR_Battery,2050,10,7,7,0.0
21344,FR_Battery,2050,10,8,8,0.0
21345,FR_Battery,2050,10,9,9,0.0
21346,FR_Battery,2050,10,10,10,0.0
21347,FR_Battery,2050,10,11,11,0.0
21348,FR_Battery,2050,10,12,12,0.0
21349,FR_Battery,2050,10,13,13,0.0
21350,FR_Battery,2050,10,14,14,0.0
21351,FR_Battery,2050,10,15,15,0.0
21352,FR_Battery,2050,10,16,16,0.0
21353,FR_Battery,2050,10,17,17,0.0
21354,FR_Battery,2050,10,18,18,0.0
21355,FR_Battery,2050,10,19,19,0.0
21356,FR_Battery,2050,10,20,20,0.0
21357,FR_Battery,2050,10,21,21,0.0
21358,FR_Battery,2050,10,22,22,0.0
21359,FR_Battery,2050,10,23,23,0.0
21360,FR_Battery,2050,10,24,24,0.0
21361,FR_CCGT,2050,1,1,1,0.0
21362,FR_CCGT,2050,1,2,2,0.0
21363,FR_CCGT,2050,1,3,3,0.0
21364,FR_CCGT,2050,1,4,4,0.0
21365,FR_CCGT,2050,1,5,5,0.0
21366,FR_CCGT,2050,1,6,6,0.0
21367,FR_CCGT,2050,1,7,7,0.0
21368,FR_CCGT,2050,1,8,8,0.0
21369,FR_CCGT,2050,1,9,9,-0.9539999999999997
21370,FR_CCGT,2050,1,10,10,-0.9539999999999997
21371,FR_CCGT,2050,1,11,11,-0.9539999999999997
21372,FR_CCGT,2050,1,12,12,-0.9539999999999997
21373,FR_CCGT,2050,1,13,13,-0.9539999999999997
21374,FR_CCGT,2050,1,14,14,0.0
21375,FR_CCGT,2050,1,15,15,0.0
21376,FR_CCGT,2050,1,16,16,0.0
21377,FR_CCGT,2050,1,17,17,0.0
21378,FR_CCGT,2050,1,18,18,0.0
21379,FR_CCGT,2050,1,19,19,0.0
21380,FR_CCGT,2050,1,20,20,0.0
21381,FR_CCGT,2050,1,21,21,0.0
21382,FR_CCGT,2050,1,22,22,0.0
21383,FR_CCGT,2050,1,23,23,0.0
21384,FR_CCGT,2050,1,24,24,0.0
21385,FR_CCGT,2050,2,1,1,0.0
21386,FR_CCGT,2050,2,2,2,0.0
21387,FR_CCGT,2050,2,3,3,0.0
21388,FR_CCGT,2050,2,4,4,0.0
21389,FR_CCGT,2050,2,5,5,0.0
21390,FR_CCGT,2050,2,6,6,0.0
21391,FR_CCGT,2050,2,7,7,0.0
21392,FR_CCGT,2050,2,8,8,0.0
21393,FR_CCGT,2050,2,9,9,0.0
21394,FR_CCGT,2050,2,10,10,0.0
21395,FR_CCGT,2050,2,11,11,0.0
21396,FR_CCGT,2050,2,12,12,0.0
21397,FR_CCGT,2050,2,13,13,0.0
21398,FR_CCGT,2050,2,14,14,0.0
21399,FR_CCGT,2050,2,15,15,0.0
21400,FR_CCGT,2050,2,16,16,0.0
21401,FR_CCGT,2050,2,17,17,0.0
21402,FR_CCGT,2050,2,18,18,0.0
21403,FR_CCGT,2050,2,19,19,0.0
21404,FR_CCGT,2050,2,20,20,0.0
21405,FR_CCGT,2050,2,21,21,0.0
21406,FR_CCGT,2050,2,22,22,0.0
21407,FR_CCGT,2050,2,23,23,0.0
21408,FR_CCGT,2050,2,24,24,0.0
21409,FR_CCGT,2050,3,1,1,0.0
21410,FR_CCGT,2050,3,2,2,0.0
21411,FR_CCGT,2050,3,3,3,0.0
21412,FR_CCGT,2050,3,4,4,0.0
21413,FR_CCGT,2050,3,5,5,0.0
21414,FR_CCGT,2050,3,6,6,0.0
21415,FR_CCGT,2050,3,7,7,0.0
21416,FR_CCGT,2050,3,8,8,0.0
21417,FR_CCGT,2050,3,9,9,0.0
21418,FR_CCGT,2050,3,10,10,0.0
21419,FR_CCGT,2050,3,11,11,0.0
21420,FR_CCGT,2050,3,12,12,0.0
21421,FR_CCGT,2050,3,13,13,0.0
21422,FR_CCGT,2050,3,14,14,0.0
21423,FR_CCGT,2050,3,15,15,0.0
21424,FR_CCGT,2050,3,16,16,0.0
21425,FR_CCGT,2050,3,17,17,0.0
21426,FR_CCGT,2050,3,18,18,0.0
21427,FR_CCGT,2050,3,19,19,0.0
21428,FR_CCGT,2050,3,20,20,0.0
21429,FR_CCGT,2050,3,21,21,0.0
21430,FR_CCGT,2050,3,22,22,0.0
21431,FR_CCGT,2050,3,23,23,0.0
21432,FR_CCGT,2050,3,24,24,0.0
21433,FR_CCGT,2050,4,1,1,0.0
21434,FR_CCGT,2050,4,2,2,0.0
21435,FR_CCGT,2050,4,3,3,0.0
21436,FR_CCGT,2050,4,4,4,0.0
21437,FR_CCGT,2050,4,5,5,0.0
21438,FR_CCGT,2050,4,6,6,0.0
21439,FR_CCGT,2050,4,7,7,0.0
21440,FR_CCGT,2050,4,8,8,0.0
21441,FR_CCGT,2050,4,9,9,0.0
21442,FR_CCGT,2050,4,10,10,0.0
21443,FR_CCGT,2050,4,11,11,0.0
21444,FR_CCGT,2050,4,12,12,0.0
21445,FR_CCGT,2050,4,13,13,0.0
21446,FR_CCGT,2050,4,14,14,0.0
21447,FR_CCGT,2050,4,15,15,0.0
21448,FR_CCGT,2050,4,16,16,0.0
21449,FR_CCGT,2050,4,17,17,0.0
21450,FR_CCGT,2050,4,18,18,0.0
21451,FR_CCGT,2050,4,19,19,0.0
21452,FR_CCGT,2050,4,20,20,0.0
21453,FR_CCGT,2050,4,21,21,0.0
21454,FR_CCGT,2050,4,22,22,0.0
21455,FR_CCGT,2050,4,23,23,0.0
21456,FR_CCGT,2050,4,24,24,0.0
21457,FR_CCGT,2050,5,1,1,0.0
21458,FR_CCGT,2050,5,2,2,0.0
21459,FR_CCGT,2050,5,3,3,0.0
21460,FR_CCGT,2050,5,4,4,0.0
21461,FR_CCGT,2050,5,5,5,0.0
21462,FR_CCGT,2050,5,6,6,0.0
21463,FR_CCGT,2050,5,7,7,0.0
21464,FR_CCGT,2050,5,8,8,0.0
21465,FR_CCGT,2050,5,9,9,0.0
21466,FR_CCGT,2050,5,10,10,0.0
21467,FR_CCGT,2050,5,11,11,0.0
21468,FR_CCGT,2050,5,12,12,0.0
21469,FR_CCGT,2050,5,13,13,0.0
21470,FR_CCGT,2050,5,14,14,0.0
21471,FR_CCGT,2050,5,15,15,0.0
21472,FR_CCGT,2050,5,16,16,0.0
21473,FR_CCGT,2050,5,17,17,0.0
21474,FR_CCGT,2050,5,18,18,0.0
21475,FR_CCGT,2050,5,19,19,0.0
21476,FR_CCGT,2050,5,20,20,0.0
21477,FR_CCGT,2050,5,21,21,0.0
21478,FR_CCGT,2050,5,22,22,0.0
21479,FR_CCGT,2050,5,23,23,0.0
21480,FR_CCGT,2050,5,24,24,0.0
21481,FR_CCGT,2050,6,1,1,0.0
21482,FR_CCGT,2050,6,2,2,0.0
21483,FR_CCGT,2050,6,3,3,0.0
21484,FR_CCGT,2050,6,4,4,0.0
21485,FR_CCGT,2050,6,5,5,0.0
21486,FR_CCGT,2050,6,6,6,0.0
21487,FR_CCGT,2050,6,7,7,0.0
21488,FR_CCGT,2050,6,8,8,0.0
21489,FR_CCGT,2050,6,9,9,0.0
21490,FR_CCGT,2050,6,10,10,0.0
21491,FR_CCGT,2050,6,11,11,0.0
21492,FR_CCGT,2050,6,12,12,0.0
21493,FR_CCGT,2050,6,13,13,0.0
21494,FR_CCGT,2050,6,14,14,0.0
21495,FR_CCGT,2050,6,15,15,0.0
21496,FR_CCGT,2050,6,16,16,0.0
21497,FR_CCGT,2050,6,17,17,0.0
21498,FR_CCGT,2050,6,18,18,0.0
21499,FR_CCGT,2050,6,19,19,0.0
21500,FR_CCGT,2050,6,20,20,0.0
21501,FR_CCGT,2050,6,21,21,0.0
21502,FR_CCGT,2050,6,22,22,0.0
21503,FR_CCGT,2050,6,23,23,0.0
21504,FR_CCGT,2050,6,24,24,0.0
21505,FR_CCGT,2050,7,1,1,0.0
21506,FR_CCGT,2050,7,2,2,0.0
21507,FR_CCGT,2050,7,3,3,0.0
21508,FR_CCGT,2050,7,4,4,0.0
21509,FR_CCGT,2050,7,5,5,0.0
21510,FR_CCGT,2050,7,6,6,0.0
21511,FR_CCGT,2050,7,7,7,-0.6659999999999997
21512,FR_CCGT,2050,7,8,8,-0.6659999999999997
21513,FR_CCGT,2050,7,9,9,-0.6659999999999997
21514,FR_CCGT,2050,7,10,10,-0.6659999999999997
21515,FR_CCGT,2050,7,11,11,-0.6659999999999997
21516,FR_CCGT,2050,7,12,12,-0.6659999999999997
21517,FR_CCGT,2050,7,13,13,-0.6659999999999997
21518,FR_CCGT,2050,7,14,14,-0.6659999999999997
21519,FR_CCGT,2050,7,15,15,0.0
21520,FR_CCGT,2050,7,16,16,0.0
21521,FR_CCGT,2050,7,17,17,0.0
21522,FR_CCGT,2050,7,18,18,-0.6659999999999997
21523,FR_CCGT,2050,7,19,19,-0.6659999999999997
21524,FR_CCGT,2050,7,20,20,-0.6659999999999997
21525,FR_CCGT,2050,7,21,21,-0.6659999999999997
21526,FR_CCGT,2050,7,22,22,-17.375631411332673
21527,FR_CCGT,2050,7,23,23,-3.979465705666338
21528,FR_CCGT,2050,7,24,24,0.0
21529,FR_CCGT,2050,8,1,1,0.0
21530,FR_CCGT,2050,8,2,2,0.0
21531,FR_CCGT,2050,8,3,3,0.0
21532,FR_CCGT,2050,8,4,4,0.0
21533,FR_CCGT,2050,8,5,5,0.0
21534,FR_CCGT,2050,8,6,6,0.0
21535,FR_CCGT,2050,8,7,7,0.0
21536,FR_CCGT,2050,8,8,8,0.0
21537,FR_CCGT,2050,8,9,9,0.0
21538,FR_CCGT,2050,8,10,10,0.0
21539,FR_CCGT,2050,8,11,11,0.0
21540,FR_CCGT,2050,8,12,12,0.0
21541,FR_CCGT,2050,8,13,13,0.0
21542,FR_CCGT,2050,8,14,14,0.0
21543,FR_CCGT,2050,8,15,15,0.0
21544,FR_CCGT,2050,8,16,16,0.0
21545,FR_CCGT,2050,8,17,17,0.0
21546,FR_CCGT,2050,8,18,18,0.0
21547,FR_CCGT,2050,8,19,19,0.0
21548,FR_CCGT,2050,8,20,20,0.0
21549,FR_CCGT,2050,8,21,21,0.0
21550,FR_CCGT,2050,8,22,22,0.0
21551,FR_CCGT,2050,8,23,23,0.0
21552,FR_CCGT,2050,8,24,24,0.0
21553,FR_CCGT,2050,9,1,1,0.0
21554,FR_CCGT,2050,9,2,2,0.0
21555,FR_CCGT,2050,9,3,3,0.0
21556,FR_CCGT,2050,9,4,4,0.0
21557,FR_CCGT,2050,9,5,5,0.0
21558,FR_CCGT,2050,9,6,6,0.0
21559,FR_CCGT,2050,9,7,7,0.0
21560,FR_CCGT,2050,9,8,8,0.0
21561,FR_CCGT,2050,9,9,9,0.0
21562,FR_CCGT,2050,9,10,10,0.0
21563,FR_CCGT,2050,9,11,11,0.0
21564,FR_CCGT,2050,9,12,12,0.0
21565,FR_CCGT,2050,9,13,13,0.0
21566,FR_CCGT,2050,9,14,14,0.0
21567,FR_CCGT,2050,9,15,15,0.0
21568,FR_CCGT,2050,9,16,16,0.0
21569,FR_CCGT,2050,9,17,17,0.0
21570,FR_CCGT,2050,9,18,18,0.0
21571,FR_CCGT,2050,9,19,19,0.0
21572,FR_CCGT,2050,9,20,20,0.0
21573,FR_CCGT,2050,9,21,21,0.0
21574,FR_CCGT,2050,9,22,22,0.0
21575,FR_CCGT,2050,9,23,23,0.0
21576,FR_CCGT,2050,9,24,24,0.0
21577,FR_CCGT,2050,10,1,1,0.0
21578,FR_CCGT,2050,10,2,2,0.0
21579,FR_CCGT,2050,10,3,3,0.0
21580,FR_CCGT,2050,10,4,4,0.0
21581,FR_CCGT,2050,10,5,5,0.0
21582,FR_CCGT,2050,10,6,6,0.0
21583,FR_CCGT,2050,10,7,7,0.0
21584,FR_CCGT,2050,10,8,8,0.0
21585,FR_CCGT,2050,10,9,9,0.0
21586,FR_CCGT,2050,10,10,10,0.0
21587,FR_CCGT,2050,10,11,11,0.0
21588,FR_CCGT,2050,10,12,12,0.0
21589,FR_CCGT,2050,10,13,13,0.0
21590,FR_CCGT,2050,10,14,14,0.0
21591,FR_CCGT,2050,10,15,15,0.0
21592,FR_CCGT,2050,10,16,16,0.0
21593,FR_CCGT,2050,10,17,17,0.0
21594,FR_CCGT,2050,10,18,18,0.0
21595,FR_CCGT,2050,10,19,19,0.0
21596,FR_CCGT,2050,10,20,20,0.0
21597,FR_CCGT,2050,10,21,21,0.0
21598,FR_CCGT,2050,10,22,22,0.0
21599,FR_CCGT,2050,10,23,23,0.0
21600,FR_CCGT,2050,10,24,24,0.0
21601,FR_Coal,2050,1,1,1,-0.8109000000000001
21602,FR_Coal,2050,1,2,2,0.0
21603,FR_Coal,2050,1,3,3,0.0
21604,FR_Coal,2050,1,4,4,0.0
21605,FR_Coal,2050,1,5,5,0.0
21606,FR_Coal,2050,1,6,6,-0.8109000000000001
21607,FR_Coal,2050,1,7,7,-0.8109000000000001
21608,FR_Coal,2050,1,8,8,-0.8109000000000001
21609,FR_Coal,2050,1,9,9,-1.7649
21610,FR_Coal,2050,1,10,10,-1.7649
21611,FR_Coal,2050,1,11,11,-1.7649
21612,FR_Coal,2050,1,12,12,-1.7649
21613,FR_Coal,2050,1,13,13,-1.7649
21614,FR_Coal,2050,1,14,14,-0.8109000000000001
21615,FR_Coal,2050,1,15,15,-0.8109000000000001
21616,FR_Coal,2050,1,16,16,-0.8109000000000001
21617,FR_Coal,2050,1,17,17,-0.8109000000000001
21618,FR_Coal,2050,1,18,18,-0.8109000000000001
21619,FR_Coal,2050,1,19,19,-0.8109000000000001
21620,FR_Coal,2050,1,20,20,-0.8109000000000001
21621,FR_Coal,2050,1,21,21,-0.8109000000000001
21622,FR_Coal,2050,1,22,22,-0.8109000000000001
21623,FR_Coal,2050,1,23,23,-0.8109000000000001
21624,FR_Coal,2050,1,24,24,0.0
21625,FR_Coal,2050,2,1,1,0.0
21626,FR_Coal,2050,2,2,2,0.0
21627,FR_Coal,2050,2,3,3,0.0
21628,FR_Coal,2050,2,4,4,0.0
21629,FR_Coal,2050,2,5,5,0.0
21630,FR_Coal,2050,2,6,6,0.0
21631,FR_Coal,2050,2,7,7,0.0
21632,FR_Coal,2050,2,8,8,0.0
21633,FR_Coal,2050,2,9,9,0.0
21634,FR_Coal,2050,2,10,10,0.0
21635,FR_Coal,2050,2,11,11,0.0
21636,FR_Coal,2050,2,12,12,0.0
21637,FR_Coal,2050,2,13,13,0.0
21638,FR_Coal,2050,2,14,14,0.0
21639,FR_Coal,2050,2,15,15,0.0
21640,FR_Coal,2050,2,16,16,0.0
21641,FR_Coal,2050,2,17,17,0.0
21642,FR_Coal,2050,2,18,18,0.0
21643,FR_Coal,2050,2,19,19,0.0
21644,FR_Coal,2050,2,20,20,0.0
21645,FR_Coal,2050,2,21,21,0.0
21646,FR_Coal,2050,2,22,22,0.0
21647,FR_Coal,2050,2,23,23,0.0
21648,FR_Coal,2050,2,24,24,0.0
21649,FR_Coal,2050,3,1,1,0.0
21650,FR_Coal,2050,3,2,2,0.0
21651,FR_Coal,2050,3,3,3,0.0
21652,FR_Coal,2050,3,4,4,0.0
21653,FR_Coal,2050,3,5,5,0.0
21654,FR_Coal,2050,3,6,6,0.0
21655,FR_Coal,2050,3,7,7,0.0
21656,FR_Coal,2050,3,8,8,0.0
21657,FR_Coal,2050,3,9,9,0.0
21658,FR_Coal,2050,3,10,10,0.0
21659,FR_Coal,2050,3,11,11,0.0
21660,FR_Coal,2050,3,12,12,0.0
21661,FR_Coal,2050,3,13,13,0.0
21662,FR_Coal,2050,3,14,14,0.0
21663,FR_Coal,2050,3,15,15,0.0
21664,FR_Coal,2050,3,16,16,0.0
21665,FR_Coal,2050,3,17,17,0.0
21666,FR_Coal,2050,3,18,18,0.0
21667,FR_Coal,2050,3,19,19,0.0
21668,FR_Coal,2050,3,20,20,0.0
21669,FR_Coal,2050,3,21,21,0.0
21670,FR_Coal,2050,3,22,22,0.0
21671,FR_Coal,2050,3,23,23,0.0
21672,FR_Coal,2050,3,24,24,0.0
21673,FR_Coal,2050,4,1,1,0.0
21674,FR_Coal,2050,4,2,2,0.0
21675,FR_Coal,2050,4,3,3,0.0
21676,FR_Coal,2050,4,4,4,0.0
21677,FR_Coal,2050,4,5,5,0.0
21678,FR_Coal,2050,4,6,6,0.0
21679,FR_Coal,2050,4,7,7,0.0
21680,FR_Coal,2050,4,8,8,0.0
21681,FR_Coal,2050,4,9,9,0.0
21682,FR_Coal,2050,4,10,10,0.0
21683,FR_Coal,2050,4,11,11,0.0
21684,FR_Coal,2050,4,12,12,0.0
21685,FR_Coal,2050,4,13,13,0.0
21686,FR_Coal,2050,4,14,14,0.0
21687,FR_Coal,2050,4,15,15,0.0
21688,FR_Coal,2050,4,16,16,0.0
21689,FR_Coal,2050,4,17,17,0.0
21690,FR_Coal,2050,4,18,18,0.0
21691,FR_Coal,2050,4,19,19,0.0
21692,FR_Coal,2050,4,20,20,0.0
21693,FR_Coal,2050,4,21,21,0.0
21694,FR_Coal,2050,4,22,22,0.0
21695,FR_Coal,2050,4,23,23,0.0
21696,FR_Coal,2050,4,24,24,0.0
21697,FR_Coal,2050,5,1,1,0.0
21698,FR_Coal,2050,5,2,2,0.0
21699,FR_Coal,2050,5,3,3,0.0
21700,FR_Coal,2050,5,4,4,0.0
21701,FR_Coal,2050,5,5,5,0.0
21702,FR_Coal,2050,5,6,6,0.0
21703,FR_Coal,2050,5,7,7,0.0
21704,FR_Coal,2050,5,8,8,0.0
21705,FR_Coal,2050,5,9,9,0.0
21706,FR_Coal,2050,5,10,10,0.0
21707,FR_Coal,2050,5,11,11,0.0
21708,FR_Coal,2050,5,12,12,0.0
21709,FR_Coal,2050,5,13,13,0.0
21710,FR_Coal,2050,5,14,14,0.0
21711,FR_Coal,2050,5,15,15,0.0
21712,FR_Coal,2050,5,16,16,0.0
21713,FR_Coal,2050,5,17,17,0.0
21714,FR_Coal,2050,5,18,18,0.0
21715,FR_Coal,2050,5,19,19,0.0
21716,FR_Coal,2050,5,20,20,0.0
21717,FR_Coal,2050,5,21,21,0.0
21718,FR_Coal,2050,5,22,22,0.0
21719,FR_Coal,2050,5,23,23,0.0
21720,FR_Coal,2050,5,24,24,0.0
21721,FR_Coal,2050,6,1,1,0.0
21722,FR_Coal,2050,6,2,2,0.0
21723,FR_Coal,2050,6,3,3,0.0
21724,FR_Coal,2050,6,4,4,0.0
21725,FR_Coal,2050,6,5,5,0.0
21726,FR_Coal,2050,6,6,6,0.0
21727,FR_Coal,2050,6,7,7,0.0
21728,FR_Coal,2050,6,8,8,0.0
21729,FR_Coal,2050,6,9,9,0.0
21730,FR_Coal,2050,6,10,10,0.0
21731,FR_Coal,2050,6,11,11,0.0
21732,FR_Coal,2050,6,12,12,0.0
21733,FR_Coal,2050,6,13,13,0.0
21734,FR_Coal,2050,6,14,14,0.0
21735,FR_Coal,2050,6,15,15,0.0
21736,FR_Coal,2050,6,16,16,0.0
21737,FR_Coal,2050,6,17,17,0.0
21738,FR_Coal,2050,6,18,18,0.0
21739,FR_Coal,2050,6,19,19,0.0
21740,FR_Coal,2050,6,20,20,0.0
21741,FR_Coal,2050,6,21,21,0.0
21742,FR_Coal,2050,6,22,22,0.0
21743,FR_Coal,2050,6,23,23,0.0
21744,FR_Coal,2050,6,24,24,0.0
21745,FR_Coal,2050,7,1,1,-0.5661
21746,FR_Coal,2050,7,2,2,0.0
21747,FR_Coal,2050,7,3,3,0.0
21748,FR_Coal,2050,7,4,4,0.0
21749,FR_Coal,2050,7,5,5,-0.5661
21750,FR_Coal,2050,7,6,6,-0.5661
21751,FR_Coal,2050,7,7,7,-1.2320999999999998
21752,FR_Coal,2050,7,8,8,-1.2320999999999998
21753,FR_Coal,2050,7,9,9,-1.2320999999999998
21754,FR_Coal,2050,7,10,10,-1.2320999999999998
21755,FR_Coal,2050,7,11,11,-1.2320999999999998
21756,FR_Coal,2050,7,12,12,-1.2320999999999998
21757,FR_Coal,2050,7,13,13,-1.2320999999999998
21758,FR_Coal,2050,7,14,14,-1.2320999999999998
21759,FR_Coal,2050,7,15,15,-0.5661
21760,FR_Coal,2050,7,16,16,-0.5661
21761,FR_Coal,2050,7,17,17,-0.5661
21762,FR_Coal,2050,7,18,18,-1.2320999999999998
21763,FR_Coal,2050,7,19,19,-1.2320999999999998
21764,FR_Coal,2050,7,20,20,-1.2320999999999998
21765,FR_Coal,2050,7,21,21,-1.2320999999999998
21766,FR_Coal,2050,7,22,22,-17.941731411332672
21767,FR_Coal,2050,7,23,23,-4.545565705666338
21768,FR_Coal,2050,7,24,24,-0.5661
21769,FR_Coal,2050,8,1,1,0.0
21770,FR_Coal,2050,8,2,2,0.0
21771,FR_Coal,2050,8,3,3,0.0
21772,FR_Coal,2050,8,4,4,0.0
21773,FR_Coal,2050,8,5,5,0.0
21774,FR_Coal,2050,8,6,6,0.0
21775,FR_Coal,2050,8,7,7,0.0
21776,FR_Coal,2050,8,8,8,0.0
21777,FR_Coal,2050,8,9,9,0.0
21778,FR_Coal,2050,8,10,10,0.0
21779,FR_Coal,2050,8,11,11,0.0
21780,FR_Coal,2050,8,12,12,0.0
21781,FR_Coal,2050,8,13,13,0.0
21782,FR_Coal,2050,8,14,14,0.0
21783,FR_Coal,2050,8,15,15,0.0
21784,FR_Coal,2050,8,16,16,0.0
21785,FR_Coal,2050,8,17,17,0.0
21786,FR_Coal,2050,8,18,18,0.0
21787,FR_Coal,2050,8,19,19,0.0
21788,FR_Coal,2050,8,20,20,0.0
21789,FR_Coal,2050,8,21,21,0.0
21790,FR_Coal,2050,8,22,22,0.0
21791,FR_Coal,2050,8,23,23,0.0
21792,FR_Coal,2050,8,24,24,0.0
21793,FR_Coal,2050,9,1,1,0.0
21794,FR_Coal,2050,9,2,2,0.0
21795,FR_Coal,2050,9,3,3,0.0
21796,FR_Coal,2050,9,4,4,0.0
21797,FR_Coal,2050,9,5,5,0.0
21798,FR_Coal,2050,9,6,6,0.0
21799,FR_Coal,2050,9,7,7,0.0
21800,FR_Coal,2050,9,8,8,0.0
21801,FR_Coal,2050,9,9,9,0.0
21802,FR_Coal,2050,9,10,10,0.0
21803,FR_Coal,2050,9,11,11,0.0
21804,FR_Coal,2050,9,12,12,0.0
21805,FR_Coal,2050,9,13,13,0.0
21806,FR_Coal,2050,9,14,14,0.0
21807,FR_Coal,2050,9,15,15,0.0
21808,FR_Coal,2050,9,16,16,0.0
21809,FR_Coal,2050,9,17,17,0.0
21810,FR_Coal,2050,9,18,18,0.0
21811,FR_Coal,2050,9,19,19,0.0
21812,FR_Coal,2050,9,20,20,0.0
21813,FR_Coal,2050,9,21,21,-0.6579
21814,FR_Coal,2050,9,22,22,-0.6579
21815,FR_Coal,2050,9,23,23,-0.6579
21816,FR_Coal,2050,9,24,24,0.0
21817,FR_Coal,2050,10,1,1,0.0
21818,FR_Coal,2050,10,2,2,0.0
21819,FR_Coal,2050,10,3,3,0.0
21820,FR_Coal,2050,10,4,4,0.0
21821,FR_Coal,2050,10,5,5,0.0
21822,FR_Coal,2050,10,6,6,0.0
21823,FR_Coal,2050,10,7,7,0.0
21824,FR_Coal,2050,10,8,8,-0.7038
21825,FR_Coal,2050,10,9,9,-0.7038
21826,FR_Coal,2050,10,10,10,-0.7038
21827,FR_Coal,2050,10,11,11,-0.7038
21828,FR_Coal,2050,10,12,12,-0.7038
21829,FR_Coal,2050,10,13,13,-0.7038
21830,FR_Coal,2050,10,14,14,0.0
21831,FR_Coal,2050,10,15,15,0.0
21832,FR_Coal,2050,10,16,16,0.0
21833,FR_Coal,2050,10,17,17,0.0
21834,FR_Coal,2050,10,18,18,0.0
21835,FR_Coal,2050,10,19,19,0.0
21836,FR_Coal,2050,10,20,20,0.0
21837,FR_Coal,2050,10,21,21,-0.7038
21838,FR_Coal,2050,10,22,22,-0.7038
21839,FR_Coal,2050,10,23,23,-0.7038
21840,FR_Coal,2050,10,24,24,0.0
21841,FR_Nuclear,2050,1,1,1,-1.3038
21842,FR_Nuclear,2050,1,2,2,-0.49290000000000006
21843,FR_Nuclear,2050,1,3,3,-0.49290000000000006
21844,FR_Nuclear,2050,1,4,4,-0.49290000000000006
21845,FR_Nuclear,2050,1,5,5,-0.49290000000000006
21846,FR_Nuclear,2050,1,6,6,-1.3038
21847,FR_Nuclear,2050,1,7,7,-1.3038
21848,FR_Nuclear,2050,1,8,8,-1.3038
21849,FR_Nuclear,2050,1,9,9,-2.2578
21850,FR_Nuclear,2050,1,10,10,-2.2578
21851,FR_Nuclear,2050,1,11,11,-2.2578
21852,FR_Nuclear,2050,1,12,12,-2.2578
21853,FR_Nuclear,2050,1,13,13,-2.2578
21854,FR_Nuclear,2050,1,14,14,-1.3038
21855,FR_Nuclear,2050,1,15,15,-1.3038
21856,FR_Nuclear,2050,1,16,16,-1.3038
21857,FR_Nuclear,2050,1,17,17,-1.3038
21858,FR_Nuclear,2050,1,18,18,-1.3038
21859,FR_Nuclear,2050,1,19,19,-1.3038
21860,FR_Nuclear,2050,1,20,20,-1.3038
21861,FR_Nuclear,2050,1,21,21,-1.3038
21862,FR_Nuclear,2050,1,22,22,-1.3038
21863,FR_Nuclear,2050,1,23,23,-1.3038
21864,FR_Nuclear,2050,1,24,24,-0.49290000000000006
21865,FR_Nuclear,2050,2,1,1,0.0
21866,FR_Nuclear,2050,2,2,2,0.0
21867,FR_Nuclear,2050,2,3,3,0.0
21868,FR_Nuclear,2050,2,4,4,0.0
21869,FR_Nuclear,2050,2,5,5,0.0
21870,FR_Nuclear,2050,2,6,6,0.0
21871,FR_Nuclear,2050,2,7,7,0.0
21872,FR_Nuclear,2050,2,8,8,0.0
21873,FR_Nuclear,2050,2,9,9,0.0
21874,FR_Nuclear,2050,2,10,10,0.0
21875,FR_Nuclear,2050,2,11,11,0.0
21876,FR_Nuclear,2050,2,12,12,0.0
21877,FR_Nuclear,2050,2,13,13,0.0
21878,FR_Nuclear,2050,2,14,14,0.0
21879,FR_Nuclear,2050,2,15,15,0.0
21880,FR_Nuclear,2050,2,16,16,0.0
21881,FR_Nuclear,2050,2,17,17,0.0
21882,FR_Nuclear,2050,2,18,18,0.0
21883,FR_Nuclear,2050,2,19,19,0.0
21884,FR_Nuclear,2050,2,20,20,0.0
21885,FR_Nuclear,2050,2,21,21,-0.30690000000000006
21886,FR_Nuclear,2050,2,22,22,-0.30690000000000006
21887,FR_Nuclear,2050,2,23,23,-0.30690000000000006
21888,FR_Nuclear,2050,2,24,24,0.0
21889,FR_Nuclear,2050,3,1,1,0.0
21890,FR_Nuclear,2050,3,2,2,0.0
21891,FR_Nuclear,2050,3,3,3,0.0
21892,FR_Nuclear,2050,3,4,4,0.0
21893,FR_Nuclear,2050,3,5,5,0.0
21894,FR_Nuclear,2050,3,6,6,0.0
21895,FR_Nuclear,2050,3,7,7,0.0
21896,FR_Nuclear,2050,3,8,8,0.0
21897,FR_Nuclear,2050,3,9,9,0.0
21898,FR_Nuclear,2050,3,10,10,0.0
21899,FR_Nuclear,2050,3,11,11,0.0
21900,FR_Nuclear,2050,3,12,12,0.0
21901,FR_Nuclear,2050,3,13,13,0.0
21902,FR_Nuclear,2050,3,14,14,0.0
21903,FR_Nuclear,2050,3,15,15,-0.2697
21904,FR_Nuclear,2050,3,16,16,-0.2697
21905,FR_Nuclear,2050,3,17,17,-0.2697
21906,FR_Nuclear,2050,3,18,18,-0.2697
21907,FR_Nuclear,2050,3,19,19,0.0
21908,FR_Nuclear,2050,3,20,20,0.0
21909,FR_Nuclear,2050,3,21,21,-0.2697
21910,FR_Nuclear,2050,3,22,22,-0.2697
21911,FR_Nuclear,2050,3,23,23,-0.2697
21912,FR_Nuclear,2050,3,24,24,0.0
21913,FR_Nuclear,2050,4,1,1,0.0
21914,FR_Nuclear,2050,4,2,2,0.0
21915,FR_Nuclear,2050,4,3,3,0.0
21916,FR_Nuclear,2050,4,4,4,0.0
21917,FR_Nuclear,2050,4,5,5,0.0
21918,FR_Nuclear,2050,4,6,6,0.0
21919,FR_Nuclear,2050,4,7,7,0.0
21920,FR_Nuclear,2050,4,8,8,0.0
21921,FR_Nuclear,2050,4,9,9,0.0
21922,FR_Nuclear,2050,4,10,10,0.0
21923,FR_Nuclear,2050,4,11,11,0.0
21924,FR_Nuclear,2050,4,12,12,0.0
21925,FR_Nuclear,2050,4,13,13,0.0
21926,FR_Nuclear,2050,4,14,14,0.0
21927,FR_Nuclear,2050,4,15,15,0.0
21928,FR_Nuclear,2050,4,16,16,0.0
21929,FR_Nuclear,2050,4,17,17,0.0
21930,FR_Nuclear,2050,4,18,18,0.0
21931,FR_Nuclear,2050,4,19,19,0.0
21932,FR_Nuclear,2050,4,20,20,0.0
21933,FR_Nuclear,2050,4,21,21,0.0
21934,FR_Nuclear,2050,4,22,22,-0.21390000000000003
21935,FR_Nuclear,2050,4,23,23,-0.21390000000000003
21936,FR_Nuclear,2050,4,24,24,0.0
21937,FR_Nuclear,2050,5,1,1,0.0
21938,FR_Nuclear,2050,5,2,2,0.0
21939,FR_Nuclear,2050,5,3,3,0.0
21940,FR_Nuclear,2050,5,4,4,0.0
21941,FR_Nuclear,2050,5,5,5,0.0
21942,FR_Nuclear,2050,5,6,6,0.0
21943,FR_Nuclear,2050,5,7,7,0.0
21944,FR_Nuclear,2050,5,8,8,0.0
21945,FR_Nuclear,2050,5,9,9,0.0
21946,FR_Nuclear,2050,5,10,10,0.0
21947,FR_Nuclear,2050,5,11,11,0.0
21948,FR_Nuclear,2050,5,12,12,0.0
21949,FR_Nuclear,2050,5,13,13,0.0
21950,FR_Nuclear,2050,5,14,14,0.0
21951,FR_Nuclear,2050,5,15,15,0.0
21952,FR_Nuclear,2050,5,16,16,0.0
21953,FR_Nuclear,2050,5,17,17,0.0
21954,FR_Nuclear,2050,5,18,18,0.0
21955,FR_Nuclear,2050,5,19,19,0.0
21956,FR_Nuclear,2050,5,20,20,0.0
21957,FR_Nuclear,2050,5,21,21,0.0
21958,FR_Nuclear,2050,5,22,22,0.0
21959,FR_Nuclear,2050,5,23,23,0.0
21960,FR_Nuclear,2050,5,24,24,0.0
21961,FR_Nuclear,2050,6,1,1,0.0
21962,FR_Nuclear,2050,6,2,2,0.0
21963,FR_Nuclear,2050,6,3,3,0.0
21964,FR_Nuclear,2050,6,4,4,0.0
21965,FR_Nuclear,2050,6,5,5,0.0
21966,FR_Nuclear,2050,6,6,6,0.0
21967,FR_Nuclear,2050,6,7,7,0.0
21968,FR_Nuclear,2050,6,8,8,0.0
21969,FR_Nuclear,2050,6,9,9,0.0
21970,FR_Nuclear,2050,6,10,10,0.0
21971,FR_Nuclear,2050,6,11,11,0.0
21972,FR_Nuclear,2050,6,12,12,0.0
21973,FR_Nuclear,2050,6,13,13,0.0
21974,FR_Nuclear,2050,6,14,14,0.0
21975,FR_Nuclear,2050,6,15,15,0.0
21976,FR_Nuclear,2050,6,16,16,0.0
21977,FR_Nuclear,2050,6,17,17,0.0
21978,FR_Nuclear,2050,6,18,18,0.0
21979,FR_Nuclear,2050,6,19,19,0.0
21980,FR_Nuclear,2050,6,20,20,0.0
21981,FR_Nuclear,2050,6,21,21,0.0
21982,FR_Nuclear,2050,6,22,22,0.0
21983,FR_Nuclear,2050,6,23,23,0.0
21984,FR_Nuclear,2050,6,24,24,0.0
21985,FR_Nuclear,2050,7,1,1,-0.9102000000000001
21986,FR_Nuclear,2050,7,2,2,-0.3441000000000001
21987,FR_Nuclear,2050,7,3,3,-0.3441000000000001
21988,FR_Nuclear,2050,7,4,4,-0.3441000000000001
21989,FR_Nuclear,2050,7,5,5,-0.9102000000000001
21990,FR_Nuclear,2050,7,6,6,-0.9102000000000001
21991,FR_Nuclear,2050,7,7,7,-1.5761999999999998
21992,FR_Nuclear,2050,7,8,8,-1.5761999999999998
21993,FR_Nuclear,2050,7,9,9,-1.5761999999999998
21994,FR_Nuclear,2050,7,10,10,-1.5761999999999998
21995,FR_Nuclear,2050,7,11,11,-1.5761999999999998
21996,FR_Nuclear,2050,7,12,12,-1.5761999999999998
21997,FR_Nuclear,2050,7,13,13,-1.5761999999999998
21998,FR_Nuclear,2050,7,14,14,-1.5761999999999998
21999,FR_Nuclear,2050,7,15,15,-0.9102000000000001
22000,FR_Nuclear,2050,7,16,16,-0.9102000000000001
22001,FR_Nuclear,2050,7,17,17,-0.9102000000000001
22002,FR_Nuclear,2050,7,18,18,-1.5761999999999998
22003,FR_Nuclear,2050,7,19,19,-1.5761999999999998
22004,FR_Nuclear,2050,7,20,20,-1.5761999999999998
22005,FR_Nuclear,2050,7,21,21,-1.5761999999999998
22006,FR_Nuclear,2050,7,22,22,-18.285831411332673
22007,FR_Nuclear,2050,7,23,23,-4.889665705666339
22008,FR_Nuclear,2050,7,24,24,-0.9102000000000001
22009,FR_Nuclear,2050,8,1,1,0.0
22010,FR_Nuclear,2050,8,2,2,0.0
22011,FR_Nuclear,2050,8,3,3,0.0
22012,FR_Nuclear,2050,8,4,4,0.0
22013,FR_Nuclear,2050,8,5,5,0.0
22014,FR_Nuclear,2050,8,6,6,0.0
22015,FR_Nuclear,2050,8,7,7,0.0
22016,FR_Nuclear,2050,8,8,8,0.0
22017,FR_Nuclear,2050,8,9,9,0.0
22018,FR_Nuclear,2050,8,10,10,0.0
22019,FR_Nuclear,2050,8,11,11,0.0
22020,FR_Nuclear,2050,8,12,12,0.0
22021,FR_Nuclear,2050,8,13,13,0.0
22022,FR_Nuclear,2050,8,14,14,0.0
22023,FR_Nuclear,2050,8,15,15,0.0
22024,FR_Nuclear,2050,8,16,16,0.0
22025,FR_Nuclear,2050,8,17,17,0.0
22026,FR_Nuclear,2050,8,18,18,0.0
22027,FR_Nuclear,2050,8,19,19,0.0
22028,FR_Nuclear,2050,8,20,20,0.0
22029,FR_Nuclear,2050,8,21,21,0.0
22030,FR_Nuclear,2050,8,22,22,0.0
22031,FR_Nuclear,2050,8,23,23,0.0
22032,FR_Nuclear,2050,8,24,24,0.0
22033,FR_Nuclear,2050,9,1,1,0.0
22034,FR_Nuclear,2050,9,2,2,0.0
22035,FR_Nuclear,2050,9,3,3,0.0
22036,FR_Nuclear,2050,9,4,4,0.0
22037,FR_Nuclear,2050,9,5,5,0.0
22038,FR_Nuclear,2050,9,6,6,0.0
22039,FR_Nuclear,2050,9,7,7,0.0
22040,FR_Nuclear,2050,9,8,8,0.0
22041,FR_Nuclear,2050,9,9,9,-0.39990000000000003
22042,FR_Nuclear,2050,9,10,10,-0.39990000000000003
22043,FR_Nuclear,2050,9,11,11,-0.39990000000000003
22044,FR_Nuclear,2050,9,12,12,-0.39990000000000003
22045,FR_Nuclear,2050,9,13,13,-0.39990000000000003
22046,FR_Nuclear,2050,9,14,14,0.0
22047,FR_Nuclear,2050,9,15,15,0.0
22048,FR_Nuclear,2050,9,16,16,0.0
22049,FR_Nuclear,2050,9,17,17,0.0
22050,FR_Nuclear,2050,9,18,18,0.0
22051,FR_Nuclear,2050,9,19,19,0.0
22052,FR_Nuclear,2050,9,20,20,-0.39990000000000003
22053,FR_Nuclear,2050,9,21,21,-1.0578
22054,FR_Nuclear,2050,9,22,22,-1.0578
22055,FR_Nuclear,2050,9,23,23,-1.0578
22056,FR_Nuclear,2050,9,24,24,-0.39990000000000003
22057,FR_Nuclear,2050,10,1,1,-0.42780000000000007
22058,FR_Nuclear,2050,10,2,2,-0.42780000000000007
22059,FR_Nuclear,2050,10,3,3,0.0
22060,FR_Nuclear,2050,10,4,4,0.0
22061,FR_Nuclear,2050,10,5,5,0.0
22062,FR_Nuclear,2050,10,6,6,-0.42780000000000007
22063,FR_Nuclear,2050,10,7,7,-0.42780000000000007
22064,FR_Nuclear,2050,10,8,8,-1.1316000000000002
22065,FR_Nuclear,2050,10,9,9,-1.1316000000000002
22066,FR_Nuclear,2050,10,10,10,-1.1316000000000002
22067,FR_Nuclear,2050,10,11,11,-1.1316000000000002
22068,FR_Nuclear,2050,10,12,12,-1.1316000000000002
22069,FR_Nuclear,2050,10,13,13,-1.1316000000000002
22070,FR_Nuclear,2050,10,14,14,-0.42780000000000007
22071,FR_Nuclear,2050,10,15,15,-0.42780000000000007
22072,FR_Nuclear,2050,10,16,16,-0.42780000000000007
22073,FR_Nuclear,2050,10,17,17,-0.42780000000000007
22074,FR_Nuclear,2050,10,18,18,-0.42780000000000007
22075,FR_Nuclear,2050,10,19,19,-0.42780000000000007
22076,FR_Nuclear,2050,10,20,20,-0.42780000000000007
22077,FR_Nuclear,2050,10,21,21,-1.1316000000000002
22078,FR_Nuclear,2050,10,22,22,-1.1316000000000002
22079,FR_Nuclear,2050,10,23,23,-1.1316000000000002
22080,FR_Nuclear,2050,10,24,24,-0.42780000000000007
22081,FR_OCGT,2050,1,1,1,0.0
22082,FR_OCGT,2050,1,2,2,0.0
22083,FR_OCGT,2050,1,3,3,0.0
22084,FR_OCGT,2050,1,4,4,0.0
22085,FR_OCGT,2050,1,5,5,0.0
22086,FR_OCGT,2050,1,6,6,0.0
22087,FR_OCGT,2050,1,7,7,0.0
22088,FR_OCGT,2050,1,8,8,0.0
22089,FR_OCGT,2050,1,9,9,0.0
22090,FR_OCGT,2050,1,10,10,0.0
22091,FR_OCGT,2050,1,11,11,0.0
22092,FR_OCGT,2050,1,12,12,0.0
22093,FR_OCGT,2050,1,13,13,0.0
22094,FR_OCGT,2050,1,14,14,0.0
22095,FR_OCGT,2050,1,15,15,0.0
22096,FR_OCGT,2050,1,16,16,0.0
22097,FR_OCGT,2050,1,17,17,0.0
22098,FR_OCGT,2050,1,18,18,0.0
22099,FR_OCGT,2050,1,19,19,0.0
22100,FR_OCGT,2050,1,20,20,0.0
22101,FR_OCGT,2050,1,21,21,0.0
22102,FR_OCGT,2050,1,22,22,0.0
22103,FR_OCGT,2050,1,23,23,0.0
22104,FR_OCGT,2050,1,24,24,0.0
22105,FR_OCGT,2050,2,1,1,0.0
22106,FR_OCGT,2050,2,2,2,0.0
22107,FR_OCGT,2050,2,3,3,0.0
22108,FR_OCGT,2050,2,4,4,0.0
22109,FR_OCGT,2050,2,5,5,0.0
22110,FR_OCGT,2050,2,6,6,0.0
22111,FR_OCGT,2050,2,7,7,0.0
22112,FR_OCGT,2050,2,8,8,0.0
22113,FR_OCGT,2050,2,9,9,0.0
22114,FR_OCGT,2050,2,10,10,0.0
22115,FR_OCGT,2050,2,11,11,0.0
22116,FR_OCGT,2050,2,12,12,0.0
22117,FR_OCGT,2050,2,13,13,0.0
22118,FR_OCGT,2050,2,14,14,0.0
22119,FR_OCGT,2050,2,15,15,0.0
22120,FR_OCGT,2050,2,16,16,0.0
22121,FR_OCGT,2050,2,17,17,0.0
22122,FR_OCGT,2050,2,18,18,0.0
22123,FR_OCGT,2050,2,19,19,0.0
22124,FR_OCGT,2050,2,20,20,0.0
22125,FR_OCGT,2050,2,21,21,0.0
22126,FR_OCGT,2050,2,22,22,0.0
22127,FR_OCGT,2050,2,23,23,0.0
22128,FR_OCGT,2050,2,24,24,0.0
22129,FR_OCGT,2050,3,1,1,0.0
22130,FR_OCGT,2050,3,2,2,0.0
22131,FR_OCGT,2050,3,3,3,0.0
22132,FR_OCGT,2050,3,4,4,0.0
22133,FR_OCGT,2050,3,5,5,0.0
22134,FR_OCGT,2050,3,6,6,0.0
22135,FR_OCGT,2050,3,7,7,0.0
22136,FR_OCGT,2050,3,8,8,0.0
22137,FR_OCGT,2050,3,9,9,0.0
22138,FR_OCGT,2050,3,10,10,0.0
22139,FR_OCGT,2050,3,11,11,0.0
22140,FR_OCGT,2050,3,12,12,0.0
22141,FR_OCGT,2050,3,13,13,0.0
22142,FR_OCGT,2050,3,14,14,0.0
22143,FR_OCGT,2050,3,15,15,0.0
22144,FR_OCGT,2050,3,16,16,0.0
22145,FR_OCGT,2050,3,17,17,0.0
22146,FR_OCGT,2050,3,18,18,0.0
22147,FR_OCGT,2050,3,19,19,0.0
22148,FR_OCGT,2050,3,20,20,0.0
22149,FR_OCGT,2050,3,21,21,0.0
22150,FR_OCGT,2050,3,22,22,0.0
22151,FR_OCGT,2050,3,23,23,0.0
22152,FR_OCGT,2050,3,24,24,0.0
22153,FR_OCGT,2050,4,1,1,0.0
22154,FR_OCGT,2050,4,2,2,0.0
22155,FR_OCGT,2050,4,3,3,0.0
22156,FR_OCGT,2050,4,4,4,0.0
22157,FR_OCGT,2050,4,5,5,0.0
22158,FR_OCGT,2050,4,6,6,0.0
22159,FR_OCGT,2050,4,7,7,0.0
22160,FR_OCGT,2050,4,8,8,0.0
22161,FR_OCGT,2050,4,9,9,0.0
22162,FR_OCGT,2050,4,10,10,0.0
22163,FR_OCGT,2050,4,11,11,0.0
22164,FR_OCGT,2050,4,12,12,0.0
22165,FR_OCGT,2050,4,13,13,0.0
22166,FR_OCGT,2050,4,14,14,0.0
22167,FR_OCGT,2050,4,15,15,0.0
22168,FR_OCGT,2050,4,16,16,0.0
22169,FR_OCGT,2050,4,17,17,0.0
22170,FR_OCGT,2050,4,18,18,0.0
22171,FR_OCGT,2050,4,19,19,0.0
22172,FR_OCGT,2050,4,20,20,0.0
22173,FR_OCGT,2050,4,21,21,0.0
22174,FR_OCGT,2050,4,22,22,0.0
22175,FR_OCGT,2050,4,23,23,0.0
22176,FR_OCGT,2050,4,24,24,0.0
22177,FR_OCGT,2050,5,1,1,0.0
22178,FR_OCGT,2050,5,2,2,0.0
22179,FR_OCGT,2050,5,3,3,0.0
22180,FR_OCGT,2050,5,4,4,0.0
22181,FR_OCGT,2050,5,5,5,0.0
22182,FR_OCGT,2050,5,6,6,0.0
22183,FR_OCGT,2050,5,7,7,0.0
22184,FR_OCGT,2050,5,8,8,0.0
22185,FR_OCGT,2050,5,9,9,0.0
22186,FR_OCGT,2050,5,10,10,0.0
22187,FR_OCGT,2050,5,11,11,0.0
22188,FR_OCGT,2050,5,12,12,0.0
22189,FR_OCGT,2050,5,13,13,0.0
22190,FR_OCGT,2050,5,14,14,0.0
22191,FR_OCGT,2050,5,15,15,0.0
22192,FR_OCGT,2050,5,16,16,0.0
22193,FR_OCGT,2050,5,17,17,0.0
22194,FR_OCGT,2050,5,18,18,0.0
22195,FR_OCGT,2050,5,19,19,0.0
22196,FR_OCGT,2050,5,20,20,0.0
22197,FR_OCGT,2050,5,21,21,0.0
22198,FR_OCGT,2050,5,22,22,0.0
22199,FR_OCGT,2050,5,23,23,0.0
22200,FR_OCGT,2050,5,24,24,0.0
22201,FR_OCGT,2050,6,1,1,0.0
22202,FR_OCGT,2050,6,2,2,0.0
22203,FR_OCGT,2050,6,3,3,0.0
22204,FR_OCGT,2050,6,4,4,0.0
22205,FR_OCGT,2050,6,5,5,0.0
22206,FR_OCGT,2050,6,6,6,0.0
22207,FR_OCGT,2050,6,7,7,0.0
22208,FR_OCGT,2050,6,8,8,0.0
22209,FR_OCGT,2050,6,9,9,0.0
22210,FR_OCGT,2050,6,10,10,0.0
22211,FR_OCGT,2050,6,11,11,0.0
22212,FR_OCGT,2050,6,12,12,0.0
22213,FR_OCGT,2050,6,13,13,0.0
22214,FR_OCGT,2050,6,14,14,0.0
22215,FR_OCGT,2050,6,15,15,0.0
22216,FR_OCGT,2050,6,16,16,0.0
22217,FR_OCGT,2050,6,17,17,0.0
22218,FR_OCGT,2050,6,18,18,0.0
22219,FR_OCGT,2050,6,19,19,0.0
22220,FR_OCGT,2050,6,20,20,0.0
22221,FR_OCGT,2050,6,21,21,0.0
22222,FR_OCGT,2050,6,22,22,0.0
22223,FR_OCGT,2050,6,23,23,0.0
22224,FR_OCGT,2050,6,24,24,0.0
22225,FR_OCGT,2050,7,1,1,0.0
22226,FR_OCGT,2050,7,2,2,0.0
22227,FR_OCGT,2050,7,3,3,0.0
22228,FR_OCGT,2050,7,4,4,0.0
22229,FR_OCGT,2050,7,5,5,0.0
22230,FR_OCGT,2050,7,6,6,0.0
22231,FR_OCGT,2050,7,7,7,0.0
22232,FR_OCGT,2050,7,8,8,0.0
22233,FR_OCGT,2050,7,9,9,0.0
22234,FR_OCGT,2050,7,10,10,0.0
22235,FR_OCGT,2050,7,11,11,0.0
22236,FR_OCGT,2050,7,12,12,0.0
22237,FR_OCGT,2050,7,13,13,0.0
22238,FR_OCGT,2050,7,14,14,0.0
22239,FR_OCGT,2050,7,15,15,0.0
22240,FR_OCGT,2050,7,16,16,0.0
22241,FR_OCGT,2050,7,17,17,0.0
22242,FR_OCGT,2050,7,18,18,0.0
22243,FR_OCGT,2050,7,19,19,0.0
22244,FR_OCGT,2050,7,20,20,0.0
22245,FR_OCGT,2050,7,21,21,0.0
22246,FR_OCGT,2050,7,22,22,-16.709631411332673
22247,FR_OCGT,2050,7,23,23,-3.3134657056663386
22248,FR_OCGT,2050,7,24,24,0.0
22249,FR_OCGT,2050,8,1,1,0.0
22250,FR_OCGT,2050,8,2,2,0.0
22251,FR_OCGT,2050,8,3,3,0.0
22252,FR_OCGT,2050,8,4,4,0.0
22253,FR_OCGT,2050,8,5,5,0.0
22254,FR_OCGT,2050,8,6,6,0.0
22255,FR_OCGT,2050,8,7,7,0.0
22256,FR_OCGT,2050,8,8,8,0.0
22257,FR_OCGT,2050,8,9,9,0.0
22258,FR_OCGT,2050,8,10,10,0.0
22259,FR_OCGT,2050,8,11,11,0.0
22260,FR_OCGT,2050,8,12,12,0.0
22261,FR_OCGT,2050,8,13,13,0.0
22262,FR_OCGT,2050,8,14,14,0.0
22263,FR_OCGT,2050,8,15,15,0.0
22264,FR_OCGT,2050,8,16,16,0.0
22265,FR_OCGT,2050,8,17,17,0.0
22266,FR_OCGT,2050,8,18,18,0.0
22267,FR_OCGT,2050,8,19,19,0.0
22268,FR_OCGT,2050,8,20,20,0.0
22269,FR_OCGT,2050,8,21,21,0.0
22270,FR_OCGT,2050,8,22,22,0.0
22271,FR_OCGT,2050,8,23,23,0.0
22272,FR_OCGT,2050,8,24,24,0.0
22273,FR_OCGT,2050,9,1,1,0.0
22274,FR_OCGT,2050,9,2,2,0.0
22275,FR_OCGT,2050,9,3,3,0.0
22276,FR_OCGT,2050,9,4,4,0.0
22277,FR_OCGT,2050,9,5,5,0.0
22278,FR_OCGT,2050,9,6,6,0.0
22279,FR_OCGT,2050,9,7,7,0.0
22280,FR_OCGT,2050,9,8,8,0.0
22281,FR_OCGT,2050,9,9,9,0.0
22282,FR_OCGT,2050,9,10,10,0.0
22283,FR_OCGT,2050,9,11,11,0.0
22284,FR_OCGT,2050,9,12,12,0.0
22285,FR_OCGT,2050,9,13,13,0.0
22286,FR_OCGT,2050,9,14,14,0.0
22287,FR_OCGT,2050,9,15,15,0.0
22288,FR_OCGT,2050,9,16,16,0.0
22289,FR_OCGT,2050,9,17,17,0.0
22290,FR_OCGT,2050,9,18,18,0.0
22291,FR_OCGT,2050,9,19,19,0.0
22292,FR_OCGT,2050,9,20,20,0.0
22293,FR_OCGT,2050,9,21,21,0.0
22294,FR_OCGT,2050,9,22,22,0.0
22295,FR_OCGT,2050,9,23,23,0.0
22296,FR_OCGT,2050,9,24,24,0.0
22297,FR_OCGT,2050,10,1,1,0.0
22298,FR_OCGT,2050,10,2,2,0.0
22299,FR_OCGT,2050,10,3,3,0.0
22300,FR_OCGT,2050,10,4,4,0.0
22301,FR_OCGT,2050,10,5,5,0.0
22302,FR_OCGT,2050,10,6,6,0.0
22303,FR_OCGT,2050,10,7,7,0.0
22304,FR_OCGT,2050,10,8,8,0.0
22305,FR_OCGT,2050,10,9,9,0.0
22306,FR_OCGT,2050,10,10,10,0.0
22307,FR_OCGT,2050,10,11,11,0.0
22308,FR_OCGT,2050,10,12,12,0.0
22309,FR_OCGT,2050,10,13,13,0.0
22310,FR_OCGT,2050,10,14,14,0.0
22311,FR_OCGT,2050,10,15,15,0.0
22312,FR_OCGT,2050,10,16,16,0.0
22313,FR_OCGT,2050,10,17,17,0.0
22314,FR_OCGT,2050,10,18,18,0.0
22315,FR_OCGT,2050,10,19,19,0.0
22316,FR_OCGT,2050,10,20,20,0.0
22317,FR_OCGT,2050,10,21,21,0.0
22318,FR_OCGT,2050,10,22,22,0.0
22319,FR_OCGT,2050,10,23,23,0.0
22320,FR_OCGT,2050,10,24,24,0.0
22321,FR_Solar,2050,1,1,1,-1.749
22322,FR_Solar,2050,1,2,2,-0.9381
22323,FR_Solar,2050,1,3,3,-0.9381
22324,FR_Solar,2050,1,4,4,-0.9381
22325,FR_Solar,2050,1,5,5,-0.9381
22326,FR_Solar,2050,1,6,6,-1.749
22327,FR_Solar,2050,1,7,7,-1.749
22328,FR_Solar,2050,1,8,8,-1.749
22329,FR_Solar,2050,1,9,9,-2.703
22330,FR_Solar,2050,1,10,10,-2.703
22331,FR_Solar,2050,1,11,11,-2.703
22332,FR_Solar,2050,1,12,12,-2.703
22333,FR_Solar,2050,1,13,13,-2.703
22334,FR_Solar,2050,1,14,14,-1.749
22335,FR_Solar,2050,1,15,15,-1.749
22336,FR_Solar,2050,1,16,16,-1.749
22337,FR_Solar,2050,1,17,17,-1.749
22338,FR_Solar,2050,1,18,18,-1.749
22339,FR_Solar,2050,1,19,19,-1.749
22340,FR_Solar,2050,1,20,20,-1.749
22341,FR_Solar,2050,1,21,21,-1.749
22342,FR_Solar,2050,1,22,22,-1.749
22343,FR_Solar,2050,1,23,23,-1.749
22344,FR_Solar,2050,1,24,24,-0.9381
22345,FR_Solar,2050,2,1,1,0.0
22346,FR_Solar,2050,2,2,2,0.0
22347,FR_Solar,2050,2,3,3,0.0
22348,FR_Solar,2050,2,4,4,0.0
22349,FR_Solar,2050,2,5,5,0.0
22350,FR_Solar,2050,2,6,6,0.0
22351,FR_Solar,2050,2,7,7,0.0
22352,FR_Solar,2050,2,8,8,0.0
22353,FR_Solar,2050,2,9,9,0.0
22354,FR_Solar,2050,2,10,10,0.0
22355,FR_Solar,2050,2,11,11,0.0
22356,FR_Solar,2050,2,12,12,0.0
22357,FR_Solar,2050,2,13,13,0.0
22358,FR_Solar,2050,2,14,14,0.0
22359,FR_Solar,2050,2,15,15,0.0
22360,FR_Solar,2050,2,16,16,0.0
22361,FR_Solar,2050,2,17,17,0.0
22362,FR_Solar,2050,2,18,18,0.0
22363,FR_Solar,2050,2,19,19,0.0
22364,FR_Solar,2050,2,20,20,0.0
22365,FR_Solar,2050,2,21,21,-0.5841000000000001
22366,FR_Solar,2050,2,22,22,-0.5841000000000001
22367,FR_Solar,2050,2,23,23,-0.5841000000000001
22368,FR_Solar,2050,2,24,24,0.0
22369,FR_Solar,2050,3,1,1,0.0
22370,FR_Solar,2050,3,2,2,0.0
22371,FR_Solar,2050,3,3,3,0.0
22372,FR_Solar,2050,3,4,4,0.0
22373,FR_Solar,2050,3,5,5,0.0
22374,FR_Solar,2050,3,6,6,0.0
22375,FR_Solar,2050,3,7,7,0.0
22376,FR_Solar,2050,3,8,8,0.0
22377,FR_Solar,2050,3,9,9,0.0
22378,FR_Solar,2050,3,10,10,0.0
22379,FR_Solar,2050,3,11,11,0.0
22380,FR_Solar,2050,3,12,12,0.0
22381,FR_Solar,2050,3,13,13,0.0
22382,FR_Solar,2050,3,14,14,0.0
22383,FR_Solar,2050,3,15,15,-0.5133
22384,FR_Solar,2050,3,16,16,-0.5133
22385,FR_Solar,2050,3,17,17,-0.5133
22386,FR_Solar,2050,3,18,18,-0.5133
22387,FR_Solar,2050,3,19,19,0.0
22388,FR_Solar,2050,3,20,20,0.0
22389,FR_Solar,2050,3,21,21,-0.5133
22390,FR_Solar,2050,3,22,22,-0.5133
22391,FR_Solar,2050,3,23,23,-0.5133
22392,FR_Solar,2050,3,24,24,0.0
22393,FR_Solar,2050,4,1,1,0.0
22394,FR_Solar,2050,4,2,2,0.0
22395,FR_Solar,2050,4,3,3,0.0
22396,FR_Solar,2050,4,4,4,0.0
22397,FR_Solar,2050,4,5,5,0.0
22398,FR_Solar,2050,4,6,6,0.0
22399,FR_Solar,2050,4,7,7,0.0
22400,FR_Solar,2050,4,8,8,0.0
22401,FR_Solar,2050,4,9,9,0.0
22402,FR_Solar,2050,4,10,10,0.0
22403,FR_Solar,2050,4,11,11,0.0
22404,FR_Solar,2050,4,12,12,0.0
22405,FR_Solar,2050,4,13,13,0.0
22406,FR_Solar,2050,4,14,14,0.0
22407,FR_Solar,2050,4,15,15,0.0
22408,FR_Solar,2050,4,16,16,0.0
22409,FR_Solar,2050,4,17,17,0.0
22410,FR_Solar,2050,4,18,18,0.0
22411,FR_Solar,2050,4,19,19,0.0
22412,FR_Solar,2050,4,20,20,0.0
22413,FR_Solar,2050,4,21,21,0.0
22414,FR_Solar,2050,4,22,22,-0.4071
22415,FR_Solar,2050,4,23,23,-0.4071
22416,FR_Solar,2050,4,24,24,0.0
22417,FR_Solar,2050,5,1,1,0.0
22418,FR_Solar,2050,5,2,2,0.0
22419,FR_Solar,2050,5,3,3,0.0
22420,FR_Solar,2050,5,4,4,0.0
22421,FR_Solar,2050,5,5,5,0.0
22422,FR_Solar,2050,5,6,6,0.0
22423,FR_Solar,2050,5,7,7,0.0
22424,FR_Solar,2050,5,8,8,0.0
22425,FR_Solar,2050,5,9,9,0.0
22426,FR_Solar,2050,5,10,10,0.0
22427,FR_Solar,2050,5,11,11,0.0
22428,FR_Solar,2050,5,12,12,0.0
22429,FR_Solar,2050,5,13,13,0.0
22430,FR_Solar,2050,5,14,14,0.0
22431,FR_Solar,2050,5,15,15,0.0
22432,FR_Solar,2050,5,16,16,0.0
22433,FR_Solar,2050,5,17,17,0.0
22434,FR_Solar,2050,5,18,18,0.0
22435,FR_Solar,2050,5,19,19,0.0
22436,FR_Solar,2050,5,20,20,0.0
22437,FR_Solar,2050,5,21,21,0.0
22438,FR_Solar,2050,5,22,22,0.0
22439,FR_Solar,2050,5,23,23,0.0
22440,FR_Solar,2050,5,24,24,0.0
22441,FR_Solar,2050,6,1,1,0.0
22442,FR_Solar,2050,6,2,2,0.0
22443,FR_Solar,2050,6,3,3,0.0
22444,FR_Solar,2050,6,4,4,0.0
22445,FR_Solar,2050,6,5,5,0.0
22446,FR_Solar,2050,6,6,6,0.0
22447,FR_Solar,2050,6,7,7,0.0
22448,FR_Solar,2050,6,8,8,0.0
22449,FR_Solar,2050,6,9,9,0.0
22450,FR_Solar,2050,6,10,10,0.0
22451,FR_Solar,2050,6,11,11,0.0
22452,FR_Solar,2050,6,12,12,0.0
22453,FR_Solar,2050,6,13,13,0.0
22454,FR_Solar,2050,6,14,14,0.0
22455,FR_Solar,2050,6,15,15,0.0
22456,FR_Solar,2050,6,16,16,0.0
22457,FR_Solar,2050,6,17,17,0.0
22458,FR_Solar,2050,6,18,18,0.0
22459,FR_Solar,2050,6,19,19,0.0
22460,FR_Solar,2050,6,20,20,0.0
22461,FR_Solar,2050,6,21,21,0.0
22462,FR_Solar,2050,6,22,22,0.0
22463,FR_Solar,2050,6,23,23,0.0
22464,FR_Solar,2050,6,24,24,0.0
22465,FR_Solar,2050,7,1,1,-1.221
22466,FR_Solar,2050,7,2,2,-0.6549
22467,FR_Solar,2050,7,3,3,-0.6549
22468,FR_Solar,2050,7,4,4,-0.6549
22469,FR_Solar,2050,7,5,5,-1.221
22470,FR_Solar,2050,7,6,6,-1.221
22471,FR_Solar,2050,7,7,7,-1.8869999999999998
22472,FR_Solar,2050,7,8,8,-1.8869999999999998
22473,FR_Solar,2050,7,9,9,-1.8869999999999998
22474,FR_Solar,2050,7,10,10,-1.8869999999999998
22475,FR_Solar,2050,7,11,11,-1.8869999999999998
22476,FR_Solar,2050,7,12,12,-1.8869999999999998
22477,FR_Solar,2050,7,13,13,-1.8869999999999998
22478,FR_Solar,2050,7,14,14,-1.8869999999999998
22479,FR_Solar,2050,7,15,15,-1.221
22480,FR_Solar,2050,7,16,16,-1.221
22481,FR_Solar,2050,7,17,17,-1.221
22482,FR_Solar,2050,7,18,18,-1.8869999999999998
22483,FR_Solar,2050,7,19,19,-1.8869999999999998
22484,FR_Solar,2050,7,20,20,-1.8869999999999998
22485,FR_Solar,2050,7,21,21,-1.8869999999999998
22486,FR_Solar,2050,7,22,22,-18.596631411332673
22487,FR_Solar,2050,7,23,23,-5.200465705666338
22488,FR_Solar,2050,7,24,24,-1.221
22489,FR_Solar,2050,8,1,1,0.0
22490,FR_Solar,2050,8,2,2,0.0
22491,FR_Solar,2050,8,3,3,0.0
22492,FR_Solar,2050,8,4,4,0.0
22493,FR_Solar,2050,8,5,5,0.0
22494,FR_Solar,2050,8,6,6,0.0
22495,FR_Solar,2050,8,7,7,0.0
22496,FR_Solar,2050,8,8,8,0.0
22497,FR_Solar,2050,8,9,9,0.0
22498,FR_Solar,2050,8,10,10,0.0
22499,FR_Solar,2050,8,11,11,0.0
22500,FR_Solar,2050,8,12,12,0.0
22501,FR_Solar,2050,8,13,13,0.0
22502,FR_Solar,2050,8,14,14,0.0
22503,FR_Solar,2050,8,15,15,0.0
22504,FR_Solar,2050,8,16,16,0.0
22505,FR_Solar,2050,8,17,17,0.0
22506,FR_Solar,2050,8,18,18,0.0
22507,FR_Solar,2050,8,19,19,0.0
22508,FR_Solar,2050,8,20,20,0.0
22509,FR_Solar,2050,8,21,21,0.0
22510,FR_Solar,2050,8,22,22,0.0
22511,FR_Solar,2050,8,23,23,0.0
22512,FR_Solar,2050,8,24,24,0.0
22513,FR_Solar,2050,9,1,1,0.0
22514,FR_Solar,2050,9,2,2,0.0
22515,FR_Solar,2050,9,3,3,0.0
22516,FR_Solar,2050,9,4,4,0.0
22517,FR_Solar,2050,9,5,5,0.0
22518,FR_Solar,2050,9,6,6,0.0
22519,FR_Solar,2050,9,7,7,0.0
22520,FR_Solar,2050,9,8,8,0.0
22521,FR_Solar,2050,9,9,9,-0.7611
22522,FR_Solar,2050,9,10,10,-0.7611
22523,FR_Solar,2050,9,11,11,-0.7611
22524,FR_Solar,2050,9,12,12,-0.7611
22525,FR_Solar,2050,9,13,13,-0.7611
22526,FR_Solar,2050,9,14,14,0.0
22527,FR_Solar,2050,9,15,15,0.0
22528,FR_Solar,2050,9,16,16,0.0
22529,FR_Solar,2050,9,17,17,0.0
22530,FR_Solar,2050,9,18,18,0.0
22531,FR_Solar,2050,9,19,19,0.0
22532,FR_Solar,2050,9,20,20,-0.7611
22533,FR_Solar,2050,9,21,21,-1.419
22534,FR_Solar,2050,9,22,22,-1.419
22535,FR_Solar,2050,9,23,23,-1.419
22536,FR_Solar,2050,9,24,24,-0.7611
22537,FR_Solar,2050,10,1,1,-0.8142
22538,FR_Solar,2050,10,2,2,-0.8142
22539,FR_Solar,2050,10,3,3,0.0
22540,FR_Solar,2050,10,4,4,0.0
22541,FR_Solar,2050,10,5,5,0.0
22542,FR_Solar,2050,10,6,6,-0.8142
22543,FR_Solar,2050,10,7,7,-0.8142
22544,FR_Solar,2050,10,8,8,-1.518
22545,FR_Solar,2050,10,9,9,-1.518
22546,FR_Solar,2050,10,10,10,-1.518
22547,FR_Solar,2050,10,11,11,-1.518
22548,FR_Solar,2050,10,12,12,-1.518
22549,FR_Solar,2050,10,13,13,-1.518
22550,FR_Solar,2050,10,14,14,-0.8142
22551,FR_Solar,2050,10,15,15,-0.8142
22552,FR_Solar,2050,10,16,16,-0.8142
22553,FR_Solar,2050,10,17,17,-0.8142
22554,FR_Solar,2050,10,18,18,-0.8142
22555,FR_Solar,2050,10,19,19,-0.8142
22556,FR_Solar,2050,10,20,20,-0.8142
22557,FR_Solar,2050,10,21,21,-1.518
22558,FR_Solar,2050,10,22,22,-1.518
22559,FR_Solar,2050,10,23,23,-1.518
22560,FR_Solar,2050,10,24,24,-0.8142
22561,FR_Wind_Offshore,2050,1,1,1,-1.749
22562,FR_Wind_Offshore,2050,1,2,2,-0.9381
22563,FR_Wind_Offshore,2050,1,3,3,-0.9381
22564,FR_Wind_Offshore,2050,1,4,4,-0.9381
22565,FR_Wind_Offshore,2050,1,5,5,-0.9381
22566,FR_Wind_Offshore,2050,1,6,6,-1.749
22567,FR_Wind_Offshore,2050,1,7,7,-1.749
22568,FR_Wind_Offshore,2050,1,8,8,-1.749
22569,FR_Wind_Offshore,2050,1,9,9,-2.703
22570,FR_Wind_Offshore,2050,1,10,10,-2.703
22571,FR_Wind_Offshore,2050,1,11,11,-2.703
22572,FR_Wind_Offshore,2050,1,12,12,-2.703
22573,FR_Wind_Offshore,2050,1,13,13,-2.703
22574,FR_Wind_Offshore,2050,1,14,14,-1.749
22575,FR_Wind_Offshore,2050,1,15,15,-1.749
22576,FR_Wind_Offshore,2050,1,16,16,-1.749
22577,FR_Wind_Offshore,2050,1,17,17,-1.749
22578,FR_Wind_Offshore,2050,1,18,18,-1.749
22579,FR_Wind_Offshore,2050,1,19,19,-1.749
22580,FR_Wind_Offshore,2050,1,20,20,-1.749
22581,FR_Wind_Offshore,2050,1,21,21,-1.749
22582,FR_Wind_Offshore,2050,1,22,22,-1.749
22583,FR_Wind_Offshore,2050,1,23,23,-1.749
22584,FR_Wind_Offshore,2050,1,24,24,-0.9381
22585,FR_Wind_Offshore,2050,2,1,1,0.0
22586,FR_Wind_Offshore,2050,2,2,2,0.0
22587,FR_Wind_Offshore,2050,2,3,3,0.0
22588,FR_Wind_Offshore,2050,2,4,4,0.0
22589,FR_Wind_Offshore,2050,2,5,5,0.0
22590,FR_Wind_Offshore,2050,2,6,6,0.0
22591,FR_Wind_Offshore,2050,2,7,7,0.0
22592,FR_Wind_Offshore,2050,2,8,8,0.0
22593,FR_Wind_Offshore,2050,2,9,9,0.0
22594,FR_Wind_Offshore,2050,2,10,10,0.0
22595,FR_Wind_Offshore,2050,2,11,11,0.0
22596,FR_Wind_Offshore,2050,2,12,12,0.0
22597,FR_Wind_Offshore,2050,2,13,13,0.0
22598,FR_Wind_Offshore,2050,2,14,14,0.0
22599,FR_Wind_Offshore,2050,2,15,15,0.0
22600,FR_Wind_Offshore,2050,2,16,16,0.0
22601,FR_Wind_Offshore,2050,2,17,17,0.0
22602,FR_Wind_Offshore,2050,2,18,18,0.0
22603,FR_Wind_Offshore,2050,2,19,19,0.0
22604,FR_Wind_Offshore,2050,2,20,20,0.0
22605,FR_Wind_Offshore,2050,2,21,21,-0.5841000000000001
22606,FR_Wind_Offshore,2050,2,22,22,-0.5841000000000001
22607,FR_Wind_Offshore,2050,2,23,23,-0.5841000000000001
22608,FR_Wind_Offshore,2050,2,24,24,0.0
22609,FR_Wind_Offshore,2050,3,1,1,0.0
22610,FR_Wind_Offshore,2050,3,2,2,0.0
22611,FR_Wind_Offshore,2050,3,3,3,0.0
22612,FR_Wind_Offshore,2050,3,4,4,0.0
22613,FR_Wind_Offshore,2050,3,5,5,0.0
22614,FR_Wind_Offshore,2050,3,6,6,0.0
22615,FR_Wind_Offshore,2050,3,7,7,0.0
22616,FR_Wind_Offshore,2050,3,8,8,0.0
22617,FR_Wind_Offshore,2050,3,9,9,0.0
22618,FR_Wind_Offshore,2050,3,10,10,0.0
22619,FR_Wind_Offshore,2050,3,11,11,0.0
22620,FR_Wind_Offshore,2050,3,12,12,0.0
22621,FR_Wind_Offshore,2050,3,13,13,0.0
22622,FR_Wind_Offshore,2050,3,14,14,0.0
22623,FR_Wind_Offshore,2050,3,15,15,-0.5133
22624,FR_Wind_Offshore,2050,3,16,16,-0.5133
22625,FR_Wind_Offshore,2050,3,17,17,-0.5133
22626,FR_Wind_Offshore,2050,3,18,18,-0.5133
22627,FR_Wind_Offshore,2050,3,19,19,0.0
22628,FR_Wind_Offshore,2050,3,20,20,0.0
22629,FR_Wind_Offshore,2050,3,21,21,-0.5133
22630,FR_Wind_Offshore,2050,3,22,22,-0.5133
22631,FR_Wind_Offshore,2050,3,23,23,-0.5133
22632,FR_Wind_Offshore,2050,3,24,24,0.0
22633,FR_Wind_Offshore,2050,4,1,1,0.0
22634,FR_Wind_Offshore,2050,4,2,2,0.0
22635,FR_Wind_Offshore,2050,4,3,3,0.0
22636,FR_Wind_Offshore,2050,4,4,4,0.0
22637,FR_Wind_Offshore,2050,4,5,5,0.0
22638,FR_Wind_Offshore,2050,4,6,6,0.0
22639,FR_Wind_Offshore,2050,4,7,7,0.0
22640,FR_Wind_Offshore,2050,4,8,8,0.0
22641,FR_Wind_Offshore,2050,4,9,9,0.0
22642,FR_Wind_Offshore,2050,4,10,10,0.0
22643,FR_Wind_Offshore,2050,4,11,11,0.0
22644,FR_Wind_Offshore,2050,4,12,12,0.0
22645,FR_Wind_Offshore,2050,4,13,13,0.0
22646,FR_Wind_Offshore,2050,4,14,14,0.0
22647,FR_Wind_Offshore,2050,4,15,15,0.0
22648,FR_Wind_Offshore,2050,4,16,16,0.0
22649,FR_Wind_Offshore,2050,4,17,17,0.0
22650,FR_Wind_Offshore,2050,4,18,18,0.0
22651,FR_Wind_Offshore,2050,4,19,19,0.0
22652,FR_Wind_Offshore,2050,4,20,20,0.0
22653,FR_Wind_Offshore,2050,4,21,21,0.0
22654,FR_Wind_Offshore,2050,4,22,22,-0.4071
22655,FR_Wind_Offshore,2050,4,23,23,-0.4071
22656,FR_Wind_Offshore,2050,4,24,24,0.0
22657,FR_Wind_Offshore,2050,5,1,1,0.0
22658,FR_Wind_Offshore,2050,5,2,2,0.0
22659,FR_Wind_Offshore,2050,5,3,3,0.0
22660,FR_Wind_Offshore,2050,5,4,4,0.0
22661,FR_Wind_Offshore,2050,5,5,5,0.0
22662,FR_Wind_Offshore,2050,5,6,6,0.0
22663,FR_Wind_Offshore,2050,5,7,7,0.0
22664,FR_Wind_Offshore,2050,5,8,8,0.0
22665,FR_Wind_Offshore,2050,5,9,9,0.0
22666,FR_Wind_Offshore,2050,5,10,10,0.0
22667,FR_Wind_Offshore,2050,5,11,11,0.0
22668,FR_Wind_Offshore,2050,5,12,12,0.0
22669,FR_Wind_Offshore,2050,5,13,13,0.0
22670,FR_Wind_Offshore,2050,5,14,14,0.0
22671,FR_Wind_Offshore,2050,5,15,15,0.0
22672,FR_Wind_Offshore,2050,5,16,16,0.0
22673,FR_Wind_Offshore,2050,5,17,17,0.0
22674,FR_Wind_Offshore,2050,5,18,18,0.0
22675,FR_Wind_Offshore,2050,5,19,19,0.0
22676,FR_Wind_Offshore,2050,5,20,20,0.0
22677,FR_Wind_Offshore,2050,5,21,21,0.0
22678,FR_Wind_Offshore,2050,5,22,22,0.0
22679,FR_Wind_Offshore,2050,5,23,23,0.0
22680,FR_Wind_Offshore,2050,5,24,24,0.0
22681,FR_Wind_Offshore,2050,6,1,1,0.0
22682,FR_Wind_Offshore,2050,6,2,2,0.0
22683,FR_Wind_Offshore,2050,6,3,3,0.0
22684,FR_Wind_Offshore,2050,6,4,4,0.0
22685,FR_Wind_Offshore,2050,6,5,5,0.0
22686,FR_Wind_Offshore,2050,6,6,6,0.0
22687,FR_Wind_Offshore,2050,6,7,7,0.0
22688,FR_Wind_Offshore,2050,6,8,8,0.0
22689,FR_Wind_Offshore,2050,6,9,9,0.0
22690,FR_Wind_Offshore,2050,6,10,10,0.0
22691,FR_Wind_Offshore,2050,6,11,11,0.0
22692,FR_Wind_Offshore,2050,6,12,12,0.0
22693,FR_Wind_Offshore,2050,6,13,13,0.0
22694,FR_Wind_Offshore,2050,6,14,14,0.0
22695,FR_Wind_Offshore,2050,6,15,15,0.0
22696,FR_Wind_Offshore,2050,6,16,16,0.0
22697,FR_Wind_Offshore,2050,6,17,17,0.0
22698,FR_Wind_Offshore,2050,6,18,18,0.0
22699,FR_Wind_Offshore,2050,6,19,19,0.0
22700,FR_Wind_Offshore,2050,6,20,20,0.0
22701,FR_Wind_Offshore,2050,6,21,21,0.0
22702,FR_Wind_Offshore,2050,6,22,22,0.0
22703,FR_Wind_Offshore,2050,6,23,23,0.0
22704,FR_Wind_Offshore,2050,6,24,24,0.0
22705,FR_Wind_Offshore,2050,7,1,1,-1.221
22706,FR_Wind_Offshore,2050,7,2,2,-0.6549
22707,FR_Wind_Offshore,2050,7,3,3,-0.6549
22708,FR_Wind_Offshore,2050,7,4,4,-0.6549
22709,FR_Wind_Offshore,2050,7,5,5,-1.221
22710,FR_Wind_Offshore,2050,7,6,6,-1.221
22711,FR_Wind_Offshore,2050,7,7,7,-1.8869999999999998
22712,FR_Wind_Offshore,2050,7,8,8,-1.8869999999999998
22713,FR_Wind_Offshore,2050,7,9,9,-1.8869999999999998
22714,FR_Wind_Offshore,2050,7,10,10,-1.8869999999999998
22715,FR_Wind_Offshore,2050,7,11,11,-1.8869999999999998
22716,FR_Wind_Offshore,2050,7,12,12,-1.8869999999999998
22717,FR_Wind_Offshore,2050,7,13,13,-1.8869999999999998
22718,FR_Wind_Offshore,2050,7,14,14,-1.8869999999999998
22719,FR_Wind_Offshore,2050,7,15,15,-1.221
22720,FR_Wind_Offshore,2050,7,16,16,-1.221
22721,FR_Wind_Offshore,2050,7,17,17,-1.221
22722,FR_Wind_Offshore,2050,7,18,18,-1.8869999999999998
22723,FR_Wind_Offshore,2050,7,19,19,-1.8869999999999998
22724,FR_Wind_Offshore,2050,7,20,20,-1.8869999999999998
22725,FR_Wind_Offshore,2050,7,21,21,-1.8869999999999998
22726,FR_Wind_Offshore,2050,7,22,22,-18.596631411332673
22727,FR_Wind_Offshore,2050,7,23,23,-5.200465705666338
22728,FR_Wind_Offshore,2050,7,24,24,-1.221
22729,FR_Wind_Offshore,2050,8,1,1,0.0
22730,FR_Wind_Offshore,2050,8,2,2,0.0
22731,FR_Wind_Offshore,2050,8,3,3,0.0
22732,FR_Wind_Offshore,2050,8,4,4,0.0
22733,FR_Wind_Offshore,2050,8,5,5,0.0
22734,FR_Wind_Offshore,2050,8,6,6,0.0
22735,FR_Wind_Offshore,2050,8,7,7,0.0
22736,FR_Wind_Offshore,2050,8,8,8,0.0
22737,FR_Wind_Offshore,2050,8,9,9,0.0
22738,FR_Wind_Offshore,2050,8,10,10,0.0
22739,FR_Wind_Offshore,2050,8,11,11,0.0
22740,FR_Wind_Offshore,2050,8,12,12,0.0
22741,FR_Wind_Offshore,2050,8,13,13,0.0
22742,FR_Wind_Offshore,2050,8,14,14,0.0
22743,FR_Wind_Offshore,2050,8,15,15,0.0
22744,FR_Wind_Offshore,2050,8,16,16,0.0
22745,FR_Wind_Offshore,2050,8,17,17,0.0
22746,FR_Wind_Offshore,2050,8,18,18,0.0
22747,FR_Wind_Offshore,2050,8,19,19,0.0
22748,FR_Wind_Offshore,2050,8,20,20,0.0
22749,FR_Wind_Offshore,2050,8,21,21,0.0
22750,FR_Wind_Offshore,2050,8,22,22,0.0
22751,FR_Wind_Offshore,2050,8,23,23,0.0
22752,FR_Wind_Offshore,2050,8,24,24,0.0
22753,FR_Wind_Offshore,2050,9,1,1,0.0
22754,FR_Wind_Offshore,2050,9,2,2,0.0
22755,FR_Wind_Offshore,2050,9,3,3,0.0
22756,FR_Wind_Offshore,2050,9,4,4,0.0
22757,FR_Wind_Offshore,2050,9,5,5,0.0
22758,FR_Wind_Offshore,2050,9,6,6,0.0
22759,FR_Wind_Offshore,2050,9,7,7,0.0
22760,FR_Wind_Offshore,2050,9,8,8,0.0
22761,FR_Wind_Offshore,2050,9,9,9,-0.7611
22762,FR_Wind_Offshore,2050,9,10,10,-0.7611
22763,FR_Wind_Offshore,2050,9,11,11,-0.7611
22764,FR_Wind_Offshore,2050,9,12,12,-0.7611
22765,FR_Wind_Offshore,2050,9,13,13,-0.7611
22766,FR_Wind_Offshore,2050,9,14,14,0.0
22767,FR_Wind_Offshore,2050,9,15,15,0.0
22768,FR_Wind_Offshore,2050,9,16,16,0.0
22769,FR_Wind_Offshore,2050,9,17,17,0.0
22770,FR_Wind_Offshore,2050,9,18,18,0.0
22771,FR_Wind_Offshore,2050,9,19,19,0.0
22772,FR_Wind_Offshore,2050,9,20,20,-0.7611
22773,FR_Wind_Offshore,2050,9,21,21,-1.419
22774,FR_Wind_Offshore,2050,9,22,22,-1.419
22775,FR_Wind_Offshore,2050,9,23,23,-1.419
22776,FR_Wind_Offshore,2050,9,24,24,-0.7611
22777,FR_Wind_Offshore,2050,10,1,1,-0.8142
22778,FR_Wind_Offshore,2050,10,2,2,-0.8142
22779,FR_Wind_Offshore,2050,10,3,3,0.0
22780,FR_Wind_Offshore,2050,10,4,4,0.0
22781,FR_Wind_Offshore,2050,10,5,5,0.0
22782,FR_Wind_Offshore,2050,10,6,6,-0.8142
22783,FR_Wind_Offshore,2050,10,7,7,-0.8142
22784,FR_Wind_Offshore,2050,10,8,8,-1.518
22785,FR_Wind_Offshore,2050,10,9,9,-1.518
22786,FR_Wind_Offshore,2050,10,10,10,-1.518
22787,FR_Wind_Offshore,2050,10,11,11,-1.518
22788,FR_Wind_Offshore,2050,10,12,12,-1.518
22789,FR_Wind_Offshore,2050,10,13,13,-1.518
22790,FR_Wind_Offshore,2050,10,14,14,-0.8142
22791,FR_Wind_Offshore,2050,10,15,15,-0.8142
22792,FR_Wind_Offshore,2050,10,16,16,-0.8142
22793,FR_Wind_Offshore,2050,10,17,17,-0.8142
22794,FR_Wind_Offshore,2050,10,18,18,-0.8142
22795,FR_Wind_Offshore,2050,10,19,19,-0.8142
22796,FR_Wind_Offshore,2050,10,20,20,-0.8142
22797,FR_Wind_Offshore,2050,10,21,21,-1.518
22798,FR_Wind_Offshore,2050,10,22,22,-1.518
22799,FR_Wind_Offshore,2050,10,23,23,-1.518
22800,FR_Wind_Offshore,2050,10,24,24,-0.8142
22801,FR_Wind_Onshore,2050,1,1,1,-1.749
22802,FR_Wind_Onshore,2050,1,2,2,-0.9381
22803,FR_Wind_Onshore,2050,1,3,3,-0.9381
22804,FR_Wind_Onshore,2050,1,4,4,-0.9381
22805,FR_Wind_Onshore,2050,1,5,5,-0.9381
22806,FR_Wind_Onshore,2050,1,6,6,-1.749
22807,FR_Wind_Onshore,2050,1,7,7,-1.749
22808,FR_Wind_Onshore,2050,1,8,8,-1.749
22809,FR_Wind_Onshore,2050,1,9,9,-2.703
22810,FR_Wind_Onshore,2050,1,10,10,-2.703
22811,FR_Wind_Onshore,2050,1,11,11,-2.703
22812,FR_Wind_Onshore,2050,1,12,12,-2.703
22813,FR_Wind_Onshore,2050,1,13,13,-2.703
22814,FR_Wind_Onshore,2050,1,14,14,-1.749
22815,FR_Wind_Onshore,2050,1,15,15,-1.749
22816,FR_Wind_Onshore,2050,1,16,16,-1.749
22817,FR_Wind_Onshore,2050,1,17,17,-1.749
22818,FR_Wind_Onshore,2050,1,18,18,-1.749
22819,FR_Wind_Onshore,2050,1,19,19,-1.749
22820,FR_Wind_Onshore,2050,1,20,20,-1.749
22821,FR_Wind_Onshore,2050,1,21,21,-1.749
22822,FR_Wind_Onshore,2050,1,22,22,-1.749
22823,FR_Wind_Onshore,2050,1,23,23,-1.749
22824,FR_Wind_Onshore,2050,1,24,24,-0.9381
22825,FR_Wind_Onshore,2050,2,1,1,0.0
22826,FR_Wind_Onshore,2050,2,2,2,0.0
22827,FR_Wind_Onshore,2050,2,3,3,0.0
22828,FR_Wind_Onshore,2050,2,4,4,0.0
22829,FR_Wind_Onshore,2050,2,5,5,0.0
22830,FR_Wind_Onshore,2050,2,6,6,0.0
22831,FR_Wind_Onshore,2050,2,7,7,0.0
22832,FR_Wind_Onshore,2050,2,8,8,0.0
22833,FR_Wind_Onshore,2050,2,9,9,0.0
22834,FR_Wind_Onshore,2050,2,10,10,0.0
22835,FR_Wind_Onshore,2050,2,11,11,0.0
22836,FR_Wind_Onshore,2050,2,12,12,0.0
22837,FR_Wind_Onshore,2050,2,13,13,0.0
22838,FR_Wind_Onshore,2050,2,14,14,0.0
22839,FR_Wind_Onshore,2050,2,15,15,0.0
22840,FR_Wind_Onshore,2050,2,16,16,0.0
22841,FR_Wind_Onshore,2050,2,17,17,0.0
22842,FR_Wind_Onshore,2050,2,18,18,0.0
22843,FR_Wind_Onshore,2050,2,19,19,0.0
22844,FR_Wind_Onshore,2050,2,20,20,0.0
22845,FR_Wind_Onshore,2050,2,21,21,-0.5841000000000001
22846,FR_Wind_Onshore,2050,2,22,22,-0.5841000000000001
22847,FR_Wind_Onshore,2050,2,23,23,-0.5841000000000001
22848,FR_Wind_Onshore,2050,2,24,24,0.0
22849,FR_Wind_Onshore,2050,3,1,1,0.0
22850,FR_Wind_Onshore,2050,3,2,2,0.0
22851,FR_Wind_Onshore,2050,3,3,3,0.0
22852,FR_Wind_Onshore,2050,3,4,4,0.0
22853,FR_Wind_Onshore,2050,3,5,5,0.0
22854,FR_Wind_Onshore,2050,3,6,6,0.0
22855,FR_Wind_Onshore,2050,3,7,7,0.0
22856,FR_Wind_Onshore,2050,3,8,8,0.0
22857,FR_Wind_Onshore,2050,3,9,9,0.0
22858,FR_Wind_Onshore,2050,3,10,10,0.0
22859,FR_Wind_Onshore,2050,3,11,11,0.0
22860,FR_Wind_Onshore,2050,3,12,12,0.0
22861,FR_Wind_Onshore,2050,3,13,13,0.0
22862,FR_Wind_Onshore,2050,3,14,14,0.0
22863,FR_Wind_Onshore,2050,3,15,15,-0.5133
22864,FR_Wind_Onshore,2050,3,16,16,-0.5133
22865,FR_Wind_Onshore,2050,3,17,17,-0.5133
22866,FR_Wind_Onshore,2050,3,18,18,-0.5133
22867,FR_Wind_Onshore,2050,3,19,19,0.0
22868,FR_Wind_Onshore,2050,3,20,20,0.0
22869,FR_Wind_Onshore,2050,3,21,21,-0.5133
22870,FR_Wind_Onshore,2050,3,22,22,-0.5133
22871,FR_Wind_Onshore,2050,3,23,23,-0.5133
22872,FR_Wind_Onshore,2050,3,24,24,0.0
22873,FR_Wind_Onshore,2050,4,1,1,0.0
22874,FR_Wind_Onshore,2050,4,2,2,0.0
22875,FR_Wind_Onshore,2050,4,3,3,0.0
22876,FR_Wind_Onshore,2050,4,4,4,0.0
22877,FR_Wind_Onshore,2050,4,5,5,0.0
22878,FR_Wind_Onshore,2050,4,6,6,0.0
22879,FR_Wind_Onshore,2050,4,7,7,0.0
22880,FR_Wind_Onshore,2050,4,8,8,0.0
22881,FR_Wind_Onshore,2050,4,9,9,0.0
22882,FR_Wind_Onshore,2050,4,10,10,0.0
22883,FR_Wind_Onshore,2050,4,11,11,0.0
22884,FR_Wind_Onshore,2050,4,12,12,0.0
22885,FR_Wind_Onshore,2050,4,13,13,0.0
22886,FR_Wind_Onshore,2050,4,14,14,0.0
22887,FR_Wind_Onshore,2050,4,15,15,0.0
22888,FR_Wind_Onshore,2050,4,16,16,0.0
22889,FR_Wind_Onshore,2050,4,17,17,0.0
22890,FR_Wind_Onshore,2050,4,18,18,0.0
22891,FR_Wind_Onshore,2050,4,19,19,0.0
22892,FR_Wind_Onshore,2050,4,20,20,0.0
22893,FR_Wind_Onshore,2050,4,21,21,0.0
22894,FR_Wind_Onshore,2050,4,22,22,-0.4071
22895,FR_Wind_Onshore,2050,4,23,23,-0.4071
22896,FR_Wind_Onshore,2050,4,24,24,0.0
22897,FR_Wind_Onshore,2050,5,1,1,0.0
22898,FR_Wind_Onshore,2050,5,2,2,0.0
22899,FR_Wind_Onshore,2050,5,3,3,0.0
22900,FR_Wind_Onshore,2050,5,4,4,0.0
22901,FR_Wind_Onshore,2050,5,5,5,0.0
22902,FR_Wind_Onshore,2050,5,6,6,0.0
22903,FR_Wind_Onshore,2050,5,7,7,0.0
22904,FR_Wind_Onshore,2050,5,8,8,0.0
22905,FR_Wind_Onshore,2050,5,9,9,0.0
22906,FR_Wind_Onshore,2050,5,10,10,0.0
22907,FR_Wind_Onshore,2050,5,11,11,0.0
22908,FR_Wind_Onshore,2050,5,12,12,0.0
22909,FR_Wind_Onshore,2050,5,13,13,0.0
22910,FR_Wind_Onshore,2050,5,14,14,0.0
22911,FR_Wind_Onshore,2050,5,15,15,0.0
22912,FR_Wind_Onshore,2050,5,16,16,0.0
22913,FR_Wind_Onshore,2050,5,17,17,0.0
22914,FR_Wind_Onshore,2050,5,18,18,0.0
22915,FR_Wind_Onshore,2050,5,19,19,0.0
22916,FR_Wind_Onshore,2050,5,20,20,0.0
22917,FR_Wind_Onshore,2050,5,21,21,0.0
22918,FR_Wind_Onshore,2050,5,22,22,0.0
22919,FR_Wind_Onshore,2050,5,23,23,0.0
22920,FR_Wind_Onshore,2050,5,24,24,0.0
22921,FR_Wind_Onshore,2050,6,1,1,0.0
22922,FR_Wind_Onshore,2050,6,2,2,0.0
22923,FR_Wind_Onshore,2050,6,3,3,0.0
22924,FR_Wind_Onshore,2050,6,4,4,0.0
22925,FR_Wind_Onshore,2050,6,5,5,0.0
22926,FR_Wind_Onshore,2050,6,6,6,0.0
22927,FR_Wind_Onshore,2050,6,7,7,0.0
22928,FR_Wind_Onshore,2050,6,8,8,0.0
22929,FR_Wind_Onshore,2050,6,9,9,0.0
22930,FR_Wind_Onshore,2050,6,10,10,0.0
22931,FR_Wind_Onshore,2050,6,11,11,0.0
22932,FR_Wind_Onshore,2050,6,12,12,0.0
22933,FR_Wind_Onshore,2050,6,13,13,0.0
22934,FR_Wind_Onshore,2050,6,14,14,0.0
22935,FR_Wind_Onshore,2050,6,15,15,0.0
22936,FR_Wind_Onshore,2050,6,16,16,0.0
22937,FR_Wind_Onshore,2050,6,17,17,0.0
22938,FR_Wind_Onshore,2050,6,18,18,0.0
22939,FR_Wind_Onshore,2050,6,19,19,0.0
22940,FR_Wind_Onshore,2050,6,20,20,0.0
22941,FR_Wind_Onshore,2050,6,21,21,0.0
22942,FR_Wind_Onshore,2050,6,22,22,0.0
22943,FR_Wind_Onshore,2050,6,23,23,0.0
22944,FR_Wind_Onshore,2050,6,24,24,0.0
22945,FR_Wind_Onshore,2050,7,1,1,-1.221
22946,FR_Wind_Onshore,2050,7,2,2,-0.6549
22947,FR_Wind_Onshore,2050,7,3,3,-0.6549
22948,FR_Wind_Onshore,2050,7,4,4,-0.6549
22949,FR_Wind_Onshore,2050,7,5,5,-1.221
22950,FR_Wind_Onshore,2050,7,6,6,-1.221
22951,FR_Wind_Onshore,2050,7,7,7,-1.8869999999999998
22952,FR_Wind_Onshore,2050,7,8,8,-1.8869999999999998
22953,FR_Wind_Onshore,2050,7,9,9,-1.8869999999999998
22954,FR_Wind_Onshore,2050,7,10,10,-1.8869999999999998
22955,FR_Wind_Onshore,2050,7,11,11,-1.8869999999999998
22956,FR_Wind_Onshore,2050,7,12,12,-1.8869999999999998
22957,FR_Wind_Onshore,2050,7,13,13,-1.8869999999999998
22958,FR_Wind_Onshore,2050,7,14,14,-1.8869999999999998
22959,FR_Wind_Onshore,2050,7,15,15,-1.221
22960,FR_Wind_Onshore,2050,7,16,16,-1.221
22961,FR_Wind_Onshore,2050,7,17,17,-1.221
22962,FR_Wind_Onshore,2050,7,18,18,-1.8869999999999998
22963,FR_Wind_Onshore,2050,7,19,19,-1.8869999999999998
22964,FR_Wind_Onshore,2050,7,20,20,-1.8869999999999998
22965,FR_Wind_Onshore,2050,7,21,21,-1.8869999999999998
22966,FR_Wind_Onshore,2050,7,22,22,-18.596631411332673
22967,FR_Wind_Onshore,2050,7,23,23,-5.200465705666338
22968,FR_Wind_Onshore,2050,7,24,24,-1.221
22969,FR_Wind_Onshore,2050,8,1,1,0.0
22970,FR_Wind_Onshore,2050,8,2,2,0.0
22971,FR_Wind_Onshore,2050,8,3,3,0.0
22972,FR_Wind_Onshore,2050,8,4,4,0.0
22973,FR_Wind_Onshore,2050,8,5,5,0.0
22974,FR_Wind_Onshore,2050,8,6,6,0.0
22975,FR_Wind_Onshore,2050,8,7,7,0.0
22976,FR_Wind_Onshore,2050,8,8,8,0.0
22977,FR_Wind_Onshore,2050,8,9,9,0.0
22978,FR_Wind_Onshore,2050,8,10,10,0.0
22979,FR_Wind_Onshore,2050,8,11,11,0.0
22980,FR_Wind_Onshore,2050,8,12,12,0.0
22981,FR_Wind_Onshore,2050,8,13,13,0.0
22982,FR_Wind_Onshore,2050,8,14,14,0.0
22983,FR_Wind_Onshore,2050,8,15,15,0.0
22984,FR_Wind_Onshore,2050,8,16,16,0.0
22985,FR_Wind_Onshore,2050,8,17,17,0.0
22986,FR_Wind_Onshore,2050,8,18,18,0.0
22987,FR_Wind_Onshore,2050,8,19,19,0.0
22988,FR_Wind_Onshore,2050,8,20,20,0.0
22989,FR_Wind_Onshore,2050,8,21,21,0.0
22990,FR_Wind_Onshore,2050,8,22,22,0.0
22991,FR_Wind_Onshore,2050,8,23,23,0.0
22992,FR_Wind_Onshore,2050,8,24,24,0.0
22993,FR_Wind_Onshore,2050,9,1,1,0.0
22994,FR_Wind_Onshore,2050,9,2,2,0.0
22995,FR_Wind_Onshore,2050,9,3,3,0.0
22996,FR_Wind_Onshore,2050,9,4,4,0.0
22997,FR_Wind_Onshore,2050,9,5,5,0.0
22998,FR_Wind_Onshore,2050,9,6,6,0.0
22999,FR_Wind_Onshore,2050,9,7,7,0.0
23000,FR_Wind_Onshore,2050,9,8,8,0.0
23001,FR_Wind_Onshore,2050,9,9,9,-0.7611
23002,FR_Wind_Onshore,2050,9,10,10,-0.7611
23003,FR_Wind_Onshore,2050,9,11,11,-0.7611
23004,FR_Wind_Onshore,2050,9,12,12,-0.7611
23005,FR_Wind_Onshore,2050,9,13,13,-0.7611
23006,FR_Wind_Onshore,2050,9,14,14,0.0
23007,FR_Wind_Onshore,2050,9,15,15,0.0
23008,FR_Wind_Onshore,2050,9,16,16,0.0
23009,FR_Wind_Onshore,2050,9,17,17,0.0
23010,FR_Wind_Onshore,2050,9,18,18,0.0
23011,FR_Wind_Onshore,2050,9,19,19,0.0
23012,FR_Wind_Onshore,2050,9,20,20,-0.7611
23013,FR_Wind_Onshore,2050,9,21,21,-1.419
23014,FR_Wind_Onshore,2050,9,22,22,-1.419
23015,FR_Wind_Onshore,2050,9,23,23,-1.419
23016,FR_Wind_Onshore,2050,9,24,24,-0.7611
23017,FR_Wind_Onshore,2050,10,1,1,-0.8142
23018,FR_Wind_Onshore,2050,10,2,2,-0.8142
23019,FR_Wind_Onshore,2050,10,3,3,0.0
23020,FR_Wind_Onshore,2050,10,4,4,0.0
23021,FR_Wind_Onshore,2050,10,5,5,0.0
23022,FR_Wind_Onshore,2050,10,6,6,-0.8142
23023,FR_Wind_Onshore,2050,10,7,7,-0.8142
23024,FR_Wind_Onshore,2050,10,8,8,-1.518
23025,FR_Wind_Onshore,2050,10,9,9,-1.518
23026,FR_Wind_Onshore,2050,10,10,10,-1.518
23027,FR_Wind_Onshore,2050,10,11,11,-1.518
23028,FR_Wind_Onshore,2050,10,12,12,-1.518
23029,FR_Wind_Onshore,2050,10,13,13,-1.518
23030,FR_Wind_Onshore,2050,10,14,14,-0.8142
23031,FR_Wind_Onshore,2050,10,15,15,-0.8142
23032,FR_Wind_Onshore,2050,10,16,16,-0.8142
23033,FR_Wind_Onshore,2050,10,17,17,-0.8142
23034,FR_Wind_Onshore,2050,10,18,18,-0.8142
23035,FR_Wind_Onshore,2050,10,19,19,-0.8142
23036,FR_Wind_Onshore,2050,10,20,20,-0.8142
23037,FR_Wind_Onshore,2050,10,21,21,-1.518
23038,FR_Wind_Onshore,2050,10,22,22,-1.518
23039,FR_Wind_Onshore,2050,10,23,23,-1.518
23040,FR_Wind_Onshore,2050,10,24,24,-0.8142
23041,GR_Battery,2050,1,1,1,0.0
23042,GR_Battery,2050,1,2,2,0.0
23043,GR_Battery,2050,1,3,3,0.0
23044,GR_Battery,2050,1,4,4,0.0
23045,GR_Battery,2050,1,5,5,0.0
23046,GR_Battery,2050,1,6,6,0.0
23047,GR_Battery,2050,1,7,7,0.0
23048,GR_Battery,2050,1,8,8,0.0
23049,GR_Battery,2050,1,9,9,0.0
23050,GR_Battery,2050,1,10,10,0.0
23051,GR_Battery,2050,1,11,11,0.0
23052,GR_Battery,2050,1,12,12,0.0
23053,GR_Battery,2050,1,13,13,0.0
23054,GR_Battery,2050,1,14,14,0.0
23055,GR_Battery,2050,1,15,15,0.0
23056,GR_Battery,2050,1,16,16,0.0
23057,GR_Battery,2050,1,17,17,0.0
23058,GR_Battery,2050,1,18,18,0.0
23059,GR_Battery,2050,1,19,19,0.0
23060,GR_Battery,2050,1,20,20,-9.894865705666337
23061,GR_Battery,2050,1,21,21,0.0
23062,GR_Battery,2050,1,22,22,0.0
23063,GR_Battery,2050,1,23,23,0.0
23064,GR_Battery,2050,1,24,24,0.0
23065,GR_Battery,2050,2,1,1,0.0
23066,GR_Battery,2050,2,2,2,0.0
23067,GR_Battery,2050,2,3,3,0.0
23068,GR_Battery,2050,2,4,4,0.0
23069,GR_Battery,2050,2,5,5,0.0
23070,GR_Battery,2050,2,6,6,0.0
23071,GR_Battery,2050,2,7,7,0.0
23072,GR_Battery,2050,2,8,8,0.0
23073,GR_Battery,2050,2,9,9,0.0
23074,GR_Battery,2050,2,10,10,0.0
23075,GR_Battery,2050,2,11,11,0.0
23076,GR_Battery,2050,2,12,12,0.0
23077,GR_Battery,2050,2,13,13,0.0
23078,GR_Battery,2050,2,14,14,0.0
23079,GR_Battery,2050,2,15,15,0.0
23080,GR_Battery,2050,2,16,16,0.0
23081,GR_Battery,2050,2,17,17,0.0
23082,GR_Battery,2050,2,18,18,0.0
23083,GR_Battery,2050,2,19,19,0.0
23084,GR_Battery,2050,2,20,20,-1.0988999999999998
23085,GR_Battery,2050,2,21,21,0.0
23086,GR_Battery,2050,2,22,22,0.0
23087,GR_Battery,2050,2,23,23,0.0
23088,GR_Battery,2050,2,24,24,0.0
23089,GR_Battery,2050,3,1,1,0.0
23090,GR_Battery,2050,3,2,2,0.0
23091,GR_Battery,2050,3,3,3,0.0
23092,GR_Battery,2050,3,4,4,0.0
23093,GR_Battery,2050,3,5,5,0.0
23094,GR_Battery,2050,3,6,6,0.0
23095,GR_Battery,2050,3,7,7,0.0
23096,GR_Battery,2050,3,8,8,0.0
23097,GR_Battery,2050,3,9,9,0.0
23098,GR_Battery,2050,3,10,10,0.0
23099,GR_Battery,2050,3,11,11,0.0
23100,GR_Battery,2050,3,12,12,0.0
23101,GR_Battery,2050,3,13,13,0.0
23102,GR_Battery,2050,3,14,14,0.0
23103,GR_Battery,2050,3,15,15,0.0
23104,GR_Battery,2050,3,16,16,0.0
23105,GR_Battery,2050,3,17,17,0.0
23106,GR_Battery,2050,3,18,18,0.0
23107,GR_Battery,2050,3,19,19,0.0
23108,GR_Battery,2050,3,20,20,0.0
23109,GR_Battery,2050,3,21,21,0.0
23110,GR_Battery,2050,3,22,22,0.0
23111,GR_Battery,2050,3,23,23,0.0
23112,GR_Battery,2050,3,24,24,0.0
23113,GR_Battery,2050,4,1,1,0.0
23114,GR_Battery,2050,4,2,2,0.0
23115,GR_Battery,2050,4,3,3,0.0
23116,GR_Battery,2050,4,4,4,0.0
23117,GR_Battery,2050,4,5,5,0.0
23118,GR_Battery,2050,4,6,6,0.0
23119,GR_Battery,2050,4,7,7,0.0
23120,GR_Battery,2050,4,8,8,0.0
23121,GR_Battery,2050,4,9,9,0.0
23122,GR_Battery,2050,4,10,10,0.0
23123,GR_Battery,2050,4,11,11,0.0
23124,GR_Battery,2050,4,12,12,0.0
23125,GR_Battery,2050,4,13,13,0.0
23126,GR_Battery,2050,4,14,14,0.0
23127,GR_Battery,2050,4,15,15,0.0
23128,GR_Battery,2050,4,16,16,0.0
23129,GR_Battery,2050,4,17,17,0.0
23130,GR_Battery,2050,4,18,18,0.0
23131,GR_Battery,2050,4,19,19,0.0
23132,GR_Battery,2050,4,20,20,0.0
23133,GR_Battery,2050,4,21,21,0.0
23134,GR_Battery,2050,4,22,22,0.0
23135,GR_Battery,2050,4,23,23,0.0
23136,GR_Battery,2050,4,24,24,0.0
23137,GR_Battery,2050,5,1,1,0.0
23138,GR_Battery,2050,5,2,2,0.0
23139,GR_Battery,2050,5,3,3,0.0
23140,GR_Battery,2050,5,4,4,0.0
23141,GR_Battery,2050,5,5,5,0.0
23142,GR_Battery,2050,5,6,6,0.0
23143,GR_Battery,2050,5,7,7,0.0
23144,GR_Battery,2050,5,8,8,0.0
23145,GR_Battery,2050,5,9,9,0.0
23146,GR_Battery,2050,5,10,10,0.0
23147,GR_Battery,2050,5,11,11,0.0
23148,GR_Battery,2050,5,12,12,0.0
23149,GR_Battery,2050,5,13,13,0.0
23150,GR_Battery,2050,5,14,14,0.0
23151,GR_Battery,2050,5,15,15,0.0
23152,GR_Battery,2050,5,16,16,0.0
23153,GR_Battery,2050,5,17,17,0.0
23154,GR_Battery,2050,5,18,18,0.0
23155,GR_Battery,2050,5,19,19,0.0
23156,GR_Battery,2050,5,20,20,0.0
23157,GR_Battery,2050,5,21,21,0.0
23158,GR_Battery,2050,5,22,22,0.0
23159,GR_Battery,2050,5,23,23,0.0
23160,GR_Battery,2050,5,24,24,0.0
23161,GR_Battery,2050,6,1,1,0.0
23162,GR_Battery,2050,6,2,2,0.0
23163,GR_Battery,2050,6,3,3,0.0
23164,GR_Battery,2050,6,4,4,0.0
23165,GR_Battery,2050,6,5,5,0.0
23166,GR_Battery,2050,6,6,6,0.0
23167,GR_Battery,2050,6,7,7,0.0
23168,GR_Battery,2050,6,8,8,0.0
23169,GR_Battery,2050,6,9,9,0.0
23170,GR_Battery,2050,6,10,10,0.0
23171,GR_Battery,2050,6,11,11,0.0
23172,GR_Battery,2050,6,12,12,0.0
23173,GR_Battery,2050,6,13,13,0.0
23174,GR_Battery,2050,6,14,14,0.0
23175,GR_Battery,2050,6,15,15,0.0
23176,GR_Battery,2050,6,16,16,0.0
23177,GR_Battery,2050,6,17,17,0.0
23178,GR_Battery,2050,6,18,18,0.0
23179,GR_Battery,2050,6,19,19,0.0
23180,GR_Battery,2050,6,20,20,0.0
23181,GR_Battery,2050,6,21,21,0.0
23182,GR_Battery,2050,6,22,22,0.0
23183,GR_Battery,2050,6,23,23,0.0
23184,GR_Battery,2050,6,24,24,0.0
23185,GR_Battery,2050,7,1,1,0.0
23186,GR_Battery,2050,7,2,2,0.0
23187,GR_Battery,2050,7,3,3,0.0
23188,GR_Battery,2050,7,4,4,0.0
23189,GR_Battery,2050,7,5,5,0.0
23190,GR_Battery,2050,7,6,6,0.0
23191,GR_Battery,2050,7,7,7,0.0
23192,GR_Battery,2050,7,8,8,0.0
23193,GR_Battery,2050,7,9,9,0.0
23194,GR_Battery,2050,7,10,10,0.0
23195,GR_Battery,2050,7,11,11,0.0
23196,GR_Battery,2050,7,12,12,0.0
23197,GR_Battery,2050,7,13,13,0.0
23198,GR_Battery,2050,7,14,14,0.0
23199,GR_Battery,2050,7,15,15,0.0
23200,GR_Battery,2050,7,16,16,0.0
23201,GR_Battery,2050,7,17,17,0.0
23202,GR_Battery,2050,7,18,18,0.0
23203,GR_Battery,2050,7,19,19,0.0
23204,GR_Battery,2050,7,20,20,0.0
23205,GR_Battery,2050,7,21,21,0.0
23206,GR_Battery,2050,7,22,22,0.0
23207,GR_Battery,2050,7,23,23,0.0
23208,GR_Battery,2050,7,24,24,0.0
23209,GR_Battery,2050,8,1,1,0.0
23210,GR_Battery,2050,8,2,2,0.0
23211,GR_Battery,2050,8,3,3,0.0
23212,GR_Battery,2050,8,4,4,0.0
23213,GR_Battery,2050,8,5,5,0.0
23214,GR_Battery,2050,8,6,6,0.0
23215,GR_Battery,2050,8,7,7,0.0
23216,GR_Battery,2050,8,8,8,0.0
23217,GR_Battery,2050,8,9,9,0.0
23218,GR_Battery,2050,8,10,10,0.0
23219,GR_Battery,2050,8,11,11,0.0
23220,GR_Battery,2050,8,12,12,0.0
23221,GR_Battery,2050,8,13,13,0.0
23222,GR_Battery,2050,8,14,14,0.0
23223,GR_Battery,2050,8,15,15,0.0
23224,GR_Battery,2050,8,16,16,0.0
23225,GR_Battery,2050,8,17,17,0.0
23226,GR_Battery,2050,8,18,18,0.0
23227,GR_Battery,2050,8,19,19,0.0
23228,GR_Battery,2050,8,20,20,0.0
23229,GR_Battery,2050,8,21,21,0.0
23230,GR_Battery,2050,8,22,22,0.0
23231,GR_Battery,2050,8,23,23,0.0
23232,GR_Battery,2050,8,24,24,0.0
23233,GR_Battery,2050,9,1,1,0.0
23234,GR_Battery,2050,9,2,2,0.0
23235,GR_Battery,2050,9,3,3,0.0
23236,GR_Battery,2050,9,4,4,0.0
23237,GR_Battery,2050,9,5,5,0.0
23238,GR_Battery,2050,9,6,6,0.0
23239,GR_Battery,2050,9,7,7,0.0
23240,GR_Battery,2050,9,8,8,0.0
23241,GR_Battery,2050,9,9,9,-0.774
23242,GR_Battery,2050,9,10,10,0.0
23243,GR_Battery,2050,9,11,11,0.0
23244,GR_Battery,2050,9,12,12,0.0
23245,GR_Battery,2050,9,13,13,0.0
23246,GR_Battery,2050,9,14,14,0.0
23247,GR_Battery,2050,9,15,15,0.0
23248,GR_Battery,2050,9,16,16,0.0
23249,GR_Battery,2050,9,17,17,0.0
23250,GR_Battery,2050,9,18,18,0.0
23251,GR_Battery,2050,9,19,19,0.0
23252,GR_Battery,2050,9,20,20,0.0
23253,GR_Battery,2050,9,21,21,0.0
23254,GR_Battery,2050,9,22,22,0.0
23255,GR_Battery,2050,9,23,23,0.0
23256,GR_Battery,2050,9,24,24,0.0
23257,GR_Battery,2050,10,1,1,0.0
23258,GR_Battery,2050,10,2,2,0.0
23259,GR_Battery,2050,10,3,3,0.0
23260,GR_Battery,2050,10,4,4,0.0
23261,GR_Battery,2050,10,5,5,0.0
23262,GR_Battery,2050,10,6,6,0.0
23263,GR_Battery,2050,10,7,7,0.0
23264,GR_Battery,2050,10,8,8,0.0
23265,GR_Battery,2050,10,9,9,0.0
23266,GR_Battery,2050,10,10,10,0.0
23267,GR_Battery,2050,10,11,11,0.0
23268,GR_Battery,2050,10,12,12,0.0
23269,GR_Battery,2050,10,13,13,0.0
23270,GR_Battery,2050,10,14,14,0.0
23271,GR_Battery,2050,10,15,15,0.0
23272,GR_Battery,2050,10,16,16,0.0
23273,GR_Battery,2050,10,17,17,0.0
23274,GR_Battery,2050,10,18,18,0.0
23275,GR_Battery,2050,10,19,19,0.0
23276,GR_Battery,2050,10,20,20,0.0
23277,GR_Battery,2050,10,21,21,0.0
23278,GR_Battery,2050,10,22,22,0.0
23279,GR_Battery,2050,10,23,23,0.0
23280,GR_Battery,2050,10,24,24,0.0
23281,GR_CCGT,2050,1,1,1,0.0
23282,GR_CCGT,2050,1,2,2,0.0
23283,GR_CCGT,2050,1,3,3,0.0
23284,GR_CCGT,2050,1,4,4,0.0
23285,GR_CCGT,2050,1,5,5,0.0
23286,GR_CCGT,2050,1,6,6,0.0
23287,GR_CCGT,2050,1,7,7,0.0
23288,GR_CCGT,2050,1,8,8,0.0
23289,GR_CCGT,2050,1,9,9,0.0
23290,GR_CCGT,2050,1,10,10,0.0
23291,GR_CCGT,2050,1,11,11,0.0
23292,GR_CCGT,2050,1,12,12,0.0
23293,GR_CCGT,2050,1,13,13,0.0
23294,GR_CCGT,2050,1,14,14,0.0
23295,GR_CCGT,2050,1,15,15,0.0
23296,GR_CCGT,2050,1,16,16,0.0
23297,GR_CCGT,2050,1,17,17,-0.9539999999999997
23298,GR_CCGT,2050,1,18,18,-0.9539999999999997
23299,GR_CCGT,2050,1,19,19,-0.9539999999999997
23300,GR_CCGT,2050,1,20,20,-10.848865705666336
23301,GR_CCGT,2050,1,21,21,-0.9539999999999997
23302,GR_CCGT,2050,1,22,22,-0.9539999999999997
23303,GR_CCGT,2050,1,23,23,0.0
23304,GR_CCGT,2050,1,24,24,0.0
23305,GR_CCGT,2050,2,1,1,0.0
23306,GR_CCGT,2050,2,2,2,0.0
23307,GR_CCGT,2050,2,3,3,0.0
23308,GR_CCGT,2050,2,4,4,0.0
23309,GR_CCGT,2050,2,5,5,0.0
23310,GR_CCGT,2050,2,6,6,0.0
23311,GR_CCGT,2050,2,7,7,0.0
23312,GR_CCGT,2050,2,8,8,0.0
23313,GR_CCGT,2050,2,9,9,0.0
23314,GR_CCGT,2050,2,10,10,0.0
23315,GR_CCGT,2050,2,11,11,0.0
23316,GR_CCGT,2050,2,12,12,0.0
23317,GR_CCGT,2050,2,13,13,0.0
23318,GR_CCGT,2050,2,14,14,0.0
23319,GR_CCGT,2050,2,15,15,0.0
23320,GR_CCGT,2050,2,16,16,0.0
23321,GR_CCGT,2050,2,17,17,0.0
23322,GR_CCGT,2050,2,18,18,0.0
23323,GR_CCGT,2050,2,19,19,0.0
23324,GR_CCGT,2050,2,20,20,0.0
23325,GR_CCGT,2050,2,21,21,0.0
23326,GR_CCGT,2050,2,22,22,0.0
23327,GR_CCGT,2050,2,23,23,0.0
23328,GR_CCGT,2050,2,24,24,0.0
23329,GR_CCGT,2050,3,1,1,0.0
23330,GR_CCGT,2050,3,2,2,0.0
23331,GR_CCGT,2050,3,3,3,0.0
23332,GR_CCGT,2050,3,4,4,0.0
23333,GR_CCGT,2050,3,5,5,0.0
23334,GR_CCGT,2050,3,6,6,0.0
23335,GR_CCGT,2050,3,7,7,0.0
23336,GR_CCGT,2050,3,8,8,0.0
23337,GR_CCGT,2050,3,9,9,0.0
23338,GR_CCGT,2050,3,10,10,0.0
23339,GR_CCGT,2050,3,11,11,0.0
23340,GR_CCGT,2050,3,12,12,0.0
23341,GR_CCGT,2050,3,13,13,0.0
23342,GR_CCGT,2050,3,14,14,0.0
23343,GR_CCGT,2050,3,15,15,0.0
23344,GR_CCGT,2050,3,16,16,-0.5219999999999998
23345,GR_CCGT,2050,3,17,17,-4.445965705666337
23346,GR_CCGT,2050,3,18,18,-4.445965705666337
23347,GR_CCGT,2050,3,19,19,-4.445965705666337
23348,GR_CCGT,2050,3,20,20,-0.5219999999999998
23349,GR_CCGT,2050,3,21,21,-0.5219999999999998
23350,GR_CCGT,2050,3,22,22,0.0
23351,GR_CCGT,2050,3,23,23,0.0
23352,GR_CCGT,2050,3,24,24,0.0
23353,GR_CCGT,2050,4,1,1,0.0
23354,GR_CCGT,2050,4,2,2,0.0
23355,GR_CCGT,2050,4,3,3,0.0
23356,GR_CCGT,2050,4,4,4,0.0
23357,GR_CCGT,2050,4,5,5,0.0
23358,GR_CCGT,2050,4,6,6,0.0
23359,GR_CCGT,2050,4,7,7,0.0
23360,GR_CCGT,2050,4,8,8,0.0
23361,GR_CCGT,2050,4,9,9,0.0
23362,GR_CCGT,2050,4,10,10,0.0
23363,GR_CCGT,2050,4,11,11,0.0
23364,GR_CCGT,2050,4,12,12,0.0
23365,GR_CCGT,2050,4,13,13,0.0
23366,GR_CCGT,2050,4,14,14,0.0
23367,GR_CCGT,2050,4,15,15,0.0
23368,GR_CCGT,2050,4,16,16,0.0
23369,GR_CCGT,2050,4,17,17,0.0
23370,GR_CCGT,2050,4,18,18,0.0
23371,GR_CCGT,2050,4,19,19,0.0
23372,GR_CCGT,2050,4,20,20,0.0
23373,GR_CCGT,2050,4,21,21,0.0
23374,GR_CCGT,2050,4,22,22,0.0
23375,GR_CCGT,2050,4,23,23,0.0
23376,GR_CCGT,2050,4,24,24,0.0
23377,GR_CCGT,2050,5,1,1,0.0
23378,GR_CCGT,2050,5,2,2,0.0
23379,GR_CCGT,2050,5,3,3,0.0
23380,GR_CCGT,2050,5,4,4,0.0
23381,GR_CCGT,2050,5,5,5,0.0
23382,GR_CCGT,2050,5,6,6,0.0
23383,GR_CCGT,2050,5,7,7,0.0
23384,GR_CCGT,2050,5,8,8,0.0
23385,GR_CCGT,2050,5,9,9,0.0
23386,GR_CCGT,2050,5,10,10,0.0
23387,GR_CCGT,2050,5,11,11,0.0
23388,GR_CCGT,2050,5,12,12,0.0
23389,GR_CCGT,2050,5,13,13,0.0
23390,GR_CCGT,2050,5,14,14,0.0
23391,GR_CCGT,2050,5,15,15,0.0
23392,GR_CCGT,2050,5,16,16,0.0
23393,GR_CCGT,2050,5,17,17,0.0
23394,GR_CCGT,2050,5,18,18,0.0
23395,GR_CCGT,2050,5,19,19,0.0
23396,GR_CCGT,2050,5,20,20,0.0
23397,GR_CCGT,2050,5,21,21,0.0
23398,GR_CCGT,2050,5,22,22,0.0
23399,GR_CCGT,2050,5,23,23,0.0
23400,GR_CCGT,2050,5,24,24,0.0
23401,GR_CCGT,2050,6,1,1,0.0
23402,GR_CCGT,2050,6,2,2,0.0
23403,GR_CCGT,2050,6,3,3,0.0
23404,GR_CCGT,2050,6,4,4,0.0
23405,GR_CCGT,2050,6,5,5,0.0
23406,GR_CCGT,2050,6,6,6,0.0
23407,GR_CCGT,2050,6,7,7,0.0
23408,GR_CCGT,2050,6,8,8,0.0
23409,GR_CCGT,2050,6,9,9,0.0
23410,GR_CCGT,2050,6,10,10,0.0
23411,GR_CCGT,2050,6,11,11,0.0
23412,GR_CCGT,2050,6,12,12,0.0
23413,GR_CCGT,2050,6,13,13,0.0
23414,GR_CCGT,2050,6,14,14,0.0
23415,GR_CCGT,2050,6,15,15,0.0
23416,GR_CCGT,2050,6,16,16,0.0
23417,GR_CCGT,2050,6,17,17,0.0
23418,GR_CCGT,2050,6,18,18,0.0
23419,GR_CCGT,2050,6,19,19,0.0
23420,GR_CCGT,2050,6,20,20,0.0
23421,GR_CCGT,2050,6,21,21,0.0
23422,GR_CCGT,2050,6,22,22,0.0
23423,GR_CCGT,2050,6,23,23,0.0
23424,GR_CCGT,2050,6,24,24,0.0
23425,GR_CCGT,2050,7,1,1,0.0
23426,GR_CCGT,2050,7,2,2,0.0
23427,GR_CCGT,2050,7,3,3,0.0
23428,GR_CCGT,2050,7,4,4,0.0
23429,GR_CCGT,2050,7,5,5,0.0
23430,GR_CCGT,2050,7,6,6,0.0
23431,GR_CCGT,2050,7,7,7,0.0
23432,GR_CCGT,2050,7,8,8,0.0
23433,GR_CCGT,2050,7,9,9,0.0
23434,GR_CCGT,2050,7,10,10,0.0
23435,GR_CCGT,2050,7,11,11,0.0
23436,GR_CCGT,2050,7,12,12,0.0
23437,GR_CCGT,2050,7,13,13,0.0
23438,GR_CCGT,2050,7,14,14,0.0
23439,GR_CCGT,2050,7,15,15,0.0
23440,GR_CCGT,2050,7,16,16,0.0
23441,GR_CCGT,2050,7,17,17,0.0
23442,GR_CCGT,2050,7,18,18,0.0
23443,GR_CCGT,2050,7,19,19,0.0
23444,GR_CCGT,2050,7,20,20,0.0
23445,GR_CCGT,2050,7,21,21,0.0
23446,GR_CCGT,2050,7,22,22,0.0
23447,GR_CCGT,2050,7,23,23,0.0
23448,GR_CCGT,2050,7,24,24,0.0
23449,GR_CCGT,2050,8,1,1,0.0
23450,GR_CCGT,2050,8,2,2,0.0
23451,GR_CCGT,2050,8,3,3,0.0
23452,GR_CCGT,2050,8,4,4,0.0
23453,GR_CCGT,2050,8,5,5,0.0
23454,GR_CCGT,2050,8,6,6,0.0
23455,GR_CCGT,2050,8,7,7,0.0
23456,GR_CCGT,2050,8,8,8,0.0
23457,GR_CCGT,2050,8,9,9,0.0
23458,GR_CCGT,2050,8,10,10,0.0
23459,GR_CCGT,2050,8,11,11,0.0
23460,GR_CCGT,2050,8,12,12,0.0
23461,GR_CCGT,2050,8,13,13,0.0
23462,GR_CCGT,2050,8,14,14,0.0
23463,GR_CCGT,2050,8,15,15,0.0
23464,GR_CCGT,2050,8,16,16,0.0
23465,GR_CCGT,2050,8,17,17,0.0
23466,GR_CCGT,2050,8,18,18,0.0
23467,GR_CCGT,2050,8,19,19,0.0
23468,GR_CCGT,2050,8,20,20,0.0
23469,GR_CCGT,2050,8,21,21,0.0
23470,GR_CCGT,2050,8,22,22,0.0
23471,GR_CCGT,2050,8,23,23,0.0
23472,GR_CCGT,2050,8,24,24,0.0
23473,GR_CCGT,2050,9,1,1,0.0
23474,GR_CCGT,2050,9,2,2,0.0
23475,GR_CCGT,2050,9,3,3,0.0
23476,GR_CCGT,2050,9,4,4,0.0
23477,GR_CCGT,2050,9,5,5,0.0
23478,GR_CCGT,2050,9,6,6,0.0
23479,GR_CCGT,2050,9,7,7,0.0
23480,GR_CCGT,2050,9,8,8,0.0
23481,GR_CCGT,2050,9,9,9,-0.774
23482,GR_CCGT,2050,9,10,10,0.0
23483,GR_CCGT,2050,9,11,11,0.0
23484,GR_CCGT,2050,9,12,12,0.0
23485,GR_CCGT,2050,9,13,13,0.0
23486,GR_CCGT,2050,9,14,14,0.0
23487,GR_CCGT,2050,9,15,15,0.0
23488,GR_CCGT,2050,9,16,16,0.0
23489,GR_CCGT,2050,9,17,17,0.0
23490,GR_CCGT,2050,9,18,18,0.0
23491,GR_CCGT,2050,9,19,19,-0.774
23492,GR_CCGT,2050,9,20,20,-0.774
23493,GR_CCGT,2050,9,21,21,-0.774
23494,GR_CCGT,2050,9,22,22,0.0
23495,GR_CCGT,2050,9,23,23,0.0
23496,GR_CCGT,2050,9,24,24,0.0
23497,GR_CCGT,2050,10,1,1,0.0
23498,GR_CCGT,2050,10,2,2,0.0
23499,GR_CCGT,2050,10,3,3,0.0
23500,GR_CCGT,2050,10,4,4,0.0
23501,GR_CCGT,2050,10,5,5,0.0
23502,GR_CCGT,2050,10,6,6,0.0
23503,GR_CCGT,2050,10,7,7,0.0
23504,GR_CCGT,2050,10,8,8,0.0
23505,GR_CCGT,2050,10,9,9,0.0
23506,GR_CCGT,2050,10,10,10,0.0
23507,GR_CCGT,2050,10,11,11,0.0
23508,GR_CCGT,2050,10,12,12,0.0
23509,GR_CCGT,2050,10,13,13,0.0
23510,GR_CCGT,2050,10,14,14,0.0
23511,GR_CCGT,2050,10,15,15,0.0
23512,GR_CCGT,2050,10,16,16,0.0
23513,GR_CCGT,2050,10,17,17,0.0
23514,GR_CCGT,2050,10,18,18,0.0
23515,GR_CCGT,2050,10,19,19,0.0
23516,GR_CCGT,2050,10,20,20,0.0
23517,GR_CCGT,2050,10,21,21,0.0
23518,GR_CCGT,2050,10,22,22,0.0
23519,GR_CCGT,2050,10,23,23,0.0
23520,GR_CCGT,2050,10,24,24,0.0
23521,GR_Coal,2050,1,1,1,0.0
23522,GR_Coal,2050,1,2,2,0.0
23523,GR_Coal,2050,1,3,3,0.0
23524,GR_Coal,2050,1,4,4,0.0
23525,GR_Coal,2050,1,5,5,0.0
23526,GR_Coal,2050,1,6,6,-0.8109000000000001
23527,GR_Coal,2050,1,7,7,-0.8109000000000001
23528,GR_Coal,2050,1,8,8,-0.8109000000000001
23529,GR_Coal,2050,1,9,9,-0.8109000000000001
23530,GR_Coal,2050,1,10,10,-0.8109000000000001
23531,GR_Coal,2050,1,11,11,-0.8109000000000001
23532,GR_Coal,2050,1,12,12,-0.8109000000000001
23533,GR_Coal,2050,1,13,13,0.0
23534,GR_Coal,2050,1,14,14,0.0
23535,GR_Coal,2050,1,15,15,0.0
23536,GR_Coal,2050,1,16,16,-0.8109000000000001
23537,GR_Coal,2050,1,17,17,-1.7649
23538,GR_Coal,2050,1,18,18,-1.7649
23539,GR_Coal,2050,1,19,19,-1.7649
23540,GR_Coal,2050,1,20,20,-11.659765705666336
23541,GR_Coal,2050,1,21,21,-1.7649
23542,GR_Coal,2050,1,22,22,-1.7649
23543,GR_Coal,2050,1,23,23,-0.8109000000000001
23544,GR_Coal,2050,1,24,24,-0.8109000000000001
23545,GR_Coal,2050,2,1,1,0.0
23546,GR_Coal,2050,2,2,2,0.0
23547,GR_Coal,2050,2,3,3,0.0
23548,GR_Coal,2050,2,4,4,0.0
23549,GR_Coal,2050,2,5,5,0.0
23550,GR_Coal,2050,2,6,6,0.0
23551,GR_Coal,2050,2,7,7,0.0
23552,GR_Coal,2050,2,8,8,0.0
23553,GR_Coal,2050,2,9,9,0.0
23554,GR_Coal,2050,2,10,10,0.0
23555,GR_Coal,2050,2,11,11,0.0
23556,GR_Coal,2050,2,12,12,0.0
23557,GR_Coal,2050,2,13,13,0.0
23558,GR_Coal,2050,2,14,14,0.0
23559,GR_Coal,2050,2,15,15,0.0
23560,GR_Coal,2050,2,16,16,0.0
23561,GR_Coal,2050,2,17,17,0.0
23562,GR_Coal,2050,2,18,18,0.0
23563,GR_Coal,2050,2,19,19,0.0
23564,GR_Coal,2050,2,20,20,0.0
23565,GR_Coal,2050,2,21,21,0.0
23566,GR_Coal,2050,2,22,22,0.0
23567,GR_Coal,2050,2,23,23,0.0
23568,GR_Coal,2050,2,24,24,0.0
23569,GR_Coal,2050,3,1,1,0.0
23570,GR_Coal,2050,3,2,2,0.0
23571,GR_Coal,2050,3,3,3,0.0
23572,GR_Coal,2050,3,4,4,0.0
23573,GR_Coal,2050,3,5,5,0.0
23574,GR_Coal,2050,3,6,6,0.0
23575,GR_Coal,2050,3,7,7,0.0
23576,GR_Coal,2050,3,8,8,0.0
23577,GR_Coal,2050,3,9,9,0.0
23578,GR_Coal,2050,3,10,10,0.0
23579,GR_Coal,2050,3,11,11,0.0
23580,GR_Coal,2050,3,12,12,0.0
23581,GR_Coal,2050,3,13,13,0.0
23582,GR_Coal,2050,3,14,14,0.0
23583,GR_Coal,2050,3,15,15,0.0
23584,GR_Coal,2050,3,16,16,-0.9656999999999999
23585,GR_Coal,2050,3,17,17,-4.889665705666337
23586,GR_Coal,2050,3,18,18,-4.889665705666337
23587,GR_Coal,2050,3,19,19,-4.889665705666337
23588,GR_Coal,2050,3,20,20,-0.9656999999999999
23589,GR_Coal,2050,3,21,21,-0.9656999999999999
23590,GR_Coal,2050,3,22,22,-0.4437000000000001
23591,GR_Coal,2050,3,23,23,0.0
23592,GR_Coal,2050,3,24,24,0.0
23593,GR_Coal,2050,4,1,1,0.0
23594,GR_Coal,2050,4,2,2,0.0
23595,GR_Coal,2050,4,3,3,0.0
23596,GR_Coal,2050,4,4,4,0.0
23597,GR_Coal,2050,4,5,5,0.0
23598,GR_Coal,2050,4,6,6,0.0
23599,GR_Coal,2050,4,7,7,0.0
23600,GR_Coal,2050,4,8,8,0.0
23601,GR_Coal,2050,4,9,9,0.0
23602,GR_Coal,2050,4,10,10,0.0
23603,GR_Coal,2050,4,11,11,0.0
23604,GR_Coal,2050,4,12,12,0.0
23605,GR_Coal,2050,4,13,13,0.0
23606,GR_Coal,2050,4,14,14,0.0
23607,GR_Coal,2050,4,15,15,0.0
23608,GR_Coal,2050,4,16,16,0.0
23609,GR_Coal,2050,4,17,17,0.0
23610,GR_Coal,2050,4,18,18,0.0
23611,GR_Coal,2050,4,19,19,0.0
23612,GR_Coal,2050,4,20,20,0.0
23613,GR_Coal,2050,4,21,21,0.0
23614,GR_Coal,2050,4,22,22,0.0
23615,GR_Coal,2050,4,23,23,0.0
23616,GR_Coal,2050,4,24,24,0.0
23617,GR_Coal,2050,5,1,1,0.0
23618,GR_Coal,2050,5,2,2,0.0
23619,GR_Coal,2050,5,3,3,0.0
23620,GR_Coal,2050,5,4,4,0.0
23621,GR_Coal,2050,5,5,5,0.0
23622,GR_Coal,2050,5,6,6,0.0
23623,GR_Coal,2050,5,7,7,0.0
23624,GR_Coal,2050,5,8,8,0.0
23625,GR_Coal,2050,5,9,9,0.0
23626,GR_Coal,2050,5,10,10,0.0
23627,GR_Coal,2050,5,11,11,0.0
23628,GR_Coal,2050,5,12,12,0.0
23629,GR_Coal,2050,5,13,13,0.0
23630,GR_Coal,2050,5,14,14,0.0
23631,GR_Coal,2050,5,15,15,0.0
23632,GR_Coal,2050,5,16,16,0.0
23633,GR_Coal,2050,5,17,17,0.0
23634,GR_Coal,2050,5,18,18,0.0
23635,GR_Coal,2050,5,19,19,0.0
23636,GR_Coal,2050,5,20,20,0.0
23637,GR_Coal,2050,5,21,21,0.0
23638,GR_Coal,2050,5,22,22,0.0
23639,GR_Coal,2050,5,23,23,0.0
23640,GR_Coal,2050,5,24,24,0.0
23641,GR_Coal,2050,6,1,1,0.0
23642,GR_Coal,2050,6,2,2,0.0
23643,GR_Coal,2050,6,3,3,0.0
23644,GR_Coal,2050,6,4,4,0.0
23645,GR_Coal,2050,6,5,5,0.0
23646,GR_Coal,2050,6,6,6,0.0
23647,GR_Coal,2050,6,7,7,0.0
23648,GR_Coal,2050,6,8,8,0.0
23649,GR_Coal,2050,6,9,9,0.0
23650,GR_Coal,2050,6,10,10,0.0
23651,GR_Coal,2050,6,11,11,0.0
23652,GR_Coal,2050,6,12,12,0.0
23653,GR_Coal,2050,6,13,13,0.0
23654,GR_Coal,2050,6,14,14,0.0
23655,GR_Coal,2050,6,15,15,0.0
23656,GR_Coal,2050,6,16,16,0.0
23657,GR_Coal,2050,6,17,17,0.0
23658,GR_Coal,2050,6,18,18,0.0
23659,GR_Coal,2050,6,19,19,0.0
23660,GR_Coal,2050,6,20,20,0.0
23661,GR_Coal,2050,6,21,21,0.0
23662,GR_Coal,2050,6,22,22,0.0
23663,GR_Coal,2050,6,23,23,0.0
23664,GR_Coal,2050,6,24,24,0.0
23665,GR_Coal,2050,7,1,1,0.0
23666,GR_Coal,2050,7,2,2,0.0
23667,GR_Coal,2050,7,3,3,0.0
23668,GR_Coal,2050,7,4,4,0.0
23669,GR_Coal,2050,7,5,5,0.0
23670,GR_Coal,2050,7,6,6,0.0
23671,GR_Coal,2050,7,7,7,0.0
23672,GR_Coal,2050,7,8,8,0.0
23673,GR_Coal,2050,7,9,9,0.0
23674,GR_Coal,2050,7,10,10,0.0
23675,GR_Coal,2050,7,11,11,0.0
23676,GR_Coal,2050,7,12,12,0.0
23677,GR_Coal,2050,7,13,13,0.0
23678,GR_Coal,2050,7,14,14,0.0
23679,GR_Coal,2050,7,15,15,0.0
23680,GR_Coal,2050,7,16,16,0.0
23681,GR_Coal,2050,7,17,17,0.0
23682,GR_Coal,2050,7,18,18,0.0
23683,GR_Coal,2050,7,19,19,0.0
23684,GR_Coal,2050,7,20,20,0.0
23685,GR_Coal,2050,7,21,21,0.0
23686,GR_Coal,2050,7,22,22,0.0
23687,GR_Coal,2050,7,23,23,0.0
23688,GR_Coal,2050,7,24,24,0.0
23689,GR_Coal,2050,8,1,1,0.0
23690,GR_Coal,2050,8,2,2,0.0
23691,GR_Coal,2050,8,3,3,0.0
23692,GR_Coal,2050,8,4,4,0.0
23693,GR_Coal,2050,8,5,5,0.0
23694,GR_Coal,2050,8,6,6,0.0
23695,GR_Coal,2050,8,7,7,0.0
23696,GR_Coal,2050,8,8,8,0.0
23697,GR_Coal,2050,8,9,9,0.0
23698,GR_Coal,2050,8,10,10,0.0
23699,GR_Coal,2050,8,11,11,0.0
23700,GR_Coal,2050,8,12,12,0.0
23701,GR_Coal,2050,8,13,13,0.0
23702,GR_Coal,2050,8,14,14,0.0
23703,GR_Coal,2050,8,15,15,0.0
23704,GR_Coal,2050,8,16,16,0.0
23705,GR_Coal,2050,8,17,17,0.0
23706,GR_Coal,2050,8,18,18,0.0
23707,GR_Coal,2050,8,19,19,0.0
23708,GR_Coal,2050,8,20,20,0.0
23709,GR_Coal,2050,8,21,21,0.0
23710,GR_Coal,2050,8,22,22,0.0
23711,GR_Coal,2050,8,23,23,0.0
23712,GR_Coal,2050,8,24,24,0.0
23713,GR_Coal,2050,9,1,1,0.0
23714,GR_Coal,2050,9,2,2,0.0
23715,GR_Coal,2050,9,3,3,0.0
23716,GR_Coal,2050,9,4,4,0.0
23717,GR_Coal,2050,9,5,5,0.0
23718,GR_Coal,2050,9,6,6,-0.6579
23719,GR_Coal,2050,9,7,7,-0.6579
23720,GR_Coal,2050,9,8,8,-0.6579
23721,GR_Coal,2050,9,9,9,-1.4319000000000002
23722,GR_Coal,2050,9,10,10,-0.6579
23723,GR_Coal,2050,9,11,11,-0.6579
23724,GR_Coal,2050,9,12,12,0.0
23725,GR_Coal,2050,9,13,13,0.0
23726,GR_Coal,2050,9,14,14,0.0
23727,GR_Coal,2050,9,15,15,0.0
23728,GR_Coal,2050,9,16,16,0.0
23729,GR_Coal,2050,9,17,17,0.0
23730,GR_Coal,2050,9,18,18,0.0
23731,GR_Coal,2050,9,19,19,-1.4319000000000002
23732,GR_Coal,2050,9,20,20,-1.4319000000000002
23733,GR_Coal,2050,9,21,21,-1.4319000000000002
23734,GR_Coal,2050,9,22,22,-0.6579
23735,GR_Coal,2050,9,23,23,0.0
23736,GR_Coal,2050,9,24,24,0.0
23737,GR_Coal,2050,10,1,1,0.0
23738,GR_Coal,2050,10,2,2,0.0
23739,GR_Coal,2050,10,3,3,0.0
23740,GR_Coal,2050,10,4,4,0.0
23741,GR_Coal,2050,10,5,5,0.0
23742,GR_Coal,2050,10,6,6,0.0
23743,GR_Coal,2050,10,7,7,0.0
23744,GR_Coal,2050,10,8,8,0.0
23745,GR_Coal,2050,10,9,9,0.0
23746,GR_Coal,2050,10,10,10,0.0
23747,GR_Coal,2050,10,11,11,0.0
23748,GR_Coal,2050,10,12,12,0.0
23749,GR_Coal,2050,10,13,13,0.0
23750,GR_Coal,2050,10,14,14,0.0
23751,GR_Coal,2050,10,15,15,0.0
23752,GR_Coal,2050,10,16,16,0.0
23753,GR_Coal,2050,10,17,17,0.0
23754,GR_Coal,2050,10,18,18,0.0
23755,GR_Coal,2050,10,19,19,0.0
23756,GR_Coal,2050,10,20,20,0.0
23757,GR_Coal,2050,10,21,21,0.0
23758,GR_Coal,2050,10,22,22,0.0
23759,GR_Coal,2050,10,23,23,0.0
23760,GR_Coal,2050,10,24,24,0.0
23761,GR_Solar,2050,1,1,1,-0.9381
23762,GR_Solar,2050,1,2,2,-0.9381
23763,GR_Solar,2050,1,3,3,-0.9381
23764,GR_Solar,2050,1,4,4,-0.9381
23765,GR_Solar,2050,1,5,5,-0.9381
23766,GR_Solar,2050,1,6,6,-1.749
23767,GR_Solar,2050,1,7,7,-1.749
23768,GR_Solar,2050,1,8,8,-1.749
23769,GR_Solar,2050,1,9,9,-1.749
23770,GR_Solar,2050,1,10,10,-1.749
23771,GR_Solar,2050,1,11,11,-1.749
23772,GR_Solar,2050,1,12,12,-1.749
23773,GR_Solar,2050,1,13,13,-0.9381
23774,GR_Solar,2050,1,14,14,-0.9381
23775,GR_Solar,2050,1,15,15,-0.9381
23776,GR_Solar,2050,1,16,16,-1.749
23777,GR_Solar,2050,1,17,17,-2.703
23778,GR_Solar,2050,1,18,18,-2.703
23779,GR_Solar,2050,1,19,19,-2.703
23780,GR_Solar,2050,1,20,20,-12.597865705666337
23781,GR_Solar,2050,1,21,21,-2.703
23782,GR_Solar,2050,1,22,22,-2.703
23783,GR_Solar,2050,1,23,23,-1.749
23784,GR_Solar,2050,1,24,24,-1.749
23785,GR_Solar,2050,2,1,1,-0.5841000000000001
23786,GR_Solar,2050,2,2,2,-0.5841000000000001
23787,GR_Solar,2050,2,3,3,-0.5841000000000001
23788,GR_Solar,2050,2,4,4,-0.5841000000000001
23789,GR_Solar,2050,2,5,5,-0.5841000000000001
23790,GR_Solar,2050,2,6,6,-0.5841000000000001
23791,GR_Solar,2050,2,7,7,-0.5841000000000001
23792,GR_Solar,2050,2,8,8,-0.5841000000000001
23793,GR_Solar,2050,2,9,9,0.0
23794,GR_Solar,2050,2,10,10,0.0
23795,GR_Solar,2050,2,11,11,0.0
23796,GR_Solar,2050,2,12,12,0.0
23797,GR_Solar,2050,2,13,13,0.0
23798,GR_Solar,2050,2,14,14,0.0
23799,GR_Solar,2050,2,15,15,0.0
23800,GR_Solar,2050,2,16,16,0.0
23801,GR_Solar,2050,2,17,17,0.0
23802,GR_Solar,2050,2,18,18,-0.5841000000000001
23803,GR_Solar,2050,2,19,19,-0.5841000000000001
23804,GR_Solar,2050,2,20,20,-1.6829999999999998
23805,GR_Solar,2050,2,21,21,-0.5841000000000001
23806,GR_Solar,2050,2,22,22,0.0
23807,GR_Solar,2050,2,23,23,0.0
23808,GR_Solar,2050,2,24,24,0.0
23809,GR_Solar,2050,3,1,1,-0.5133
23810,GR_Solar,2050,3,2,2,-0.5133
23811,GR_Solar,2050,3,3,3,-0.5133
23812,GR_Solar,2050,3,4,4,-0.5133
23813,GR_Solar,2050,3,5,5,-0.5133
23814,GR_Solar,2050,3,6,6,-0.5133
23815,GR_Solar,2050,3,7,7,-0.5133
23816,GR_Solar,2050,3,8,8,-0.5133
23817,GR_Solar,2050,3,9,9,-0.5133
23818,GR_Solar,2050,3,10,10,-0.5133
23819,GR_Solar,2050,3,11,11,-0.5133
23820,GR_Solar,2050,3,12,12,-0.5133
23821,GR_Solar,2050,3,13,13,-0.5133
23822,GR_Solar,2050,3,14,14,-0.5133
23823,GR_Solar,2050,3,15,15,-0.5133
23824,GR_Solar,2050,3,16,16,-1.4789999999999999
23825,GR_Solar,2050,3,17,17,-5.402965705666337
23826,GR_Solar,2050,3,18,18,-5.402965705666337
23827,GR_Solar,2050,3,19,19,-5.402965705666337
23828,GR_Solar,2050,3,20,20,-1.4789999999999999
23829,GR_Solar,2050,3,21,21,-1.4789999999999999
23830,GR_Solar,2050,3,22,22,-0.9570000000000001
23831,GR_Solar,2050,3,23,23,-0.5133
23832,GR_Solar,2050,3,24,24,-0.5133
23833,GR_Solar,2050,4,1,1,0.0
23834,GR_Solar,2050,4,2,2,0.0
23835,GR_Solar,2050,4,3,3,0.0
23836,GR_Solar,2050,4,4,4,0.0
23837,GR_Solar,2050,4,5,5,0.0
23838,GR_Solar,2050,4,6,6,-0.4071
23839,GR_Solar,2050,4,7,7,-0.4071
23840,GR_Solar,2050,4,8,8,-0.4071
23841,GR_Solar,2050,4,9,9,-0.4071
23842,GR_Solar,2050,4,10,10,0.0
23843,GR_Solar,2050,4,11,11,0.0
23844,GR_Solar,2050,4,12,12,0.0
23845,GR_Solar,2050,4,13,13,0.0
23846,GR_Solar,2050,4,14,14,0.0
23847,GR_Solar,2050,4,15,15,0.0
23848,GR_Solar,2050,4,16,16,0.0
23849,GR_Solar,2050,4,17,17,-0.4071
23850,GR_Solar,2050,4,18,18,-0.4071
23851,GR_Solar,2050,4,19,19,-0.4071
23852,GR_Solar,2050,4,20,20,-0.4071
23853,GR_Solar,2050,4,21,21,-0.4071
23854,GR_Solar,2050,4,22,22,-0.4071
23855,GR_Solar,2050,4,23,23,0.0
23856,GR_Solar,2050,4,24,24,0.0
23857,GR_Solar,2050,5,1,1,-0.9204
23858,GR_Solar,2050,5,2,2,-0.9204
23859,GR_Solar,2050,5,3,3,-0.9204
23860,GR_Solar,2050,5,4,4,-0.9204
23861,GR_Solar,2050,5,5,5,-0.9204
23862,GR_Solar,2050,5,6,6,-0.9204
23863,GR_Solar,2050,5,7,7,-0.9204
23864,GR_Solar,2050,5,8,8,-0.9204
23865,GR_Solar,2050,5,9,9,-0.9204
23866,GR_Solar,2050,5,10,10,-0.9204
23867,GR_Solar,2050,5,11,11,0.0
23868,GR_Solar,2050,5,12,12,0.0
23869,GR_Solar,2050,5,13,13,0.0
23870,GR_Solar,2050,5,14,14,0.0
23871,GR_Solar,2050,5,15,15,0.0
23872,GR_Solar,2050,5,16,16,-0.9204
23873,GR_Solar,2050,5,17,17,-0.9204
23874,GR_Solar,2050,5,18,18,-0.9204
23875,GR_Solar,2050,5,19,19,-0.9204
23876,GR_Solar,2050,5,20,20,-0.9204
23877,GR_Solar,2050,5,21,21,-0.9204
23878,GR_Solar,2050,5,22,22,-0.9204
23879,GR_Solar,2050,5,23,23,-0.9204
23880,GR_Solar,2050,5,24,24,-0.9204
23881,GR_Solar,2050,6,1,1,-0.3186
23882,GR_Solar,2050,6,2,2,-0.3186
23883,GR_Solar,2050,6,3,3,-0.3186
23884,GR_Solar,2050,6,4,4,-0.3186
23885,GR_Solar,2050,6,5,5,-0.3186
23886,GR_Solar,2050,6,6,6,-0.3186
23887,GR_Solar,2050,6,7,7,-0.3186
23888,GR_Solar,2050,6,8,8,-0.3186
23889,GR_Solar,2050,6,9,9,-0.3186
23890,GR_Solar,2050,6,10,10,-0.3186
23891,GR_Solar,2050,6,11,11,-0.3186
23892,GR_Solar,2050,6,12,12,-0.3186
23893,GR_Solar,2050,6,13,13,-0.3186
23894,GR_Solar,2050,6,14,14,0.0
23895,GR_Solar,2050,6,15,15,0.0
23896,GR_Solar,2050,6,16,16,0.0
23897,GR_Solar,2050,6,17,17,-0.3186
23898,GR_Solar,2050,6,18,18,-0.3186
23899,GR_Solar,2050,6,19,19,-0.3186
23900,GR_Solar,2050,6,20,20,-0.3186
23901,GR_Solar,2050,6,21,21,-0.3186
23902,GR_Solar,2050,6,22,22,-0.3186
23903,GR_Solar,2050,6,23,23,-0.3186
23904,GR_Solar,2050,6,24,24,-0.3186
23905,GR_Solar,2050,7,1,1,-0.6549
23906,GR_Solar,2050,7,2,2,-0.6549
23907,GR_Solar,2050,7,3,3,-0.6549
23908,GR_Solar,2050,7,4,4,-0.6549
23909,GR_Solar,2050,7,5,5,-0.6549
23910,GR_Solar,2050,7,6,6,-0.6549
23911,GR_Solar,2050,7,7,7,-0.6549
23912,GR_Solar,2050,7,8,8,-0.6549
23913,GR_Solar,2050,7,9,9,-0.6549
23914,GR_Solar,2050,7,10,10,0.0
23915,GR_Solar,2050,7,11,11,0.0
23916,GR_Solar,2050,7,12,12,0.0
23917,GR_Solar,2050,7,13,13,0.0
23918,GR_Solar,2050,7,14,14,0.0
23919,GR_Solar,2050,7,15,15,0.0
23920,GR_Solar,2050,7,16,16,0.0
23921,GR_Solar,2050,7,17,17,-0.6549
23922,GR_Solar,2050,7,18,18,-0.6549
23923,GR_Solar,2050,7,19,19,-0.6549
23924,GR_Solar,2050,7,20,20,-0.6549
23925,GR_Solar,2050,7,21,21,-0.6549
23926,GR_Solar,2050,7,22,22,-0.6549
23927,GR_Solar,2050,7,23,23,-0.6549
23928,GR_Solar,2050,7,24,24,-0.6549
23929,GR_Solar,2050,8,1,1,-0.5487
23930,GR_Solar,2050,8,2,2,-0.5487
23931,GR_Solar,2050,8,3,3,-0.5487
23932,GR_Solar,2050,8,4,4,-0.5487
23933,GR_Solar,2050,8,5,5,-0.5487
23934,GR_Solar,2050,8,6,6,-0.5487
23935,GR_Solar,2050,8,7,7,-0.5487
23936,GR_Solar,2050,8,8,8,-0.5487
23937,GR_Solar,2050,8,9,9,-0.5487
23938,GR_Solar,2050,8,10,10,-0.5487
23939,GR_Solar,2050,8,11,11,-0.5487
23940,GR_Solar,2050,8,12,12,-0.5487
23941,GR_Solar,2050,8,13,13,-0.5487
23942,GR_Solar,2050,8,14,14,0.0
23943,GR_Solar,2050,8,15,15,0.0
23944,GR_Solar,2050,8,16,16,0.0
23945,GR_Solar,2050,8,17,17,-0.5487
23946,GR_Solar,2050,8,18,18,-0.5487
23947,GR_Solar,2050,8,19,19,-0.5487
23948,GR_Solar,2050,8,20,20,-0.5487
23949,GR_Solar,2050,8,21,21,-0.5487
23950,GR_Solar,2050,8,22,22,-0.5487
23951,GR_Solar,2050,8,23,23,-0.5487
23952,GR_Solar,2050,8,24,24,-0.5487
23953,GR_Solar,2050,9,1,1,-0.7611
23954,GR_Solar,2050,9,2,2,-0.7611
23955,GR_Solar,2050,9,3,3,-0.7611
23956,GR_Solar,2050,9,4,4,-0.7611
23957,GR_Solar,2050,9,5,5,-0.7611
23958,GR_Solar,2050,9,6,6,-1.419
23959,GR_Solar,2050,9,7,7,-1.419
23960,GR_Solar,2050,9,8,8,-1.419
23961,GR_Solar,2050,9,9,9,-2.193
23962,GR_Solar,2050,9,10,10,-1.419
23963,GR_Solar,2050,9,11,11,-1.419
23964,GR_Solar,2050,9,12,12,-0.7611
23965,GR_Solar,2050,9,13,13,-0.7611
23966,GR_Solar,2050,9,14,14,-0.7611
23967,GR_Solar,2050,9,15,15,-0.7611
23968,GR_Solar,2050,9,16,16,-0.7611
23969,GR_Solar,2050,9,17,17,-0.7611
23970,GR_Solar,2050,9,18,18,-0.7611
23971,GR_Solar,2050,9,19,19,-2.193
23972,GR_Solar,2050,9,20,20,-2.193
23973,GR_Solar,2050,9,21,21,-2.193
23974,GR_Solar,2050,9,22,22,-1.419
23975,GR_Solar,2050,9,23,23,-0.7611
23976,GR_Solar,2050,9,24,24,-0.7611
23977,GR_Solar,2050,10,1,1,-0.8142
23978,GR_Solar,2050,10,2,2,-0.8142
23979,GR_Solar,2050,10,3,3,-0.8142
23980,GR_Solar,2050,10,4,4,-0.8142
23981,GR_Solar,2050,10,5,5,-0.8142
23982,GR_Solar,2050,10,6,6,-0.8142
23983,GR_Solar,2050,10,7,7,-0.8142
23984,GR_Solar,2050,10,8,8,-0.8142
23985,GR_Solar,2050,10,9,9,-0.8142
23986,GR_Solar,2050,10,10,10,-0.8142
23987,GR_Solar,2050,10,11,11,-0.8142
23988,GR_Solar,2050,10,12,12,-0.8142
23989,GR_Solar,2050,10,13,13,0.0
23990,GR_Solar,2050,10,14,14,0.0
23991,GR_Solar,2050,10,15,15,-0.8142
23992,GR_Solar,2050,10,16,16,-0.8142
23993,GR_Solar,2050,10,17,17,-0.8142
23994,GR_Solar,2050,10,18,18,-0.8142
23995,GR_Solar,2050,10,19,19,-0.8142
23996,GR_Solar,2050,10,20,20,-0.8142
23997,GR_Solar,2050,10,21,21,-0.8142
23998,GR_Solar,2050,10,22,22,-0.8142
23999,GR_Solar,2050,10,23,23,-0.8142
24000,GR_Solar,2050,10,24,24,-0.8142
24001,GR_Wind_Onshore,2050,1,1,1,-0.9381
24002,GR_Wind_Onshore,2050,1,2,2,-0.9381
24003,GR_Wind_Onshore,2050,1,3,3,-0.9381
24004,GR_Wind_Onshore,2050,1,4,4,-0.9381
24005,GR_Wind_Onshore,2050,1,5,5,-0.9381
24006,GR_Wind_Onshore,2050,1,6,6,-1.749
24007,GR_Wind_Onshore,2050,1,7,7,-1.749
24008,GR_Wind_Onshore,2050,1,8,8,-1.749
24009,GR_Wind_Onshore,2050,1,9,9,-1.749
24010,GR_Wind_Onshore,2050,1,10,10,-1.749
24011,GR_Wind_Onshore,2050,1,11,11,-1.749
24012,GR_Wind_Onshore,2050,1,12,12,-1.749
24013,GR_Wind_Onshore,2050,1,13,13,-0.9381
24014,GR_Wind_Onshore,2050,1,14,14,-0.9381
24015,GR_Wind_Onshore,2050,1,15,15,-0.9381
24016,GR_Wind_Onshore,2050,1,16,16,-1.749
24017,GR_Wind_Onshore,2050,1,17,17,-2.703
24018,GR_Wind_Onshore,2050,1,18,18,-2.703
24019,GR_Wind_Onshore,2050,1,19,19,-2.703
24020,GR_Wind_Onshore,2050,1,20,20,-12.597865705666337
24021,GR_Wind_Onshore,2050,1,21,21,-2.703
24022,GR_Wind_Onshore,2050,1,22,22,-2.703
24023,GR_Wind_Onshore,2050,1,23,23,-1.749
24024,GR_Wind_Onshore,2050,1,24,24,-1.749
24025,GR_Wind_Onshore,2050,2,1,1,-0.5841000000000001
24026,GR_Wind_Onshore,2050,2,2,2,-0.5841000000000001
24027,GR_Wind_Onshore,2050,2,3,3,-0.5841000000000001
24028,GR_Wind_Onshore,2050,2,4,4,-0.5841000000000001
24029,GR_Wind_Onshore,2050,2,5,5,-0.5841000000000001
24030,GR_Wind_Onshore,2050,2,6,6,-0.5841000000000001
24031,GR_Wind_Onshore,2050,2,7,7,-0.5841000000000001
24032,GR_Wind_Onshore,2050,2,8,8,-0.5841000000000001
24033,GR_Wind_Onshore,2050,2,9,9,0.0
24034,GR_Wind_Onshore,2050,2,10,10,0.0
24035,GR_Wind_Onshore,2050,2,11,11,0.0
24036,GR_Wind_Onshore,2050,2,12,12,0.0
24037,GR_Wind_Onshore,2050,2,13,13,0.0
24038,GR_Wind_Onshore,2050,2,14,14,0.0
24039,GR_Wind_Onshore,2050,2,15,15,0.0
24040,GR_Wind_Onshore,2050,2,16,16,0.0
24041,GR_Wind_Onshore,2050,2,17,17,0.0
24042,GR_Wind_Onshore,2050,2,18,18,-0.5841000000000001
24043,GR_Wind_Onshore,2050,2,19,19,-0.5841000000000001
24044,GR_Wind_Onshore,2050,2,20,20,-1.6829999999999998
24045,GR_Wind_Onshore,2050,2,21,21,-0.5841000000000001
24046,GR_Wind_Onshore,2050,2,22,22,0.0
24047,GR_Wind_Onshore,2050,2,23,23,0.0
24048,GR_Wind_Onshore,2050,2,24,24,0.0
24049,GR_Wind_Onshore,2050,3,1,1,-0.5133
24050,GR_Wind_Onshore,2050,3,2,2,-0.5133
24051,GR_Wind_Onshore,2050,3,3,3,-0.5133
24052,GR_Wind_Onshore,2050,3,4,4,-0.5133
24053,GR_Wind_Onshore,2050,3,5,5,-0.5133
24054,GR_Wind_Onshore,2050,3,6,6,-0.5133
24055,GR_Wind_Onshore,2050,3,7,7,-0.5133
24056,GR_Wind_Onshore,2050,3,8,8,-0.5133
24057,GR_Wind_Onshore,2050,3,9,9,-0.5133
24058,GR_Wind_Onshore,2050,3,10,10,-0.5133
24059,GR_Wind_Onshore,2050,3,11,11,-0.5133
24060,GR_Wind_Onshore,2050,3,12,12,-0.5133
24061,GR_Wind_Onshore,2050,3,13,13,-0.5133
24062,GR_Wind_Onshore,2050,3,14,14,-0.5133
24063,GR_Wind_Onshore,2050,3,15,15,-0.5133
24064,GR_Wind_Onshore,2050,3,16,16,-1.4789999999999999
24065,GR_Wind_Onshore,2050,3,17,17,-5.402965705666337
24066,GR_Wind_Onshore,2050,3,18,18,-5.402965705666337
24067,GR_Wind_Onshore,2050,3,19,19,-5.402965705666337
24068,GR_Wind_Onshore,2050,3,20,20,-1.4789999999999999
24069,GR_Wind_Onshore,2050,3,21,21,-1.4789999999999999
24070,GR_Wind_Onshore,2050,3,22,22,-0.9570000000000001
24071,GR_Wind_Onshore,2050,3,23,23,-0.5133
24072,GR_Wind_Onshore,2050,3,24,24,-0.5133
24073,GR_Wind_Onshore,2050,4,1,1,0.0
24074,GR_Wind_Onshore,2050,4,2,2,0.0
24075,GR_Wind_Onshore,2050,4,3,3,0.0
24076,GR_Wind_Onshore,2050,4,4,4,0.0
24077,GR_Wind_Onshore,2050,4,5,5,0.0
24078,GR_Wind_Onshore,2050,4,6,6,-0.4071
24079,GR_Wind_Onshore,2050,4,7,7,-0.4071
24080,GR_Wind_Onshore,2050,4,8,8,-0.4071
24081,GR_Wind_Onshore,2050,4,9,9,-0.4071
24082,GR_Wind_Onshore,2050,4,10,10,0.0
24083,GR_Wind_Onshore,2050,4,11,11,0.0
24084,GR_Wind_Onshore,2050,4,12,12,0.0
24085,GR_Wind_Onshore,2050,4,13,13,0.0
24086,GR_Wind_Onshore,2050,4,14,14,0.0
24087,GR_Wind_Onshore,2050,4,15,15,0.0
24088,GR_Wind_Onshore,2050,4,16,16,0.0
24089,GR_Wind_Onshore,2050,4,17,17,-0.4071
24090,GR_Wind_Onshore,2050,4,18,18,-0.4071
24091,GR_Wind_Onshore,2050,4,19,19,-0.4071
24092,GR_Wind_Onshore,2050,4,20,20,-0.4071
24093,GR_Wind_Onshore,2050,4,21,21,-0.4071
24094,GR_Wind_Onshore,2050,4,22,22,-0.4071
24095,GR_Wind_Onshore,2050,4,23,23,0.0
24096,GR_Wind_Onshore,2050,4,24,24,0.0
24097,GR_Wind_Onshore,2050,5,1,1,-0.9204
24098,GR_Wind_Onshore,2050,5,2,2,-0.9204
24099,GR_Wind_Onshore,2050,5,3,3,-0.9204
24100,GR_Wind_Onshore,2050,5,4,4,-0.9204
24101,GR_Wind_Onshore,2050,5,5,5,-0.9204
24102,GR_Wind_Onshore,2050,5,6,6,-0.9204
24103,GR_Wind_Onshore,2050,5,7,7,-0.9204
24104,GR_Wind_Onshore,2050,5,8,8,-0.9204
24105,GR_Wind_Onshore,2050,5,9,9,-0.9204
24106,GR_Wind_Onshore,2050,5,10,10,-0.9204
24107,GR_Wind_Onshore,2050,5,11,11,0.0
24108,GR_Wind_Onshore,2050,5,12,12,0.0
24109,GR_Wind_Onshore,2050,5,13,13,0.0
24110,GR_Wind_Onshore,2050,5,14,14,0.0
24111,GR_Wind_Onshore,2050,5,15,15,0.0
24112,GR_Wind_Onshore,2050,5,16,16,-0.9204
24113,GR_Wind_Onshore,2050,5,17,17,-0.9204
24114,GR_Wind_Onshore,2050,5,18,18,-0.9204
24115,GR_Wind_Onshore,2050,5,19,19,-0.9204
24116,GR_Wind_Onshore,2050,5,20,20,-0.9204
24117,GR_Wind_Onshore,2050,5,21,21,-0.9204
24118,GR_Wind_Onshore,2050,5,22,22,-0.9204
24119,GR_Wind_Onshore,2050,5,23,23,-0.9204
24120,GR_Wind_Onshore,2050,5,24,24,-0.9204
24121,GR_Wind_Onshore,2050,6,1,1,-0.3186
24122,GR_Wind_Onshore,2050,6,2,2,-0.3186
24123,GR_Wind_Onshore,2050,6,3,3,-0.3186
24124,GR_Wind_Onshore,2050,6,4,4,-0.3186
24125,GR_Wind_Onshore,2050,6,5,5,-0.3186
24126,GR_Wind_Onshore,2050,6,6,6,-0.3186
24127,GR_Wind_Onshore,2050,6,7,7,-0.3186
24128,GR_Wind_Onshore,2050,6,8,8,-0.3186
24129,GR_Wind_Onshore,2050,6,9,9,-0.3186
24130,GR_Wind_Onshore,2050,6,10,10,-0.3186
24131,GR_Wind_Onshore,2050,6,11,11,-0.3186
24132,GR_Wind_Onshore,2050,6,12,12,-0.3186
24133,GR_Wind_Onshore,2050,6,13,13,-0.3186
24134,GR_Wind_Onshore,2050,6,14,14,0.0
24135,GR_Wind_Onshore,2050,6,15,15,0.0
24136,GR_Wind_Onshore,2050,6,16,16,0.0
24137,GR_Wind_Onshore,2050,6,17,17,-0.3186
24138,GR_Wind_Onshore,2050,6,18,18,-0.3186
24139,GR_Wind_Onshore,2050,6,19,19,-0.3186
24140,GR_Wind_Onshore,2050,6,20,20,-0.3186
24141,GR_Wind_Onshore,2050,6,21,21,-0.3186
24142,GR_Wind_Onshore,2050,6,22,22,-0.3186
24143,GR_Wind_Onshore,2050,6,23,23,-0.3186
24144,GR_Wind_Onshore,2050,6,24,24,-0.3186
24145,GR_Wind_Onshore,2050,7,1,1,-0.6549
24146,GR_Wind_Onshore,2050,7,2,2,-0.6549
24147,GR_Wind_Onshore,2050,7,3,3,-0.6549
24148,GR_Wind_Onshore,2050,7,4,4,-0.6549
24149,GR_Wind_Onshore,2050,7,5,5,-0.6549
24150,GR_Wind_Onshore,2050,7,6,6,-0.6549
24151,GR_Wind_Onshore,2050,7,7,7,-0.6549
24152,GR_Wind_Onshore,2050,7,8,8,-0.6549
24153,GR_Wind_Onshore,2050,7,9,9,-0.6549
24154,GR_Wind_Onshore,2050,7,10,10,0.0
24155,GR_Wind_Onshore,2050,7,11,11,0.0
24156,GR_Wind_Onshore,2050,7,12,12,0.0
24157,GR_Wind_Onshore,2050,7,13,13,0.0
24158,GR_Wind_Onshore,2050,7,14,14,0.0
24159,GR_Wind_Onshore,2050,7,15,15,0.0
24160,GR_Wind_Onshore,2050,7,16,16,0.0
24161,GR_Wind_Onshore,2050,7,17,17,-0.6549
24162,GR_Wind_Onshore,2050,7,18,18,-0.6549
24163,GR_Wind_Onshore,2050,7,19,19,-0.6549
24164,GR_Wind_Onshore,2050,7,20,20,-0.6549
24165,GR_Wind_Onshore,2050,7,21,21,-0.6549
24166,GR_Wind_Onshore,2050,7,22,22,-0.6549
24167,GR_Wind_Onshore,2050,7,23,23,-0.6549
24168,GR_Wind_Onshore,2050,7,24,24,-0.6549
24169,GR_Wind_Onshore,2050,8,1,1,-0.5487
24170,GR_Wind_Onshore,2050,8,2,2,-0.5487
24171,GR_Wind_Onshore,2050,8,3,3,-0.5487
24172,GR_Wind_Onshore,2050,8,4,4,-0.5487
24173,GR_Wind_Onshore,2050,8,5,5,-0.5487
24174,GR_Wind_Onshore,2050,8,6,6,-0.5487
24175,GR_Wind_Onshore,2050,8,7,7,-0.5487
24176,GR_Wind_Onshore,2050,8,8,8,-0.5487
24177,GR_Wind_Onshore,2050,8,9,9,-0.5487
24178,GR_Wind_Onshore,2050,8,10,10,-0.5487
24179,GR_Wind_Onshore,2050,8,11,11,-0.5487
24180,GR_Wind_Onshore,2050,8,12,12,-0.5487
24181,GR_Wind_Onshore,2050,8,13,13,-0.5487
24182,GR_Wind_Onshore,2050,8,14,14,0.0
24183,GR_Wind_Onshore,2050,8,15,15,0.0
24184,GR_Wind_Onshore,2050,8,16,16,0.0
24185,GR_Wind_Onshore,2050,8,17,17,-0.5487
24186,GR_Wind_Onshore,2050,8,18,18,-0.5487
24187,GR_Wind_Onshore,2050,8,19,19,-0.5487
24188,GR_Wind_Onshore,2050,8,20,20,-0.5487
24189,GR_Wind_Onshore,2050,8,21,21,-0.5487
24190,GR_Wind_Onshore,2050,8,22,22,-0.5487
24191,GR_Wind_Onshore,2050,8,23,23,-0.5487
24192,GR_Wind_Onshore,2050,8,24,24,-0.5487
24193,GR_Wind_Onshore,2050,9,1,1,-0.7611
24194,GR_Wind_Onshore,2050,9,2,2,-0.7611
24195,GR_Wind_Onshore,2050,9,3,3,-0.7611
24196,GR_Wind_Onshore,2050,9,4,4,-0.7611
24197,GR_Wind_Onshore,2050,9,5,5,-0.7611
24198,GR_Wind_Onshore,2050,9,6,6,-1.419
24199,GR_Wind_Onshore,2050,9,7,7,-1.419
24200,GR_Wind_Onshore,2050,9,8,8,-1.419
24201,GR_Wind_Onshore,2050,9,9,9,-2.193
24202,GR_Wind_Onshore,2050,9,10,10,-1.419
24203,GR_Wind_Onshore,2050,9,11,11,-1.419
24204,GR_Wind_Onshore,2050,9,12,12,-0.7611
24205,GR_Wind_Onshore,2050,9,13,13,-0.7611
24206,GR_Wind_Onshore,2050,9,14,14,-0.7611
24207,GR_Wind_Onshore,2050,9,15,15,-0.7611
24208,GR_Wind_Onshore,2050,9,16,16,-0.7611
24209,GR_Wind_Onshore,2050,9,17,17,-0.7611
24210,GR_Wind_Onshore,2050,9,18,18,-0.7611
24211,GR_Wind_Onshore,2050,9,19,19,-2.193
24212,GR_Wind_Onshore,2050,9,20,20,-2.193
24213,GR_Wind_Onshore,2050,9,21,21,-2.193
24214,GR_Wind_Onshore,2050,9,22,22,-1.419
24215,GR_Wind_Onshore,2050,9,23,23,-0.7611
24216,GR_Wind_Onshore,2050,9,24,24,-0.7611
24217,GR_Wind_Onshore,2050,10,1,1,-0.8142
24218,GR_Wind_Onshore,2050,10,2,2,-0.8142
24219,GR_Wind_Onshore,2050,10,3,3,-0.8142
24220,GR_Wind_Onshore,2050,10,4,4,-0.8142
24221,GR_Wind_Onshore,2050,10,5,5,-0.8142
24222,GR_Wind_Onshore,2050,10,6,6,-0.8142
24223,GR_Wind_Onshore,2050,10,7,7,-0.8142
24224,GR_Wind_Onshore,2050,10,8,8,-0.8142
24225,GR_Wind_Onshore,2050,10,9,9,-0.8142
24226,GR_Wind_Onshore,2050,10,10,10,-0.8142
24227,GR_Wind_Onshore,2050,10,11,11,-0.8142
24228,GR_Wind_Onshore,2050,10,12,12,-0.8142
24229,GR_Wind_Onshore,2050,10,13,13,0.0
24230,GR_Wind_Onshore,2050,10,14,14,0.0
24231,GR_Wind_Onshore,2050,10,15,15,-0.8142
24232,GR_Wind_Onshore,2050,10,16,16,-0.8142
24233,GR_Wind_Onshore,2050,10,17,17,-0.8142
24234,GR_Wind_Onshore,2050,10,18,18,-0.8142
24235,GR_Wind_Onshore,2050,10,19,19,-0.8142
24236,GR_Wind_Onshore,2050,10,20,20,-0.8142
24237,GR_Wind_Onshore,2050,10,21,21,-0.8142
24238,GR_Wind_Onshore,2050,10,22,22,-0.8142
24239,GR_Wind_Onshore,2050,10,23,23,-0.8142
24240,GR_Wind_Onshore,2050,10,24,24,-0.8142
24241,HR_Battery,2050,1,1,1,0.0
24242,HR_Battery,2050,1,2,2,0.0
24243,HR_Battery,2050,1,3,3,0.0
24244,HR_Battery,2050,1,4,4,0.0
24245,HR_Battery,2050,1,5,5,0.0
24246,HR_Battery,2050,1,6,6,0.0
24247,HR_Battery,2050,1,7,7,0.0
24248,HR_Battery,2050,1,8,8,0.0
24249,HR_Battery,2050,1,9,9,0.0
24250,HR_Battery,2050,1,10,10,0.0
24251,HR_Battery,2050,1,11,11,0.0
24252,HR_Battery,2050,1,12,12,0.0
24253,HR_Battery,2050,1,13,13,0.0
24254,HR_Battery,2050,1,14,14,0.0
24255,HR_Battery,2050,1,15,15,0.0
24256,HR_Battery,2050,1,16,16,0.0
24257,HR_Battery,2050,1,17,17,0.0
24258,HR_Battery,2050,1,18,18,0.0
24259,HR_Battery,2050,1,19,19,0.0
24260,HR_Battery,2050,1,20,20,0.0
24261,HR_Battery,2050,1,21,21,0.0
24262,HR_Battery,2050,1,22,22,0.0
24263,HR_Battery,2050,1,23,23,0.0
24264,HR_Battery,2050,1,24,24,0.0
24265,HR_Battery,2050,2,1,1,0.0
24266,HR_Battery,2050,2,2,2,0.0
24267,HR_Battery,2050,2,3,3,0.0
24268,HR_Battery,2050,2,4,4,0.0
24269,HR_Battery,2050,2,5,5,0.0
24270,HR_Battery,2050,2,6,6,0.0
24271,HR_Battery,2050,2,7,7,0.0
24272,HR_Battery,2050,2,8,8,0.0
24273,HR_Battery,2050,2,9,9,0.0
24274,HR_Battery,2050,2,10,10,0.0
24275,HR_Battery,2050,2,11,11,0.0
24276,HR_Battery,2050,2,12,12,0.0
24277,HR_Battery,2050,2,13,13,0.0
24278,HR_Battery,2050,2,14,14,0.0
24279,HR_Battery,2050,2,15,15,0.0
24280,HR_Battery,2050,2,16,16,0.0
24281,HR_Battery,2050,2,17,17,0.0
24282,HR_Battery,2050,2,18,18,0.0
24283,HR_Battery,2050,2,19,19,0.0
24284,HR_Battery,2050,2,20,20,0.0
24285,HR_Battery,2050,2,21,21,0.0
24286,HR_Battery,2050,2,22,22,0.0
24287,HR_Battery,2050,2,23,23,0.0
24288,HR_Battery,2050,2,24,24,0.0
24289,HR_Battery,2050,3,1,1,0.0
24290,HR_Battery,2050,3,2,2,0.0
24291,HR_Battery,2050,3,3,3,0.0
24292,HR_Battery,2050,3,4,4,0.0
24293,HR_Battery,2050,3,5,5,0.0
24294,HR_Battery,2050,3,6,6,0.0
24295,HR_Battery,2050,3,7,7,0.0
24296,HR_Battery,2050,3,8,8,0.0
24297,HR_Battery,2050,3,9,9,0.0
24298,HR_Battery,2050,3,10,10,0.0
24299,HR_Battery,2050,3,11,11,0.0
24300,HR_Battery,2050,3,12,12,0.0
24301,HR_Battery,2050,3,13,13,0.0
24302,HR_Battery,2050,3,14,14,0.0
24303,HR_Battery,2050,3,15,15,0.0
24304,HR_Battery,2050,3,16,16,0.0
24305,HR_Battery,2050,3,17,17,0.0
24306,HR_Battery,2050,3,18,18,0.0
24307,HR_Battery,2050,3,19,19,0.0
24308,HR_Battery,2050,3,20,20,0.0
24309,HR_Battery,2050,3,21,21,0.0
24310,HR_Battery,2050,3,22,22,0.0
24311,HR_Battery,2050,3,23,23,0.0
24312,HR_Battery,2050,3,24,24,0.0
24313,HR_Battery,2050,4,1,1,0.0
24314,HR_Battery,2050,4,2,2,0.0
24315,HR_Battery,2050,4,3,3,0.0
24316,HR_Battery,2050,4,4,4,0.0
24317,HR_Battery,2050,4,5,5,-0.4071
24318,HR_Battery,2050,4,6,6,0.0
24319,HR_Battery,2050,4,7,7,0.0
24320,HR_Battery,2050,4,8,8,0.0
24321,HR_Battery,2050,4,9,9,0.0
24322,HR_Battery,2050,4,10,10,0.0
24323,HR_Battery,2050,4,11,11,0.0
24324,HR_Battery,2050,4,12,12,0.0
24325,HR_Battery,2050,4,13,13,0.0
24326,HR_Battery,2050,4,14,14,0.0
24327,HR_Battery,2050,4,15,15,0.0
24328,HR_Battery,2050,4,16,16,0.0
24329,HR_Battery,2050,4,17,17,0.0
24330,HR_Battery,2050,4,18,18,0.0
24331,HR_Battery,2050,4,19,19,0.0
24332,HR_Battery,2050,4,20,20,0.0
24333,HR_Battery,2050,4,21,21,0.0
24334,HR_Battery,2050,4,22,22,0.0
24335,HR_Battery,2050,4,23,23,0.0
24336,HR_Battery,2050,4,24,24,0.0
24337,HR_Battery,2050,5,1,1,0.0
24338,HR_Battery,2050,5,2,2,0.0
24339,HR_Battery,2050,5,3,3,0.0
24340,HR_Battery,2050,5,4,4,0.0
24341,HR_Battery,2050,5,5,5,0.0
24342,HR_Battery,2050,5,6,6,0.0
24343,HR_Battery,2050,5,7,7,0.0
24344,HR_Battery,2050,5,8,8,0.0
24345,HR_Battery,2050,5,9,9,0.0
24346,HR_Battery,2050,5,10,10,0.0
24347,HR_Battery,2050,5,11,11,0.0
24348,HR_Battery,2050,5,12,12,0.0
24349,HR_Battery,2050,5,13,13,0.0
24350,HR_Battery,2050,5,14,14,0.0
24351,HR_Battery,2050,5,15,15,0.0
24352,HR_Battery,2050,5,16,16,0.0
24353,HR_Battery,2050,5,17,17,0.0
24354,HR_Battery,2050,5,18,18,0.0
24355,HR_Battery,2050,5,19,19,0.0
24356,HR_Battery,2050,5,20,20,0.0
24357,HR_Battery,2050,5,21,21,0.0
24358,HR_Battery,2050,5,22,22,0.0
24359,HR_Battery,2050,5,23,23,0.0
24360,HR_Battery,2050,5,24,24,0.0
24361,HR_Battery,2050,6,1,1,0.0
24362,HR_Battery,2050,6,2,2,0.0
24363,HR_Battery,2050,6,3,3,0.0
24364,HR_Battery,2050,6,4,4,0.0
24365,HR_Battery,2050,6,5,5,0.0
24366,HR_Battery,2050,6,6,6,0.0
24367,HR_Battery,2050,6,7,7,0.0
24368,HR_Battery,2050,6,8,8,0.0
24369,HR_Battery,2050,6,9,9,0.0
24370,HR_Battery,2050,6,10,10,0.0
24371,HR_Battery,2050,6,11,11,0.0
24372,HR_Battery,2050,6,12,12,0.0
24373,HR_Battery,2050,6,13,13,0.0
24374,HR_Battery,2050,6,14,14,0.0
24375,HR_Battery,2050,6,15,15,0.0
24376,HR_Battery,2050,6,16,16,0.0
24377,HR_Battery,2050,6,17,17,0.0
24378,HR_Battery,2050,6,18,18,0.0
24379,HR_Battery,2050,6,19,19,0.0
24380,HR_Battery,2050,6,20,20,0.0
24381,HR_Battery,2050,6,21,21,0.0
24382,HR_Battery,2050,6,22,22,0.0
24383,HR_Battery,2050,6,23,23,0.0
24384,HR_Battery,2050,6,24,24,0.0
24385,HR_Battery,2050,7,1,1,0.0
24386,HR_Battery,2050,7,2,2,0.0
24387,HR_Battery,2050,7,3,3,0.0
24388,HR_Battery,2050,7,4,4,0.0
24389,HR_Battery,2050,7,5,5,0.0
24390,HR_Battery,2050,7,6,6,0.0
24391,HR_Battery,2050,7,7,7,0.0
24392,HR_Battery,2050,7,8,8,0.0
24393,HR_Battery,2050,7,9,9,0.0
24394,HR_Battery,2050,7,10,10,0.0
24395,HR_Battery,2050,7,11,11,0.0
24396,HR_Battery,2050,7,12,12,0.0
24397,HR_Battery,2050,7,13,13,0.0
24398,HR_Battery,2050,7,14,14,0.0
24399,HR_Battery,2050,7,15,15,0.0
24400,HR_Battery,2050,7,16,16,0.0
24401,HR_Battery,2050,7,17,17,0.0
24402,HR_Battery,2050,7,18,18,0.0
24403,HR_Battery,2050,7,19,19,0.0
24404,HR_Battery,2050,7,20,20,0.0
24405,HR_Battery,2050,7,21,21,0.0
24406,HR_Battery,2050,7,22,22,0.0
24407,HR_Battery,2050,7,23,23,0.0
24408,HR_Battery,2050,7,24,24,0.0
24409,HR_Battery,2050,8,1,1,0.0
24410,HR_Battery,2050,8,2,2,0.0
24411,HR_Battery,2050,8,3,3,0.0
24412,HR_Battery,2050,8,4,4,0.0
24413,HR_Battery,2050,8,5,5,0.0
24414,HR_Battery,2050,8,6,6,0.0
24415,HR_Battery,2050,8,7,7,0.0
24416,HR_Battery,2050,8,8,8,0.0
24417,HR_Battery,2050,8,9,9,0.0
24418,HR_Battery,2050,8,10,10,0.0
24419,HR_Battery,2050,8,11,11,0.0
24420,HR_Battery,2050,8,12,12,0.0
24421,HR_Battery,2050,8,13,13,0.0
24422,HR_Battery,2050,8,14,14,0.0
24423,HR_Battery,2050,8,15,15,0.0
24424,HR_Battery,2050,8,16,16,0.0
24425,HR_Battery,2050,8,17,17,0.0
24426,HR_Battery,2050,8,18,18,0.0
24427,HR_Battery,2050,8,19,19,0.0
24428,HR_Battery,2050,8,20,20,0.0
24429,HR_Battery,2050,8,21,21,0.0
24430,HR_Battery,2050,8,22,22,0.0
24431,HR_Battery,2050,8,23,23,0.0
24432,HR_Battery,2050,8,24,24,0.0
24433,HR_Battery,2050,9,1,1,0.0
24434,HR_Battery,2050,9,2,2,0.0
24435,HR_Battery,2050,9,3,3,0.0
24436,HR_Battery,2050,9,4,4,0.0
24437,HR_Battery,2050,9,5,5,0.0
24438,HR_Battery,2050,9,6,6,0.0
24439,HR_Battery,2050,9,7,7,0.0
24440,HR_Battery,2050,9,8,8,0.0
24441,HR_Battery,2050,9,9,9,0.0
24442,HR_Battery,2050,9,10,10,0.0
24443,HR_Battery,2050,9,11,11,0.0
24444,HR_Battery,2050,9,12,12,0.0
24445,HR_Battery,2050,9,13,13,0.0
24446,HR_Battery,2050,9,14,14,0.0
24447,HR_Battery,2050,9,15,15,0.0
24448,HR_Battery,2050,9,16,16,-12.440365705666336
24449,HR_Battery,2050,9,17,17,0.0
24450,HR_Battery,2050,9,18,18,0.0
24451,HR_Battery,2050,9,19,19,0.0
24452,HR_Battery,2050,9,20,20,0.0
24453,HR_Battery,2050,9,21,21,0.0
24454,HR_Battery,2050,9,22,22,0.0
24455,HR_Battery,2050,9,23,23,0.0
24456,HR_Battery,2050,9,24,24,0.0
24457,HR_Battery,2050,10,1,1,0.0
24458,HR_Battery,2050,10,2,2,0.0
24459,HR_Battery,2050,10,3,3,0.0
24460,HR_Battery,2050,10,4,4,0.0
24461,HR_Battery,2050,10,5,5,0.0
24462,HR_Battery,2050,10,6,6,0.0
24463,HR_Battery,2050,10,7,7,0.0
24464,HR_Battery,2050,10,8,8,0.0
24465,HR_Battery,2050,10,9,9,0.0
24466,HR_Battery,2050,10,10,10,0.0
24467,HR_Battery,2050,10,11,11,0.0
24468,HR_Battery,2050,10,12,12,0.0
24469,HR_Battery,2050,10,13,13,0.0
24470,HR_Battery,2050,10,14,14,0.0
24471,HR_Battery,2050,10,15,15,0.0
24472,HR_Battery,2050,10,16,16,0.0
24473,HR_Battery,2050,10,17,17,0.0
24474,HR_Battery,2050,10,18,18,0.0
24475,HR_Battery,2050,10,19,19,0.0
24476,HR_Battery,2050,10,20,20,0.0
24477,HR_Battery,2050,10,21,21,0.0
24478,HR_Battery,2050,10,22,22,0.0
24479,HR_Battery,2050,10,23,23,0.0
24480,HR_Battery,2050,10,24,24,0.0
24481,HR_CCGT,2050,1,1,1,0.0
24482,HR_CCGT,2050,1,2,2,0.0
24483,HR_CCGT,2050,1,3,3,0.0
24484,HR_CCGT,2050,1,4,4,0.0
24485,HR_CCGT,2050,1,5,5,0.0
24486,HR_CCGT,2050,1,6,6,0.0
24487,HR_CCGT,2050,1,7,7,0.0
24488,HR_CCGT,2050,1,8,8,0.0
24489,HR_CCGT,2050,1,9,9,0.0
24490,HR_CCGT,2050,1,10,10,0.0
24491,HR_CCGT,2050,1,11,11,0.0
24492,HR_CCGT,2050,1,12,12,0.0
24493,HR_CCGT,2050,1,13,13,0.0
24494,HR_CCGT,2050,1,14,14,0.0
24495,HR_CCGT,2050,1,15,15,0.0
24496,HR_CCGT,2050,1,16,16,0.0
24497,HR_CCGT,2050,1,17,17,0.0
24498,HR_CCGT,2050,1,18,18,-0.9539999999999997
24499,HR_CCGT,2050,1,19,19,-0.9539999999999997
24500,HR_CCGT,2050,1,20,20,-0.9539999999999997
24501,HR_CCGT,2050,1,21,21,0.0
24502,HR_CCGT,2050,1,22,22,0.0
24503,HR_CCGT,2050,1,23,23,0.0
24504,HR_CCGT,2050,1,24,24,0.0
24505,HR_CCGT,2050,2,1,1,0.0
24506,HR_CCGT,2050,2,2,2,0.0
24507,HR_CCGT,2050,2,3,3,0.0
24508,HR_CCGT,2050,2,4,4,0.0
24509,HR_CCGT,2050,2,5,5,0.0
24510,HR_CCGT,2050,2,6,6,0.0
24511,HR_CCGT,2050,2,7,7,0.0
24512,HR_CCGT,2050,2,8,8,0.0
24513,HR_CCGT,2050,2,9,9,0.0
24514,HR_CCGT,2050,2,10,10,0.0
24515,HR_CCGT,2050,2,11,11,0.0
24516,HR_CCGT,2050,2,12,12,0.0
24517,HR_CCGT,2050,2,13,13,0.0
24518,HR_CCGT,2050,2,14,14,0.0
24519,HR_CCGT,2050,2,15,15,0.0
24520,HR_CCGT,2050,2,16,16,0.0
24521,HR_CCGT,2050,2,17,17,0.0
24522,HR_CCGT,2050,2,18,18,0.0
24523,HR_CCGT,2050,2,19,19,0.0
24524,HR_CCGT,2050,2,20,20,0.0
24525,HR_CCGT,2050,2,21,21,0.0
24526,HR_CCGT,2050,2,22,22,0.0
24527,HR_CCGT,2050,2,23,23,0.0
24528,HR_CCGT,2050,2,24,24,0.0
24529,HR_CCGT,2050,3,1,1,0.0
24530,HR_CCGT,2050,3,2,2,0.0
24531,HR_CCGT,2050,3,3,3,0.0
24532,HR_CCGT,2050,3,4,4,0.0
24533,HR_CCGT,2050,3,5,5,0.0
24534,HR_CCGT,2050,3,6,6,0.0
24535,HR_CCGT,2050,3,7,7,0.0
24536,HR_CCGT,2050,3,8,8,0.0
24537,HR_CCGT,2050,3,9,9,0.0
24538,HR_CCGT,2050,3,10,10,0.0
24539,HR_CCGT,2050,3,11,11,0.0
24540,HR_CCGT,2050,3,12,12,0.0
24541,HR_CCGT,2050,3,13,13,0.0
24542,HR_CCGT,2050,3,14,14,0.0
24543,HR_CCGT,2050,3,15,15,0.0
24544,HR_CCGT,2050,3,16,16,-0.5219999999999998
24545,HR_CCGT,2050,3,17,17,-0.5219999999999998
24546,HR_CCGT,2050,3,18,18,-0.5219999999999998
24547,HR_CCGT,2050,3,19,19,-0.5219999999999998
24548,HR_CCGT,2050,3,20,20,-0.5219999999999998
24549,HR_CCGT,2050,3,21,21,-0.5219999999999998
24550,HR_CCGT,2050,3,22,22,-0.5219999999999998
24551,HR_CCGT,2050,3,23,23,0.0
24552,HR_CCGT,2050,3,24,24,0.0
24553,HR_CCGT,2050,4,1,1,0.0
24554,HR_CCGT,2050,4,2,2,0.0
24555,HR_CCGT,2050,4,3,3,0.0
24556,HR_CCGT,2050,4,4,4,0.0
24557,HR_CCGT,2050,4,5,5,0.0
24558,HR_CCGT,2050,4,6,6,0.0
24559,HR_CCGT,2050,4,7,7,0.0
24560,HR_CCGT,2050,4,8,8,0.0
24561,HR_CCGT,2050,4,9,9,0.0
24562,HR_CCGT,2050,4,10,10,0.0
24563,HR_CCGT,2050,4,11,11,0.0
24564,HR_CCGT,2050,4,12,12,0.0
24565,HR_CCGT,2050,4,13,13,0.0
24566,HR_CCGT,2050,4,14,14,0.0
24567,HR_CCGT,2050,4,15,15,0.0
24568,HR_CCGT,2050,4,16,16,0.0
24569,HR_CCGT,2050,4,17,17,0.0
24570,HR_CCGT,2050,4,18,18,0.0
24571,HR_CCGT,2050,4,19,19,0.0
24572,HR_CCGT,2050,4,20,20,0.0
24573,HR_CCGT,2050,4,21,21,0.0
24574,HR_CCGT,2050,4,22,22,0.0
24575,HR_CCGT,2050,4,23,23,0.0
24576,HR_CCGT,2050,4,24,24,0.0
24577,HR_CCGT,2050,5,1,1,0.0
24578,HR_CCGT,2050,5,2,2,0.0
24579,HR_CCGT,2050,5,3,3,0.0
24580,HR_CCGT,2050,5,4,4,0.0
24581,HR_CCGT,2050,5,5,5,0.0
24582,HR_CCGT,2050,5,6,6,0.0
24583,HR_CCGT,2050,5,7,7,0.0
24584,HR_CCGT,2050,5,8,8,0.0
24585,HR_CCGT,2050,5,9,9,0.0
24586,HR_CCGT,2050,5,10,10,0.0
24587,HR_CCGT,2050,5,11,11,0.0
24588,HR_CCGT,2050,5,12,12,0.0
24589,HR_CCGT,2050,5,13,13,0.0
24590,HR_CCGT,2050,5,14,14,0.0
24591,HR_CCGT,2050,5,15,15,0.0
24592,HR_CCGT,2050,5,16,16,0.0
24593,GR_Nuclear,2050,1,1,1,-0.49290000000000006
24594,GR_Nuclear,2050,1,2,2,-0.49290000000000006
24595,GR_Nuclear,2050,1,3,3,-0.49290000000000006
24596,GR_Nuclear,2050,1,4,4,-0.49290000000000006
24597,GR_Nuclear,2050,1,5,5,-0.49290000000000006
24598,GR_Nuclear,2050,1,6,6,-1.3038
24599,GR_Nuclear,2050,1,7,7,-1.3038
24600,GR_Nuclear,2050,1,8,8,-1.3038
24601,GR_Nuclear,2050,1,9,9,-1.3038
24602,GR_Nuclear,2050,1,10,10,-1.3038
24603,GR_Nuclear,2050,1,11,11,-1.3038
24604,GR_Nuclear,2050,1,12,12,-1.3038
24605,GR_Nuclear,2050,1,13,13,-0.49290000000000006
24606,GR_Nuclear,2050,1,14,14,-0.49290000000000006
24607,GR_Nuclear,2050,1,15,15,-0.49290000000000006
24608,GR_Nuclear,2050,1,16,16,-1.3038
24609,GR_Nuclear,2050,1,17,17,-2.2578
24610,GR_Nuclear,2050,1,18,18,-2.2578
24611,GR_Nuclear,2050,1,19,19,-2.2578
24612,GR_Nuclear,2050,1,20,20,-12.152665705666337
24613,GR_Nuclear,2050,1,21,21,-2.2578
24614,GR_Nuclear,2050,1,22,22,-2.2578
24615,GR_Nuclear,2050,1,23,23,-1.3038
24616,GR_Nuclear,2050,1,24,24,-1.3038
24617,GR_Nuclear,2050,2,1,1,-0.30690000000000006
24618,GR_Nuclear,2050,2,2,2,-0.30690000000000006
24619,GR_Nuclear,2050,2,3,3,-0.30690000000000006
24620,GR_Nuclear,2050,2,4,4,-0.30690000000000006
24621,GR_Nuclear,2050,2,5,5,-0.30690000000000006
24622,GR_Nuclear,2050,2,6,6,-0.30690000000000006
24623,GR_Nuclear,2050,2,7,7,-0.30690000000000006
24624,GR_Nuclear,2050,2,8,8,-0.30690000000000006
24625,GR_Nuclear,2050,2,9,9,0.0
24626,GR_Nuclear,2050,2,10,10,0.0
24627,GR_Nuclear,2050,2,11,11,0.0
24628,GR_Nuclear,2050,2,12,12,0.0
24629,GR_Nuclear,2050,2,13,13,0.0
24630,GR_Nuclear,2050,2,14,14,0.0
24631,GR_Nuclear,2050,2,15,15,0.0
24632,GR_Nuclear,2050,2,16,16,0.0
24633,GR_Nuclear,2050,2,17,17,0.0
24634,GR_Nuclear,2050,2,18,18,-0.30690000000000006
24635,GR_Nuclear,2050,2,19,19,-0.30690000000000006
24636,GR_Nuclear,2050,2,20,20,-1.4057999999999997
24637,GR_Nuclear,2050,2,21,21,-0.30690000000000006
24638,GR_Nuclear,2050,2,22,22,0.0
24639,GR_Nuclear,2050,2,23,23,0.0
24640,GR_Nuclear,2050,2,24,24,0.0
24641,GR_Nuclear,2050,3,1,1,-0.2697
24642,GR_Nuclear,2050,3,2,2,-0.2697
24643,GR_Nuclear,2050,3,3,3,-0.2697
24644,GR_Nuclear,2050,3,4,4,-0.2697
24645,GR_Nuclear,2050,3,5,5,-0.2697
24646,GR_Nuclear,2050,3,6,6,-0.2697
24647,GR_Nuclear,2050,3,7,7,-0.2697
24648,GR_Nuclear,2050,3,8,8,-0.2697
24649,GR_Nuclear,2050,3,9,9,-0.2697
24650,GR_Nuclear,2050,3,10,10,-0.2697
24651,GR_Nuclear,2050,3,11,11,-0.2697
24652,GR_Nuclear,2050,3,12,12,-0.2697
24653,GR_Nuclear,2050,3,13,13,-0.2697
24654,GR_Nuclear,2050,3,14,14,-0.2697
24655,GR_Nuclear,2050,3,15,15,-0.2697
24656,GR_Nuclear,2050,3,16,16,-1.2353999999999998
24657,GR_Nuclear,2050,3,17,17,-5.159365705666337
24658,GR_Nuclear,2050,3,18,18,-5.159365705666337
24659,GR_Nuclear,2050,3,19,19,-5.159365705666337
24660,GR_Nuclear,2050,3,20,20,-1.2353999999999998
24661,GR_Nuclear,2050,3,21,21,-1.2353999999999998
24662,GR_Nuclear,2050,3,22,22,-0.7134
24663,GR_Nuclear,2050,3,23,23,-0.2697
24664,GR_Nuclear,2050,3,24,24,-0.2697
24665,GR_Nuclear,2050,4,1,1,0.0
24666,GR_Nuclear,2050,4,2,2,0.0
24667,GR_Nuclear,2050,4,3,3,0.0
24668,GR_Nuclear,2050,4,4,4,0.0
24669,GR_Nuclear,2050,4,5,5,0.0
24670,GR_Nuclear,2050,4,6,6,-0.21390000000000003
24671,GR_Nuclear,2050,4,7,7,-0.21390000000000003
24672,GR_Nuclear,2050,4,8,8,-0.21390000000000003
24673,GR_Nuclear,2050,4,9,9,-0.21390000000000003
24674,GR_Nuclear,2050,4,10,10,0.0
24675,GR_Nuclear,2050,4,11,11,0.0
24676,GR_Nuclear,2050,4,12,12,0.0
24677,GR_Nuclear,2050,4,13,13,0.0
24678,GR_Nuclear,2050,4,14,14,0.0
24679,GR_Nuclear,2050,4,15,15,0.0
24680,GR_Nuclear,2050,4,16,16,0.0
24681,GR_Nuclear,2050,4,17,17,-0.21390000000000003
24682,GR_Nuclear,2050,4,18,18,-0.21390000000000003
24683,GR_Nuclear,2050,4,19,19,-0.21390000000000003
24684,GR_Nuclear,2050,4,20,20,-0.21390000000000003
24685,GR_Nuclear,2050,4,21,21,-0.21390000000000003
24686,GR_Nuclear,2050,4,22,22,-0.21390000000000003
24687,GR_Nuclear,2050,4,23,23,0.0
24688,GR_Nuclear,2050,4,24,24,0.0
24689,GR_Nuclear,2050,5,1,1,-0.48360000000000003
24690,GR_Nuclear,2050,5,2,2,-0.48360000000000003
24691,GR_Nuclear,2050,5,3,3,-0.48360000000000003
24692,GR_Nuclear,2050,5,4,4,-0.48360000000000003
24693,GR_Nuclear,2050,5,5,5,-0.48360000000000003
24694,GR_Nuclear,2050,5,6,6,-0.48360000000000003
24695,GR_Nuclear,2050,5,7,7,-0.48360000000000003
24696,GR_Nuclear,2050,5,8,8,-0.48360000000000003
24697,GR_Nuclear,2050,5,9,9,-0.48360000000000003
24698,GR_Nuclear,2050,5,10,10,-0.48360000000000003
24699,GR_Nuclear,2050,5,11,11,0.0
24700,GR_Nuclear,2050,5,12,12,0.0
24701,GR_Nuclear,2050,5,13,13,0.0
24702,GR_Nuclear,2050,5,14,14,0.0
24703,GR_Nuclear,2050,5,15,15,0.0
24704,GR_Nuclear,2050,5,16,16,-0.48360000000000003
24705,GR_Nuclear,2050,5,17,17,-0.48360000000000003
24706,GR_Nuclear,2050,5,18,18,-0.48360000000000003
24707,GR_Nuclear,2050,5,19,19,-0.48360000000000003
24708,GR_Nuclear,2050,5,20,20,-0.48360000000000003
24709,GR_Nuclear,2050,5,21,21,-0.48360000000000003
24710,GR_Nuclear,2050,5,22,22,-0.48360000000000003
24711,GR_Nuclear,2050,5,23,23,-0.48360000000000003
24712,GR_Nuclear,2050,5,24,24,-0.48360000000000003
24713,GR_Nuclear,2050,6,1,1,-0.1674
24714,GR_Nuclear,2050,6,2,2,-0.1674
24715,GR_Nuclear,2050,6,3,3,-0.1674
24716,GR_Nuclear,2050,6,4,4,-0.1674
24717,GR_Nuclear,2050,6,5,5,-0.1674
24718,GR_Nuclear,2050,6,6,6,-0.1674
24719,GR_Nuclear,2050,6,7,7,-0.1674
24720,GR_Nuclear,2050,6,8,8,-0.1674
24721,GR_Nuclear,2050,6,9,9,-0.1674
24722,GR_Nuclear,2050,6,10,10,-0.1674
24723,GR_Nuclear,2050,6,11,11,-0.1674
24724,GR_Nuclear,2050,6,12,12,-0.1674
24725,GR_Nuclear,2050,6,13,13,-0.1674
24726,GR_Nuclear,2050,6,14,14,0.0
24727,GR_Nuclear,2050,6,15,15,0.0
24728,GR_Nuclear,2050,6,16,16,0.0
24729,GR_Nuclear,2050,6,17,17,-0.1674
24730,GR_Nuclear,2050,6,18,18,-0.1674
24731,GR_Nuclear,2050,6,19,19,-0.1674
24732,GR_Nuclear,2050,6,20,20,-0.1674
24733,GR_Nuclear,2050,6,21,21,-0.1674
24734,GR_Nuclear,2050,6,22,22,-0.1674
24735,GR_Nuclear,2050,6,23,23,-0.1674
24736,GR_Nuclear,2050,6,24,24,-0.1674
24737,GR_Nuclear,2050,7,1,1,-0.3441000000000001
24738,GR_Nuclear,2050,7,2,2,-0.3441000000000001
24739,GR_Nuclear,2050,7,3,3,-0.3441000000000001
24740,GR_Nuclear,2050,7,4,4,-0.3441000000000001
24741,GR_Nuclear,2050,7,5,5,-0.3441000000000001
24742,GR_Nuclear,2050,7,6,6,-0.3441000000000001
24743,GR_Nuclear,2050,7,7,7,-0.3441000000000001
24744,GR_Nuclear,2050,7,8,8,-0.3441000000000001
24745,GR_Nuclear,2050,7,9,9,-0.3441000000000001
24746,GR_Nuclear,2050,7,10,10,0.0
24747,GR_Nuclear,2050,7,11,11,0.0
24748,GR_Nuclear,2050,7,12,12,0.0
24749,GR_Nuclear,2050,7,13,13,0.0
24750,GR_Nuclear,2050,7,14,14,0.0
24751,GR_Nuclear,2050,7,15,15,0.0
24752,GR_Nuclear,2050,7,16,16,0.0
24753,GR_Nuclear,2050,7,17,17,-0.3441000000000001
24754,GR_Nuclear,2050,7,18,18,-0.3441000000000001
24755,GR_Nuclear,2050,7,19,19,-0.3441000000000001
24756,GR_Nuclear,2050,7,20,20,-0.3441000000000001
24757,GR_Nuclear,2050,7,21,21,-0.3441000000000001
24758,GR_Nuclear,2050,7,22,22,-0.3441000000000001
24759,GR_Nuclear,2050,7,23,23,-0.3441000000000001
24760,GR_Nuclear,2050,7,24,24,-0.3441000000000001
24761,GR_Nuclear,2050,8,1,1,-0.2883
24762,GR_Nuclear,2050,8,2,2,-0.2883
24763,GR_Nuclear,2050,8,3,3,-0.2883
24764,GR_Nuclear,2050,8,4,4,-0.2883
24765,GR_Nuclear,2050,8,5,5,-0.2883
24766,GR_Nuclear,2050,8,6,6,-0.2883
24767,GR_Nuclear,2050,8,7,7,-0.2883
24768,GR_Nuclear,2050,8,8,8,-0.2883
24769,GR_Nuclear,2050,8,9,9,-0.2883
24770,GR_Nuclear,2050,8,10,10,-0.2883
24771,GR_Nuclear,2050,8,11,11,-0.2883
24772,GR_Nuclear,2050,8,12,12,-0.2883
24773,GR_Nuclear,2050,8,13,13,-0.2883
24774,GR_Nuclear,2050,8,14,14,0.0
24775,GR_Nuclear,2050,8,15,15,0.0
24776,GR_Nuclear,2050,8,16,16,0.0
24777,GR_Nuclear,2050,8,17,17,-0.2883
24778,GR_Nuclear,2050,8,18,18,-0.2883
24779,GR_Nuclear,2050,8,19,19,-0.2883
24780,GR_Nuclear,2050,8,20,20,-0.2883
24781,GR_Nuclear,2050,8,21,21,-0.2883
24782,GR_Nuclear,2050,8,22,22,-0.2883
24783,GR_Nuclear,2050,8,23,23,-0.2883
24784,GR_Nuclear,2050,8,24,24,-0.2883
24785,GR_Nuclear,2050,9,1,1,-0.39990000000000003
24786,GR_Nuclear,2050,9,2,2,-0.39990000000000003
24787,GR_Nuclear,2050,9,3,3,-0.39990000000000003
24788,GR_Nuclear,2050,9,4,4,-0.39990000000000003
24789,GR_Nuclear,2050,9,5,5,-0.39990000000000003
24790,GR_Nuclear,2050,9,6,6,-1.0578
24791,GR_Nuclear,2050,9,7,7,-1.0578
24792,GR_Nuclear,2050,9,8,8,-1.0578
24793,GR_Nuclear,2050,9,9,9,-1.8318
24794,GR_Nuclear,2050,9,10,10,-1.0578
24795,GR_Nuclear,2050,9,11,11,-1.0578
24796,GR_Nuclear,2050,9,12,12,-0.39990000000000003
24797,GR_Nuclear,2050,9,13,13,-0.39990000000000003
24798,GR_Nuclear,2050,9,14,14,-0.39990000000000003
24799,GR_Nuclear,2050,9,15,15,-0.39990000000000003
24800,GR_Nuclear,2050,9,16,16,-0.39990000000000003
24801,GR_Nuclear,2050,9,17,17,-0.39990000000000003
24802,GR_Nuclear,2050,9,18,18,-0.39990000000000003
24803,GR_Nuclear,2050,9,19,19,-1.8318
24804,GR_Nuclear,2050,9,20,20,-1.8318
24805,GR_Nuclear,2050,9,21,21,-1.8318
24806,GR_Nuclear,2050,9,22,22,-1.0578
24807,GR_Nuclear,2050,9,23,23,-0.39990000000000003
24808,GR_Nuclear,2050,9,24,24,-0.39990000000000003
24809,GR_Nuclear,2050,10,1,1,-0.42780000000000007
24810,GR_Nuclear,2050,10,2,2,-0.42780000000000007
24811,GR_Nuclear,2050,10,3,3,-0.42780000000000007
24812,GR_Nuclear,2050,10,4,4,-0.42780000000000007
24813,GR_Nuclear,2050,10,5,5,-0.42780000000000007
24814,GR_Nuclear,2050,10,6,6,-0.42780000000000007
24815,GR_Nuclear,2050,10,7,7,-0.42780000000000007
24816,GR_Nuclear,2050,10,8,8,-0.42780000000000007
24817,GR_Nuclear,2050,10,9,9,-0.42780000000000007
24818,GR_Nuclear,2050,10,10,10,-0.42780000000000007
24819,GR_Nuclear,2050,10,11,11,-0.42780000000000007
24820,GR_Nuclear,2050,10,12,12,-0.42780000000000007
24821,GR_Nuclear,2050,10,13,13,0.0
24822,GR_Nuclear,2050,10,14,14,0.0
24823,GR_Nuclear,2050,10,15,15,-0.42780000000000007
24824,GR_Nuclear,2050,10,16,16,-0.42780000000000007
24825,GR_Nuclear,2050,10,17,17,-0.42780000000000007
24826,GR_Nuclear,2050,10,18,18,-0.42780000000000007
24827,GR_Nuclear,2050,10,19,19,-0.42780000000000007
24828,GR_Nuclear,2050,10,20,20,-0.42780000000000007
24829,GR_Nuclear,2050,10,21,21,-0.42780000000000007
24830,GR_Nuclear,2050,10,22,22,-0.42780000000000007
24831,GR_Nuclear,2050,10,23,23,-0.42780000000000007
24832,GR_Nuclear,2050,10,24,24,-0.42780000000000007
24833,GR_Wind_Offshore,2050,1,1,1,-0.9381
24834,GR_Wind_Offshore,2050,1,2,2,-0.9381
24835,GR_Wind_Offshore,2050,1,3,3,-0.9381
24836,GR_Wind_Offshore,2050,1,4,4,-0.9381
24837,GR_Wind_Offshore,2050,1,5,5,-0.9381
24838,GR_Wind_Offshore,2050,1,6,6,-1.749
24839,GR_Wind_Offshore,2050,1,7,7,-1.749
24840,GR_Wind_Offshore,2050,1,8,8,-1.749
24841,GR_Wind_Offshore,2050,1,9,9,-1.749
24842,GR_Wind_Offshore,2050,1,10,10,-1.749
24843,GR_Wind_Offshore,2050,1,11,11,-1.749
24844,GR_Wind_Offshore,2050,1,12,12,-1.749
24845,GR_Wind_Offshore,2050,1,13,13,-0.9381
24846,GR_Wind_Offshore,2050,1,14,14,-0.9381
24847,GR_Wind_Offshore,2050,1,15,15,-0.9381
24848,GR_Wind_Offshore,2050,1,16,16,-1.749
24849,GR_Wind_Offshore,2050,1,17,17,-2.703
24850,GR_Wind_Offshore,2050,1,18,18,-2.703
24851,GR_Wind_Offshore,2050,1,19,19,-2.703
24852,GR_Wind_Offshore,2050,1,20,20,-12.597865705666337
24853,GR_Wind_Offshore,2050,1,21,21,-2.703
24854,GR_Wind_Offshore,2050,1,22,22,-2.703
24855,GR_Wind_Offshore,2050,1,23,23,-1.749
24856,GR_Wind_Offshore,2050,1,24,24,-1.749
24857,GR_Wind_Offshore,2050,2,1,1,-0.5841000000000001
24858,GR_Wind_Offshore,2050,2,2,2,-0.5841000000000001
24859,GR_Wind_Offshore,2050,2,3,3,-0.5841000000000001
24860,GR_Wind_Offshore,2050,2,4,4,-0.5841000000000001
24861,GR_Wind_Offshore,2050,2,5,5,-0.5841000000000001
24862,GR_Wind_Offshore,2050,2,6,6,-0.5841000000000001
24863,GR_Wind_Offshore,2050,2,7,7,-0.5841000000000001
24864,GR_Wind_Offshore,2050,2,8,8,-0.5841000000000001
24865,GR_Wind_Offshore,2050,2,9,9,0.0
24866,GR_Wind_Offshore,2050,2,10,10,0.0
24867,GR_Wind_Offshore,2050,2,11,11,0.0
24868,GR_Wind_Offshore,2050,2,12,12,0.0
24869,GR_Wind_Offshore,2050,2,13,13,0.0
24870,GR_Wind_Offshore,2050,2,14,14,0.0
24871,GR_Wind_Offshore,2050,2,15,15,0.0
24872,GR_Wind_Offshore,2050,2,16,16,0.0
24873,GR_Wind_Offshore,2050,2,17,17,0.0
24874,GR_Wind_Offshore,2050,2,18,18,-0.5841000000000001
24875,GR_Wind_Offshore,2050,2,19,19,-0.5841000000000001
24876,GR_Wind_Offshore,2050,2,20,20,-1.6829999999999998
24877,GR_Wind_Offshore,2050,2,21,21,-0.5841000000000001
24878,GR_Wind_Offshore,2050,2,22,22,0.0
24879,GR_Wind_Offshore,2050,2,23,23,0.0
24880,GR_Wind_Offshore,2050,2,24,24,0.0
24881,GR_Wind_Offshore,2050,3,1,1,-0.5133
24882,GR_Wind_Offshore,2050,3,2,2,-0.5133
24883,GR_Wind_Offshore,2050,3,3,3,-0.5133
24884,GR_Wind_Offshore,2050,3,4,4,-0.5133
24885,GR_Wind_Offshore,2050,3,5,5,-0.5133
24886,GR_Wind_Offshore,2050,3,6,6,-0.5133
24887,GR_Wind_Offshore,2050,3,7,7,-0.5133
24888,GR_Wind_Offshore,2050,3,8,8,-0.5133
24889,GR_Wind_Offshore,2050,3,9,9,-0.5133
24890,GR_Wind_Offshore,2050,3,10,10,-0.5133
24891,GR_Wind_Offshore,2050,3,11,11,-0.5133
24892,GR_Wind_Offshore,2050,3,12,12,-0.5133
24893,GR_Wind_Offshore,2050,3,13,13,-0.5133
24894,GR_Wind_Offshore,2050,3,14,14,-0.5133
24895,GR_Wind_Offshore,2050,3,15,15,-0.5133
24896,GR_Wind_Offshore,2050,3,16,16,-1.4789999999999999
24897,GR_Wind_Offshore,2050,3,17,17,-5.402965705666337
24898,GR_Wind_Offshore,2050,3,18,18,-5.402965705666337
24899,GR_Wind_Offshore,2050,3,19,19,-5.402965705666337
24900,GR_Wind_Offshore,2050,3,20,20,-1.4789999999999999
24901,GR_Wind_Offshore,2050,3,21,21,-1.4789999999999999
24902,GR_Wind_Offshore,2050,3,22,22,-0.9570000000000001
24903,GR_Wind_Offshore,2050,3,23,23,-0.5133
24904,GR_Wind_Offshore,2050,3,24,24,-0.5133
24905,GR_Wind_Offshore,2050,4,1,1,0.0
24906,GR_Wind_Offshore,2050,4,2,2,0.0
24907,GR_Wind_Offshore,2050,4,3,3,0.0
24908,GR_Wind_Offshore,2050,4,4,4,0.0
24909,GR_Wind_Offshore,2050,4,5,5,0.0
24910,GR_Wind_Offshore,2050,4,6,6,-0.4071
24911,GR_Wind_Offshore,2050,4,7,7,-0.4071
24912,GR_Wind_Offshore,2050,4,8,8,-0.4071
24913,GR_Wind_Offshore,2050,4,9,9,-0.4071
24914,GR_Wind_Offshore,2050,4,10,10,0.0
24915,GR_Wind_Offshore,2050,4,11,11,0.0
24916,GR_Wind_Offshore,2050,4,12,12,0.0
24917,GR_Wind_Offshore,2050,4,13,13,0.0
24918,GR_Wind_Offshore,2050,4,14,14,0.0
24919,GR_Wind_Offshore,2050,4,15,15,0.0
24920,GR_Wind_Offshore,2050,4,16,16,0.0
24921,GR_Wind_Offshore,2050,4,17,17,-0.4071
24922,GR_Wind_Offshore,2050,4,18,18,-0.4071
24923,GR_Wind_Offshore,2050,4,19,19,-0.4071
24924,GR_Wind_Offshore,2050,4,20,20,-0.4071
24925,GR_Wind_Offshore,2050,4,21,21,-0.4071
24926,GR_Wind_Offshore,2050,4,22,22,-0.4071
24927,GR_Wind_Offshore,2050,4,23,23,0.0
24928,GR_Wind_Offshore,2050,4,24,24,0.0
24929,GR_Wind_Offshore,2050,5,1,1,-0.9204
24930,GR_Wind_Offshore,2050,5,2,2,-0.9204
24931,GR_Wind_Offshore,2050,5,3,3,-0.9204
24932,GR_Wind_Offshore,2050,5,4,4,-0.9204
24933,GR_Wind_Offshore,2050,5,5,5,-0.9204
24934,GR_Wind_Offshore,2050,5,6,6,-0.9204
24935,GR_Wind_Offshore,2050,5,7,7,-0.9204
24936,GR_Wind_Offshore,2050,5,8,8,-0.9204
24937,GR_Wind_Offshore,2050,5,9,9,-0.9204
24938,GR_Wind_Offshore,2050,5,10,10,-0.9204
24939,GR_Wind_Offshore,2050,5,11,11,0.0
24940,GR_Wind_Offshore,2050,5,12,12,0.0
24941,GR_Wind_Offshore,2050,5,13,13,0.0
24942,GR_Wind_Offshore,2050,5,14,14,0.0
24943,GR_Wind_Offshore,2050,5,15,15,0.0
24944,GR_Wind_Offshore,2050,5,16,16,-0.9204
24945,GR_Wind_Offshore,2050,5,17,17,-0.9204
24946,GR_Wind_Offshore,2050,5,18,18,-0.9204
24947,GR_Wind_Offshore,2050,5,19,19,-0.9204
24948,GR_Wind_Offshore,2050,5,20,20,-0.9204
24949,GR_Wind_Offshore,2050,5,21,21,-0.9204
24950,GR_Wind_Offshore,2050,5,22,22,-0.9204
24951,GR_Wind_Offshore,2050,5,23,23,-0.9204
24952,GR_Wind_Offshore,2050,5,24,24,-0.9204
24953,GR_Wind_Offshore,2050,6,1,1,-0.3186
24954,GR_Wind_Offshore,2050,6,2,2,-0.3186
24955,GR_Wind_Offshore,2050,6,3,3,-0.3186
24956,GR_Wind_Offshore,2050,6,4,4,-0.3186
24957,GR_Wind_Offshore,2050,6,5,5,-0.3186
24958,GR_Wind_Offshore,2050,6,6,6,-0.3186
24959,GR_Wind_Offshore,2050,6,7,7,-0.3186
24960,GR_Wind_Offshore,2050,6,8,8,-0.3186
24961,GR_Wind_Offshore,2050,6,9,9,-0.3186
24962,GR_Wind_Offshore,2050,6,10,10,-0.3186
24963,GR_Wind_Offshore,2050,6,11,11,-0.3186
24964,GR_Wind_Offshore,2050,6,12,12,-0.3186
24965,GR_Wind_Offshore,2050,6,13,13,-0.3186
24966,GR_Wind_Offshore,2050,6,14,14,0.0
24967,GR_Wind_Offshore,2050,6,15,15,0.0
24968,GR_Wind_Offshore,2050,6,16,16,0.0
24969,GR_Wind_Offshore,2050,6,17,17,-0.3186
24970,GR_Wind_Offshore,2050,6,18,18,-0.3186
24971,GR_Wind_Offshore,2050,6,19,19,-0.3186
24972,GR_Wind_Offshore,2050,6,20,20,-0.3186
24973,GR_Wind_Offshore,2050,6,21,21,-0.3186
24974,GR_Wind_Offshore,2050,6,22,22,-0.3186
24975,GR_Wind_Offshore,2050,6,23,23,-0.3186
24976,GR_Wind_Offshore,2050,6,24,24,-0.3186
24977,GR_Wind_Offshore,2050,7,1,1,-0.6549
24978,GR_Wind_Offshore,2050,7,2,2,-0.6549
24979,GR_Wind_Offshore,2050,7,3,3,-0.6549
24980,GR_Wind_Offshore,2050,7,4,4,-0.6549
24981,GR_Wind_Offshore,2050,7,5,5,-0.6549
24982,GR_Wind_Offshore,2050,7,6,6,-0.6549
24983,GR_Wind_Offshore,2050,7,7,7,-0.6549
24984,GR_Wind_Offshore,2050,7,8,8,-0.6549
24985,GR_Wind_Offshore,2050,7,9,9,-0.6549
24986,GR_Wind_Offshore,2050,7,10,10,0.0
24987,GR_Wind_Offshore,2050,7,11,11,0.0
24988,GR_Wind_Offshore,2050,7,12,12,0.0
24989,GR_Wind_Offshore,2050,7,13,13,0.0
24990,GR_Wind_Offshore,2050,7,14,14,0.0
24991,GR_Wind_Offshore,2050,7,15,15,0.0
24992,GR_Wind_Offshore,2050,7,16,16,0.0
24993,GR_Wind_Offshore,2050,7,17,17,-0.6549
24994,GR_Wind_Offshore,2050,7,18,18,-0.6549
24995,GR_Wind_Offshore,2050,7,19,19,-0.6549
24996,GR_Wind_Offshore,2050,7,20,20,-0.6549
24997,GR_Wind_Offshore,2050,7,21,21,-0.6549
24998,GR_Wind_Offshore,2050,7,22,22,-0.6549
24999,GR_Wind_Offshore,2050,7,23,23,-0.6549
25000,GR_Wind_Offshore,2050,7,24,24,-0.6549
25001,GR_Wind_Offshore,2050,8,1,1,-0.5487
25002,GR_Wind_Offshore,2050,8,2,2,-0.5487
25003,GR_Wind_Offshore,2050,8,3,3,-0.5487
25004,GR_Wind_Offshore,2050,8,4,4,-0.5487
25005,GR_Wind_Offshore,2050,8,5,5,-0.5487
25006,GR_Wind_Offshore,2050,8,6,6,-0.5487
25007,GR_Wind_Offshore,2050,8,7,7,-0.5487
25008,GR_Wind_Offshore,2050,8,8,8,-0.5487
25009,GR_Wind_Offshore,2050,8,9,9,-0.5487
25010,GR_Wind_Offshore,2050,8,10,10,-0.5487
25011,GR_Wind_Offshore,2050,8,11,11,-0.5487
25012,GR_Wind_Offshore,2050,8,12,12,-0.5487
25013,GR_Wind_Offshore,2050,8,13,13,-0.5487
25014,GR_Wind_Offshore,2050,8,14,14,0.0
25015,GR_Wind_Offshore,2050,8,15,15,0.0
25016,GR_Wind_Offshore,2050,8,16,16,0.0
25017,GR_Wind_Offshore,2050,8,17,17,-0.5487
25018,GR_Wind_Offshore,2050,8,18,18,-0.5487
25019,GR_Wind_Offshore,2050,8,19,19,-0.5487
25020,GR_Wind_Offshore,2050,8,20,20,-0.5487
25021,GR_Wind_Offshore,2050,8,21,21,-0.5487
25022,GR_Wind_Offshore,2050,8,22,22,-0.5487
25023,GR_Wind_Offshore,2050,8,23,23,-0.5487
25024,GR_Wind_Offshore,2050,8,24,24,-0.5487
25025,GR_Wind_Offshore,2050,9,1,1,-0.7611
25026,GR_Wind_Offshore,2050,9,2,2,-0.7611
25027,GR_Wind_Offshore,2050,9,3,3,-0.7611
25028,GR_Wind_Offshore,2050,9,4,4,-0.7611
25029,GR_Wind_Offshore,2050,9,5,5,-0.7611
25030,GR_Wind_Offshore,2050,9,6,6,-1.419
25031,GR_Wind_Offshore,2050,9,7,7,-1.419
25032,GR_Wind_Offshore,2050,9,8,8,-1.419
25033,GR_Wind_Offshore,2050,9,9,9,-2.193
25034,GR_Wind_Offshore,2050,9,10,10,-1.419
25035,GR_Wind_Offshore,2050,9,11,11,-1.419
25036,GR_Wind_Offshore,2050,9,12,12,-0.7611
25037,GR_Wind_Offshore,2050,9,13,13,-0.7611
25038,GR_Wind_Offshore,2050,9,14,14,-0.7611
25039,GR_Wind_Offshore,2050,9,15,15,-0.7611
25040,GR_Wind_Offshore,2050,9,16,16,-0.7611
25041,GR_Wind_Offshore,2050,9,17,17,-0.7611
25042,GR_Wind_Offshore,2050,9,18,18,-0.7611
25043,GR_Wind_Offshore,2050,9,19,19,-2.193
25044,GR_Wind_Offshore,2050,9,20,20,-2.193
25045,GR_Wind_Offshore,2050,9,21,21,-2.193
25046,GR_Wind_Offshore,2050,9,22,22,-1.419
25047,GR_Wind_Offshore,2050,9,23,23,-0.7611
25048,GR_Wind_Offshore,2050,9,24,24,-0.7611
25049,GR_Wind_Offshore,2050,10,1,1,-0.8142
25050,GR_Wind_Offshore,2050,10,2,2,-0.8142
25051,GR_Wind_Offshore,2050,10,3,3,-0.8142
25052,GR_Wind_Offshore,2050,10,4,4,-0.8142
25053,GR_Wind_Offshore,2050,10,5,5,-0.8142
25054,GR_Wind_Offshore,2050,10,6,6,-0.8142
25055,GR_Wind_Offshore,2050,10,7,7,-0.8142
25056,GR_Wind_Offshore,2050,10,8,8,-0.8142
25057,GR_Wind_Offshore,2050,10,9,9,-0.8142
25058,GR_Wind_Offshore,2050,10,10,10,-0.8142
25059,GR_Wind_Offshore,2050,10,11,11,-0.8142
25060,GR_Wind_Offshore,2050,10,12,12,-0.8142
25061,GR_Wind_Offshore,2050,10,13,13,0.0
25062,GR_Wind_Offshore,2050,10,14,14,0.0
25063,GR_Wind_Offshore,2050,10,15,15,-0.8142
25064,GR_Wind_Offshore,2050,10,16,16,-0.8142
25065,GR_Wind_Offshore,2050,10,17,17,-0.8142
25066,GR_Wind_Offshore,2050,10,18,18,-0.8142
25067,GR_Wind_Offshore,2050,10,19,19,-0.8142
25068,GR_Wind_Offshore,2050,10,20,20,-0.8142
25069,GR_Wind_Offshore,2050,10,21,21,-0.8142
25070,GR_Wind_Offshore,2050,10,22,22,-0.8142
25071,GR_Wind_Offshore,2050,10,23,23,-0.8142
25072,GR_Wind_Offshore,2050,10,24,24,-0.8142
25073,GR_OCGT,2050,1,1,1,0.0
25074,GR_OCGT,2050,1,2,2,0.0
25075,GR_OCGT,2050,1,3,3,0.0
25076,GR_OCGT,2050,1,4,4,0.0
25077,GR_OCGT,2050,1,5,5,0.0
25078,GR_OCGT,2050,1,6,6,0.0
25079,GR_OCGT,2050,1,7,7,0.0
25080,GR_OCGT,2050,1,8,8,0.0
25081,GR_OCGT,2050,1,9,9,0.0
25082,GR_OCGT,2050,1,10,10,0.0
25083,GR_OCGT,2050,1,11,11,0.0
25084,GR_OCGT,2050,1,12,12,0.0
25085,GR_OCGT,2050,1,13,13,0.0
25086,GR_OCGT,2050,1,14,14,0.0
25087,GR_OCGT,2050,1,15,15,0.0
25088,GR_OCGT,2050,1,16,16,0.0
25089,GR_OCGT,2050,1,17,17,0.0
25090,GR_OCGT,2050,1,18,18,0.0
25091,GR_OCGT,2050,1,19,19,0.0
25092,GR_OCGT,2050,1,20,20,-9.894865705666337
25093,GR_OCGT,2050,1,21,21,0.0
25094,GR_OCGT,2050,1,22,22,0.0
25095,GR_OCGT,2050,1,23,23,0.0
25096,GR_OCGT,2050,1,24,24,0.0
25097,GR_OCGT,2050,2,1,1,0.0
25098,GR_OCGT,2050,2,2,2,0.0
25099,GR_OCGT,2050,2,3,3,0.0
25100,GR_OCGT,2050,2,4,4,0.0
25101,GR_OCGT,2050,2,5,5,0.0
25102,GR_OCGT,2050,2,6,6,0.0
25103,GR_OCGT,2050,2,7,7,0.0
25104,GR_OCGT,2050,2,8,8,0.0
25105,GR_OCGT,2050,2,9,9,0.0
25106,GR_OCGT,2050,2,10,10,0.0
25107,GR_OCGT,2050,2,11,11,0.0
25108,GR_OCGT,2050,2,12,12,0.0
25109,GR_OCGT,2050,2,13,13,0.0
25110,GR_OCGT,2050,2,14,14,0.0
25111,GR_OCGT,2050,2,15,15,0.0
25112,GR_OCGT,2050,2,16,16,0.0
25113,GR_OCGT,2050,2,17,17,0.0
25114,GR_OCGT,2050,2,18,18,0.0
25115,GR_OCGT,2050,2,19,19,0.0
25116,GR_OCGT,2050,2,20,20,0.0
25117,GR_OCGT,2050,2,21,21,0.0
25118,GR_OCGT,2050,2,22,22,0.0
25119,GR_OCGT,2050,2,23,23,0.0
25120,GR_OCGT,2050,2,24,24,0.0
25121,GR_OCGT,2050,3,1,1,0.0
25122,GR_OCGT,2050,3,2,2,0.0
25123,GR_OCGT,2050,3,3,3,0.0
25124,GR_OCGT,2050,3,4,4,0.0
25125,GR_OCGT,2050,3,5,5,0.0
25126,GR_OCGT,2050,3,6,6,0.0
25127,GR_OCGT,2050,3,7,7,0.0
25128,GR_OCGT,2050,3,8,8,0.0
25129,GR_OCGT,2050,3,9,9,0.0
25130,GR_OCGT,2050,3,10,10,0.0
25131,GR_OCGT,2050,3,11,11,0.0
25132,GR_OCGT,2050,3,12,12,0.0
25133,GR_OCGT,2050,3,13,13,0.0
25134,GR_OCGT,2050,3,14,14,0.0
25135,GR_OCGT,2050,3,15,15,0.0
25136,GR_OCGT,2050,3,16,16,0.0
25137,GR_OCGT,2050,3,17,17,-3.923965705666337
25138,GR_OCGT,2050,3,18,18,-3.923965705666337
25139,GR_OCGT,2050,3,19,19,-3.923965705666337
25140,GR_OCGT,2050,3,20,20,0.0
25141,GR_OCGT,2050,3,21,21,0.0
25142,GR_OCGT,2050,3,22,22,0.0
25143,GR_OCGT,2050,3,23,23,0.0
25144,GR_OCGT,2050,3,24,24,0.0
25145,GR_OCGT,2050,4,1,1,0.0
25146,GR_OCGT,2050,4,2,2,0.0
25147,GR_OCGT,2050,4,3,3,0.0
25148,GR_OCGT,2050,4,4,4,0.0
25149,GR_OCGT,2050,4,5,5,0.0
25150,GR_OCGT,2050,4,6,6,0.0
25151,GR_OCGT,2050,4,7,7,0.0
25152,GR_OCGT,2050,4,8,8,0.0
25153,GR_OCGT,2050,4,9,9,0.0
25154,GR_OCGT,2050,4,10,10,0.0
25155,GR_OCGT,2050,4,11,11,0.0
25156,GR_OCGT,2050,4,12,12,0.0
25157,GR_OCGT,2050,4,13,13,0.0
25158,GR_OCGT,2050,4,14,14,0.0
25159,GR_OCGT,2050,4,15,15,0.0
25160,GR_OCGT,2050,4,16,16,0.0
25161,GR_OCGT,2050,4,17,17,0.0
25162,GR_OCGT,2050,4,18,18,0.0
25163,GR_OCGT,2050,4,19,19,0.0
25164,GR_OCGT,2050,4,20,20,0.0
25165,GR_OCGT,2050,4,21,21,0.0
25166,GR_OCGT,2050,4,22,22,0.0
25167,GR_OCGT,2050,4,23,23,0.0
25168,GR_OCGT,2050,4,24,24,0.0
25169,GR_OCGT,2050,5,1,1,0.0
25170,GR_OCGT,2050,5,2,2,0.0
25171,GR_OCGT,2050,5,3,3,0.0
25172,GR_OCGT,2050,5,4,4,0.0
25173,GR_OCGT,2050,5,5,5,0.0
25174,GR_OCGT,2050,5,6,6,0.0
25175,GR_OCGT,2050,5,7,7,0.0
25176,GR_OCGT,2050,5,8,8,0.0
25177,GR_OCGT,2050,5,9,9,0.0
25178,GR_OCGT,2050,5,10,10,0.0
25179,GR_OCGT,2050,5,11,11,0.0
25180,GR_OCGT,2050,5,12,12,0.0
25181,GR_OCGT,2050,5,13,13,0.0
25182,GR_OCGT,2050,5,14,14,0.0
25183,GR_OCGT,2050,5,15,15,0.0
25184,GR_OCGT,2050,5,16,16,0.0
25185,GR_OCGT,2050,5,17,17,0.0
25186,GR_OCGT,2050,5,18,18,0.0
25187,GR_OCGT,2050,5,19,19,0.0
25188,GR_OCGT,2050,5,20,20,0.0
25189,GR_OCGT,2050,5,21,21,0.0
25190,GR_OCGT,2050,5,22,22,0.0
25191,GR_OCGT,2050,5,23,23,0.0
25192,GR_OCGT,2050,5,24,24,0.0
25193,GR_OCGT,2050,6,1,1,0.0
25194,GR_OCGT,2050,6,2,2,0.0
25195,GR_OCGT,2050,6,3,3,0.0
25196,GR_OCGT,2050,6,4,4,0.0
25197,GR_OCGT,2050,6,5,5,0.0
25198,GR_OCGT,2050,6,6,6,0.0
25199,GR_OCGT,2050,6,7,7,0.0
25200,GR_OCGT,2050,6,8,8,0.0
25201,GR_OCGT,2050,6,9,9,0.0
25202,GR_OCGT,2050,6,10,10,0.0
25203,GR_OCGT,2050,6,11,11,0.0
25204,GR_OCGT,2050,6,12,12,0.0
25205,GR_OCGT,2050,6,13,13,0.0
25206,GR_OCGT,2050,6,14,14,0.0
25207,GR_OCGT,2050,6,15,15,0.0
25208,GR_OCGT,2050,6,16,16,0.0
25209,GR_OCGT,2050,6,17,17,0.0
25210,GR_OCGT,2050,6,18,18,0.0
25211,GR_OCGT,2050,6,19,19,0.0
25212,GR_OCGT,2050,6,20,20,0.0
25213,GR_OCGT,2050,6,21,21,0.0
25214,GR_OCGT,2050,6,22,22,0.0
25215,GR_OCGT,2050,6,23,23,0.0
25216,GR_OCGT,2050,6,24,24,0.0
25217,GR_OCGT,2050,7,1,1,0.0
25218,GR_OCGT,2050,7,2,2,0.0
25219,GR_OCGT,2050,7,3,3,0.0
25220,GR_OCGT,2050,7,4,4,0.0
25221,GR_OCGT,2050,7,5,5,0.0
25222,GR_OCGT,2050,7,6,6,0.0
25223,GR_OCGT,2050,7,7,7,0.0
25224,GR_OCGT,2050,7,8,8,0.0
25225,GR_OCGT,2050,7,9,9,0.0
25226,GR_OCGT,2050,7,10,10,0.0
25227,GR_OCGT,2050,7,11,11,0.0
25228,GR_OCGT,2050,7,12,12,0.0
25229,GR_OCGT,2050,7,13,13,0.0
25230,GR_OCGT,2050,7,14,14,0.0
25231,GR_OCGT,2050,7,15,15,0.0
25232,GR_OCGT,2050,7,16,16,0.0
25233,GR_OCGT,2050,7,17,17,0.0
25234,GR_OCGT,2050,7,18,18,0.0
25235,GR_OCGT,2050,7,19,19,0.0
25236,GR_OCGT,2050,7,20,20,0.0
25237,GR_OCGT,2050,7,21,21,0.0
25238,GR_OCGT,2050,7,22,22,0.0
25239,GR_OCGT,2050,7,23,23,0.0
25240,GR_OCGT,2050,7,24,24,0.0
25241,GR_OCGT,2050,8,1,1,0.0
25242,GR_OCGT,2050,8,2,2,0.0
25243,GR_OCGT,2050,8,3,3,0.0
25244,GR_OCGT,2050,8,4,4,0.0
25245,GR_OCGT,2050,8,5,5,0.0
25246,GR_OCGT,2050,8,6,6,0.0
25247,GR_OCGT,2050,8,7,7,0.0
25248,GR_OCGT,2050,8,8,8,0.0
25249,GR_OCGT,2050,8,9,9,0.0
25250,GR_OCGT,2050,8,10,10,0.0
25251,GR_OCGT,2050,8,11,11,0.0
25252,GR_OCGT,2050,8,12,12,0.0
25253,GR_OCGT,2050,8,13,13,0.0
25254,GR_OCGT,2050,8,14,14,0.0
25255,GR_OCGT,2050,8,15,15,0.0
25256,GR_OCGT,2050,8,16,16,0.0
25257,GR_OCGT,2050,8,17,17,0.0
25258,GR_OCGT,2050,8,18,18,0.0
25259,GR_OCGT,2050,8,19,19,0.0
25260,GR_OCGT,2050,8,20,20,0.0
25261,GR_OCGT,2050,8,21,21,0.0
25262,GR_OCGT,2050,8,22,22,0.0
25263,GR_OCGT,2050,8,23,23,0.0
25264,GR_OCGT,2050,8,24,24,0.0
25265,GR_OCGT,2050,9,1,1,0.0
25266,GR_OCGT,2050,9,2,2,0.0
25267,GR_OCGT,2050,9,3,3,0.0
25268,GR_OCGT,2050,9,4,4,0.0
25269,GR_OCGT,2050,9,5,5,0.0
25270,GR_OCGT,2050,9,6,6,0.0
25271,GR_OCGT,2050,9,7,7,0.0
25272,GR_OCGT,2050,9,8,8,0.0
25273,GR_OCGT,2050,9,9,9,0.0
25274,GR_OCGT,2050,9,10,10,0.0
25275,GR_OCGT,2050,9,11,11,0.0
25276,GR_OCGT,2050,9,12,12,0.0
25277,GR_OCGT,2050,9,13,13,0.0
25278,GR_OCGT,2050,9,14,14,0.0
25279,GR_OCGT,2050,9,15,15,0.0
25280,GR_OCGT,2050,9,16,16,0.0
25281,GR_OCGT,2050,9,17,17,0.0
25282,GR_OCGT,2050,9,18,18,0.0
25283,GR_OCGT,2050,9,19,19,0.0
25284,GR_OCGT,2050,9,20,20,0.0
25285,GR_OCGT,2050,9,21,21,0.0
25286,GR_OCGT,2050,9,22,22,0.0
25287,GR_OCGT,2050,9,23,23,0.0
25288,GR_OCGT,2050,9,24,24,0.0
25289,GR_OCGT,2050,10,1,1,0.0
25290,GR_OCGT,2050,10,2,2,0.0
25291,GR_OCGT,2050,10,3,3,0.0
25292,GR_OCGT,2050,10,4,4,0.0
25293,GR_OCGT,2050,10,5,5,0.0
25294,GR_OCGT,2050,10,6,6,0.0
25295,GR_OCGT,2050,10,7,7,0.0
25296,GR_OCGT,2050,10,8,8,0.0
25297,GR_OCGT,2050,10,9,9,0.0
25298,GR_OCGT,2050,10,10,10,0.0
25299,GR_OCGT,2050,10,11,11,0.0
25300,GR_OCGT,2050,10,12,12,0.0
25301,GR_OCGT,2050,10,13,13,0.0
25302,GR_OCGT,2050,10,14,14,0.0
25303,GR_OCGT,2050,10,15,15,0.0
25304,GR_OCGT,2050,10,16,16,0.0
25305,GR_OCGT,2050,10,17,17,0.0
25306,GR_OCGT,2050,10,18,18,0.0
25307,GR_OCGT,2050,10,19,19,0.0
25308,GR_OCGT,2050,10,20,20,0.0
25309,GR_OCGT,2050,10,21,21,0.0
25310,GR_OCGT,2050,10,22,22,0.0
25311,GR_OCGT,2050,10,23,23,0.0
25312,GR_OCGT,2050,10,24,24,0.0
25313,HR_CCGT,2050,5,17,17,0.0
25314,HR_CCGT,2050,5,18,18,0.0
25315,HR_CCGT,2050,5,19,19,0.0
25316,HR_CCGT,2050,5,20,20,0.0
25317,HR_CCGT,2050,5,21,21,0.0
25318,HR_CCGT,2050,5,22,22,0.0
25319,HR_CCGT,2050,5,23,23,0.0
25320,HR_CCGT,2050,5,24,24,0.0
25321,HR_CCGT,2050,6,1,1,0.0
25322,HR_CCGT,2050,6,2,2,0.0
25323,HR_CCGT,2050,6,3,3,0.0
25324,HR_CCGT,2050,6,4,4,0.0
25325,HR_CCGT,2050,6,5,5,0.0
25326,HR_CCGT,2050,6,6,6,0.0
25327,HR_CCGT,2050,6,7,7,0.0
25328,HR_CCGT,2050,6,8,8,0.0
25329,HR_CCGT,2050,6,9,9,0.0
25330,HR_CCGT,2050,6,10,10,0.0
25331,HR_CCGT,2050,6,11,11,0.0
25332,HR_CCGT,2050,6,12,12,0.0
25333,HR_CCGT,2050,6,13,13,0.0
25334,HR_CCGT,2050,6,14,14,0.0
25335,HR_CCGT,2050,6,15,15,0.0
25336,HR_CCGT,2050,6,16,16,0.0
25337,HR_CCGT,2050,6,17,17,0.0
25338,HR_CCGT,2050,6,18,18,0.0
25339,HR_CCGT,2050,6,19,19,0.0
25340,HR_CCGT,2050,6,20,20,0.0
25341,HR_CCGT,2050,6,21,21,0.0
25342,HR_CCGT,2050,6,22,22,0.0
25343,HR_CCGT,2050,6,23,23,0.0
25344,HR_CCGT,2050,6,24,24,0.0
25345,HR_CCGT,2050,7,1,1,0.0
25346,HR_CCGT,2050,7,2,2,0.0
25347,HR_CCGT,2050,7,3,3,0.0
25348,HR_CCGT,2050,7,4,4,0.0
25349,HR_CCGT,2050,7,5,5,0.0
25350,HR_CCGT,2050,7,6,6,0.0
25351,HR_CCGT,2050,7,7,7,0.0
25352,HR_CCGT,2050,7,8,8,0.0
25353,HR_CCGT,2050,7,9,9,0.0
25354,HR_CCGT,2050,7,10,10,0.0
25355,HR_CCGT,2050,7,11,11,0.0
25356,HR_CCGT,2050,7,12,12,0.0
25357,HR_CCGT,2050,7,13,13,0.0
25358,HR_CCGT,2050,7,14,14,0.0
25359,HR_CCGT,2050,7,15,15,0.0
25360,HR_CCGT,2050,7,16,16,0.0
25361,HR_CCGT,2050,7,17,17,0.0
25362,HR_CCGT,2050,7,18,18,0.0
25363,HR_CCGT,2050,7,19,19,0.0
25364,HR_CCGT,2050,7,20,20,0.0
25365,HR_CCGT,2050,7,21,21,0.0
25366,HR_CCGT,2050,7,22,22,0.0
25367,HR_CCGT,2050,7,23,23,0.0
25368,HR_CCGT,2050,7,24,24,0.0
25369,HR_CCGT,2050,8,1,1,0.0
25370,HR_CCGT,2050,8,2,2,0.0
25371,HR_CCGT,2050,8,3,3,0.0
25372,HR_CCGT,2050,8,4,4,0.0
25373,HR_CCGT,2050,8,5,5,0.0
25374,HR_CCGT,2050,8,6,6,0.0
25375,HR_CCGT,2050,8,7,7,0.0
25376,HR_CCGT,2050,8,8,8,0.0
25377,HR_CCGT,2050,8,9,9,0.0
25378,HR_CCGT,2050,8,10,10,0.0
25379,HR_CCGT,2050,8,11,11,0.0
25380,HR_CCGT,2050,8,12,12,0.0
25381,HR_CCGT,2050,8,13,13,0.0
25382,HR_CCGT,2050,8,14,14,0.0
25383,HR_CCGT,2050,8,15,15,0.0
25384,HR_CCGT,2050,8,16,16,0.0
25385,HR_CCGT,2050,8,17,17,0.0
25386,HR_CCGT,2050,8,18,18,0.0
25387,HR_CCGT,2050,8,19,19,0.0
25388,HR_CCGT,2050,8,20,20,0.0
25389,HR_CCGT,2050,8,21,21,0.0
25390,HR_CCGT,2050,8,22,22,0.0
25391,HR_CCGT,2050,8,23,23,0.0
25392,HR_CCGT,2050,8,24,24,0.0
25393,HR_CCGT,2050,9,1,1,0.0
25394,HR_CCGT,2050,9,2,2,0.0
25395,HR_CCGT,2050,9,3,3,0.0
25396,HR_CCGT,2050,9,4,4,0.0
25397,HR_CCGT,2050,9,5,5,0.0
25398,HR_CCGT,2050,9,6,6,0.0
25399,HR_CCGT,2050,9,7,7,0.0
25400,HR_CCGT,2050,9,8,8,0.0
25401,HR_CCGT,2050,9,9,9,0.0
25402,HR_CCGT,2050,9,10,10,0.0
25403,HR_CCGT,2050,9,11,11,0.0
25404,HR_CCGT,2050,9,12,12,0.0
25405,HR_CCGT,2050,9,13,13,0.0
25406,HR_CCGT,2050,9,14,14,0.0
25407,HR_CCGT,2050,9,15,15,0.0
25408,HR_CCGT,2050,9,16,16,0.0
25409,HR_CCGT,2050,9,17,17,0.0
25410,HR_CCGT,2050,9,18,18,0.0
25411,HR_CCGT,2050,9,19,19,0.0
25412,HR_CCGT,2050,9,20,20,0.0
25413,HR_CCGT,2050,9,21,21,0.0
25414,HR_CCGT,2050,9,22,22,0.0
25415,HR_CCGT,2050,9,23,23,0.0
25416,HR_CCGT,2050,9,24,24,0.0
25417,HR_CCGT,2050,10,1,1,0.0
25418,HR_CCGT,2050,10,2,2,0.0
25419,HR_CCGT,2050,10,3,3,0.0
25420,HR_CCGT,2050,10,4,4,0.0
25421,HR_CCGT,2050,10,5,5,0.0
25422,HR_CCGT,2050,10,6,6,0.0
25423,HR_CCGT,2050,10,7,7,0.0
25424,HR_CCGT,2050,10,8,8,0.0
25425,HR_CCGT,2050,10,9,9,0.0
25426,HR_CCGT,2050,10,10,10,0.0
25427,HR_CCGT,2050,10,11,11,0.0
25428,HR_CCGT,2050,10,12,12,0.0
25429,HR_CCGT,2050,10,13,13,0.0
25430,HR_CCGT,2050,10,14,14,0.0
25431,HR_CCGT,2050,10,15,15,0.0
25432,HR_CCGT,2050,10,16,16,0.0
25433,HR_CCGT,2050,10,17,17,0.0
25434,HR_CCGT,2050,10,18,18,0.0
25435,HR_CCGT,2050,10,19,19,0.0
25436,HR_CCGT,2050,10,20,20,0.0
25437,HR_CCGT,2050,10,21,21,0.0
25438,HR_CCGT,2050,10,22,22,0.0
25439,HR_CCGT,2050,10,23,23,0.0
25440,HR_CCGT,2050,10,24,24,0.0
25441,HR_Coal,2050,1,1,1,0.0
25442,HR_Coal,2050,1,2,2,0.0
25443,HR_Coal,2050,1,3,3,0.0
25444,HR_Coal,2050,1,4,4,0.0
25445,HR_Coal,2050,1,5,5,0.0
25446,HR_Coal,2050,1,6,6,0.0
25447,HR_Coal,2050,1,7,7,0.0
25448,HR_Coal,2050,1,8,8,0.0
25449,HR_Coal,2050,1,9,9,-0.8109000000000001
25450,HR_Coal,2050,1,10,10,-0.8109000000000001
25451,HR_Coal,2050,1,11,11,-0.8109000000000001
25452,HR_Coal,2050,1,12,12,-0.8109000000000001
25453,HR_Coal,2050,1,13,13,-0.8109000000000001
25454,HR_Coal,2050,1,14,14,-0.8109000000000001
25455,HR_Coal,2050,1,15,15,-0.8109000000000001
25456,HR_Coal,2050,1,16,16,-0.8109000000000001
25457,HR_Coal,2050,1,17,17,-0.8109000000000001
25458,HR_Coal,2050,1,18,18,-1.7649
25459,HR_Coal,2050,1,19,19,-1.7649
25460,HR_Coal,2050,1,20,20,-1.7649
25461,HR_Coal,2050,1,21,21,-0.8109000000000001
25462,HR_Coal,2050,1,22,22,-0.8109000000000001
25463,HR_Coal,2050,1,23,23,0.0
25464,HR_Coal,2050,1,24,24,0.0
25465,HR_Coal,2050,2,1,1,0.0
25466,HR_Coal,2050,2,2,2,0.0
25467,HR_Coal,2050,2,3,3,0.0
25468,HR_Coal,2050,2,4,4,0.0
25469,HR_Coal,2050,2,5,5,0.0
25470,HR_Coal,2050,2,6,6,0.0
25471,HR_Coal,2050,2,7,7,0.0
25472,HR_Coal,2050,2,8,8,0.0
25473,HR_Coal,2050,2,9,9,0.0
25474,HR_Coal,2050,2,10,10,0.0
25475,HR_Coal,2050,2,11,11,0.0
25476,HR_Coal,2050,2,12,12,0.0
25477,HR_Coal,2050,2,13,13,0.0
25478,HR_Coal,2050,2,14,14,0.0
25479,HR_Coal,2050,2,15,15,0.0
25480,HR_Coal,2050,2,16,16,0.0
25481,HR_Coal,2050,2,17,17,0.0
25482,HR_Coal,2050,2,18,18,0.0
25483,HR_Coal,2050,2,19,19,0.0
25484,HR_Coal,2050,2,20,20,0.0
25485,HR_Coal,2050,2,21,21,0.0
25486,HR_Coal,2050,2,22,22,0.0
25487,HR_Coal,2050,2,23,23,0.0
25488,HR_Coal,2050,2,24,24,0.0
25489,HR_Coal,2050,3,1,1,-0.4437000000000001
25490,HR_Coal,2050,3,2,2,-0.4437000000000001
25491,HR_Coal,2050,3,3,3,-0.4437000000000001
25492,HR_Coal,2050,3,4,4,-0.4437000000000001
25493,HR_Coal,2050,3,5,5,-0.4437000000000001
25494,HR_Coal,2050,3,6,6,-0.4437000000000001
25495,HR_Coal,2050,3,7,7,-0.4437000000000001
25496,HR_Coal,2050,3,8,8,-0.4437000000000001
25497,HR_Coal,2050,3,9,9,-0.4437000000000001
25498,HR_Coal,2050,3,10,10,-0.4437000000000001
25499,HR_Coal,2050,3,11,11,-0.4437000000000001
25500,HR_Coal,2050,3,12,12,-0.4437000000000001
25501,HR_Coal,2050,3,13,13,-0.4437000000000001
25502,HR_Coal,2050,3,14,14,-0.4437000000000001
25503,HR_Coal,2050,3,15,15,-0.4437000000000001
25504,HR_Coal,2050,3,16,16,-0.9656999999999999
25505,HR_Coal,2050,3,17,17,-0.9656999999999999
25506,HR_Coal,2050,3,18,18,-0.9656999999999999
25507,HR_Coal,2050,3,19,19,-0.9656999999999999
25508,HR_Coal,2050,3,20,20,-0.9656999999999999
25509,HR_Coal,2050,3,21,21,-0.9656999999999999
25510,HR_Coal,2050,3,22,22,-0.9656999999999999
25511,HR_Coal,2050,3,23,23,-0.4437000000000001
25512,HR_Coal,2050,3,24,24,-0.4437000000000001
25513,HR_Coal,2050,4,1,1,0.0
25514,HR_Coal,2050,4,2,2,0.0
25515,HR_Coal,2050,4,3,3,0.0
25516,HR_Coal,2050,4,4,4,0.0
25517,HR_Coal,2050,4,5,5,0.0
25518,HR_Coal,2050,4,6,6,0.0
25519,HR_Coal,2050,4,7,7,0.0
25520,HR_Coal,2050,4,8,8,0.0
25521,HR_Coal,2050,4,9,9,0.0
25522,HR_Coal,2050,4,10,10,0.0
25523,HR_Coal,2050,4,11,11,0.0
25524,HR_Coal,2050,4,12,12,0.0
25525,HR_Coal,2050,4,13,13,0.0
25526,HR_Coal,2050,4,14,14,0.0
25527,HR_Coal,2050,4,15,15,0.0
25528,HR_Coal,2050,4,16,16,0.0
25529,HR_Coal,2050,4,17,17,0.0
25530,HR_Coal,2050,4,18,18,0.0
25531,HR_Coal,2050,4,19,19,0.0
25532,HR_Coal,2050,4,20,20,0.0
25533,HR_Coal,2050,4,21,21,0.0
25534,HR_Coal,2050,4,22,22,0.0
25535,HR_Coal,2050,4,23,23,0.0
25536,HR_Coal,2050,4,24,24,0.0
25537,HR_Coal,2050,5,1,1,0.0
25538,HR_Coal,2050,5,2,2,0.0
25539,HR_Coal,2050,5,3,3,0.0
25540,HR_Coal,2050,5,4,4,0.0
25541,HR_Coal,2050,5,5,5,0.0
25542,HR_Coal,2050,5,6,6,0.0
25543,HR_Coal,2050,5,7,7,0.0
25544,HR_Coal,2050,5,8,8,0.0
25545,HR_Coal,2050,5,9,9,0.0
25546,HR_Coal,2050,5,10,10,0.0
25547,HR_Coal,2050,5,11,11,0.0
25548,HR_Coal,2050,5,12,12,0.0
25549,HR_Coal,2050,5,13,13,0.0
25550,HR_Coal,2050,5,14,14,0.0
25551,HR_Coal,2050,5,15,15,0.0
25552,HR_Coal,2050,5,16,16,0.0
25553,HR_Coal,2050,5,17,17,0.0
25554,HR_Coal,2050,5,18,18,0.0
25555,HR_Coal,2050,5,19,19,0.0
25556,HR_Coal,2050,5,20,20,0.0
25557,HR_Coal,2050,5,21,21,0.0
25558,HR_Coal,2050,5,22,22,0.0
25559,HR_Coal,2050,5,23,23,0.0
25560,HR_Coal,2050,5,24,24,0.0
25561,HR_Coal,2050,6,1,1,0.0
25562,HR_Coal,2050,6,2,2,0.0
25563,HR_Coal,2050,6,3,3,0.0
25564,HR_Coal,2050,6,4,4,0.0
25565,HR_Coal,2050,6,5,5,0.0
25566,HR_Coal,2050,6,6,6,0.0
25567,HR_Coal,2050,6,7,7,0.0
25568,HR_Coal,2050,6,8,8,0.0
25569,HR_Coal,2050,6,9,9,0.0
25570,HR_Coal,2050,6,10,10,0.0
25571,HR_Coal,2050,6,11,11,0.0
25572,HR_Coal,2050,6,12,12,0.0
25573,HR_Coal,2050,6,13,13,0.0
25574,HR_Coal,2050,6,14,14,0.0
25575,HR_Coal,2050,6,15,15,0.0
25576,HR_Coal,2050,6,16,16,0.0
25577,HR_Coal,2050,6,17,17,0.0
25578,HR_Coal,2050,6,18,18,0.0
25579,HR_Coal,2050,6,19,19,0.0
25580,HR_Coal,2050,6,20,20,0.0
25581,HR_Coal,2050,6,21,21,0.0
25582,HR_Coal,2050,6,22,22,0.0
25583,HR_Coal,2050,6,23,23,0.0
25584,HR_Coal,2050,6,24,24,0.0
25585,HR_Coal,2050,7,1,1,0.0
25586,HR_Coal,2050,7,2,2,0.0
25587,HR_Coal,2050,7,3,3,0.0
25588,HR_Coal,2050,7,4,4,0.0
25589,HR_Coal,2050,7,5,5,0.0
25590,HR_Coal,2050,7,6,6,0.0
25591,HR_Coal,2050,7,7,7,0.0
25592,HR_Coal,2050,7,8,8,0.0
25593,HR_Coal,2050,7,9,9,0.0
25594,HR_Coal,2050,7,10,10,0.0
25595,HR_Coal,2050,7,11,11,0.0
25596,HR_Coal,2050,7,12,12,0.0
25597,HR_Coal,2050,7,13,13,0.0
25598,HR_Coal,2050,7,14,14,0.0
25599,HR_Coal,2050,7,15,15,0.0
25600,HR_Coal,2050,7,16,16,0.0
25601,HR_Coal,2050,7,17,17,0.0
25602,HR_Coal,2050,7,18,18,0.0
25603,HR_Coal,2050,7,19,19,0.0
25604,HR_Coal,2050,7,20,20,0.0
25605,HR_Coal,2050,7,21,21,0.0
25606,HR_Coal,2050,7,22,22,0.0
25607,HR_Coal,2050,7,23,23,0.0
25608,HR_Coal,2050,7,24,24,0.0
25609,HR_Coal,2050,8,1,1,0.0
25610,HR_Coal,2050,8,2,2,0.0
25611,HR_Coal,2050,8,3,3,0.0
25612,HR_Coal,2050,8,4,4,0.0
25613,HR_Coal,2050,8,5,5,0.0
25614,HR_Coal,2050,8,6,6,0.0
25615,HR_Coal,2050,8,7,7,0.0
25616,HR_Coal,2050,8,8,8,0.0
25617,HR_Coal,2050,8,9,9,0.0
25618,HR_Coal,2050,8,10,10,0.0
25619,HR_Coal,2050,8,11,11,0.0
25620,HR_Coal,2050,8,12,12,0.0
25621,HR_Coal,2050,8,13,13,0.0
25622,HR_Coal,2050,8,14,14,0.0
25623,HR_Coal,2050,8,15,15,0.0
25624,HR_Coal,2050,8,16,16,0.0
25625,HR_Coal,2050,8,17,17,0.0
25626,HR_Coal,2050,8,18,18,0.0
25627,HR_Coal,2050,8,19,19,0.0
25628,HR_Coal,2050,8,20,20,0.0
25629,HR_Coal,2050,8,21,21,0.0
25630,HR_Coal,2050,8,22,22,0.0
25631,HR_Coal,2050,8,23,23,0.0
25632,HR_Coal,2050,8,24,24,0.0
25633,HR_Coal,2050,9,1,1,0.0
25634,HR_Coal,2050,9,2,2,0.0
25635,HR_Coal,2050,9,3,3,0.0
25636,HR_Coal,2050,9,4,4,0.0
25637,HR_Coal,2050,9,5,5,0.0
25638,HR_Coal,2050,9,6,6,0.0
25639,HR_Coal,2050,9,7,7,0.0
25640,HR_Coal,2050,9,8,8,0.0
25641,HR_Coal,2050,9,9,9,0.0
25642,HR_Coal,2050,9,10,10,0.0
25643,HR_Coal,2050,9,11,11,0.0
25644,HR_Coal,2050,9,12,12,0.0
25645,HR_Coal,2050,9,13,13,0.0
25646,HR_Coal,2050,9,14,14,0.0
25647,HR_Coal,2050,9,15,15,0.0
25648,HR_Coal,2050,9,16,16,-19.900431411332676
25649,HR_Coal,2050,9,17,17,0.0
25650,HR_Coal,2050,9,18,18,-0.6579
25651,HR_Coal,2050,9,19,19,-0.6579
25652,HR_Coal,2050,9,20,20,-0.6579
25653,HR_Coal,2050,9,21,21,0.0
25654,HR_Coal,2050,9,22,22,0.0
25655,HR_Coal,2050,9,23,23,0.0
25656,HR_Coal,2050,9,24,24,0.0
25657,HR_Coal,2050,10,1,1,0.0
25658,HR_Coal,2050,10,2,2,0.0
25659,HR_Coal,2050,10,3,3,0.0
25660,HR_Coal,2050,10,4,4,0.0
25661,HR_Coal,2050,10,5,5,0.0
25662,HR_Coal,2050,10,6,6,0.0
25663,HR_Coal,2050,10,7,7,0.0
25664,HR_Coal,2050,10,8,8,0.0
25665,HR_Coal,2050,10,9,9,0.0
25666,HR_Coal,2050,10,10,10,0.0
25667,HR_Coal,2050,10,11,11,0.0
25668,HR_Coal,2050,10,12,12,0.0
25669,HR_Coal,2050,10,13,13,0.0
25670,HR_Coal,2050,10,14,14,0.0
25671,HR_Coal,2050,10,15,15,0.0
25672,HR_Coal,2050,10,16,16,0.0
25673,HR_Coal,2050,10,17,17,0.0
25674,HR_Coal,2050,10,18,18,0.0
25675,HR_Coal,2050,10,19,19,0.0
25676,HR_Coal,2050,10,20,20,0.0
25677,HR_Coal,2050,10,21,21,0.0
25678,HR_Coal,2050,10,22,22,0.0
25679,HR_Coal,2050,10,23,23,0.0
25680,HR_Coal,2050,10,24,24,0.0
25681,HR_OCGT,2050,1,1,1,0.0
25682,HR_OCGT,2050,1,2,2,0.0
25683,HR_OCGT,2050,1,3,3,0.0
25684,HR_OCGT,2050,1,4,4,0.0
25685,HR_OCGT,2050,1,5,5,0.0
25686,HR_OCGT,2050,1,6,6,0.0
25687,HR_OCGT,2050,1,7,7,0.0
25688,HR_OCGT,2050,1,8,8,0.0
25689,HR_OCGT,2050,1,9,9,0.0
25690,HR_OCGT,2050,1,10,10,0.0
25691,HR_OCGT,2050,1,11,11,0.0
25692,HR_OCGT,2050,1,12,12,0.0
25693,HR_OCGT,2050,1,13,13,0.0
25694,HR_OCGT,2050,1,14,14,0.0
25695,HR_OCGT,2050,1,15,15,0.0
25696,HR_OCGT,2050,1,16,16,0.0
25697,HR_OCGT,2050,1,17,17,0.0
25698,HR_OCGT,2050,1,18,18,0.0
25699,HR_OCGT,2050,1,19,19,0.0
25700,HR_OCGT,2050,1,20,20,0.0
25701,HR_OCGT,2050,1,21,21,0.0
25702,HR_OCGT,2050,1,22,22,0.0
25703,HR_OCGT,2050,1,23,23,0.0
25704,HR_OCGT,2050,1,24,24,0.0
25705,HR_OCGT,2050,2,1,1,0.0
25706,HR_OCGT,2050,2,2,2,0.0
25707,HR_OCGT,2050,2,3,3,0.0
25708,HR_OCGT,2050,2,4,4,0.0
25709,HR_OCGT,2050,2,5,5,0.0
25710,HR_OCGT,2050,2,6,6,0.0
25711,HR_OCGT,2050,2,7,7,0.0
25712,HR_OCGT,2050,2,8,8,0.0
25713,HR_OCGT,2050,2,9,9,0.0
25714,HR_OCGT,2050,2,10,10,0.0
25715,HR_OCGT,2050,2,11,11,0.0
25716,HR_OCGT,2050,2,12,12,0.0
25717,HR_OCGT,2050,2,13,13,0.0
25718,HR_OCGT,2050,2,14,14,0.0
25719,HR_OCGT,2050,2,15,15,0.0
25720,HR_OCGT,2050,2,16,16,0.0
25721,HR_OCGT,2050,2,17,17,0.0
25722,HR_OCGT,2050,2,18,18,0.0
25723,HR_OCGT,2050,2,19,19,0.0
25724,HR_OCGT,2050,2,20,20,0.0
25725,HR_OCGT,2050,2,21,21,0.0
25726,HR_OCGT,2050,2,22,22,0.0
25727,HR_OCGT,2050,2,23,23,0.0
25728,HR_OCGT,2050,2,24,24,0.0
25729,HR_OCGT,2050,3,1,1,0.0
25730,HR_OCGT,2050,3,2,2,0.0
25731,HR_OCGT,2050,3,3,3,0.0
25732,HR_OCGT,2050,3,4,4,0.0
25733,HR_OCGT,2050,3,5,5,0.0
25734,HR_OCGT,2050,3,6,6,0.0
25735,HR_OCGT,2050,3,7,7,0.0
25736,HR_OCGT,2050,3,8,8,0.0
25737,HR_OCGT,2050,3,9,9,0.0
25738,HR_OCGT,2050,3,10,10,0.0
25739,HR_OCGT,2050,3,11,11,0.0
25740,HR_OCGT,2050,3,12,12,0.0
25741,HR_OCGT,2050,3,13,13,0.0
25742,HR_OCGT,2050,3,14,14,0.0
25743,HR_OCGT,2050,3,15,15,0.0
25744,HR_OCGT,2050,3,16,16,0.0
25745,HR_OCGT,2050,3,17,17,0.0
25746,HR_OCGT,2050,3,18,18,0.0
25747,HR_OCGT,2050,3,19,19,0.0
25748,HR_OCGT,2050,3,20,20,0.0
25749,HR_OCGT,2050,3,21,21,0.0
25750,HR_OCGT,2050,3,22,22,0.0
25751,HR_OCGT,2050,3,23,23,0.0
25752,HR_OCGT,2050,3,24,24,0.0
25753,HR_OCGT,2050,4,1,1,0.0
25754,HR_OCGT,2050,4,2,2,0.0
25755,HR_OCGT,2050,4,3,3,0.0
25756,HR_OCGT,2050,4,4,4,0.0
25757,HR_OCGT,2050,4,5,5,0.0
25758,HR_OCGT,2050,4,6,6,0.0
25759,HR_OCGT,2050,4,7,7,0.0
25760,HR_OCGT,2050,4,8,8,0.0
25761,HR_OCGT,2050,4,9,9,0.0
25762,HR_OCGT,2050,4,10,10,0.0
25763,HR_OCGT,2050,4,11,11,0.0
25764,HR_OCGT,2050,4,12,12,0.0
25765,HR_OCGT,2050,4,13,13,0.0
25766,HR_OCGT,2050,4,14,14,0.0
25767,HR_OCGT,2050,4,15,15,0.0
25768,HR_OCGT,2050,4,16,16,0.0
25769,HR_OCGT,2050,4,17,17,0.0
25770,HR_OCGT,2050,4,18,18,0.0
25771,HR_OCGT,2050,4,19,19,0.0
25772,HR_OCGT,2050,4,20,20,0.0
25773,HR_OCGT,2050,4,21,21,0.0
25774,HR_OCGT,2050,4,22,22,0.0
25775,HR_OCGT,2050,4,23,23,0.0
25776,HR_OCGT,2050,4,24,24,0.0
25777,HR_OCGT,2050,5,1,1,0.0
25778,HR_OCGT,2050,5,2,2,0.0
25779,HR_OCGT,2050,5,3,3,0.0
25780,HR_OCGT,2050,5,4,4,0.0
25781,HR_OCGT,2050,5,5,5,0.0
25782,HR_OCGT,2050,5,6,6,0.0
25783,HR_OCGT,2050,5,7,7,0.0
25784,HR_OCGT,2050,5,8,8,0.0
25785,HR_OCGT,2050,5,9,9,0.0
25786,HR_OCGT,2050,5,10,10,0.0
25787,HR_OCGT,2050,5,11,11,0.0
25788,HR_OCGT,2050,5,12,12,0.0
25789,HR_OCGT,2050,5,13,13,0.0
25790,HR_OCGT,2050,5,14,14,0.0
25791,HR_OCGT,2050,5,15,15,0.0
25792,HR_OCGT,2050,5,16,16,0.0
25793,HR_OCGT,2050,5,17,17,0.0
25794,HR_OCGT,2050,5,18,18,0.0
25795,HR_OCGT,2050,5,19,19,0.0
25796,HR_OCGT,2050,5,20,20,0.0
25797,HR_OCGT,2050,5,21,21,0.0
25798,HR_OCGT,2050,5,22,22,0.0
25799,HR_OCGT,2050,5,23,23,0.0
25800,HR_OCGT,2050,5,24,24,0.0
25801,HR_OCGT,2050,6,1,1,0.0
25802,HR_OCGT,2050,6,2,2,0.0
25803,HR_OCGT,2050,6,3,3,0.0
25804,HR_OCGT,2050,6,4,4,0.0
25805,HR_OCGT,2050,6,5,5,0.0
25806,HR_OCGT,2050,6,6,6,0.0
25807,HR_OCGT,2050,6,7,7,0.0
25808,HR_OCGT,2050,6,8,8,0.0
25809,HR_OCGT,2050,6,9,9,0.0
25810,HR_OCGT,2050,6,10,10,0.0
25811,HR_OCGT,2050,6,11,11,0.0
25812,HR_OCGT,2050,6,12,12,0.0
25813,HR_OCGT,2050,6,13,13,0.0
25814,HR_OCGT,2050,6,14,14,0.0
25815,HR_OCGT,2050,6,15,15,0.0
25816,HR_OCGT,2050,6,16,16,0.0
25817,HR_OCGT,2050,6,17,17,0.0
25818,HR_OCGT,2050,6,18,18,0.0
25819,HR_OCGT,2050,6,19,19,0.0
25820,HR_OCGT,2050,6,20,20,0.0
25821,HR_OCGT,2050,6,21,21,0.0
25822,HR_OCGT,2050,6,22,22,0.0
25823,HR_OCGT,2050,6,23,23,0.0
25824,HR_OCGT,2050,6,24,24,0.0
25825,HR_OCGT,2050,7,1,1,0.0
25826,HR_OCGT,2050,7,2,2,0.0
25827,HR_OCGT,2050,7,3,3,0.0
25828,HR_OCGT,2050,7,4,4,0.0
25829,HR_OCGT,2050,7,5,5,0.0
25830,HR_OCGT,2050,7,6,6,0.0
25831,HR_OCGT,2050,7,7,7,0.0
25832,HR_OCGT,2050,7,8,8,0.0
25833,HR_OCGT,2050,7,9,9,0.0
25834,HR_OCGT,2050,7,10,10,0.0
25835,HR_OCGT,2050,7,11,11,0.0
25836,HR_OCGT,2050,7,12,12,0.0
25837,HR_OCGT,2050,7,13,13,0.0
25838,HR_OCGT,2050,7,14,14,0.0
25839,HR_OCGT,2050,7,15,15,0.0
25840,HR_OCGT,2050,7,16,16,0.0
25841,HR_OCGT,2050,7,17,17,0.0
25842,HR_OCGT,2050,7,18,18,0.0
25843,HR_OCGT,2050,7,19,19,0.0
25844,HR_OCGT,2050,7,20,20,0.0
25845,HR_OCGT,2050,7,21,21,0.0
25846,HR_OCGT,2050,7,22,22,0.0
25847,HR_OCGT,2050,7,23,23,0.0
25848,HR_OCGT,2050,7,24,24,0.0
25849,HR_OCGT,2050,8,1,1,0.0
25850,HR_OCGT,2050,8,2,2,0.0
25851,HR_OCGT,2050,8,3,3,0.0
25852,HR_OCGT,2050,8,4,4,0.0
25853,HR_OCGT,2050,8,5,5,0.0
25854,HR_OCGT,2050,8,6,6,0.0
25855,HR_OCGT,2050,8,7,7,0.0
25856,HR_OCGT,2050,8,8,8,0.0
25857,HR_OCGT,2050,8,9,9,0.0
25858,HR_OCGT,2050,8,10,10,0.0
25859,HR_OCGT,2050,8,11,11,0.0
25860,HR_OCGT,2050,8,12,12,0.0
25861,HR_OCGT,2050,8,13,13,0.0
25862,HR_OCGT,2050,8,14,14,0.0
25863,HR_OCGT,2050,8,15,15,0.0
25864,HR_OCGT,2050,8,16,16,0.0
25865,HR_OCGT,2050,8,17,17,0.0
25866,HR_OCGT,2050,8,18,18,0.0
25867,HR_OCGT,2050,8,19,19,0.0
25868,HR_OCGT,2050,8,20,20,0.0
25869,HR_OCGT,2050,8,21,21,0.0
25870,HR_OCGT,2050,8,22,22,0.0
25871,HR_OCGT,2050,8,23,23,0.0
25872,HR_OCGT,2050,8,24,24,0.0
25873,HR_OCGT,2050,9,1,1,0.0
25874,HR_OCGT,2050,9,2,2,0.0
25875,HR_OCGT,2050,9,3,3,0.0
25876,HR_OCGT,2050,9,4,4,0.0
25877,HR_OCGT,2050,9,5,5,0.0
25878,HR_OCGT,2050,9,6,6,0.0
25879,HR_OCGT,2050,9,7,7,0.0
25880,HR_OCGT,2050,9,8,8,0.0
25881,HR_OCGT,2050,9,9,9,0.0
25882,HR_OCGT,2050,9,10,10,0.0
25883,HR_OCGT,2050,9,11,11,0.0
25884,HR_OCGT,2050,9,12,12,0.0
25885,HR_OCGT,2050,9,13,13,0.0
25886,HR_OCGT,2050,9,14,14,0.0
25887,HR_OCGT,2050,9,15,15,0.0
25888,HR_OCGT,2050,9,16,16,0.0
25889,HR_OCGT,2050,9,17,17,0.0
25890,HR_OCGT,2050,9,18,18,0.0
25891,HR_OCGT,2050,9,19,19,0.0
25892,HR_OCGT,2050,9,20,20,0.0
25893,HR_OCGT,2050,9,21,21,0.0
25894,HR_OCGT,2050,9,22,22,0.0
25895,HR_OCGT,2050,9,23,23,0.0
25896,HR_OCGT,2050,9,24,24,0.0
25897,HR_OCGT,2050,10,1,1,0.0
25898,HR_OCGT,2050,10,2,2,0.0
25899,HR_OCGT,2050,10,3,3,0.0
25900,HR_OCGT,2050,10,4,4,0.0
25901,HR_OCGT,2050,10,5,5,0.0
25902,HR_OCGT,2050,10,6,6,0.0
25903,HR_OCGT,2050,10,7,7,0.0
25904,HR_OCGT,2050,10,8,8,0.0
25905,HR_OCGT,2050,10,9,9,0.0
25906,HR_OCGT,2050,10,10,10,0.0
25907,HR_OCGT,2050,10,11,11,0.0
25908,HR_OCGT,2050,10,12,12,0.0
25909,HR_OCGT,2050,10,13,13,0.0
25910,HR_OCGT,2050,10,14,14,0.0
25911,HR_OCGT,2050,10,15,15,0.0
25912,HR_OCGT,2050,10,16,16,0.0
25913,HR_OCGT,2050,10,17,17,0.0
25914,HR_OCGT,2050,10,18,18,0.0
25915,HR_OCGT,2050,10,19,19,0.0
25916,HR_OCGT,2050,10,20,20,0.0
25917,HR_OCGT,2050,10,21,21,0.0
25918,HR_OCGT,2050,10,22,22,0.0
25919,HR_OCGT,2050,10,23,23,0.0
25920,HR_OCGT,2050,10,24,24,0.0
25921,HR_Solar,2050,1,1,1,-0.9381
25922,HR_Solar,2050,1,2,2,-0.9381
25923,HR_Solar,2050,1,3,3,-0.9381
25924,HR_Solar,2050,1,4,4,-0.9381
25925,HR_Solar,2050,1,5,5,-0.9381
25926,HR_Solar,2050,1,6,6,-0.9381
25927,HR_Solar,2050,1,7,7,-0.9381
25928,HR_Solar,2050,1,8,8,-0.9381
25929,HR_Solar,2050,1,9,9,-1.749
25930,HR_Solar,2050,1,10,10,-1.749
25931,HR_Solar,2050,1,11,11,-1.749
25932,HR_Solar,2050,1,12,12,-1.749
25933,HR_Solar,2050,1,13,13,-1.749
25934,HR_Solar,2050,1,14,14,-1.749
25935,HR_Solar,2050,1,15,15,-1.749
25936,HR_Solar,2050,1,16,16,-1.749
25937,HR_Solar,2050,1,17,17,-1.749
25938,HR_Solar,2050,1,18,18,-2.703
25939,HR_Solar,2050,1,19,19,-2.703
25940,HR_Solar,2050,1,20,20,-2.703
25941,HR_Solar,2050,1,21,21,-1.749
25942,HR_Solar,2050,1,22,22,-1.749
25943,HR_Solar,2050,1,23,23,-0.9381
25944,HR_Solar,2050,1,24,24,-0.9381
25945,HR_Solar,2050,2,1,1,0.0
25946,HR_Solar,2050,2,2,2,0.0
25947,HR_Solar,2050,2,3,3,0.0
25948,HR_Solar,2050,2,4,4,0.0
25949,HR_Solar,2050,2,5,5,0.0
25950,HR_Solar,2050,2,6,6,0.0
25951,HR_Solar,2050,2,7,7,0.0
25952,HR_Solar,2050,2,8,8,0.0
25953,HR_Solar,2050,2,9,9,0.0
25954,HR_Solar,2050,2,10,10,0.0
25955,HR_Solar,2050,2,11,11,0.0
25956,HR_Solar,2050,2,12,12,0.0
25957,HR_Solar,2050,2,13,13,0.0
25958,HR_Solar,2050,2,14,14,0.0
25959,HR_Solar,2050,2,15,15,0.0
25960,HR_Solar,2050,2,16,16,0.0
25961,HR_Solar,2050,2,17,17,0.0
25962,HR_Solar,2050,2,18,18,0.0
25963,HR_Solar,2050,2,19,19,0.0
25964,HR_Solar,2050,2,20,20,0.0
25965,HR_Solar,2050,2,21,21,0.0
25966,HR_Solar,2050,2,22,22,0.0
25967,HR_Solar,2050,2,23,23,0.0
25968,HR_Solar,2050,2,24,24,0.0
25969,HR_Solar,2050,3,1,1,-0.9570000000000001
25970,HR_Solar,2050,3,2,2,-0.9570000000000001
25971,HR_Solar,2050,3,3,3,-0.9570000000000001
25972,HR_Solar,2050,3,4,4,-0.9570000000000001
25973,HR_Solar,2050,3,5,5,-0.9570000000000001
25974,HR_Solar,2050,3,6,6,-0.9570000000000001
25975,HR_Solar,2050,3,7,7,-0.9570000000000001
25976,HR_Solar,2050,3,8,8,-0.9570000000000001
25977,HR_Solar,2050,3,9,9,-0.9570000000000001
25978,HR_Solar,2050,3,10,10,-0.9570000000000001
25979,HR_Solar,2050,3,11,11,-0.9570000000000001
25980,HR_Solar,2050,3,12,12,-0.9570000000000001
25981,HR_Solar,2050,3,13,13,-0.9570000000000001
25982,HR_Solar,2050,3,14,14,-0.9570000000000001
25983,HR_Solar,2050,3,15,15,-0.9570000000000001
25984,HR_Solar,2050,3,16,16,-1.4789999999999999
25985,HR_Solar,2050,3,17,17,-1.4789999999999999
25986,HR_Solar,2050,3,18,18,-1.4789999999999999
25987,HR_Solar,2050,3,19,19,-1.4789999999999999
25988,HR_Solar,2050,3,20,20,-1.4789999999999999
25989,HR_Solar,2050,3,21,21,-1.4789999999999999
25990,HR_Solar,2050,3,22,22,-1.4789999999999999
25991,HR_Solar,2050,3,23,23,-0.9570000000000001
25992,HR_Solar,2050,3,24,24,-0.9570000000000001
25993,HR_Solar,2050,4,1,1,0.0
25994,HR_Solar,2050,4,2,2,0.0
25995,HR_Solar,2050,4,3,3,0.0
25996,HR_Solar,2050,4,4,4,0.0
25997,HR_Solar,2050,4,5,5,-0.4071
25998,HR_Solar,2050,4,6,6,0.0
25999,HR_Solar,2050,4,7,7,-0.4071
26000,HR_Solar,2050,4,8,8,-0.4071
26001,HR_Solar,2050,4,9,9,-0.4071
26002,HR_Solar,2050,4,10,10,-0.4071
26003,HR_Solar,2050,4,11,11,0.0
26004,HR_Solar,2050,4,12,12,-0.4071
26005,HR_Solar,2050,4,13,13,-0.4071
26006,HR_Solar,2050,4,14,14,-0.4071
26007,HR_Solar,2050,4,15,15,-0.4071
26008,HR_Solar,2050,4,16,16,-0.4071
26009,HR_Solar,2050,4,17,17,-0.4071
26010,HR_Solar,2050,4,18,18,-0.4071
26011,HR_Solar,2050,4,19,19,-0.4071
26012,HR_Solar,2050,4,20,20,-0.4071
26013,HR_Solar,2050,4,21,21,-0.4071
26014,HR_Solar,2050,4,22,22,-0.4071
26015,HR_Solar,2050,4,23,23,-0.4071
26016,HR_Solar,2050,4,24,24,-0.4071
26017,HR_Solar,2050,5,1,1,-0.9204
26018,HR_Solar,2050,5,2,2,-0.9204
26019,HR_Solar,2050,5,3,3,-0.9204
26020,HR_Solar,2050,5,4,4,-0.9204
26021,HR_Solar,2050,5,5,5,-0.9204
26022,HR_Solar,2050,5,6,6,-0.9204
26023,HR_Solar,2050,5,7,7,-0.9204
26024,HR_Solar,2050,5,8,8,-0.9204
26025,HR_Solar,2050,5,9,9,-0.9204
26026,HR_Solar,2050,5,10,10,-0.9204
26027,HR_Solar,2050,5,11,11,-0.9204
26028,HR_Solar,2050,5,12,12,-0.9204
26029,HR_Solar,2050,5,13,13,-0.9204
26030,HR_Solar,2050,5,14,14,-0.9204
26031,HR_Solar,2050,5,15,15,-0.9204
26032,HR_Solar,2050,5,16,16,-0.9204
26033,HR_Solar,2050,5,17,17,-0.9204
26034,HR_Solar,2050,5,18,18,-0.9204
26035,HR_Solar,2050,5,19,19,-0.9204
26036,HR_Solar,2050,5,20,20,-0.9204
26037,HR_Solar,2050,5,21,21,-0.9204
26038,HR_Solar,2050,5,22,22,-0.9204
26039,HR_Solar,2050,5,23,23,-0.9204
26040,HR_Solar,2050,5,24,24,-0.9204
26041,HR_Solar,2050,6,1,1,0.0
26042,HR_Solar,2050,6,2,2,0.0
26043,HR_Solar,2050,6,3,3,0.0
26044,HR_Solar,2050,6,4,4,0.0
26045,HR_Solar,2050,6,5,5,0.0
26046,HR_Solar,2050,6,6,6,0.0
26047,HR_Solar,2050,6,7,7,0.0
26048,HR_Solar,2050,6,8,8,0.0
26049,HR_Solar,2050,6,9,9,0.0
26050,HR_Solar,2050,6,10,10,0.0
26051,HR_Solar,2050,6,11,11,0.0
26052,HR_Solar,2050,6,12,12,0.0
26053,HR_Solar,2050,6,13,13,0.0
26054,HR_Solar,2050,6,14,14,0.0
26055,HR_Solar,2050,6,15,15,0.0
26056,HR_Solar,2050,6,16,16,0.0
26057,HR_Solar,2050,6,17,17,0.0
26058,HR_Solar,2050,6,18,18,0.0
26059,HR_Solar,2050,6,19,19,-0.3186
26060,HR_Solar,2050,6,20,20,-0.3186
26061,HR_Solar,2050,6,21,21,0.0
26062,HR_Solar,2050,6,22,22,0.0
26063,HR_Solar,2050,6,23,23,0.0
26064,HR_Solar,2050,6,24,24,0.0
26065,HR_Solar,2050,7,1,1,0.0
26066,HR_Solar,2050,7,2,2,0.0
26067,HR_Solar,2050,7,3,3,0.0
26068,HR_Solar,2050,7,4,4,-0.6549
26069,HR_Solar,2050,7,5,5,-0.6549
26070,HR_Solar,2050,7,6,6,-0.6549
26071,HR_Solar,2050,7,7,7,-0.6549
26072,HR_Solar,2050,7,8,8,-0.6549
26073,HR_Solar,2050,7,9,9,-0.6549
26074,HR_Solar,2050,7,10,10,-0.6549
26075,HR_Solar,2050,7,11,11,0.0
26076,HR_Solar,2050,7,12,12,0.0
26077,HR_Solar,2050,7,13,13,0.0
26078,HR_Solar,2050,7,14,14,0.0
26079,HR_Solar,2050,7,15,15,0.0
26080,HR_Solar,2050,7,16,16,-0.6549
26081,HR_Solar,2050,7,17,17,-0.6549
26082,HR_Solar,2050,7,18,18,-0.6549
26083,HR_Solar,2050,7,19,19,-0.6549
26084,HR_Solar,2050,7,20,20,-0.6549
26085,HR_Solar,2050,7,21,21,-0.6549
26086,HR_Solar,2050,7,22,22,-0.6549
26087,HR_Solar,2050,7,23,23,-0.6549
26088,HR_Solar,2050,7,24,24,-0.6549
26089,HR_Solar,2050,8,1,1,-0.5487
26090,HR_Solar,2050,8,2,2,0.0
26091,HR_Solar,2050,8,3,3,0.0
26092,HR_Solar,2050,8,4,4,-0.5487
26093,HR_Solar,2050,8,5,5,-0.5487
26094,HR_Solar,2050,8,6,6,-0.5487
26095,HR_Solar,2050,8,7,7,-0.5487
26096,HR_Solar,2050,8,8,8,-0.5487
26097,HR_Solar,2050,8,9,9,-0.5487
26098,HR_Solar,2050,8,10,10,-0.5487
26099,HR_Solar,2050,8,11,11,0.0
26100,HR_Solar,2050,8,12,12,-0.5487
26101,HR_Solar,2050,8,13,13,-0.5487
26102,HR_Solar,2050,8,14,14,-0.5487
26103,HR_Solar,2050,8,15,15,-0.5487
26104,HR_Solar,2050,8,16,16,-0.5487
26105,HR_Solar,2050,8,17,17,-0.5487
26106,HR_Solar,2050,8,18,18,-0.5487
26107,HR_Solar,2050,8,19,19,-0.5487
26108,HR_Solar,2050,8,20,20,-0.5487
26109,HR_Solar,2050,8,21,21,-0.5487
26110,HR_Solar,2050,8,22,22,-0.5487
26111,HR_Solar,2050,8,23,23,-0.5487
26112,HR_Solar,2050,8,24,24,-0.5487
26113,HR_Solar,2050,9,1,1,-0.7611
26114,HR_Solar,2050,9,2,2,-0.7611
26115,HR_Solar,2050,9,3,3,-0.7611
26116,HR_Solar,2050,9,4,4,-0.7611
26117,HR_Solar,2050,9,5,5,-0.7611
26118,HR_Solar,2050,9,6,6,-0.7611
26119,HR_Solar,2050,9,7,7,-0.7611
26120,HR_Solar,2050,9,8,8,-0.7611
26121,HR_Solar,2050,9,9,9,-0.7611
26122,HR_Solar,2050,9,10,10,-0.7611
26123,HR_Solar,2050,9,11,11,-0.7611
26124,HR_Solar,2050,9,12,12,-0.7611
26125,HR_Solar,2050,9,13,13,-0.7611
26126,HR_Solar,2050,9,14,14,-0.7611
26127,HR_Solar,2050,9,15,15,-0.7611
26128,HR_Solar,2050,9,16,16,-20.661531411332675
26129,HR_Solar,2050,9,17,17,-0.7611
26130,HR_Solar,2050,9,18,18,-1.419
26131,HR_Solar,2050,9,19,19,-1.419
26132,HR_Solar,2050,9,20,20,-1.419
26133,HR_Solar,2050,9,21,21,-0.7611
26134,HR_Solar,2050,9,22,22,-0.7611
26135,HR_Solar,2050,9,23,23,-0.7611
26136,HR_Solar,2050,9,24,24,-0.7611
26137,HR_Solar,2050,10,1,1,-0.8142
26138,HR_Solar,2050,10,2,2,-0.8142
26139,HR_Solar,2050,10,3,3,-0.8142
26140,HR_Solar,2050,10,4,4,-0.8142
26141,HR_Solar,2050,10,5,5,-0.8142
26142,HR_Solar,2050,10,6,6,-0.8142
26143,HR_Solar,2050,10,7,7,-0.8142
26144,HR_Solar,2050,10,8,8,-0.8142
26145,HR_Solar,2050,10,9,9,-0.8142
26146,HR_Solar,2050,10,10,10,-0.8142
26147,HR_Solar,2050,10,11,11,-0.8142
26148,HR_Solar,2050,10,12,12,-0.8142
26149,HR_Solar,2050,10,13,13,-0.8142
26150,HR_Solar,2050,10,14,14,-0.8142
26151,HR_Solar,2050,10,15,15,-0.8142
26152,HR_Solar,2050,10,16,16,-0.8142
26153,HR_Solar,2050,10,17,17,-0.8142
26154,HR_Solar,2050,10,18,18,-0.8142
26155,HR_Solar,2050,10,19,19,-0.8142
26156,HR_Solar,2050,10,20,20,-0.8142
26157,HR_Solar,2050,10,21,21,-0.8142
26158,HR_Solar,2050,10,22,22,-0.8142
26159,HR_Solar,2050,10,23,23,-0.8142
26160,HR_Solar,2050,10,24,24,-0.8142
26161,HR_Wind_Offshore,2050,1,1,1,-0.9381
26162,HR_Wind_Offshore,2050,1,2,2,-0.9381
26163,HR_Wind_Offshore,2050,1,3,3,-0.9381
26164,HR_Wind_Offshore,2050,1,4,4,-0.9381
26165,HR_Wind_Offshore,2050,1,5,5,-0.9381
26166,HR_Wind_Offshore,2050,1,6,6,-0.9381
26167,HR_Wind_Offshore,2050,1,7,7,-0.9381
26168,HR_Wind_Offshore,2050,1,8,8,-0.9381
26169,HR_Wind_Offshore,2050,1,9,9,-1.749
26170,HR_Wind_Offshore,2050,1,10,10,-1.749
26171,HR_Wind_Offshore,2050,1,11,11,-1.749
26172,HR_Wind_Offshore,2050,1,12,12,-1.749
26173,HR_Wind_Offshore,2050,1,13,13,-1.749
26174,HR_Wind_Offshore,2050,1,14,14,-1.749
26175,HR_Wind_Offshore,2050,1,15,15,-1.749
26176,HR_Wind_Offshore,2050,1,16,16,-1.749
26177,HR_Wind_Offshore,2050,1,17,17,-1.749
26178,HR_Wind_Offshore,2050,1,18,18,-2.703
26179,HR_Wind_Offshore,2050,1,19,19,-2.703
26180,HR_Wind_Offshore,2050,1,20,20,-2.703
26181,HR_Wind_Offshore,2050,1,21,21,-1.749
26182,HR_Wind_Offshore,2050,1,22,22,-1.749
26183,HR_Wind_Offshore,2050,1,23,23,-0.9381
26184,HR_Wind_Offshore,2050,1,24,24,-0.9381
26185,HR_Wind_Offshore,2050,2,1,1,0.0
26186,HR_Wind_Offshore,2050,2,2,2,0.0
26187,HR_Wind_Offshore,2050,2,3,3,0.0
26188,HR_Wind_Offshore,2050,2,4,4,0.0
26189,HR_Wind_Offshore,2050,2,5,5,0.0
26190,HR_Wind_Offshore,2050,2,6,6,0.0
26191,HR_Wind_Offshore,2050,2,7,7,0.0
26192,HR_Wind_Offshore,2050,2,8,8,0.0
26193,HR_Wind_Offshore,2050,2,9,9,0.0
26194,HR_Wind_Offshore,2050,2,10,10,0.0
26195,HR_Wind_Offshore,2050,2,11,11,0.0
26196,HR_Wind_Offshore,2050,2,12,12,0.0
26197,HR_Wind_Offshore,2050,2,13,13,0.0
26198,HR_Wind_Offshore,2050,2,14,14,0.0
26199,HR_Wind_Offshore,2050,2,15,15,0.0
26200,HR_Wind_Offshore,2050,2,16,16,0.0
26201,HR_Wind_Offshore,2050,2,17,17,0.0
26202,HR_Wind_Offshore,2050,2,18,18,0.0
26203,HR_Wind_Offshore,2050,2,19,19,0.0
26204,HR_Wind_Offshore,2050,2,20,20,0.0
26205,HR_Wind_Offshore,2050,2,21,21,0.0
26206,HR_Wind_Offshore,2050,2,22,22,0.0
26207,HR_Wind_Offshore,2050,2,23,23,0.0
26208,HR_Wind_Offshore,2050,2,24,24,0.0
26209,HR_Wind_Offshore,2050,3,1,1,-0.9570000000000001
26210,HR_Wind_Offshore,2050,3,2,2,-0.9570000000000001
26211,HR_Wind_Offshore,2050,3,3,3,-0.9570000000000001
26212,HR_Wind_Offshore,2050,3,4,4,-0.9570000000000001
26213,HR_Wind_Offshore,2050,3,5,5,-0.9570000000000001
26214,HR_Wind_Offshore,2050,3,6,6,-0.9570000000000001
26215,HR_Wind_Offshore,2050,3,7,7,-0.9570000000000001
26216,HR_Wind_Offshore,2050,3,8,8,-0.9570000000000001
26217,HR_Wind_Offshore,2050,3,9,9,-0.9570000000000001
26218,HR_Wind_Offshore,2050,3,10,10,-0.9570000000000001
26219,HR_Wind_Offshore,2050,3,11,11,-0.9570000000000001
26220,HR_Wind_Offshore,2050,3,12,12,-0.9570000000000001
26221,HR_Wind_Offshore,2050,3,13,13,-0.9570000000000001
26222,HR_Wind_Offshore,2050,3,14,14,-0.9570000000000001
26223,HR_Wind_Offshore,2050,3,15,15,-0.9570000000000001
26224,HR_Wind_Offshore,2050,3,16,16,-1.4789999999999999
26225,HR_Wind_Offshore,2050,3,17,17,-1.4789999999999999
26226,HR_Wind_Offshore,2050,3,18,18,-1.4789999999999999
26227,HR_Wind_Offshore,2050,3,19,19,-1.4789999999999999
26228,HR_Wind_Offshore,2050,3,20,20,-1.4789999999999999
26229,HR_Wind_Offshore,2050,3,21,21,-1.4789999999999999
26230,HR_Wind_Offshore,2050,3,22,22,-1.4789999999999999
26231,HR_Wind_Offshore,2050,3,23,23,-0.9570000000000001
26232,HR_Wind_Offshore,2050,3,24,24,-0.9570000000000001
26233,HR_Wind_Offshore,2050,4,1,1,0.0
26234,HR_Wind_Offshore,2050,4,2,2,0.0
26235,HR_Wind_Offshore,2050,4,3,3,0.0
26236,HR_Wind_Offshore,2050,4,4,4,0.0
26237,HR_Wind_Offshore,2050,4,5,5,-0.4071
26238,HR_Wind_Offshore,2050,4,6,6,0.0
26239,HR_Wind_Offshore,2050,4,7,7,-0.4071
26240,HR_Wind_Offshore,2050,4,8,8,-0.4071
26241,HR_Wind_Offshore,2050,4,9,9,-0.4071
26242,HR_Wind_Offshore,2050,4,10,10,-0.4071
26243,HR_Wind_Offshore,2050,4,11,11,0.0
26244,HR_Wind_Offshore,2050,4,12,12,-0.4071
26245,HR_Wind_Offshore,2050,4,13,13,-0.4071
26246,HR_Wind_Offshore,2050,4,14,14,-0.4071
26247,HR_Wind_Offshore,2050,4,15,15,-0.4071
26248,HR_Wind_Offshore,2050,4,16,16,-0.4071
26249,HR_Wind_Offshore,2050,4,17,17,-0.4071
26250,HR_Wind_Offshore,2050,4,18,18,-0.4071
26251,HR_Wind_Offshore,2050,4,19,19,-0.4071
26252,HR_Wind_Offshore,2050,4,20,20,-0.4071
26253,HR_Wind_Offshore,2050,4,21,21,-0.4071
26254,HR_Wind_Offshore,2050,4,22,22,-0.4071
26255,HR_Wind_Offshore,2050,4,23,23,-0.4071
26256,HR_Wind_Offshore,2050,4,24,24,-0.4071
26257,HR_Wind_Offshore,2050,5,1,1,-0.9204
26258,HR_Wind_Offshore,2050,5,2,2,-0.9204
26259,HR_Wind_Offshore,2050,5,3,3,-0.9204
26260,HR_Wind_Offshore,2050,5,4,4,-0.9204
26261,HR_Wind_Offshore,2050,5,5,5,-0.9204
26262,HR_Wind_Offshore,2050,5,6,6,-0.9204
26263,HR_Wind_Offshore,2050,5,7,7,-0.9204
26264,HR_Wind_Offshore,2050,5,8,8,-0.9204
26265,HR_Wind_Offshore,2050,5,9,9,-0.9204
26266,HR_Wind_Offshore,2050,5,10,10,-0.9204
26267,HR_Wind_Offshore,2050,5,11,11,-0.9204
26268,HR_Wind_Offshore,2050,5,12,12,-0.9204
26269,HR_Wind_Offshore,2050,5,13,13,-0.9204
26270,HR_Wind_Offshore,2050,5,14,14,-0.9204
26271,HR_Wind_Offshore,2050,5,15,15,-0.9204
26272,HR_Wind_Offshore,2050,5,16,16,-0.9204
26273,HR_Wind_Offshore,2050,5,17,17,-0.9204
26274,HR_Wind_Offshore,2050,5,18,18,-0.9204
26275,HR_Wind_Offshore,2050,5,19,19,-0.9204
26276,HR_Wind_Offshore,2050,5,20,20,-0.9204
26277,HR_Wind_Offshore,2050,5,21,21,-0.9204
26278,HR_Wind_Offshore,2050,5,22,22,-0.9204
26279,HR_Wind_Offshore,2050,5,23,23,-0.9204
26280,HR_Wind_Offshore,2050,5,24,24,-0.9204
26281,HR_Wind_Offshore,2050,6,1,1,0.0
26282,HR_Wind_Offshore,2050,6,2,2,0.0
26283,HR_Wind_Offshore,2050,6,3,3,0.0
26284,HR_Wind_Offshore,2050,6,4,4,0.0
26285,HR_Wind_Offshore,2050,6,5,5,0.0
26286,HR_Wind_Offshore,2050,6,6,6,0.0
26287,HR_Wind_Offshore,2050,6,7,7,0.0
26288,HR_Wind_Offshore,2050,6,8,8,0.0
26289,HR_Wind_Offshore,2050,6,9,9,0.0
26290,HR_Wind_Offshore,2050,6,10,10,0.0
26291,HR_Wind_Offshore,2050,6,11,11,0.0
26292,HR_Wind_Offshore,2050,6,12,12,0.0
26293,HR_Wind_Offshore,2050,6,13,13,0.0
26294,HR_Wind_Offshore,2050,6,14,14,0.0
26295,HR_Wind_Offshore,2050,6,15,15,0.0
26296,HR_Wind_Offshore,2050,6,16,16,0.0
26297,HR_Wind_Offshore,2050,6,17,17,0.0
26298,HR_Wind_Offshore,2050,6,18,18,0.0
26299,HR_Wind_Offshore,2050,6,19,19,-0.3186
26300,HR_Wind_Offshore,2050,6,20,20,-0.3186
26301,HR_Wind_Offshore,2050,6,21,21,0.0
26302,HR_Wind_Offshore,2050,6,22,22,0.0
26303,HR_Wind_Offshore,2050,6,23,23,0.0
26304,HR_Wind_Offshore,2050,6,24,24,0.0
26305,HR_Wind_Offshore,2050,7,1,1,0.0
26306,HR_Wind_Offshore,2050,7,2,2,0.0
26307,HR_Wind_Offshore,2050,7,3,3,0.0
26308,HR_Wind_Offshore,2050,7,4,4,-0.6549
26309,HR_Wind_Offshore,2050,7,5,5,-0.6549
26310,HR_Wind_Offshore,2050,7,6,6,-0.6549
26311,HR_Wind_Offshore,2050,7,7,7,-0.6549
26312,HR_Wind_Offshore,2050,7,8,8,-0.6549
26313,HR_Wind_Offshore,2050,7,9,9,-0.6549
26314,HR_Wind_Offshore,2050,7,10,10,-0.6549
26315,HR_Wind_Offshore,2050,7,11,11,0.0
26316,HR_Wind_Offshore,2050,7,12,12,0.0
26317,HR_Wind_Offshore,2050,7,13,13,0.0
26318,HR_Wind_Offshore,2050,7,14,14,0.0
26319,HR_Wind_Offshore,2050,7,15,15,0.0
26320,HR_Wind_Offshore,2050,7,16,16,-0.6549
26321,HR_Wind_Offshore,2050,7,17,17,-0.6549
26322,HR_Wind_Offshore,2050,7,18,18,-0.6549
26323,HR_Wind_Offshore,2050,7,19,19,-0.6549
26324,HR_Wind_Offshore,2050,7,20,20,-0.6549
26325,HR_Wind_Offshore,2050,7,21,21,-0.6549
26326,HR_Wind_Offshore,2050,7,22,22,-0.6549
26327,HR_Wind_Offshore,2050,7,23,23,-0.6549
26328,HR_Wind_Offshore,2050,7,24,24,-0.6549
26329,HR_Wind_Offshore,2050,8,1,1,-0.5487
26330,HR_Wind_Offshore,2050,8,2,2,0.0
26331,HR_Wind_Offshore,2050,8,3,3,0.0
26332,HR_Wind_Offshore,2050,8,4,4,-0.5487
26333,HR_Wind_Offshore,2050,8,5,5,-0.5487
26334,HR_Wind_Offshore,2050,8,6,6,-0.5487
26335,HR_Wind_Offshore,2050,8,7,7,-0.5487
26336,HR_Wind_Offshore,2050,8,8,8,-0.5487
26337,HR_Wind_Offshore,2050,8,9,9,-0.5487
26338,HR_Wind_Offshore,2050,8,10,10,-0.5487
26339,HR_Wind_Offshore,2050,8,11,11,0.0
26340,HR_Wind_Offshore,2050,8,12,12,-0.5487
26341,HR_Wind_Offshore,2050,8,13,13,-0.5487
26342,HR_Wind_Offshore,2050,8,14,14,-0.5487
26343,HR_Wind_Offshore,2050,8,15,15,-0.5487
26344,HR_Wind_Offshore,2050,8,16,16,-0.5487
26345,HR_Wind_Offshore,2050,8,17,17,-0.5487
26346,HR_Wind_Offshore,2050,8,18,18,-0.5487
26347,HR_Wind_Offshore,2050,8,19,19,-0.5487
26348,HR_Wind_Offshore,2050,8,20,20,-0.5487
26349,HR_Wind_Offshore,2050,8,21,21,-0.5487
26350,HR_Wind_Offshore,2050,8,22,22,-0.5487
26351,HR_Wind_Offshore,2050,8,23,23,-0.5487
26352,HR_Wind_Offshore,2050,8,24,24,-0.5487
26353,HR_Wind_Offshore,2050,9,1,1,-0.7611
26354,HR_Wind_Offshore,2050,9,2,2,-0.7611
26355,HR_Wind_Offshore,2050,9,3,3,-0.7611
26356,HR_Wind_Offshore,2050,9,4,4,-0.7611
26357,HR_Wind_Offshore,2050,9,5,5,-0.7611
26358,HR_Wind_Offshore,2050,9,6,6,-0.7611
26359,HR_Wind_Offshore,2050,9,7,7,-0.7611
26360,HR_Wind_Offshore,2050,9,8,8,-0.7611
26361,HR_Wind_Offshore,2050,9,9,9,-0.7611
26362,HR_Wind_Offshore,2050,9,10,10,-0.7611
26363,HR_Wind_Offshore,2050,9,11,11,-0.7611
26364,HR_Wind_Offshore,2050,9,12,12,-0.7611
26365,HR_Wind_Offshore,2050,9,13,13,-0.7611
26366,HR_Wind_Offshore,2050,9,14,14,-0.7611
26367,HR_Wind_Offshore,2050,9,15,15,-0.7611
26368,HR_Wind_Offshore,2050,9,16,16,-20.661531411332675
26369,HR_Wind_Offshore,2050,9,17,17,-0.7611
26370,HR_Wind_Offshore,2050,9,18,18,-1.419
26371,HR_Wind_Offshore,2050,9,19,19,-1.419
26372,HR_Wind_Offshore,2050,9,20,20,-1.419
26373,HR_Wind_Offshore,2050,9,21,21,-0.7611
26374,HR_Wind_Offshore,2050,9,22,22,-0.7611
26375,HR_Wind_Offshore,2050,9,23,23,-0.7611
26376,HR_Wind_Offshore,2050,9,24,24,-0.7611
26377,HR_Wind_Offshore,2050,10,1,1,-0.8142
26378,HR_Wind_Offshore,2050,10,2,2,-0.8142
26379,HR_Wind_Offshore,2050,10,3,3,-0.8142
26380,HR_Wind_Offshore,2050,10,4,4,-0.8142
26381,HR_Wind_Offshore,2050,10,5,5,-0.8142
26382,HR_Wind_Offshore,2050,10,6,6,-0.8142
26383,HR_Wind_Offshore,2050,10,7,7,-0.8142
26384,HR_Wind_Offshore,2050,10,8,8,-0.8142
26385,HR_Wind_Offshore,2050,10,9,9,-0.8142
26386,HR_Wind_Offshore,2050,10,10,10,-0.8142
26387,HR_Wind_Offshore,2050,10,11,11,-0.8142
26388,HR_Wind_Offshore,2050,10,12,12,-0.8142
26389,HR_Wind_Offshore,2050,10,13,13,-0.8142
26390,HR_Wind_Offshore,2050,10,14,14,-0.8142
26391,HR_Wind_Offshore,2050,10,15,15,-0.8142
26392,HR_Wind_Offshore,2050,10,16,16,-0.8142
26393,HR_Wind_Offshore,2050,10,17,17,-0.8142
26394,HR_Wind_Offshore,2050,10,18,18,-0.8142
26395,HR_Wind_Offshore,2050,10,19,19,-0.8142
26396,HR_Wind_Offshore,2050,10,20,20,-0.8142
26397,HR_Wind_Offshore,2050,10,21,21,-0.8142
26398,HR_Wind_Offshore,2050,10,22,22,-0.8142
26399,HR_Wind_Offshore,2050,10,23,23,-0.8142
26400,HR_Wind_Offshore,2050,10,24,24,-0.8142
26401,HR_Wind_Onshore,2050,1,1,1,-0.9381
26402,HR_Wind_Onshore,2050,1,2,2,-0.9381
26403,HR_Wind_Onshore,2050,1,3,3,-0.9381
26404,HR_Wind_Onshore,2050,1,4,4,-0.9381
26405,HR_Wind_Onshore,2050,1,5,5,-0.9381
26406,HR_Wind_Onshore,2050,1,6,6,-0.9381
26407,HR_Wind_Onshore,2050,1,7,7,-0.9381
26408,HR_Wind_Onshore,2050,1,8,8,-0.9381
26409,HR_Wind_Onshore,2050,1,9,9,-1.749
26410,HR_Wind_Onshore,2050,1,10,10,-1.749
26411,HR_Wind_Onshore,2050,1,11,11,-1.749
26412,HR_Wind_Onshore,2050,1,12,12,-1.749
26413,HR_Wind_Onshore,2050,1,13,13,-1.749
26414,HR_Wind_Onshore,2050,1,14,14,-1.749
26415,HR_Wind_Onshore,2050,1,15,15,-1.749
26416,HR_Wind_Onshore,2050,1,16,16,-1.749
26417,HR_Wind_Onshore,2050,1,17,17,-1.749
26418,HR_Wind_Onshore,2050,1,18,18,-2.703
26419,HR_Wind_Onshore,2050,1,19,19,-2.703
26420,HR_Wind_Onshore,2050,1,20,20,-2.703
26421,HR_Wind_Onshore,2050,1,21,21,-1.749
26422,HR_Wind_Onshore,2050,1,22,22,-1.749
26423,HR_Wind_Onshore,2050,1,23,23,-0.9381
26424,HR_Wind_Onshore,2050,1,24,24,-0.9381
26425,HR_Wind_Onshore,2050,2,1,1,0.0
26426,HR_Wind_Onshore,2050,2,2,2,0.0
26427,HR_Wind_Onshore,2050,2,3,3,0.0
26428,HR_Wind_Onshore,2050,2,4,4,0.0
26429,HR_Wind_Onshore,2050,2,5,5,0.0
26430,HR_Wind_Onshore,2050,2,6,6,0.0
26431,HR_Wind_Onshore,2050,2,7,7,0.0
26432,HR_Wind_Onshore,2050,2,8,8,0.0
26433,HR_Wind_Onshore,2050,2,9,9,0.0
26434,HR_Wind_Onshore,2050,2,10,10,0.0
26435,HR_Wind_Onshore,2050,2,11,11,0.0
26436,HR_Wind_Onshore,2050,2,12,12,0.0
26437,HR_Wind_Onshore,2050,2,13,13,0.0
26438,HR_Wind_Onshore,2050,2,14,14,0.0
26439,HR_Wind_Onshore,2050,2,15,15,0.0
26440,HR_Wind_Onshore,2050,2,16,16,0.0
26441,HR_Wind_Onshore,2050,2,17,17,0.0
26442,HR_Wind_Onshore,2050,2,18,18,0.0
26443,HR_Wind_Onshore,2050,2,19,19,0.0
26444,HR_Wind_Onshore,2050,2,20,20,0.0
26445,HR_Wind_Onshore,2050,2,21,21,0.0
26446,HR_Wind_Onshore,2050,2,22,22,0.0
26447,HR_Wind_Onshore,2050,2,23,23,0.0
26448,HR_Wind_Onshore,2050,2,24,24,0.0
26449,HR_Wind_Onshore,2050,3,1,1,-0.9570000000000001
26450,HR_Wind_Onshore,2050,3,2,2,-0.9570000000000001
26451,HR_Wind_Onshore,2050,3,3,3,-0.9570000000000001
26452,HR_Wind_Onshore,2050,3,4,4,-0.9570000000000001
26453,HR_Wind_Onshore,2050,3,5,5,-0.9570000000000001
26454,HR_Wind_Onshore,2050,3,6,6,-0.9570000000000001
26455,HR_Wind_Onshore,2050,3,7,7,-0.9570000000000001
26456,HR_Wind_Onshore,2050,3,8,8,-0.9570000000000001
26457,HR_Wind_Onshore,2050,3,9,9,-0.9570000000000001
26458,HR_Wind_Onshore,2050,3,10,10,-0.9570000000000001
26459,HR_Wind_Onshore,2050,3,11,11,-0.9570000000000001
26460,HR_Wind_Onshore,2050,3,12,12,-0.9570000000000001
26461,HR_Wind_Onshore,2050,3,13,13,-0.9570000000000001
26462,HR_Wind_Onshore,2050,3,14,14,-0.9570000000000001
26463,HR_Wind_Onshore,2050,3,15,15,-0.9570000000000001
26464,HR_Wind_Onshore,2050,3,16,16,-1.4789999999999999
26465,HR_Wind_Onshore,2050,3,17,17,-1.4789999999999999
26466,HR_Wind_Onshore,2050,3,18,18,-1.4789999999999999
26467,HR_Wind_Onshore,2050,3,19,19,-1.4789999999999999
26468,HR_Wind_Onshore,2050,3,20,20,-1.4789999999999999
26469,HR_Wind_Onshore,2050,3,21,21,-1.4789999999999999
26470,HR_Wind_Onshore,2050,3,22,22,-1.4789999999999999
26471,HR_Wind_Onshore,2050,3,23,23,-0.9570000000000001
26472,HR_Wind_Onshore,2050,3,24,24,-0.9570000000000001
26473,HR_Wind_Onshore,2050,4,1,1,0.0
26474,HR_Wind_Onshore,2050,4,2,2,0.0
26475,HR_Wind_Onshore,2050,4,3,3,0.0
26476,HR_Wind_Onshore,2050,4,4,4,0.0
26477,HR_Wind_Onshore,2050,4,5,5,-0.4071
26478,HR_Wind_Onshore,2050,4,6,6,0.0
26479,HR_Wind_Onshore,2050,4,7,7,-0.4071
26480,HR_Wind_Onshore,2050,4,8,8,-0.4071
26481,HR_Wind_Onshore,2050,4,9,9,-0.4071
26482,HR_Wind_Onshore,2050,4,10,10,-0.4071
26483,HR_Wind_Onshore,2050,4,11,11,0.0
26484,HR_Wind_Onshore,2050,4,12,12,-0.4071
26485,HR_Wind_Onshore,2050,4,13,13,-0.4071
26486,HR_Wind_Onshore,2050,4,14,14,-0.4071
26487,HR_Wind_Onshore,2050,4,15,15,-0.4071
26488,HR_Wind_Onshore,2050,4,16,16,-0.4071
26489,HR_Wind_Onshore,2050,4,17,17,-0.4071
26490,HR_Wind_Onshore,2050,4,18,18,-0.4071
26491,HR_Wind_Onshore,2050,4,19,19,-0.4071
26492,HR_Wind_Onshore,2050,4,20,20,-0.4071
26493,HR_Wind_Onshore,2050,4,21,21,-0.4071
26494,HR_Wind_Onshore,2050,4,22,22,-0.4071
26495,HR_Wind_Onshore,2050,4,23,23,-0.4071
26496,HR_Wind_Onshore,2050,4,24,24,-0.4071
26497,HR_Wind_Onshore,2050,5,1,1,-0.9204
26498,HR_Wind_Onshore,2050,5,2,2,-0.9204
26499,HR_Wind_Onshore,2050,5,3,3,-0.9204
26500,HR_Wind_Onshore,2050,5,4,4,-0.9204
26501,HR_Wind_Onshore,2050,5,5,5,-0.9204
26502,HR_Wind_Onshore,2050,5,6,6,-0.9204
26503,HR_Wind_Onshore,2050,5,7,7,-0.9204
26504,HR_Wind_Onshore,2050,5,8,8,-0.9204
26505,HR_Wind_Onshore,2050,5,9,9,-0.9204
26506,HR_Wind_Onshore,2050,5,10,10,-0.9204
26507,HR_Wind_Onshore,2050,5,11,11,-0.9204
26508,HR_Wind_Onshore,2050,5,12,12,-0.9204
26509,HR_Wind_Onshore,2050,5,13,13,-0.9204
26510,HR_Wind_Onshore,2050,5,14,14,-0.9204
26511,HR_Wind_Onshore,2050,5,15,15,-0.9204
26512,HR_Wind_Onshore,2050,5,16,16,-0.9204
26513,HR_Wind_Onshore,2050,5,17,17,-0.9204
26514,HR_Wind_Onshore,2050,5,18,18,-0.9204
26515,HR_Wind_Onshore,2050,5,19,19,-0.9204
26516,HR_Wind_Onshore,2050,5,20,20,-0.9204
26517,HR_Wind_Onshore,2050,5,21,21,-0.9204
26518,HR_Wind_Onshore,2050,5,22,22,-0.9204
26519,HR_Wind_Onshore,2050,5,23,23,-0.9204
26520,HR_Wind_Onshore,2050,5,24,24,-0.9204
26521,HR_Wind_Onshore,2050,6,1,1,0.0
26522,HR_Wind_Onshore,2050,6,2,2,0.0
26523,HR_Wind_Onshore,2050,6,3,3,0.0
26524,HR_Wind_Onshore,2050,6,4,4,0.0
26525,HR_Wind_Onshore,2050,6,5,5,0.0
26526,HR_Wind_Onshore,2050,6,6,6,0.0
26527,HR_Wind_Onshore,2050,6,7,7,0.0
26528,HR_Wind_Onshore,2050,6,8,8,0.0
26529,HR_Wind_Onshore,2050,6,9,9,0.0
26530,HR_Wind_Onshore,2050,6,10,10,0.0
26531,HR_Wind_Onshore,2050,6,11,11,0.0
26532,HR_Wind_Onshore,2050,6,12,12,0.0
26533,HR_Wind_Onshore,2050,6,13,13,0.0
26534,HR_Wind_Onshore,2050,6,14,14,0.0
26535,HR_Wind_Onshore,2050,6,15,15,0.0
26536,HR_Wind_Onshore,2050,6,16,16,0.0
26537,HR_Wind_Onshore,2050,6,17,17,0.0
26538,HR_Wind_Onshore,2050,6,18,18,0.0
26539,HR_Wind_Onshore,2050,6,19,19,-0.3186
26540,HR_Wind_Onshore,2050,6,20,20,-0.3186
26541,HR_Wind_Onshore,2050,6,21,21,0.0
26542,HR_Wind_Onshore,2050,6,22,22,0.0
26543,HR_Wind_Onshore,2050,6,23,23,0.0
26544,HR_Wind_Onshore,2050,6,24,24,0.0
26545,HR_Wind_Onshore,2050,7,1,1,0.0
26546,HR_Wind_Onshore,2050,7,2,2,0.0
26547,HR_Wind_Onshore,2050,7,3,3,0.0
26548,HR_Wind_Onshore,2050,7,4,4,-0.6549
26549,HR_Wind_Onshore,2050,7,5,5,-0.6549
26550,HR_Wind_Onshore,2050,7,6,6,-0.6549
26551,HR_Wind_Onshore,2050,7,7,7,-0.6549
26552,HR_Wind_Onshore,2050,7,8,8,-0.6549
26553,HR_Wind_Onshore,2050,7,9,9,-0.6549
26554,HR_Wind_Onshore,2050,7,10,10,-0.6549
26555,HR_Wind_Onshore,2050,7,11,11,0.0
26556,HR_Wind_Onshore,2050,7,12,12,0.0
26557,HR_Wind_Onshore,2050,7,13,13,0.0
26558,HR_Wind_Onshore,2050,7,14,14,0.0
26559,HR_Wind_Onshore,2050,7,15,15,0.0
26560,HR_Wind_Onshore,2050,7,16,16,-0.6549
26561,HR_Wind_Onshore,2050,7,17,17,-0.6549
26562,HR_Wind_Onshore,2050,7,18,18,-0.6549
26563,HR_Wind_Onshore,2050,7,19,19,-0.6549
26564,HR_Wind_Onshore,2050,7,20,20,-0.6549
26565,HR_Wind_Onshore,2050,7,21,21,-0.6549
26566,HR_Wind_Onshore,2050,7,22,22,-0.6549
26567,HR_Wind_Onshore,2050,7,23,23,-0.6549
26568,HR_Wind_Onshore,2050,7,24,24,-0.6549
26569,HR_Wind_Onshore,2050,8,1,1,-0.5487
26570,HR_Wind_Onshore,2050,8,2,2,0.0
26571,HR_Wind_Onshore,2050,8,3,3,0.0
26572,HR_Wind_Onshore,2050,8,4,4,-0.5487
26573,HR_Wind_Onshore,2050,8,5,5,-0.5487
26574,HR_Wind_Onshore,2050,8,6,6,-0.5487
26575,HR_Wind_Onshore,2050,8,7,7,-0.5487
26576,HR_Wind_Onshore,2050,8,8,8,-0.5487
26577,HR_Wind_Onshore,2050,8,9,9,-0.5487
26578,HR_Wind_Onshore,2050,8,10,10,-0.5487
26579,HR_Wind_Onshore,2050,8,11,11,0.0
26580,HR_Wind_Onshore,2050,8,12,12,-0.5487
26581,HR_Wind_Onshore,2050,8,13,13,-0.5487
26582,HR_Wind_Onshore,2050,8,14,14,-0.5487
26583,HR_Wind_Onshore,2050,8,15,15,-0.5487
26584,HR_Wind_Onshore,2050,8,16,16,-0.5487
26585,HR_Wind_Onshore,2050,8,17,17,-0.5487
26586,HR_Wind_Onshore,2050,8,18,18,-0.5487
26587,HR_Wind_Onshore,2050,8,19,19,-0.5487
26588,HR_Wind_Onshore,2050,8,20,20,-0.5487
26589,HR_Wind_Onshore,2050,8,21,21,-0.5487
26590,HR_Wind_Onshore,2050,8,22,22,-0.5487
26591,HR_Wind_Onshore,2050,8,23,23,-0.5487
26592,HR_Wind_Onshore,2050,8,24,24,-0.5487
26593,HR_Wind_Onshore,2050,9,1,1,-0.7611
26594,HR_Wind_Onshore,2050,9,2,2,-0.7611
26595,HR_Wind_Onshore,2050,9,3,3,-0.7611
26596,HR_Wind_Onshore,2050,9,4,4,-0.7611
26597,HR_Wind_Onshore,2050,9,5,5,-0.7611
26598,HR_Wind_Onshore,2050,9,6,6,-0.7611
26599,HR_Wind_Onshore,2050,9,7,7,-0.7611
26600,HR_Wind_Onshore,2050,9,8,8,-0.7611
26601,HR_Wind_Onshore,2050,9,9,9,-0.7611
26602,HR_Wind_Onshore,2050,9,10,10,-0.7611
26603,HR_Wind_Onshore,2050,9,11,11,-0.7611
26604,HR_Wind_Onshore,2050,9,12,12,-0.7611
26605,HR_Wind_Onshore,2050,9,13,13,-0.7611
26606,HR_Wind_Onshore,2050,9,14,14,-0.7611
26607,HR_Wind_Onshore,2050,9,15,15,-0.7611
26608,HR_Wind_Onshore,2050,9,16,16,-20.661531411332675
26609,HR_Wind_Onshore,2050,9,17,17,-0.7611
26610,HR_Wind_Onshore,2050,9,18,18,-1.419
26611,HR_Wind_Onshore,2050,9,19,19,-1.419
26612,HR_Wind_Onshore,2050,9,20,20,-1.419
26613,HR_Wind_Onshore,2050,9,21,21,-0.7611
26614,HR_Wind_Onshore,2050,9,22,22,-0.7611
26615,HR_Wind_Onshore,2050,9,23,23,-0.7611
26616,HR_Wind_Onshore,2050,9,24,24,-0.7611
26617,HR_Wind_Onshore,2050,10,1,1,-0.8142
26618,HR_Wind_Onshore,2050,10,2,2,-0.8142
26619,HR_Wind_Onshore,2050,10,3,3,-0.8142
26620,HR_Wind_Onshore,2050,10,4,4,-0.8142
26621,HR_Wind_Onshore,2050,10,5,5,-0.8142
26622,HR_Wind_Onshore,2050,10,6,6,-0.8142
26623,HR_Wind_Onshore,2050,10,7,7,-0.8142
26624,HR_Wind_Onshore,2050,10,8,8,-0.8142
26625,HR_Wind_Onshore,2050,10,9,9,-0.8142
26626,HR_Wind_Onshore,2050,10,10,10,-0.8142
26627,HR_Wind_Onshore,2050,10,11,11,-0.8142
26628,HR_Wind_Onshore,2050,10,12,12,-0.8142
26629,HR_Wind_Onshore,2050,10,13,13,-0.8142
26630,HR_Wind_Onshore,2050,10,14,14,-0.8142
26631,HR_Wind_Onshore,2050,10,15,15,-0.8142
26632,HR_Wind_Onshore,2050,10,16,16,-0.8142
26633,HR_Wind_Onshore,2050,10,17,17,-0.8142
26634,HR_Wind_Onshore,2050,10,18,18,-0.8142
26635,HR_Wind_Onshore,2050,10,19,19,-0.8142
26636,HR_Wind_Onshore,2050,10,20,20,-0.8142
26637,HR_Wind_Onshore,2050,10,21,21,-0.8142
26638,HR_Wind_Onshore,2050,10,22,22,-0.8142
26639,HR_Wind_Onshore,2050,10,23,23,-0.8142
26640,HR_Wind_Onshore,2050,10,24,24,-0.8142
26641,HU_Battery,2050,1,1,1,0.0
26642,HU_Battery,2050,1,2,2,0.0
26643,HU_Battery,2050,1,3,3,0.0
26644,HU_Battery,2050,1,4,4,0.0
26645,HU_Battery,2050,1,5,5,0.0
26646,HU_Battery,2050,1,6,6,0.0
26647,HU_Battery,2050,1,7,7,0.0
26648,HU_Battery,2050,1,8,8,0.0
26649,HU_Battery,2050,1,9,9,0.0
26650,HU_Battery,2050,1,10,10,0.0
26651,HU_Battery,2050,1,11,11,0.0
26652,HU_Battery,2050,1,12,12,0.0
26653,HU_Battery,2050,1,13,13,0.0
26654,HU_Battery,2050,1,14,14,0.0
26655,HU_Battery,2050,1,15,15,0.0
26656,HU_Battery,2050,1,16,16,0.0
26657,HU_Battery,2050,1,17,17,0.0
26658,HU_Battery,2050,1,18,18,0.0
26659,HU_Battery,2050,1,19,19,0.0
26660,HU_Battery,2050,1,20,20,0.0
26661,HU_Battery,2050,1,21,21,0.0
26662,HU_Battery,2050,1,22,22,0.0
26663,HU_Battery,2050,1,23,23,0.0
26664,HU_Battery,2050,1,24,24,0.0
26665,HU_Battery,2050,2,1,1,0.0
26666,HU_Battery,2050,2,2,2,0.0
26667,HU_Battery,2050,2,3,3,0.0
26668,HU_Battery,2050,2,4,4,0.0
26669,HU_Battery,2050,2,5,5,0.0
26670,HU_Battery,2050,2,6,6,0.0
26671,HU_Battery,2050,2,7,7,0.0
26672,HU_Battery,2050,2,8,8,0.0
26673,HU_Battery,2050,2,9,9,0.0
26674,HU_Battery,2050,2,10,10,0.0
26675,HU_Battery,2050,2,11,11,0.0
26676,HU_Battery,2050,2,12,12,0.0
26677,HU_Battery,2050,2,13,13,0.0
26678,HU_Battery,2050,2,14,14,0.0
26679,HU_Battery,2050,2,15,15,0.0
26680,HU_Battery,2050,2,16,16,0.0
26681,HU_Battery,2050,2,17,17,0.0
26682,HU_Battery,2050,2,18,18,0.0
26683,HU_Battery,2050,2,19,19,0.0
26684,HU_Battery,2050,2,20,20,0.0
26685,HU_Battery,2050,2,21,21,0.0
26686,HU_Battery,2050,2,22,22,0.0
26687,HU_Battery,2050,2,23,23,0.0
26688,HU_Battery,2050,2,24,24,0.0
26689,HU_Battery,2050,3,1,1,0.0
26690,HU_Battery,2050,3,2,2,0.0
26691,HU_Battery,2050,3,3,3,0.0
26692,HU_Battery,2050,3,4,4,0.0
26693,HU_Battery,2050,3,5,5,0.0
26694,HU_Battery,2050,3,6,6,0.0
26695,HU_Battery,2050,3,7,7,0.0
26696,HU_Battery,2050,3,8,8,0.0
26697,HU_Battery,2050,3,9,9,0.0
26698,HU_Battery,2050,3,10,10,0.0
26699,HU_Battery,2050,3,11,11,0.0
26700,HU_Battery,2050,3,12,12,0.0
26701,HU_Battery,2050,3,13,13,0.0
26702,HU_Battery,2050,3,14,14,0.0
26703,HU_Battery,2050,3,15,15,0.0
26704,HU_Battery,2050,3,16,16,0.0
26705,HU_Battery,2050,3,17,17,-13.396165705666336
26706,HU_Battery,2050,3,18,18,0.0
26707,HU_Battery,2050,3,19,19,0.0
26708,HU_Battery,2050,3,20,20,0.0
26709,HU_Battery,2050,3,21,21,0.0
26710,HU_Battery,2050,3,22,22,0.0
26711,HU_Battery,2050,3,23,23,0.0
26712,HU_Battery,2050,3,24,24,0.0
26713,HU_Battery,2050,4,1,1,0.0
26714,HU_Battery,2050,4,2,2,0.0
26715,HU_Battery,2050,4,3,3,0.0
26716,HU_Battery,2050,4,4,4,0.0
26717,HU_Battery,2050,4,5,5,0.0
26718,HU_Battery,2050,4,6,6,0.0
26719,HU_Battery,2050,4,7,7,0.0
26720,HU_Battery,2050,4,8,8,0.0
26721,HU_Battery,2050,4,9,9,0.0
26722,HU_Battery,2050,4,10,10,0.0
26723,HU_Battery,2050,4,11,11,0.0
26724,HU_Battery,2050,4,12,12,0.0
26725,HU_Battery,2050,4,13,13,0.0
26726,HU_Battery,2050,4,14,14,0.0
26727,HU_Battery,2050,4,15,15,0.0
26728,HU_Battery,2050,4,16,16,0.0
26729,HU_Battery,2050,4,17,17,0.0
26730,HU_Battery,2050,4,18,18,0.0
26731,HU_Battery,2050,4,19,19,0.0
26732,HU_Battery,2050,4,20,20,0.0
26733,HU_Battery,2050,4,21,21,0.0
26734,HU_Battery,2050,4,22,22,0.0
26735,HU_Battery,2050,4,23,23,0.0
26736,HU_Battery,2050,4,24,24,0.0
26737,HU_Battery,2050,5,1,1,0.0
26738,HU_Battery,2050,5,2,2,0.0
26739,HU_Battery,2050,5,3,3,0.0
26740,HU_Battery,2050,5,4,4,0.0
26741,HU_Battery,2050,5,5,5,0.0
26742,HU_Battery,2050,5,6,6,0.0
26743,HU_Battery,2050,5,7,7,0.0
26744,HU_Battery,2050,5,8,8,0.0
26745,HU_Battery,2050,5,9,9,0.0
26746,HU_Battery,2050,5,10,10,0.0
26747,HU_Battery,2050,5,11,11,0.0
26748,HU_Battery,2050,5,12,12,0.0
26749,HU_Battery,2050,5,13,13,0.0
26750,HU_Battery,2050,5,14,14,0.0
26751,HU_Battery,2050,5,15,15,0.0
26752,HU_Battery,2050,5,16,16,0.0
26753,HU_Battery,2050,5,17,17,0.0
26754,HU_Battery,2050,5,18,18,0.0
26755,HU_Battery,2050,5,19,19,0.0
26756,HU_Battery,2050,5,20,20,0.0
26757,HU_Battery,2050,5,21,21,0.0
26758,HU_Battery,2050,5,22,22,0.0
26759,HU_Battery,2050,5,23,23,0.0
26760,HU_Battery,2050,5,24,24,0.0
26761,HU_Battery,2050,6,1,1,0.0
26762,HU_Battery,2050,6,2,2,0.0
26763,HU_Battery,2050,6,3,3,0.0
26764,HU_Battery,2050,6,4,4,0.0
26765,HU_Battery,2050,6,5,5,0.0
26766,HU_Battery,2050,6,6,6,0.0
26767,HU_Battery,2050,6,7,7,0.0
26768,HU_Battery,2050,6,8,8,0.0
26769,HU_Battery,2050,6,9,9,0.0
26770,HU_Battery,2050,6,10,10,0.0
26771,HU_Battery,2050,6,11,11,0.0
26772,HU_Battery,2050,6,12,12,0.0
26773,HU_Battery,2050,6,13,13,0.0
26774,HU_Battery,2050,6,14,14,0.0
26775,HU_Battery,2050,6,15,15,0.0
26776,HU_Battery,2050,6,16,16,0.0
26777,HU_Battery,2050,6,17,17,0.0
26778,HU_Battery,2050,6,18,18,0.0
26779,HU_Battery,2050,6,19,19,0.0
26780,HU_Battery,2050,6,20,20,0.0
26781,HU_Battery,2050,6,21,21,0.0
26782,HU_Battery,2050,6,22,22,0.0
26783,HU_Battery,2050,6,23,23,0.0
26784,HU_Battery,2050,6,24,24,0.0
26785,HU_Battery,2050,7,1,1,0.0
26786,HU_Battery,2050,7,2,2,0.0
26787,HU_Battery,2050,7,3,3,0.0
26788,HU_Battery,2050,7,4,4,0.0
26789,HU_Battery,2050,7,5,5,0.0
26790,HU_Battery,2050,7,6,6,0.0
26791,HU_Battery,2050,7,7,7,0.0
26792,HU_Battery,2050,7,8,8,0.0
26793,HU_Battery,2050,7,9,9,0.0
26794,HU_Battery,2050,7,10,10,0.0
26795,HU_Battery,2050,7,11,11,0.0
26796,HU_Battery,2050,7,12,12,0.0
26797,HU_Battery,2050,7,13,13,0.0
26798,HU_Battery,2050,7,14,14,0.0
26799,HU_Battery,2050,7,15,15,0.0
26800,HU_Battery,2050,7,16,16,0.0
26801,HU_Battery,2050,7,17,17,0.0
26802,HU_Battery,2050,7,18,18,0.0
26803,HU_Battery,2050,7,19,19,0.0
26804,HU_Battery,2050,7,20,20,0.0
26805,HU_Battery,2050,7,21,21,0.0
26806,HU_Battery,2050,7,22,22,0.0
26807,HU_Battery,2050,7,23,23,0.0
26808,HU_Battery,2050,7,24,24,0.0
26809,HU_Battery,2050,8,1,1,0.0
26810,HU_Battery,2050,8,2,2,0.0
26811,HU_Battery,2050,8,3,3,0.0
26812,HU_Battery,2050,8,4,4,0.0
26813,HU_Battery,2050,8,5,5,0.0
26814,HU_Battery,2050,8,6,6,0.0
26815,HU_Battery,2050,8,7,7,0.0
26816,HU_Battery,2050,8,8,8,0.0
26817,HU_Battery,2050,8,9,9,0.0
26818,HU_Battery,2050,8,10,10,0.0
26819,HU_Battery,2050,8,11,11,0.0
26820,HU_Battery,2050,8,12,12,0.0
26821,HU_Battery,2050,8,13,13,0.0
26822,HU_Battery,2050,8,14,14,0.0
26823,HU_Battery,2050,8,15,15,0.0
26824,HU_Battery,2050,8,16,16,0.0
26825,HU_Battery,2050,8,17,17,0.0
26826,HU_Battery,2050,8,18,18,0.0
26827,HU_Battery,2050,8,19,19,0.0
26828,HU_Battery,2050,8,20,20,0.0
26829,HU_Battery,2050,8,21,21,0.0
26830,HU_Battery,2050,8,22,22,0.0
26831,HU_Battery,2050,8,23,23,0.0
26832,HU_Battery,2050,8,24,24,0.0
26833,HU_Battery,2050,9,1,1,0.0
26834,HU_Battery,2050,9,2,2,0.0
26835,HU_Battery,2050,9,3,3,0.0
26836,HU_Battery,2050,9,4,4,0.0
26837,HU_Battery,2050,9,5,5,0.0
26838,HU_Battery,2050,9,6,6,0.0
26839,HU_Battery,2050,9,7,7,0.0
26840,HU_Battery,2050,9,8,8,0.0
26841,HU_Battery,2050,9,9,9,0.0
26842,HU_Battery,2050,9,10,10,0.0
26843,HU_Battery,2050,9,11,11,0.0
26844,HU_Battery,2050,9,12,12,0.0
26845,HU_Battery,2050,9,13,13,0.0
26846,HU_Battery,2050,9,14,14,0.0
26847,HU_Battery,2050,9,15,15,0.0
26848,HU_Battery,2050,9,16,16,0.0
26849,HU_Battery,2050,9,17,17,0.0
26850,HU_Battery,2050,9,18,18,0.0
26851,HU_Battery,2050,9,19,19,0.0
26852,HU_Battery,2050,9,20,20,0.0
26853,HU_Battery,2050,9,21,21,0.0
26854,HU_Battery,2050,9,22,22,0.0
26855,HU_Battery,2050,9,23,23,0.0
26856,HU_Battery,2050,9,24,24,0.0
26857,HU_Battery,2050,10,1,1,0.0
26858,HU_Battery,2050,10,2,2,0.0
26859,HU_Battery,2050,10,3,3,0.0
26860,HU_Battery,2050,10,4,4,0.0
26861,HU_Battery,2050,10,5,5,0.0
26862,HU_Battery,2050,10,6,6,0.0
26863,HU_Battery,2050,10,7,7,0.0
26864,HU_Battery,2050,10,8,8,0.0
26865,HU_Battery,2050,10,9,9,0.0
26866,HU_Battery,2050,10,10,10,0.0
26867,HU_Battery,2050,10,11,11,0.0
26868,HU_Battery,2050,10,12,12,0.0
26869,HU_Battery,2050,10,13,13,0.0
26870,HU_Battery,2050,10,14,14,0.0
26871,HU_Battery,2050,10,15,15,0.0
26872,HU_Battery,2050,10,16,16,0.0
26873,HU_Battery,2050,10,17,17,0.0
26874,HU_Battery,2050,10,18,18,0.0
26875,HU_Battery,2050,10,19,19,0.0
26876,HU_Battery,2050,10,20,20,0.0
26877,HU_Battery,2050,10,21,21,0.0
26878,HU_Battery,2050,10,22,22,0.0
26879,HU_Battery,2050,10,23,23,0.0
26880,HU_Battery,2050,10,24,24,0.0
26881,HR_Nuclear,2050,1,1,1,-0.49290000000000006
26882,HR_Nuclear,2050,1,2,2,-0.49290000000000006
26883,HR_Nuclear,2050,1,3,3,-0.49290000000000006
26884,HR_Nuclear,2050,1,4,4,-0.49290000000000006
26885,HR_Nuclear,2050,1,5,5,-0.49290000000000006
26886,HR_Nuclear,2050,1,6,6,-0.49290000000000006
26887,HR_Nuclear,2050,1,7,7,-0.49290000000000006
26888,HR_Nuclear,2050,1,8,8,-0.49290000000000006
26889,HR_Nuclear,2050,1,9,9,-1.3038
26890,HR_Nuclear,2050,1,10,10,-1.3038
26891,HR_Nuclear,2050,1,11,11,-1.3038
26892,HR_Nuclear,2050,1,12,12,-1.3038
26893,HR_Nuclear,2050,1,13,13,-1.3038
26894,HR_Nuclear,2050,1,14,14,-1.3038
26895,HR_Nuclear,2050,1,15,15,-1.3038
26896,HR_Nuclear,2050,1,16,16,-1.3038
26897,HR_Nuclear,2050,1,17,17,-1.3038
26898,HR_Nuclear,2050,1,18,18,-2.2578
26899,HR_Nuclear,2050,1,19,19,-2.2578
26900,HR_Nuclear,2050,1,20,20,-2.2578
26901,HR_Nuclear,2050,1,21,21,-1.3038
26902,HR_Nuclear,2050,1,22,22,-1.3038
26903,HR_Nuclear,2050,1,23,23,-0.49290000000000006
26904,HR_Nuclear,2050,1,24,24,-0.49290000000000006
26905,HR_Nuclear,2050,2,1,1,0.0
26906,HR_Nuclear,2050,2,2,2,0.0
26907,HR_Nuclear,2050,2,3,3,0.0
26908,HR_Nuclear,2050,2,4,4,0.0
26909,HR_Nuclear,2050,2,5,5,0.0
26910,HR_Nuclear,2050,2,6,6,0.0
26911,HR_Nuclear,2050,2,7,7,0.0
26912,HR_Nuclear,2050,2,8,8,0.0
26913,HR_Nuclear,2050,2,9,9,0.0
26914,HR_Nuclear,2050,2,10,10,0.0
26915,HR_Nuclear,2050,2,11,11,0.0
26916,HR_Nuclear,2050,2,12,12,0.0
26917,HR_Nuclear,2050,2,13,13,0.0
26918,HR_Nuclear,2050,2,14,14,0.0
26919,HR_Nuclear,2050,2,15,15,0.0
26920,HR_Nuclear,2050,2,16,16,0.0
26921,HR_Nuclear,2050,2,17,17,0.0
26922,HR_Nuclear,2050,2,18,18,0.0
26923,HR_Nuclear,2050,2,19,19,0.0
26924,HR_Nuclear,2050,2,20,20,0.0
26925,HR_Nuclear,2050,2,21,21,0.0
26926,HR_Nuclear,2050,2,22,22,0.0
26927,HR_Nuclear,2050,2,23,23,0.0
26928,HR_Nuclear,2050,2,24,24,0.0
26929,HR_Nuclear,2050,3,1,1,-0.7134
26930,HR_Nuclear,2050,3,2,2,-0.7134
26931,HR_Nuclear,2050,3,3,3,-0.7134
26932,HR_Nuclear,2050,3,4,4,-0.7134
26933,HR_Nuclear,2050,3,5,5,-0.7134
26934,HR_Nuclear,2050,3,6,6,-0.7134
26935,HR_Nuclear,2050,3,7,7,-0.7134
26936,HR_Nuclear,2050,3,8,8,-0.7134
26937,HR_Nuclear,2050,3,9,9,-0.7134
26938,HR_Nuclear,2050,3,10,10,-0.7134
26939,HR_Nuclear,2050,3,11,11,-0.7134
26940,HR_Nuclear,2050,3,12,12,-0.7134
26941,HR_Nuclear,2050,3,13,13,-0.7134
26942,HR_Nuclear,2050,3,14,14,-0.7134
26943,HR_Nuclear,2050,3,15,15,-0.7134
26944,HR_Nuclear,2050,3,16,16,-1.2353999999999998
26945,HR_Nuclear,2050,3,17,17,-1.2353999999999998
26946,HR_Nuclear,2050,3,18,18,-1.2353999999999998
26947,HR_Nuclear,2050,3,19,19,-1.2353999999999998
26948,HR_Nuclear,2050,3,20,20,-1.2353999999999998
26949,HR_Nuclear,2050,3,21,21,-1.2353999999999998
26950,HR_Nuclear,2050,3,22,22,-1.2353999999999998
26951,HR_Nuclear,2050,3,23,23,-0.7134
26952,HR_Nuclear,2050,3,24,24,-0.7134
26953,HR_Nuclear,2050,4,1,1,0.0
26954,HR_Nuclear,2050,4,2,2,0.0
26955,HR_Nuclear,2050,4,3,3,0.0
26956,HR_Nuclear,2050,4,4,4,0.0
26957,HR_Nuclear,2050,4,5,5,-0.21390000000000003
26958,HR_Nuclear,2050,4,6,6,0.0
26959,HR_Nuclear,2050,4,7,7,-0.21390000000000003
26960,HR_Nuclear,2050,4,8,8,-0.21390000000000003
26961,HR_Nuclear,2050,4,9,9,-0.21390000000000003
26962,HR_Nuclear,2050,4,10,10,-0.21390000000000003
26963,HR_Nuclear,2050,4,11,11,0.0
26964,HR_Nuclear,2050,4,12,12,-0.21390000000000003
26965,HR_Nuclear,2050,4,13,13,-0.21390000000000003
26966,HR_Nuclear,2050,4,14,14,-0.21390000000000003
26967,HR_Nuclear,2050,4,15,15,-0.21390000000000003
26968,HR_Nuclear,2050,4,16,16,-0.21390000000000003
26969,HR_Nuclear,2050,4,17,17,-0.21390000000000003
26970,HR_Nuclear,2050,4,18,18,-0.21390000000000003
26971,HR_Nuclear,2050,4,19,19,-0.21390000000000003
26972,HR_Nuclear,2050,4,20,20,-0.21390000000000003
26973,HR_Nuclear,2050,4,21,21,-0.21390000000000003
26974,HR_Nuclear,2050,4,22,22,-0.21390000000000003
26975,HR_Nuclear,2050,4,23,23,-0.21390000000000003
26976,HR_Nuclear,2050,4,24,24,-0.21390000000000003
26977,HR_Nuclear,2050,5,1,1,-0.48360000000000003
26978,HR_Nuclear,2050,5,2,2,-0.48360000000000003
26979,HR_Nuclear,2050,5,3,3,-0.48360000000000003
26980,HR_Nuclear,2050,5,4,4,-0.48360000000000003
26981,HR_Nuclear,2050,5,5,5,-0.48360000000000003
26982,HR_Nuclear,2050,5,6,6,-0.48360000000000003
26983,HR_Nuclear,2050,5,7,7,-0.48360000000000003
26984,HR_Nuclear,2050,5,8,8,-0.48360000000000003
26985,HR_Nuclear,2050,5,9,9,-0.48360000000000003
26986,HR_Nuclear,2050,5,10,10,-0.48360000000000003
26987,HR_Nuclear,2050,5,11,11,-0.48360000000000003
26988,HR_Nuclear,2050,5,12,12,-0.48360000000000003
26989,HR_Nuclear,2050,5,13,13,-0.48360000000000003
26990,HR_Nuclear,2050,5,14,14,-0.48360000000000003
26991,HR_Nuclear,2050,5,15,15,-0.48360000000000003
26992,HR_Nuclear,2050,5,16,16,-0.48360000000000003
26993,HR_Nuclear,2050,5,17,17,-0.48360000000000003
26994,HR_Nuclear,2050,5,18,18,-0.48360000000000003
26995,HR_Nuclear,2050,5,19,19,-0.48360000000000003
26996,HR_Nuclear,2050,5,20,20,-0.48360000000000003
26997,HR_Nuclear,2050,5,21,21,-0.48360000000000003
26998,HR_Nuclear,2050,5,22,22,-0.48360000000000003
26999,HR_Nuclear,2050,5,23,23,-0.48360000000000003
27000,HR_Nuclear,2050,5,24,24,-0.48360000000000003
27001,HR_Nuclear,2050,6,1,1,0.0
27002,HR_Nuclear,2050,6,2,2,0.0
27003,HR_Nuclear,2050,6,3,3,0.0
27004,HR_Nuclear,2050,6,4,4,0.0
27005,HR_Nuclear,2050,6,5,5,0.0
27006,HR_Nuclear,2050,6,6,6,0.0
27007,HR_Nuclear,2050,6,7,7,0.0
27008,HR_Nuclear,2050,6,8,8,0.0
27009,HR_Nuclear,2050,6,9,9,0.0
27010,HR_Nuclear,2050,6,10,10,0.0
27011,HR_Nuclear,2050,6,11,11,0.0
27012,HR_Nuclear,2050,6,12,12,0.0
27013,HR_Nuclear,2050,6,13,13,0.0
27014,HR_Nuclear,2050,6,14,14,0.0
27015,HR_Nuclear,2050,6,15,15,0.0
27016,HR_Nuclear,2050,6,16,16,0.0
27017,HR_Nuclear,2050,6,17,17,0.0
27018,HR_Nuclear,2050,6,18,18,0.0
27019,HR_Nuclear,2050,6,19,19,-0.1674
27020,HR_Nuclear,2050,6,20,20,-0.1674
27021,HR_Nuclear,2050,6,21,21,0.0
27022,HR_Nuclear,2050,6,22,22,0.0
27023,HR_Nuclear,2050,6,23,23,0.0
27024,HR_Nuclear,2050,6,24,24,0.0
27025,HR_Nuclear,2050,7,1,1,0.0
27026,HR_Nuclear,2050,7,2,2,0.0
27027,HR_Nuclear,2050,7,3,3,0.0
27028,HR_Nuclear,2050,7,4,4,-0.3441000000000001
27029,HR_Nuclear,2050,7,5,5,-0.3441000000000001
27030,HR_Nuclear,2050,7,6,6,-0.3441000000000001
27031,HR_Nuclear,2050,7,7,7,-0.3441000000000001
27032,HR_Nuclear,2050,7,8,8,-0.3441000000000001
27033,HR_Nuclear,2050,7,9,9,-0.3441000000000001
27034,HR_Nuclear,2050,7,10,10,-0.3441000000000001
27035,HR_Nuclear,2050,7,11,11,0.0
27036,HR_Nuclear,2050,7,12,12,0.0
27037,HR_Nuclear,2050,7,13,13,0.0
27038,HR_Nuclear,2050,7,14,14,0.0
27039,HR_Nuclear,2050,7,15,15,0.0
27040,HR_Nuclear,2050,7,16,16,-0.3441000000000001
27041,HR_Nuclear,2050,7,17,17,-0.3441000000000001
27042,HR_Nuclear,2050,7,18,18,-0.3441000000000001
27043,HR_Nuclear,2050,7,19,19,-0.3441000000000001
27044,HR_Nuclear,2050,7,20,20,-0.3441000000000001
27045,HR_Nuclear,2050,7,21,21,-0.3441000000000001
27046,HR_Nuclear,2050,7,22,22,-0.3441000000000001
27047,HR_Nuclear,2050,7,23,23,-0.3441000000000001
27048,HR_Nuclear,2050,7,24,24,-0.3441000000000001
27049,HR_Nuclear,2050,8,1,1,-0.2883
27050,HR_Nuclear,2050,8,2,2,0.0
27051,HR_Nuclear,2050,8,3,3,0.0
27052,HR_Nuclear,2050,8,4,4,-0.2883
27053,HR_Nuclear,2050,8,5,5,-0.2883
27054,HR_Nuclear,2050,8,6,6,-0.2883
27055,HR_Nuclear,2050,8,7,7,-0.2883
27056,HR_Nuclear,2050,8,8,8,-0.2883
27057,HR_Nuclear,2050,8,9,9,-0.2883
27058,HR_Nuclear,2050,8,10,10,-0.2883
27059,HR_Nuclear,2050,8,11,11,0.0
27060,HR_Nuclear,2050,8,12,12,-0.2883
27061,HR_Nuclear,2050,8,13,13,-0.2883
27062,HR_Nuclear,2050,8,14,14,-0.2883
27063,HR_Nuclear,2050,8,15,15,-0.2883
27064,HR_Nuclear,2050,8,16,16,-0.2883
27065,HR_Nuclear,2050,8,17,17,-0.2883
27066,HR_Nuclear,2050,8,18,18,-0.2883
27067,HR_Nuclear,2050,8,19,19,-0.2883
27068,HR_Nuclear,2050,8,20,20,-0.2883
27069,HR_Nuclear,2050,8,21,21,-0.2883
27070,HR_Nuclear,2050,8,22,22,-0.2883
27071,HR_Nuclear,2050,8,23,23,-0.2883
27072,HR_Nuclear,2050,8,24,24,-0.2883
27073,HR_Nuclear,2050,9,1,1,-0.39990000000000003
27074,HR_Nuclear,2050,9,2,2,-0.39990000000000003
27075,HR_Nuclear,2050,9,3,3,-0.39990000000000003
27076,HR_Nuclear,2050,9,4,4,-0.39990000000000003
27077,HR_Nuclear,2050,9,5,5,-0.39990000000000003
27078,HR_Nuclear,2050,9,6,6,-0.39990000000000003
27079,HR_Nuclear,2050,9,7,7,-0.39990000000000003
27080,HR_Nuclear,2050,9,8,8,-0.39990000000000003
27081,HR_Nuclear,2050,9,9,9,-0.39990000000000003
27082,HR_Nuclear,2050,9,10,10,-0.39990000000000003
27083,HR_Nuclear,2050,9,11,11,-0.39990000000000003
27084,HR_Nuclear,2050,9,12,12,-0.39990000000000003
27085,HR_Nuclear,2050,9,13,13,-0.39990000000000003
27086,HR_Nuclear,2050,9,14,14,-0.39990000000000003
27087,HR_Nuclear,2050,9,15,15,-0.39990000000000003
27088,HR_Nuclear,2050,9,16,16,-20.300331411332674
27089,HR_Nuclear,2050,9,17,17,-0.39990000000000003
27090,HR_Nuclear,2050,9,18,18,-1.0578
27091,HR_Nuclear,2050,9,19,19,-1.0578
27092,HR_Nuclear,2050,9,20,20,-1.0578
27093,HR_Nuclear,2050,9,21,21,-0.39990000000000003
27094,HR_Nuclear,2050,9,22,22,-0.39990000000000003
27095,HR_Nuclear,2050,9,23,23,-0.39990000000000003
27096,HR_Nuclear,2050,9,24,24,-0.39990000000000003
27097,HR_Nuclear,2050,10,1,1,-0.42780000000000007
27098,HR_Nuclear,2050,10,2,2,-0.42780000000000007
27099,HR_Nuclear,2050,10,3,3,-0.42780000000000007
27100,HR_Nuclear,2050,10,4,4,-0.42780000000000007
27101,HR_Nuclear,2050,10,5,5,-0.42780000000000007
27102,HR_Nuclear,2050,10,6,6,-0.42780000000000007
27103,HR_Nuclear,2050,10,7,7,-0.42780000000000007
27104,HR_Nuclear,2050,10,8,8,-0.42780000000000007
27105,HR_Nuclear,2050,10,9,9,-0.42780000000000007
27106,HR_Nuclear,2050,10,10,10,-0.42780000000000007
27107,HR_Nuclear,2050,10,11,11,-0.42780000000000007
27108,HR_Nuclear,2050,10,12,12,-0.42780000000000007
27109,HR_Nuclear,2050,10,13,13,-0.42780000000000007
27110,HR_Nuclear,2050,10,14,14,-0.42780000000000007
27111,HR_Nuclear,2050,10,15,15,-0.42780000000000007
27112,HR_Nuclear,2050,10,16,16,-0.42780000000000007
27113,HR_Nuclear,2050,10,17,17,-0.42780000000000007
27114,HR_Nuclear,2050,10,18,18,-0.42780000000000007
27115,HR_Nuclear,2050,10,19,19,-0.42780000000000007
27116,HR_Nuclear,2050,10,20,20,-0.42780000000000007
27117,HR_Nuclear,2050,10,21,21,-0.42780000000000007
27118,HR_Nuclear,2050,10,22,22,-0.42780000000000007
27119,HR_Nuclear,2050,10,23,23,-0.42780000000000007
27120,HR_Nuclear,2050,10,24,24,-0.42780000000000007
27121,HU_CCGT,2050,1,1,1,0.0
27122,HU_CCGT,2050,1,2,2,0.0
27123,HU_CCGT,2050,1,3,3,0.0
27124,HU_CCGT,2050,1,4,4,0.0
27125,HU_CCGT,2050,1,5,5,0.0
27126,HU_CCGT,2050,1,6,6,0.0
27127,HU_CCGT,2050,1,7,7,0.0
27128,HU_CCGT,2050,1,8,8,0.0
27129,HU_CCGT,2050,1,9,9,0.0
27130,HU_CCGT,2050,1,10,10,0.0
27131,HU_CCGT,2050,1,11,11,0.0
27132,HU_CCGT,2050,1,12,12,0.0
27133,HU_CCGT,2050,1,13,13,0.0
27134,HU_CCGT,2050,1,14,14,0.0
27135,HU_CCGT,2050,1,15,15,0.0
27136,HU_CCGT,2050,1,16,16,0.0
27137,HU_CCGT,2050,1,17,17,0.0
27138,HU_CCGT,2050,1,18,18,0.0
27139,HU_CCGT,2050,1,19,19,0.0
27140,HU_CCGT,2050,1,20,20,0.0
27141,HU_CCGT,2050,1,21,21,0.0
27142,HU_CCGT,2050,1,22,22,0.0
27143,HU_CCGT,2050,1,23,23,0.0
27144,HU_CCGT,2050,1,24,24,0.0
27145,HU_CCGT,2050,2,1,1,0.0
27146,HU_CCGT,2050,2,2,2,0.0
27147,HU_CCGT,2050,2,3,3,0.0
27148,HU_CCGT,2050,2,4,4,0.0
27149,HU_CCGT,2050,2,5,5,0.0
27150,HU_CCGT,2050,2,6,6,0.0
27151,HU_CCGT,2050,2,7,7,0.0
27152,HU_CCGT,2050,2,8,8,0.0
27153,HU_CCGT,2050,2,9,9,0.0
27154,HU_CCGT,2050,2,10,10,0.0
27155,HU_CCGT,2050,2,11,11,0.0
27156,HU_CCGT,2050,2,12,12,0.0
27157,HU_CCGT,2050,2,13,13,0.0
27158,HU_CCGT,2050,2,14,14,0.0
27159,HU_CCGT,2050,2,15,15,0.0
27160,HU_CCGT,2050,2,16,16,0.0
27161,HU_CCGT,2050,2,17,17,0.0
27162,HU_CCGT,2050,2,18,18,0.0
27163,HU_CCGT,2050,2,19,19,0.0
27164,HU_CCGT,2050,2,20,20,0.0
27165,HU_CCGT,2050,2,21,21,0.0
27166,HU_CCGT,2050,2,22,22,0.0
27167,HU_CCGT,2050,2,23,23,0.0
27168,HU_CCGT,2050,2,24,24,0.0
27169,HU_CCGT,2050,3,1,1,-0.5219999999999998
27170,HU_CCGT,2050,3,2,2,-0.5219999999999998
27171,HU_CCGT,2050,3,3,3,-0.5219999999999998
27172,HU_CCGT,2050,3,4,4,-0.5219999999999998
27173,HU_CCGT,2050,3,5,5,-0.5219999999999998
27174,HU_CCGT,2050,3,6,6,-0.5219999999999998
27175,HU_CCGT,2050,3,7,7,-0.5219999999999998
27176,HU_CCGT,2050,3,8,8,-0.5219999999999998
27177,HU_CCGT,2050,3,9,9,-0.5219999999999998
27178,HU_CCGT,2050,3,10,10,-0.5219999999999998
27179,HU_CCGT,2050,3,11,11,-0.5219999999999998
27180,HU_CCGT,2050,3,12,12,-0.5219999999999998
27181,HU_CCGT,2050,3,13,13,-0.5219999999999998
27182,HU_CCGT,2050,3,14,14,-0.5219999999999998
27183,HU_CCGT,2050,3,15,15,-0.5219999999999998
27184,HU_CCGT,2050,3,16,16,-9.114265705666336
27185,HU_CCGT,2050,3,17,17,-22.51043141133267
27186,HU_CCGT,2050,3,18,18,-9.114265705666336
27187,HU_CCGT,2050,3,19,19,-0.5219999999999998
27188,HU_CCGT,2050,3,20,20,-0.5219999999999998
27189,HU_CCGT,2050,3,21,21,-0.5219999999999998
27190,HU_CCGT,2050,3,22,22,-0.5219999999999998
27191,HU_CCGT,2050,3,23,23,-0.5219999999999998
27192,HU_CCGT,2050,3,24,24,-0.5219999999999998
27193,HU_CCGT,2050,4,1,1,0.0
27194,HU_CCGT,2050,4,2,2,0.0
27195,HU_CCGT,2050,4,3,3,0.0
27196,HU_CCGT,2050,4,4,4,0.0
27197,HU_CCGT,2050,4,5,5,0.0
27198,HU_CCGT,2050,4,6,6,0.0
27199,HU_CCGT,2050,4,7,7,0.0
27200,HU_CCGT,2050,4,8,8,0.0
27201,HU_CCGT,2050,4,9,9,0.0
27202,HU_CCGT,2050,4,10,10,0.0
27203,HU_CCGT,2050,4,11,11,0.0
27204,HU_CCGT,2050,4,12,12,0.0
27205,HU_CCGT,2050,4,13,13,0.0
27206,HU_CCGT,2050,4,14,14,0.0
27207,HU_CCGT,2050,4,15,15,0.0
27208,HU_CCGT,2050,4,16,16,0.0
27209,HU_CCGT,2050,4,17,17,0.0
27210,HU_CCGT,2050,4,18,18,0.0
27211,HU_CCGT,2050,4,19,19,0.0
27212,HU_CCGT,2050,4,20,20,0.0
27213,HU_CCGT,2050,4,21,21,0.0
27214,HU_CCGT,2050,4,22,22,0.0
27215,HU_CCGT,2050,4,23,23,0.0
27216,HU_CCGT,2050,4,24,24,0.0
27217,HU_CCGT,2050,5,1,1,0.0
27218,HU_CCGT,2050,5,2,2,0.0
27219,HU_CCGT,2050,5,3,3,0.0
27220,HU_CCGT,2050,5,4,4,0.0
27221,HU_CCGT,2050,5,5,5,0.0
27222,HU_CCGT,2050,5,6,6,0.0
27223,HU_CCGT,2050,5,7,7,0.0
27224,HU_CCGT,2050,5,8,8,0.0
27225,HU_CCGT,2050,5,9,9,0.0
27226,HU_CCGT,2050,5,10,10,0.0
27227,HU_CCGT,2050,5,11,11,0.0
27228,HU_CCGT,2050,5,12,12,0.0
27229,HU_CCGT,2050,5,13,13,0.0
27230,HU_CCGT,2050,5,14,14,0.0
27231,HU_CCGT,2050,5,15,15,0.0
27232,HU_CCGT,2050,5,16,16,0.0
27233,HU_CCGT,2050,5,17,17,0.0
27234,HU_CCGT,2050,5,18,18,0.0
27235,HU_CCGT,2050,5,19,19,0.0
27236,HU_CCGT,2050,5,20,20,0.0
27237,HU_CCGT,2050,5,21,21,0.0
27238,HU_CCGT,2050,5,22,22,0.0
27239,HU_CCGT,2050,5,23,23,0.0
27240,HU_CCGT,2050,5,24,24,0.0
27241,HU_CCGT,2050,6,1,1,0.0
27242,HU_CCGT,2050,6,2,2,0.0
27243,HU_CCGT,2050,6,3,3,0.0
27244,HU_CCGT,2050,6,4,4,0.0
27245,HU_CCGT,2050,6,5,5,0.0
27246,HU_CCGT,2050,6,6,6,0.0
27247,HU_CCGT,2050,6,7,7,0.0
27248,HU_CCGT,2050,6,8,8,0.0
27249,HU_CCGT,2050,6,9,9,0.0
27250,HU_CCGT,2050,6,10,10,0.0
27251,HU_CCGT,2050,6,11,11,0.0
27252,HU_CCGT,2050,6,12,12,0.0
27253,HU_CCGT,2050,6,13,13,0.0
27254,HU_CCGT,2050,6,14,14,0.0
27255,HU_CCGT,2050,6,15,15,0.0
27256,HU_CCGT,2050,6,16,16,0.0
27257,HU_CCGT,2050,6,17,17,0.0
27258,HU_CCGT,2050,6,18,18,0.0
27259,HU_CCGT,2050,6,19,19,0.0
27260,HU_CCGT,2050,6,20,20,0.0
27261,HU_CCGT,2050,6,21,21,0.0
27262,HU_CCGT,2050,6,22,22,0.0
27263,HU_CCGT,2050,6,23,23,0.0
27264,HU_CCGT,2050,6,24,24,0.0
27265,HU_CCGT,2050,7,1,1,0.0
27266,HU_CCGT,2050,7,2,2,0.0
27267,HU_CCGT,2050,7,3,3,0.0
27268,HU_CCGT,2050,7,4,4,0.0
27269,HU_CCGT,2050,7,5,5,0.0
27270,HU_CCGT,2050,7,6,6,0.0
27271,HU_CCGT,2050,7,7,7,0.0
27272,HU_CCGT,2050,7,8,8,0.0
27273,HU_CCGT,2050,7,9,9,0.0
27274,HU_CCGT,2050,7,10,10,0.0
27275,HU_CCGT,2050,7,11,11,0.0
27276,HU_CCGT,2050,7,12,12,0.0
27277,HU_CCGT,2050,7,13,13,0.0
27278,HU_CCGT,2050,7,14,14,0.0
27279,HU_CCGT,2050,7,15,15,0.0
27280,HU_CCGT,2050,7,16,16,0.0
27281,HU_CCGT,2050,7,17,17,0.0
27282,HU_CCGT,2050,7,18,18,0.0
27283,HU_CCGT,2050,7,19,19,0.0
27284,HU_CCGT,2050,7,20,20,0.0
27285,HU_CCGT,2050,7,21,21,0.0
27286,HU_CCGT,2050,7,22,22,0.0
27287,HU_CCGT,2050,7,23,23,0.0
27288,HU_CCGT,2050,7,24,24,0.0
27289,HU_CCGT,2050,8,1,1,0.0
27290,HU_CCGT,2050,8,2,2,0.0
27291,HU_CCGT,2050,8,3,3,0.0
27292,HU_CCGT,2050,8,4,4,0.0
27293,HU_CCGT,2050,8,5,5,0.0
27294,HU_CCGT,2050,8,6,6,0.0
27295,HU_CCGT,2050,8,7,7,0.0
27296,HU_CCGT,2050,8,8,8,0.0
27297,HU_CCGT,2050,8,9,9,0.0
27298,HU_CCGT,2050,8,10,10,0.0
27299,HU_CCGT,2050,8,11,11,0.0
27300,HU_CCGT,2050,8,12,12,0.0
27301,HU_CCGT,2050,8,13,13,0.0
27302,HU_CCGT,2050,8,14,14,0.0
27303,HU_CCGT,2050,8,15,15,0.0
27304,HU_CCGT,2050,8,16,16,0.0
27305,HU_CCGT,2050,8,17,17,0.0
27306,HU_CCGT,2050,8,18,18,0.0
27307,HU_CCGT,2050,8,19,19,0.0
27308,HU_CCGT,2050,8,20,20,0.0
27309,HU_CCGT,2050,8,21,21,0.0
27310,HU_CCGT,2050,8,22,22,0.0
27311,HU_CCGT,2050,8,23,23,0.0
27312,HU_CCGT,2050,8,24,24,0.0
27313,HU_CCGT,2050,9,1,1,0.0
27314,HU_CCGT,2050,9,2,2,0.0
27315,HU_CCGT,2050,9,3,3,0.0
27316,HU_CCGT,2050,9,4,4,0.0
27317,HU_CCGT,2050,9,5,5,0.0
27318,HU_CCGT,2050,9,6,6,0.0
27319,HU_CCGT,2050,9,7,7,0.0
27320,HU_CCGT,2050,9,8,8,0.0
27321,HU_CCGT,2050,9,9,9,0.0
27322,HU_CCGT,2050,9,10,10,0.0
27323,HU_CCGT,2050,9,11,11,0.0
27324,HU_CCGT,2050,9,12,12,0.0
27325,HU_CCGT,2050,9,13,13,0.0
27326,HU_CCGT,2050,9,14,14,0.0
27327,HU_CCGT,2050,9,15,15,0.0
27328,HU_CCGT,2050,9,16,16,0.0
27329,HU_CCGT,2050,9,17,17,0.0
27330,HU_CCGT,2050,9,18,18,0.0
27331,HU_CCGT,2050,9,19,19,0.0
27332,HU_CCGT,2050,9,20,20,0.0
27333,HU_CCGT,2050,9,21,21,0.0
27334,HU_CCGT,2050,9,22,22,0.0
27335,HU_CCGT,2050,9,23,23,0.0
27336,HU_CCGT,2050,9,24,24,0.0
27337,HU_CCGT,2050,10,1,1,0.0
27338,HU_CCGT,2050,10,2,2,0.0
27339,HU_CCGT,2050,10,3,3,0.0
27340,HU_CCGT,2050,10,4,4,0.0
27341,HU_CCGT,2050,10,5,5,0.0
27342,HU_CCGT,2050,10,6,6,0.0
27343,HU_CCGT,2050,10,7,7,0.0
27344,HU_CCGT,2050,10,8,8,0.0
27345,HU_CCGT,2050,10,9,9,0.0
27346,HU_CCGT,2050,10,10,10,0.0
27347,HU_CCGT,2050,10,11,11,0.0
27348,HU_CCGT,2050,10,12,12,0.0
27349,HU_CCGT,2050,10,13,13,0.0
27350,HU_CCGT,2050,10,14,14,0.0
27351,HU_CCGT,2050,10,15,15,0.0
27352,HU_CCGT,2050,10,16,16,0.0
27353,HU_CCGT,2050,10,17,17,0.0
27354,HU_CCGT,2050,10,18,18,0.0
27355,HU_CCGT,2050,10,19,19,0.0
27356,HU_CCGT,2050,10,20,20,0.0
27357,HU_CCGT,2050,10,21,21,0.0
27358,HU_CCGT,2050,10,22,22,0.0
27359,HU_CCGT,2050,10,23,23,0.0
27360,HU_CCGT,2050,10,24,24,0.0
27361,HU_Coal,2050,1,1,1,0.0
27362,HU_Coal,2050,1,2,2,0.0
27363,HU_Coal,2050,1,3,3,0.0
27364,HU_Coal,2050,1,4,4,0.0
27365,HU_Coal,2050,1,5,5,0.0
27366,HU_Coal,2050,1,6,6,0.0
27367,HU_Coal,2050,1,7,7,0.0
27368,HU_Coal,2050,1,8,8,0.0
27369,HU_Coal,2050,1,9,9,0.0
27370,HU_Coal,2050,1,10,10,0.0
27371,HU_Coal,2050,1,11,11,0.0
27372,HU_Coal,2050,1,12,12,0.0
27373,HU_Coal,2050,1,13,13,0.0
27374,HU_Coal,2050,1,14,14,0.0
27375,HU_Coal,2050,1,15,15,0.0
27376,HU_Coal,2050,1,16,16,-0.8109000000000001
27377,HU_Coal,2050,1,17,17,-0.8109000000000001
27378,HU_Coal,2050,1,18,18,-0.8109000000000001
27379,HU_Coal,2050,1,19,19,-0.8109000000000001
27380,HU_Coal,2050,1,20,20,-0.8109000000000001
27381,HU_Coal,2050,1,21,21,-0.8109000000000001
27382,HU_Coal,2050,1,22,22,-0.8109000000000001
27383,HU_Coal,2050,1,23,23,0.0
27384,HU_Coal,2050,1,24,24,0.0
27385,HU_Coal,2050,2,1,1,0.0
27386,HU_Coal,2050,2,2,2,0.0
27387,HU_Coal,2050,2,3,3,0.0
27388,HU_Coal,2050,2,4,4,0.0
27389,HU_Coal,2050,2,5,5,0.0
27390,HU_Coal,2050,2,6,6,0.0
27391,HU_Coal,2050,2,7,7,0.0
27392,HU_Coal,2050,2,8,8,0.0
27393,HU_Coal,2050,2,9,9,0.0
27394,HU_Coal,2050,2,10,10,0.0
27395,HU_Coal,2050,2,11,11,0.0
27396,HU_Coal,2050,2,12,12,0.0
27397,HU_Coal,2050,2,13,13,0.0
27398,HU_Coal,2050,2,14,14,0.0
27399,HU_Coal,2050,2,15,15,0.0
27400,HU_Coal,2050,2,16,16,0.0
27401,HU_Coal,2050,2,17,17,0.0
27402,HU_Coal,2050,2,18,18,0.0
27403,HU_Coal,2050,2,19,19,0.0
27404,HU_Coal,2050,2,20,20,0.0
27405,HU_Coal,2050,2,21,21,0.0
27406,HU_Coal,2050,2,22,22,0.0
27407,HU_Coal,2050,2,23,23,0.0
27408,HU_Coal,2050,2,24,24,0.0
27409,HU_Coal,2050,3,1,1,-0.9656999999999999
27410,HU_Coal,2050,3,2,2,-0.9656999999999999
27411,HU_Coal,2050,3,3,3,-0.9656999999999999
27412,HU_Coal,2050,3,4,4,-0.9656999999999999
27413,HU_Coal,2050,3,5,5,-0.9656999999999999
27414,HU_Coal,2050,3,6,6,-0.9656999999999999
27415,HU_Coal,2050,3,7,7,-0.9656999999999999
27416,HU_Coal,2050,3,8,8,-0.9656999999999999
27417,HU_Coal,2050,3,9,9,-0.9656999999999999
27418,HU_Coal,2050,3,10,10,-0.9656999999999999
27419,HU_Coal,2050,3,11,11,-0.9656999999999999
27420,HU_Coal,2050,3,12,12,-0.9656999999999999
27421,HU_Coal,2050,3,13,13,-0.9656999999999999
27422,HU_Coal,2050,3,14,14,-0.9656999999999999
27423,HU_Coal,2050,3,15,15,-0.9656999999999999
27424,HU_Coal,2050,3,16,16,-9.557965705666337
27425,HU_Coal,2050,3,17,17,-22.95413141133267
27426,HU_Coal,2050,3,18,18,-9.557965705666337
27427,HU_Coal,2050,3,19,19,-0.9656999999999999
27428,HU_Coal,2050,3,20,20,-0.9656999999999999
27429,HU_Coal,2050,3,21,21,-0.9656999999999999
27430,HU_Coal,2050,3,22,22,-0.9656999999999999
27431,HU_Coal,2050,3,23,23,-0.9656999999999999
27432,HU_Coal,2050,3,24,24,-0.9656999999999999
27433,HU_Coal,2050,4,1,1,0.0
27434,HU_Coal,2050,4,2,2,0.0
27435,HU_Coal,2050,4,3,3,0.0
27436,HU_Coal,2050,4,4,4,0.0
27437,HU_Coal,2050,4,5,5,0.0
27438,HU_Coal,2050,4,6,6,0.0
27439,HU_Coal,2050,4,7,7,0.0
27440,HU_Coal,2050,4,8,8,0.0
27441,HU_Coal,2050,4,9,9,0.0
27442,HU_Coal,2050,4,10,10,0.0
27443,HU_Coal,2050,4,11,11,0.0
27444,HU_Coal,2050,4,12,12,0.0
27445,HU_Coal,2050,4,13,13,0.0
27446,HU_Coal,2050,4,14,14,0.0
27447,HU_Coal,2050,4,15,15,0.0
27448,HU_Coal,2050,4,16,16,-0.3519
27449,HU_Coal,2050,4,17,17,-0.3519
27450,HU_Coal,2050,4,18,18,-0.3519
27451,HU_Coal,2050,4,19,19,-0.3519
27452,HU_Coal,2050,4,20,20,-0.3519
27453,HU_Coal,2050,4,21,21,0.0
27454,HU_Coal,2050,4,22,22,0.0
27455,HU_Coal,2050,4,23,23,0.0
27456,HU_Coal,2050,4,24,24,0.0
27457,HU_Coal,2050,5,1,1,0.0
27458,HU_Coal,2050,5,2,2,0.0
27459,HU_Coal,2050,5,3,3,0.0
27460,HU_Coal,2050,5,4,4,0.0
27461,HU_Coal,2050,5,5,5,0.0
27462,HU_Coal,2050,5,6,6,0.0
27463,HU_Coal,2050,5,7,7,0.0
27464,HU_Coal,2050,5,8,8,0.0
27465,HU_Coal,2050,5,9,9,0.0
27466,HU_Coal,2050,5,10,10,0.0
27467,HU_Coal,2050,5,11,11,0.0
27468,HU_Coal,2050,5,12,12,0.0
27469,HU_Coal,2050,5,13,13,0.0
27470,HU_Coal,2050,5,14,14,0.0
27471,HU_Coal,2050,5,15,15,0.0
27472,HU_Coal,2050,5,16,16,0.0
27473,HU_Coal,2050,5,17,17,0.0
27474,HU_Coal,2050,5,18,18,0.0
27475,HU_Coal,2050,5,19,19,0.0
27476,HU_Coal,2050,5,20,20,0.0
27477,HU_Coal,2050,5,21,21,0.0
27478,HU_Coal,2050,5,22,22,0.0
27479,HU_Coal,2050,5,23,23,0.0
27480,HU_Coal,2050,5,24,24,0.0
27481,HU_Coal,2050,6,1,1,0.0
27482,HU_Coal,2050,6,2,2,0.0
27483,HU_Coal,2050,6,3,3,0.0
27484,HU_Coal,2050,6,4,4,0.0
27485,HU_Coal,2050,6,5,5,0.0
27486,HU_Coal,2050,6,6,6,0.0
27487,HU_Coal,2050,6,7,7,0.0
27488,HU_Coal,2050,6,8,8,0.0
27489,HU_Coal,2050,6,9,9,0.0
27490,HU_Coal,2050,6,10,10,0.0
27491,HU_Coal,2050,6,11,11,0.0
27492,HU_Coal,2050,6,12,12,0.0
27493,HU_Coal,2050,6,13,13,0.0
27494,HU_Coal,2050,6,14,14,0.0
27495,HU_Coal,2050,6,15,15,0.0
27496,HU_Coal,2050,6,16,16,0.0
27497,HU_Coal,2050,6,17,17,0.0
27498,HU_Coal,2050,6,18,18,0.0
27499,HU_Coal,2050,6,19,19,0.0
27500,HU_Coal,2050,6,20,20,0.0
27501,HU_Coal,2050,6,21,21,0.0
27502,HU_Coal,2050,6,22,22,0.0
27503,HU_Coal,2050,6,23,23,0.0
27504,HU_Coal,2050,6,24,24,0.0
27505,HU_Coal,2050,7,1,1,0.0
27506,HU_Coal,2050,7,2,2,0.0
27507,HU_Coal,2050,7,3,3,0.0
27508,HU_Coal,2050,7,4,4,0.0
27509,HU_Coal,2050,7,5,5,0.0
27510,HU_Coal,2050,7,6,6,0.0
27511,HU_Coal,2050,7,7,7,0.0
27512,HU_Coal,2050,7,8,8,0.0
27513,HU_Coal,2050,7,9,9,0.0
27514,HU_Coal,2050,7,10,10,0.0
27515,HU_Coal,2050,7,11,11,0.0
27516,HU_Coal,2050,7,12,12,0.0
27517,HU_Coal,2050,7,13,13,0.0
27518,HU_Coal,2050,7,14,14,0.0
27519,HU_Coal,2050,7,15,15,0.0
27520,HU_Coal,2050,7,16,16,-0.5661
27521,HU_Coal,2050,7,17,17,-0.5661
27522,HU_Coal,2050,7,18,18,-0.5661
27523,HU_Coal,2050,7,19,19,-0.5661
27524,HU_Coal,2050,7,20,20,-0.5661
27525,HU_Coal,2050,7,21,21,-0.5661
27526,HU_Coal,2050,7,22,22,0.0
27527,HU_Coal,2050,7,23,23,0.0
27528,HU_Coal,2050,7,24,24,0.0
27529,HU_Coal,2050,8,1,1,0.0
27530,HU_Coal,2050,8,2,2,0.0
27531,HU_Coal,2050,8,3,3,0.0
27532,HU_Coal,2050,8,4,4,0.0
27533,HU_Coal,2050,8,5,5,0.0
27534,HU_Coal,2050,8,6,6,0.0
27535,HU_Coal,2050,8,7,7,0.0
27536,HU_Coal,2050,8,8,8,0.0
27537,HU_Coal,2050,8,9,9,0.0
27538,HU_Coal,2050,8,10,10,0.0
27539,HU_Coal,2050,8,11,11,0.0
27540,HU_Coal,2050,8,12,12,0.0
27541,HU_Coal,2050,8,13,13,0.0
27542,HU_Coal,2050,8,14,14,0.0
27543,HU_Coal,2050,8,15,15,0.0
27544,HU_Coal,2050,8,16,16,0.0
27545,HU_Coal,2050,8,17,17,-0.47430000000000017
27546,HU_Coal,2050,8,18,18,-0.47430000000000017
27547,HU_Coal,2050,8,19,19,-0.47430000000000017
27548,HU_Coal,2050,8,20,20,-0.47430000000000017
27549,HU_Coal,2050,8,21,21,0.0
27550,HU_Coal,2050,8,22,22,0.0
27551,HU_Coal,2050,8,23,23,0.0
27552,HU_Coal,2050,8,24,24,0.0
27553,HU_Coal,2050,9,1,1,0.0
27554,HU_Coal,2050,9,2,2,0.0
27555,HU_Coal,2050,9,3,3,0.0
27556,HU_Coal,2050,9,4,4,0.0
27557,HU_Coal,2050,9,5,5,0.0
27558,HU_Coal,2050,9,6,6,0.0
27559,HU_Coal,2050,9,7,7,0.0
27560,HU_Coal,2050,9,8,8,0.0
27561,HU_Coal,2050,9,9,9,0.0
27562,HU_Coal,2050,9,10,10,0.0
27563,HU_Coal,2050,9,11,11,0.0
27564,HU_Coal,2050,9,12,12,0.0
27565,HU_Coal,2050,9,13,13,0.0
27566,HU_Coal,2050,9,14,14,0.0
27567,HU_Coal,2050,9,15,15,0.0
27568,HU_Coal,2050,9,16,16,0.0
27569,HU_Coal,2050,9,17,17,0.0
27570,HU_Coal,2050,9,18,18,-0.6579
27571,HU_Coal,2050,9,19,19,-0.6579
27572,HU_Coal,2050,9,20,20,-0.6579
27573,HU_Coal,2050,9,21,21,0.0
27574,HU_Coal,2050,9,22,22,0.0
27575,HU_Coal,2050,9,23,23,0.0
27576,HU_Coal,2050,9,24,24,0.0
27577,HU_Coal,2050,10,1,1,0.0
27578,HU_Coal,2050,10,2,2,0.0
27579,HU_Coal,2050,10,3,3,0.0
27580,HU_Coal,2050,10,4,4,0.0
27581,HU_Coal,2050,10,5,5,0.0
27582,HU_Coal,2050,10,6,6,0.0
27583,HU_Coal,2050,10,7,7,-0.7038
27584,HU_Coal,2050,10,8,8,-0.7038
27585,HU_Coal,2050,10,9,9,-0.7038
27586,HU_Coal,2050,10,10,10,-0.7038
27587,HU_Coal,2050,10,11,11,-0.7038
27588,HU_Coal,2050,10,12,12,-0.7038
27589,HU_Coal,2050,10,13,13,-0.7038
27590,HU_Coal,2050,10,14,14,-0.7038
27591,HU_Coal,2050,10,15,15,-0.7038
27592,HU_Coal,2050,10,16,16,-0.7038
27593,HU_Coal,2050,10,17,17,-0.7038
27594,HU_Coal,2050,10,18,18,-0.7038
27595,HU_Coal,2050,10,19,19,-0.7038
27596,HU_Coal,2050,10,20,20,-0.7038
27597,HU_Coal,2050,10,21,21,-0.7038
27598,HU_Coal,2050,10,22,22,0.0
27599,HU_Coal,2050,10,23,23,0.0
27600,HU_Coal,2050,10,24,24,0.0
27601,HU_Nuclear,2050,1,1,1,-0.49290000000000006
27602,HU_Nuclear,2050,1,2,2,-0.49290000000000006
27603,HU_Nuclear,2050,1,3,3,-0.49290000000000006
27604,HU_Nuclear,2050,1,4,4,-0.49290000000000006
27605,HU_Nuclear,2050,1,5,5,-0.49290000000000006
27606,HU_Nuclear,2050,1,6,6,-0.49290000000000006
27607,HU_Nuclear,2050,1,7,7,-0.49290000000000006
27608,HU_Nuclear,2050,1,8,8,-0.49290000000000006
27609,HU_Nuclear,2050,1,9,9,-0.49290000000000006
27610,HU_Nuclear,2050,1,10,10,-0.49290000000000006
27611,HU_Nuclear,2050,1,11,11,-0.49290000000000006
27612,HU_Nuclear,2050,1,12,12,-0.49290000000000006
27613,HU_Nuclear,2050,1,13,13,-0.49290000000000006
27614,HU_Nuclear,2050,1,14,14,-0.49290000000000006
27615,HU_Nuclear,2050,1,15,15,-0.49290000000000006
27616,HU_Nuclear,2050,1,16,16,-1.3038
27617,HU_Nuclear,2050,1,17,17,-1.3038
27618,HU_Nuclear,2050,1,18,18,-1.3038
27619,HU_Nuclear,2050,1,19,19,-1.3038
27620,HU_Nuclear,2050,1,20,20,-1.3038
27621,HU_Nuclear,2050,1,21,21,-1.3038
27622,HU_Nuclear,2050,1,22,22,-1.3038
27623,HU_Nuclear,2050,1,23,23,-0.49290000000000006
27624,HU_Nuclear,2050,1,24,24,-0.49290000000000006
27625,HU_Nuclear,2050,2,1,1,0.0
27626,HU_Nuclear,2050,2,2,2,0.0
27627,HU_Nuclear,2050,2,3,3,0.0
27628,HU_Nuclear,2050,2,4,4,0.0
27629,HU_Nuclear,2050,2,5,5,0.0
27630,HU_Nuclear,2050,2,6,6,0.0
27631,HU_Nuclear,2050,2,7,7,0.0
27632,HU_Nuclear,2050,2,8,8,0.0
27633,HU_Nuclear,2050,2,9,9,0.0
27634,HU_Nuclear,2050,2,10,10,0.0
27635,HU_Nuclear,2050,2,11,11,0.0
27636,HU_Nuclear,2050,2,12,12,0.0
27637,HU_Nuclear,2050,2,13,13,0.0
27638,HU_Nuclear,2050,2,14,14,0.0
27639,HU_Nuclear,2050,2,15,15,0.0
27640,HU_Nuclear,2050,2,16,16,0.0
27641,HU_Nuclear,2050,2,17,17,0.0
27642,HU_Nuclear,2050,2,18,18,0.0
27643,HU_Nuclear,2050,2,19,19,0.0
27644,HU_Nuclear,2050,2,20,20,0.0
27645,HU_Nuclear,2050,2,21,21,0.0
27646,HU_Nuclear,2050,2,22,22,0.0
27647,HU_Nuclear,2050,2,23,23,0.0
27648,HU_Nuclear,2050,2,24,24,0.0
27649,HU_Nuclear,2050,3,1,1,-1.2353999999999998
27650,HU_Nuclear,2050,3,2,2,-1.2353999999999998
27651,HU_Nuclear,2050,3,3,3,-1.2353999999999998
27652,HU_Nuclear,2050,3,4,4,-1.2353999999999998
27653,HU_Nuclear,2050,3,5,5,-1.2353999999999998
27654,HU_Nuclear,2050,3,6,6,-1.2353999999999998
27655,HU_Nuclear,2050,3,7,7,-1.2353999999999998
27656,HU_Nuclear,2050,3,8,8,-1.2353999999999998
27657,HU_Nuclear,2050,3,9,9,-1.2353999999999998
27658,HU_Nuclear,2050,3,10,10,-1.2353999999999998
27659,HU_Nuclear,2050,3,11,11,-1.2353999999999998
27660,HU_Nuclear,2050,3,12,12,-1.2353999999999998
27661,HU_Nuclear,2050,3,13,13,-1.2353999999999998
27662,HU_Nuclear,2050,3,14,14,-1.2353999999999998
27663,HU_Nuclear,2050,3,15,15,-1.2353999999999998
27664,HU_Nuclear,2050,3,16,16,-9.827665705666336
27665,HU_Nuclear,2050,3,17,17,-23.22383141133267
27666,HU_Nuclear,2050,3,18,18,-9.827665705666336
27667,HU_Nuclear,2050,3,19,19,-1.2353999999999998
27668,HU_Nuclear,2050,3,20,20,-1.2353999999999998
27669,HU_Nuclear,2050,3,21,21,-1.2353999999999998
27670,HU_Nuclear,2050,3,22,22,-1.2353999999999998
27671,HU_Nuclear,2050,3,23,23,-1.2353999999999998
27672,HU_Nuclear,2050,3,24,24,-1.2353999999999998
27673,HU_Nuclear,2050,4,1,1,-0.21390000000000003
27674,HU_Nuclear,2050,4,2,2,-0.21390000000000003
27675,HU_Nuclear,2050,4,3,3,-0.21390000000000003
27676,HU_Nuclear,2050,4,4,4,-0.21390000000000003
27677,HU_Nuclear,2050,4,5,5,-0.21390000000000003
27678,HU_Nuclear,2050,4,6,6,-0.21390000000000003
27679,HU_Nuclear,2050,4,7,7,-0.21390000000000003
27680,HU_Nuclear,2050,4,8,8,-0.21390000000000003
27681,HU_Nuclear,2050,4,9,9,-0.21390000000000003
27682,HU_Nuclear,2050,4,10,10,-0.21390000000000003
27683,HU_Nuclear,2050,4,11,11,-0.21390000000000003
27684,HU_Nuclear,2050,4,12,12,-0.21390000000000003
27685,HU_Nuclear,2050,4,13,13,-0.21390000000000003
27686,HU_Nuclear,2050,4,14,14,-0.21390000000000003
27687,HU_Nuclear,2050,4,15,15,-0.21390000000000003
27688,HU_Nuclear,2050,4,16,16,-0.5658000000000001
27689,HU_Nuclear,2050,4,17,17,-0.5658000000000001
27690,HU_Nuclear,2050,4,18,18,-0.5658000000000001
27691,HU_Nuclear,2050,4,19,19,-0.5658000000000001
27692,HU_Nuclear,2050,4,20,20,-0.5658000000000001
27693,HU_Nuclear,2050,4,21,21,-0.21390000000000003
27694,HU_Nuclear,2050,4,22,22,-0.21390000000000003
27695,HU_Nuclear,2050,4,23,23,-0.21390000000000003
27696,HU_Nuclear,2050,4,24,24,-0.21390000000000003
27697,HU_Nuclear,2050,5,1,1,-0.48360000000000003
27698,HU_Nuclear,2050,5,2,2,-0.48360000000000003
27699,HU_Nuclear,2050,5,3,3,0.0
27700,HU_Nuclear,2050,5,4,4,0.0
27701,HU_Nuclear,2050,5,5,5,0.0
27702,HU_Nuclear,2050,5,6,6,0.0
27703,HU_Nuclear,2050,5,7,7,0.0
27704,HU_Nuclear,2050,5,8,8,0.0
27705,HU_Nuclear,2050,5,9,9,0.0
27706,HU_Nuclear,2050,5,10,10,0.0
27707,HU_Nuclear,2050,5,11,11,0.0
27708,HU_Nuclear,2050,5,12,12,-0.48360000000000003
27709,HU_Nuclear,2050,5,13,13,-0.48360000000000003
27710,HU_Nuclear,2050,5,14,14,-0.48360000000000003
27711,HU_Nuclear,2050,5,15,15,-0.48360000000000003
27712,HU_Nuclear,2050,5,16,16,-0.48360000000000003
27713,HU_Nuclear,2050,5,17,17,-0.48360000000000003
27714,HU_Nuclear,2050,5,18,18,-0.48360000000000003
27715,HU_Nuclear,2050,5,19,19,-0.48360000000000003
27716,HU_Nuclear,2050,5,20,20,-0.48360000000000003
27717,HU_Nuclear,2050,5,21,21,-0.48360000000000003
27718,HU_Nuclear,2050,5,22,22,-0.48360000000000003
27719,HU_Nuclear,2050,5,23,23,-0.48360000000000003
27720,HU_Nuclear,2050,5,24,24,0.0
27721,HU_Nuclear,2050,6,1,1,0.0
27722,HU_Nuclear,2050,6,2,2,0.0
27723,HU_Nuclear,2050,6,3,3,0.0
27724,HU_Nuclear,2050,6,4,4,0.0
27725,HU_Nuclear,2050,6,5,5,0.0
27726,HU_Nuclear,2050,6,6,6,0.0
27727,HU_Nuclear,2050,6,7,7,0.0
27728,HU_Nuclear,2050,6,8,8,0.0
27729,HU_Nuclear,2050,6,9,9,0.0
27730,HU_Nuclear,2050,6,10,10,0.0
27731,HU_Nuclear,2050,6,11,11,0.0
27732,HU_Nuclear,2050,6,12,12,0.0
27733,HU_Nuclear,2050,6,13,13,0.0
27734,HU_Nuclear,2050,6,14,14,0.0
27735,HU_Nuclear,2050,6,15,15,0.0
27736,HU_Nuclear,2050,6,16,16,0.0
27737,HU_Nuclear,2050,6,17,17,0.0
27738,HU_Nuclear,2050,6,18,18,0.0
27739,HU_Nuclear,2050,6,19,19,-0.1674
27740,HU_Nuclear,2050,6,20,20,-0.1674
27741,HU_Nuclear,2050,6,21,21,-0.1674
27742,HU_Nuclear,2050,6,22,22,0.0
27743,HU_Nuclear,2050,6,23,23,0.0
27744,HU_Nuclear,2050,6,24,24,0.0
27745,HU_Nuclear,2050,7,1,1,-0.3441000000000001
27746,HU_Nuclear,2050,7,2,2,-0.3441000000000001
27747,HU_Nuclear,2050,7,3,3,-0.3441000000000001
27748,HU_Nuclear,2050,7,4,4,-0.3441000000000001
27749,HU_Nuclear,2050,7,5,5,-0.3441000000000001
27750,HU_Nuclear,2050,7,6,6,-0.3441000000000001
27751,HU_Nuclear,2050,7,7,7,-0.3441000000000001
27752,HU_Nuclear,2050,7,8,8,-0.3441000000000001
27753,HU_Nuclear,2050,7,9,9,-0.3441000000000001
27754,HU_Nuclear,2050,7,10,10,-0.3441000000000001
27755,HU_Nuclear,2050,7,11,11,-0.3441000000000001
27756,HU_Nuclear,2050,7,12,12,-0.3441000000000001
27757,HU_Nuclear,2050,7,13,13,-0.3441000000000001
27758,HU_Nuclear,2050,7,14,14,-0.3441000000000001
27759,HU_Nuclear,2050,7,15,15,-0.3441000000000001
27760,HU_Nuclear,2050,7,16,16,-0.9102000000000001
27761,HU_Nuclear,2050,7,17,17,-0.9102000000000001
27762,HU_Nuclear,2050,7,18,18,-0.9102000000000001
27763,HU_Nuclear,2050,7,19,19,-0.9102000000000001
27764,HU_Nuclear,2050,7,20,20,-0.9102000000000001
27765,HU_Nuclear,2050,7,21,21,-0.9102000000000001
27766,HU_Nuclear,2050,7,22,22,-0.3441000000000001
27767,HU_Nuclear,2050,7,23,23,-0.3441000000000001
27768,HU_Nuclear,2050,7,24,24,-0.3441000000000001
27769,HU_Nuclear,2050,8,1,1,-0.2883
27770,HU_Nuclear,2050,8,2,2,-0.2883
27771,HU_Nuclear,2050,8,3,3,-0.2883
27772,HU_Nuclear,2050,8,4,4,-0.2883
27773,HU_Nuclear,2050,8,5,5,-0.2883
27774,HU_Nuclear,2050,8,6,6,-0.2883
27775,HU_Nuclear,2050,8,7,7,-0.2883
27776,HU_Nuclear,2050,8,8,8,-0.2883
27777,HU_Nuclear,2050,8,9,9,-0.2883
27778,HU_Nuclear,2050,8,10,10,-0.2883
27779,HU_Nuclear,2050,8,11,11,-0.2883
27780,HU_Nuclear,2050,8,12,12,-0.2883
27781,HU_Nuclear,2050,8,13,13,-0.2883
27782,HU_Nuclear,2050,8,14,14,-0.2883
27783,HU_Nuclear,2050,8,15,15,-0.2883
27784,HU_Nuclear,2050,8,16,16,-0.2883
27785,HU_Nuclear,2050,8,17,17,-0.7626000000000002
27786,HU_Nuclear,2050,8,18,18,-0.7626000000000002
27787,HU_Nuclear,2050,8,19,19,-0.7626000000000002
27788,HU_Nuclear,2050,8,20,20,-0.7626000000000002
27789,HU_Nuclear,2050,8,21,21,-0.2883
27790,HU_Nuclear,2050,8,22,22,-0.2883
27791,HU_Nuclear,2050,8,23,23,-0.2883
27792,HU_Nuclear,2050,8,24,24,-0.2883
27793,HU_Nuclear,2050,9,1,1,-0.39990000000000003
27794,HU_Nuclear,2050,9,2,2,-0.39990000000000003
27795,HU_Nuclear,2050,9,3,3,-0.39990000000000003
27796,HU_Nuclear,2050,9,4,4,-0.39990000000000003
27797,HU_Nuclear,2050,9,5,5,-0.39990000000000003
27798,HU_Nuclear,2050,9,6,6,-0.39990000000000003
27799,HU_Nuclear,2050,9,7,7,-0.39990000000000003
27800,HU_Nuclear,2050,9,8,8,-0.39990000000000003
27801,HU_Nuclear,2050,9,9,9,-0.39990000000000003
27802,HU_Nuclear,2050,9,10,10,-0.39990000000000003
27803,HU_Nuclear,2050,9,11,11,-0.39990000000000003
27804,HU_Nuclear,2050,9,12,12,-0.39990000000000003
27805,HU_Nuclear,2050,9,13,13,-0.39990000000000003
27806,HU_Nuclear,2050,9,14,14,-0.39990000000000003
27807,HU_Nuclear,2050,9,15,15,-0.39990000000000003
27808,HU_Nuclear,2050,9,16,16,-0.39990000000000003
27809,HU_Nuclear,2050,9,17,17,-0.39990000000000003
27810,HU_Nuclear,2050,9,18,18,-1.0578
27811,HU_Nuclear,2050,9,19,19,-1.0578
27812,HU_Nuclear,2050,9,20,20,-1.0578
27813,HU_Nuclear,2050,9,21,21,-0.39990000000000003
27814,HU_Nuclear,2050,9,22,22,-0.39990000000000003
27815,HU_Nuclear,2050,9,23,23,-0.39990000000000003
27816,HU_Nuclear,2050,9,24,24,-0.39990000000000003
27817,HU_Nuclear,2050,10,1,1,-0.42780000000000007
27818,HU_Nuclear,2050,10,2,2,-0.42780000000000007
27819,HU_Nuclear,2050,10,3,3,-0.42780000000000007
27820,HU_Nuclear,2050,10,4,4,-0.42780000000000007
27821,HU_Nuclear,2050,10,5,5,-0.42780000000000007
27822,HU_Nuclear,2050,10,6,6,-0.42780000000000007
27823,HU_Nuclear,2050,10,7,7,-1.1316000000000002
27824,HU_Nuclear,2050,10,8,8,-1.1316000000000002
27825,HU_Nuclear,2050,10,9,9,-1.1316000000000002
27826,HU_Nuclear,2050,10,10,10,-1.1316000000000002
27827,HU_Nuclear,2050,10,11,11,-1.1316000000000002
27828,HU_Nuclear,2050,10,12,12,-1.1316000000000002
27829,HU_Nuclear,2050,10,13,13,-1.1316000000000002
27830,HU_Nuclear,2050,10,14,14,-1.1316000000000002
27831,HU_Nuclear,2050,10,15,15,-1.1316000000000002
27832,HU_Nuclear,2050,10,16,16,-1.1316000000000002
27833,HU_Nuclear,2050,10,17,17,-1.1316000000000002
27834,HU_Nuclear,2050,10,18,18,-1.1316000000000002
27835,HU_Nuclear,2050,10,19,19,-1.1316000000000002
27836,HU_Nuclear,2050,10,20,20,-1.1316000000000002
27837,HU_Nuclear,2050,10,21,21,-1.1316000000000002
27838,HU_Nuclear,2050,10,22,22,-0.42780000000000007
27839,HU_Nuclear,2050,10,23,23,-0.42780000000000007
27840,HU_Nuclear,2050,10,24,24,-0.42780000000000007
27841,HU_OCGT,2050,1,1,1,0.0
27842,HU_OCGT,2050,1,2,2,0.0
27843,HU_OCGT,2050,1,3,3,0.0
27844,HU_OCGT,2050,1,4,4,0.0
27845,HU_OCGT,2050,1,5,5,0.0
27846,HU_OCGT,2050,1,6,6,0.0
27847,HU_OCGT,2050,1,7,7,0.0
27848,HU_OCGT,2050,1,8,8,0.0
27849,HU_OCGT,2050,1,9,9,0.0
27850,HU_OCGT,2050,1,10,10,0.0
27851,HU_OCGT,2050,1,11,11,0.0
27852,HU_OCGT,2050,1,12,12,0.0
27853,HU_OCGT,2050,1,13,13,0.0
27854,HU_OCGT,2050,1,14,14,0.0
27855,HU_OCGT,2050,1,15,15,0.0
27856,HU_OCGT,2050,1,16,16,0.0
27857,HU_OCGT,2050,1,17,17,0.0
27858,HU_OCGT,2050,1,18,18,0.0
27859,HU_OCGT,2050,1,19,19,0.0
27860,HU_OCGT,2050,1,20,20,0.0
27861,HU_OCGT,2050,1,21,21,0.0
27862,HU_OCGT,2050,1,22,22,0.0
27863,HU_OCGT,2050,1,23,23,0.0
27864,HU_OCGT,2050,1,24,24,0.0
27865,HU_OCGT,2050,2,1,1,0.0
27866,HU_OCGT,2050,2,2,2,0.0
27867,HU_OCGT,2050,2,3,3,0.0
27868,HU_OCGT,2050,2,4,4,0.0
27869,HU_OCGT,2050,2,5,5,0.0
27870,HU_OCGT,2050,2,6,6,0.0
27871,HU_OCGT,2050,2,7,7,0.0
27872,HU_OCGT,2050,2,8,8,0.0
27873,HU_OCGT,2050,2,9,9,0.0
27874,HU_OCGT,2050,2,10,10,0.0
27875,HU_OCGT,2050,2,11,11,0.0
27876,HU_OCGT,2050,2,12,12,0.0
27877,HU_OCGT,2050,2,13,13,0.0
27878,HU_OCGT,2050,2,14,14,0.0
27879,HU_OCGT,2050,2,15,15,0.0
27880,HU_OCGT,2050,2,16,16,0.0
27881,HU_OCGT,2050,2,17,17,0.0
27882,HU_OCGT,2050,2,18,18,0.0
27883,HU_OCGT,2050,2,19,19,0.0
27884,HU_OCGT,2050,2,20,20,0.0
27885,HU_OCGT,2050,2,21,21,0.0
27886,HU_OCGT,2050,2,22,22,0.0
27887,HU_OCGT,2050,2,23,23,0.0
27888,HU_OCGT,2050,2,24,24,0.0
27889,HU_OCGT,2050,3,1,1,0.0
27890,HU_OCGT,2050,3,2,2,0.0
27891,HU_OCGT,2050,3,3,3,0.0
27892,HU_OCGT,2050,3,4,4,0.0
27893,HU_OCGT,2050,3,5,5,0.0
27894,HU_OCGT,2050,3,6,6,0.0
27895,HU_OCGT,2050,3,7,7,0.0
27896,HU_OCGT,2050,3,8,8,0.0
27897,HU_OCGT,2050,3,9,9,0.0
27898,HU_OCGT,2050,3,10,10,0.0
27899,HU_OCGT,2050,3,11,11,0.0
27900,HU_OCGT,2050,3,12,12,0.0
27901,HU_OCGT,2050,3,13,13,0.0
27902,HU_OCGT,2050,3,14,14,0.0
27903,HU_OCGT,2050,3,15,15,0.0
27904,HU_OCGT,2050,3,16,16,-8.592265705666337
27905,HU_OCGT,2050,3,17,17,-21.988431411332673
27906,HU_OCGT,2050,3,18,18,-8.592265705666337
27907,HU_OCGT,2050,3,19,19,0.0
27908,HU_OCGT,2050,3,20,20,0.0
27909,HU_OCGT,2050,3,21,21,0.0
27910,HU_OCGT,2050,3,22,22,0.0
27911,HU_OCGT,2050,3,23,23,0.0
27912,HU_OCGT,2050,3,24,24,0.0
27913,HU_OCGT,2050,4,1,1,0.0
27914,HU_OCGT,2050,4,2,2,0.0
27915,HU_OCGT,2050,4,3,3,0.0
27916,HU_OCGT,2050,4,4,4,0.0
27917,HU_OCGT,2050,4,5,5,0.0
27918,HU_OCGT,2050,4,6,6,0.0
27919,HU_OCGT,2050,4,7,7,0.0
27920,HU_OCGT,2050,4,8,8,0.0
27921,HU_OCGT,2050,4,9,9,0.0
27922,HU_OCGT,2050,4,10,10,0.0
27923,HU_OCGT,2050,4,11,11,0.0
27924,HU_OCGT,2050,4,12,12,0.0
27925,HU_OCGT,2050,4,13,13,0.0
27926,HU_OCGT,2050,4,14,14,0.0
27927,HU_OCGT,2050,4,15,15,0.0
27928,HU_OCGT,2050,4,16,16,0.0
27929,HU_OCGT,2050,4,17,17,0.0
27930,HU_OCGT,2050,4,18,18,0.0
27931,HU_OCGT,2050,4,19,19,0.0
27932,HU_OCGT,2050,4,20,20,0.0
27933,HU_OCGT,2050,4,21,21,0.0
27934,HU_OCGT,2050,4,22,22,0.0
27935,HU_OCGT,2050,4,23,23,0.0
27936,HU_OCGT,2050,4,24,24,0.0
27937,HU_OCGT,2050,5,1,1,0.0
27938,HU_OCGT,2050,5,2,2,0.0
27939,HU_OCGT,2050,5,3,3,0.0
27940,HU_OCGT,2050,5,4,4,0.0
27941,HU_OCGT,2050,5,5,5,0.0
27942,HU_OCGT,2050,5,6,6,0.0
27943,HU_OCGT,2050,5,7,7,0.0
27944,HU_OCGT,2050,5,8,8,0.0
27945,HU_OCGT,2050,5,9,9,0.0
27946,HU_OCGT,2050,5,10,10,0.0
27947,HU_OCGT,2050,5,11,11,0.0
27948,HU_OCGT,2050,5,12,12,0.0
27949,HU_OCGT,2050,5,13,13,0.0
27950,HU_OCGT,2050,5,14,14,0.0
27951,HU_OCGT,2050,5,15,15,0.0
27952,HU_OCGT,2050,5,16,16,0.0
27953,HU_OCGT,2050,5,17,17,0.0
27954,HU_OCGT,2050,5,18,18,0.0
27955,HU_OCGT,2050,5,19,19,0.0
27956,HU_OCGT,2050,5,20,20,0.0
27957,HU_OCGT,2050,5,21,21,0.0
27958,HU_OCGT,2050,5,22,22,0.0
27959,HU_OCGT,2050,5,23,23,0.0
27960,HU_OCGT,2050,5,24,24,0.0
27961,HU_OCGT,2050,6,1,1,0.0
27962,HU_OCGT,2050,6,2,2,0.0
27963,HU_OCGT,2050,6,3,3,0.0
27964,HU_OCGT,2050,6,4,4,0.0
27965,HU_OCGT,2050,6,5,5,0.0
27966,HU_OCGT,2050,6,6,6,0.0
27967,HU_OCGT,2050,6,7,7,0.0
27968,HU_OCGT,2050,6,8,8,0.0
27969,HU_OCGT,2050,6,9,9,0.0
27970,HU_OCGT,2050,6,10,10,0.0
27971,HU_OCGT,2050,6,11,11,0.0
27972,HU_OCGT,2050,6,12,12,0.0
27973,HU_OCGT,2050,6,13,13,0.0
27974,HU_OCGT,2050,6,14,14,0.0
27975,HU_OCGT,2050,6,15,15,0.0
27976,HU_OCGT,2050,6,16,16,0.0
27977,HU_OCGT,2050,6,17,17,0.0
27978,HU_OCGT,2050,6,18,18,0.0
27979,HU_OCGT,2050,6,19,19,0.0
27980,HU_OCGT,2050,6,20,20,0.0
27981,HU_OCGT,2050,6,21,21,0.0
27982,HU_OCGT,2050,6,22,22,0.0
27983,HU_OCGT,2050,6,23,23,0.0
27984,HU_OCGT,2050,6,24,24,0.0
27985,HU_OCGT,2050,7,1,1,0.0
27986,HU_OCGT,2050,7,2,2,0.0
27987,HU_OCGT,2050,7,3,3,0.0
27988,HU_OCGT,2050,7,4,4,0.0
27989,HU_OCGT,2050,7,5,5,0.0
27990,HU_OCGT,2050,7,6,6,0.0
27991,HU_OCGT,2050,7,7,7,0.0
27992,HU_OCGT,2050,7,8,8,0.0
27993,HU_OCGT,2050,7,9,9,0.0
27994,HU_OCGT,2050,7,10,10,0.0
27995,HU_OCGT,2050,7,11,11,0.0
27996,HU_OCGT,2050,7,12,12,0.0
27997,HU_OCGT,2050,7,13,13,0.0
27998,HU_OCGT,2050,7,14,14,0.0
27999,HU_OCGT,2050,7,15,15,0.0
28000,HU_OCGT,2050,7,16,16,0.0
28001,HU_OCGT,2050,7,17,17,0.0
28002,HU_OCGT,2050,7,18,18,0.0
28003,HU_OCGT,2050,7,19,19,0.0
28004,HU_OCGT,2050,7,20,20,0.0
28005,HU_OCGT,2050,7,21,21,0.0
28006,HU_OCGT,2050,7,22,22,0.0
28007,HU_OCGT,2050,7,23,23,0.0
28008,HU_OCGT,2050,7,24,24,0.0
28009,HU_OCGT,2050,8,1,1,0.0
28010,HU_OCGT,2050,8,2,2,0.0
28011,HU_OCGT,2050,8,3,3,0.0
28012,HU_OCGT,2050,8,4,4,0.0
28013,HU_OCGT,2050,8,5,5,0.0
28014,HU_OCGT,2050,8,6,6,0.0
28015,HU_OCGT,2050,8,7,7,0.0
28016,HU_OCGT,2050,8,8,8,0.0
28017,HU_OCGT,2050,8,9,9,0.0
28018,HU_OCGT,2050,8,10,10,0.0
28019,HU_OCGT,2050,8,11,11,0.0
28020,HU_OCGT,2050,8,12,12,0.0
28021,HU_OCGT,2050,8,13,13,0.0
28022,HU_OCGT,2050,8,14,14,0.0
28023,HU_OCGT,2050,8,15,15,0.0
28024,HU_OCGT,2050,8,16,16,0.0
28025,HU_OCGT,2050,8,17,17,0.0
28026,HU_OCGT,2050,8,18,18,0.0
28027,HU_OCGT,2050,8,19,19,0.0
28028,HU_OCGT,2050,8,20,20,0.0
28029,HU_OCGT,2050,8,21,21,0.0
28030,HU_OCGT,2050,8,22,22,0.0
28031,HU_OCGT,2050,8,23,23,0.0
28032,HU_OCGT,2050,8,24,24,0.0
28033,HU_OCGT,2050,9,1,1,0.0
28034,HU_OCGT,2050,9,2,2,0.0
28035,HU_OCGT,2050,9,3,3,0.0
28036,HU_OCGT,2050,9,4,4,0.0
28037,HU_OCGT,2050,9,5,5,0.0
28038,HU_OCGT,2050,9,6,6,0.0
28039,HU_OCGT,2050,9,7,7,0.0
28040,HU_OCGT,2050,9,8,8,0.0
28041,HU_OCGT,2050,9,9,9,0.0
28042,HU_OCGT,2050,9,10,10,0.0
28043,HU_OCGT,2050,9,11,11,0.0
28044,HU_OCGT,2050,9,12,12,0.0
28045,HU_OCGT,2050,9,13,13,0.0
28046,HU_OCGT,2050,9,14,14,0.0
28047,HU_OCGT,2050,9,15,15,0.0
28048,HU_OCGT,2050,9,16,16,0.0
28049,HU_OCGT,2050,9,17,17,0.0
28050,HU_OCGT,2050,9,18,18,0.0
28051,HU_OCGT,2050,9,19,19,0.0
28052,HU_OCGT,2050,9,20,20,0.0
28053,HU_OCGT,2050,9,21,21,0.0
28054,HU_OCGT,2050,9,22,22,0.0
28055,HU_OCGT,2050,9,23,23,0.0
28056,HU_OCGT,2050,9,24,24,0.0
28057,HU_OCGT,2050,10,1,1,0.0
28058,HU_OCGT,2050,10,2,2,0.0
28059,HU_OCGT,2050,10,3,3,0.0
28060,HU_OCGT,2050,10,4,4,0.0
28061,HU_OCGT,2050,10,5,5,0.0
28062,HU_OCGT,2050,10,6,6,0.0
28063,HU_OCGT,2050,10,7,7,0.0
28064,HU_OCGT,2050,10,8,8,0.0
28065,HU_OCGT,2050,10,9,9,0.0
28066,HU_OCGT,2050,10,10,10,0.0
28067,HU_OCGT,2050,10,11,11,0.0
28068,HU_OCGT,2050,10,12,12,0.0
28069,HU_OCGT,2050,10,13,13,0.0
28070,HU_OCGT,2050,10,14,14,0.0
28071,HU_OCGT,2050,10,15,15,0.0
28072,HU_OCGT,2050,10,16,16,0.0
28073,HU_OCGT,2050,10,17,17,0.0
28074,HU_OCGT,2050,10,18,18,0.0
28075,HU_OCGT,2050,10,19,19,0.0
28076,HU_OCGT,2050,10,20,20,0.0
28077,HU_OCGT,2050,10,21,21,0.0
28078,HU_OCGT,2050,10,22,22,0.0
28079,HU_OCGT,2050,10,23,23,0.0
28080,HU_OCGT,2050,10,24,24,0.0
28081,HU_Solar,2050,1,1,1,-0.9381
28082,HU_Solar,2050,1,2,2,-0.9381
28083,HU_Solar,2050,1,3,3,-0.9381
28084,HU_Solar,2050,1,4,4,-0.9381
28085,HU_Solar,2050,1,5,5,-0.9381
28086,HU_Solar,2050,1,6,6,-0.9381
28087,HU_Solar,2050,1,7,7,-0.9381
28088,HU_Solar,2050,1,8,8,-0.9381
28089,HU_Solar,2050,1,9,9,-0.9381
28090,HU_Solar,2050,1,10,10,-0.9381
28091,HU_Solar,2050,1,11,11,-0.9381
28092,HU_Solar,2050,1,12,12,-0.9381
28093,HU_Solar,2050,1,13,13,-0.9381
28094,HU_Solar,2050,1,14,14,-0.9381
28095,HU_Solar,2050,1,15,15,-0.9381
28096,HU_Solar,2050,1,16,16,-1.749
28097,HU_Solar,2050,1,17,17,-1.749
28098,HU_Solar,2050,1,18,18,-1.749
28099,HU_Solar,2050,1,19,19,-1.749
28100,HU_Solar,2050,1,20,20,-1.749
28101,HU_Solar,2050,1,21,21,-1.749
28102,HU_Solar,2050,1,22,22,-1.749
28103,HU_Solar,2050,1,23,23,-0.9381
28104,HU_Solar,2050,1,24,24,-0.9381
28105,HU_Solar,2050,2,1,1,0.0
28106,HU_Solar,2050,2,2,2,0.0
28107,HU_Solar,2050,2,3,3,0.0
28108,HU_Solar,2050,2,4,4,0.0
28109,HU_Solar,2050,2,5,5,0.0
28110,HU_Solar,2050,2,6,6,0.0
28111,HU_Solar,2050,2,7,7,0.0
28112,HU_Solar,2050,2,8,8,0.0
28113,HU_Solar,2050,2,9,9,0.0
28114,HU_Solar,2050,2,10,10,0.0
28115,HU_Solar,2050,2,11,11,0.0
28116,HU_Solar,2050,2,12,12,0.0
28117,HU_Solar,2050,2,13,13,0.0
28118,HU_Solar,2050,2,14,14,0.0
28119,HU_Solar,2050,2,15,15,0.0
28120,HU_Solar,2050,2,16,16,0.0
28121,HU_Solar,2050,2,17,17,0.0
28122,HU_Solar,2050,2,18,18,0.0
28123,HU_Solar,2050,2,19,19,0.0
28124,HU_Solar,2050,2,20,20,0.0
28125,HU_Solar,2050,2,21,21,0.0
28126,HU_Solar,2050,2,22,22,0.0
28127,HU_Solar,2050,2,23,23,0.0
28128,HU_Solar,2050,2,24,24,0.0
28129,HU_Solar,2050,3,1,1,-1.4789999999999999
28130,HU_Solar,2050,3,2,2,-1.4789999999999999
28131,HU_Solar,2050,3,3,3,-1.4789999999999999
28132,HU_Solar,2050,3,4,4,-1.4789999999999999
28133,HU_Solar,2050,3,5,5,-1.4789999999999999
28134,HU_Solar,2050,3,6,6,-1.4789999999999999
28135,HU_Solar,2050,3,7,7,-1.4789999999999999
28136,HU_Solar,2050,3,8,8,-1.4789999999999999
28137,HU_Solar,2050,3,9,9,-1.4789999999999999
28138,HU_Solar,2050,3,10,10,-1.4789999999999999
28139,HU_Solar,2050,3,11,11,-1.4789999999999999
28140,HU_Solar,2050,3,12,12,-1.4789999999999999
28141,HU_Solar,2050,3,13,13,-1.4789999999999999
28142,HU_Solar,2050,3,14,14,-1.4789999999999999
28143,HU_Solar,2050,3,15,15,-1.4789999999999999
28144,HU_Solar,2050,3,16,16,-10.071265705666336
28145,HU_Solar,2050,3,17,17,-23.467431411332672
28146,HU_Solar,2050,3,18,18,-10.071265705666336
28147,HU_Solar,2050,3,19,19,-1.4789999999999999
28148,HU_Solar,2050,3,20,20,-1.4789999999999999
28149,HU_Solar,2050,3,21,21,-1.4789999999999999
28150,HU_Solar,2050,3,22,22,-1.4789999999999999
28151,HU_Solar,2050,3,23,23,-1.4789999999999999
28152,HU_Solar,2050,3,24,24,-1.4789999999999999
28153,HU_Solar,2050,4,1,1,-0.4071
28154,HU_Solar,2050,4,2,2,-0.4071
28155,HU_Solar,2050,4,3,3,-0.4071
28156,HU_Solar,2050,4,4,4,-0.4071
28157,HU_Solar,2050,4,5,5,-0.4071
28158,HU_Solar,2050,4,6,6,-0.4071
28159,HU_Solar,2050,4,7,7,-0.4071
28160,HU_Solar,2050,4,8,8,-0.4071
28161,HU_Solar,2050,4,9,9,-0.4071
28162,HU_Solar,2050,4,10,10,-0.4071
28163,HU_Solar,2050,4,11,11,-0.4071
28164,HU_Solar,2050,4,12,12,-0.4071
28165,HU_Solar,2050,4,13,13,-0.4071
28166,HU_Solar,2050,4,14,14,-0.4071
28167,HU_Solar,2050,4,15,15,-0.4071
28168,HU_Solar,2050,4,16,16,-0.759
28169,HU_Solar,2050,4,17,17,-0.759
28170,HU_Solar,2050,4,18,18,-0.759
28171,HU_Solar,2050,4,19,19,-0.759
28172,HU_Solar,2050,4,20,20,-0.759
28173,HU_Solar,2050,4,21,21,-0.4071
28174,HU_Solar,2050,4,22,22,-0.4071
28175,HU_Solar,2050,4,23,23,-0.4071
28176,HU_Solar,2050,4,24,24,-0.4071
28177,HU_Solar,2050,5,1,1,-0.9204
28178,HU_Solar,2050,5,2,2,-0.9204
28179,HU_Solar,2050,5,3,3,0.0
28180,HU_Solar,2050,5,4,4,0.0
28181,HU_Solar,2050,5,5,5,0.0
28182,HU_Solar,2050,5,6,6,0.0
28183,HU_Solar,2050,5,7,7,0.0
28184,HU_Solar,2050,5,8,8,0.0
28185,HU_Solar,2050,5,9,9,0.0
28186,HU_Solar,2050,5,10,10,0.0
28187,HU_Solar,2050,5,11,11,0.0
28188,HU_Solar,2050,5,12,12,-0.9204
28189,HU_Solar,2050,5,13,13,-0.9204
28190,HU_Solar,2050,5,14,14,-0.9204
28191,HU_Solar,2050,5,15,15,-0.9204
28192,HU_Solar,2050,5,16,16,-0.9204
28193,HU_Solar,2050,5,17,17,-0.9204
28194,HU_Solar,2050,5,18,18,-0.9204
28195,HU_Solar,2050,5,19,19,-0.9204
28196,HU_Solar,2050,5,20,20,-0.9204
28197,HU_Solar,2050,5,21,21,-0.9204
28198,HU_Solar,2050,5,22,22,-0.9204
28199,HU_Solar,2050,5,23,23,-0.9204
28200,HU_Solar,2050,5,24,24,0.0
28201,HU_Solar,2050,6,1,1,0.0
28202,HU_Solar,2050,6,2,2,0.0
28203,HU_Solar,2050,6,3,3,0.0
28204,HU_Solar,2050,6,4,4,0.0
28205,HU_Solar,2050,6,5,5,0.0
28206,HU_Solar,2050,6,6,6,0.0
28207,HU_Solar,2050,6,7,7,0.0
28208,HU_Solar,2050,6,8,8,0.0
28209,HU_Solar,2050,6,9,9,0.0
28210,HU_Solar,2050,6,10,10,0.0
28211,HU_Solar,2050,6,11,11,0.0
28212,HU_Solar,2050,6,12,12,0.0
28213,HU_Solar,2050,6,13,13,0.0
28214,HU_Solar,2050,6,14,14,0.0
28215,HU_Solar,2050,6,15,15,0.0
28216,HU_Solar,2050,6,16,16,0.0
28217,HU_Solar,2050,6,17,17,0.0
28218,HU_Solar,2050,6,18,18,0.0
28219,HU_Solar,2050,6,19,19,-0.3186
28220,HU_Solar,2050,6,20,20,-0.3186
28221,HU_Solar,2050,6,21,21,-0.3186
28222,HU_Solar,2050,6,22,22,0.0
28223,HU_Solar,2050,6,23,23,0.0
28224,HU_Solar,2050,6,24,24,0.0
28225,HU_Solar,2050,7,1,1,-0.6549
28226,HU_Solar,2050,7,2,2,-0.6549
28227,HU_Solar,2050,7,3,3,-0.6549
28228,HU_Solar,2050,7,4,4,-0.6549
28229,HU_Solar,2050,7,5,5,-0.6549
28230,HU_Solar,2050,7,6,6,-0.6549
28231,HU_Solar,2050,7,7,7,-0.6549
28232,HU_Solar,2050,7,8,8,-0.6549
28233,HU_Solar,2050,7,9,9,-0.6549
28234,HU_Solar,2050,7,10,10,-0.6549
28235,HU_Solar,2050,7,11,11,-0.6549
28236,HU_Solar,2050,7,12,12,-0.6549
28237,HU_Solar,2050,7,13,13,-0.6549
28238,HU_Solar,2050,7,14,14,-0.6549
28239,HU_Solar,2050,7,15,15,-0.6549
28240,HU_Solar,2050,7,16,16,-1.221
28241,HU_Solar,2050,7,17,17,-1.221
28242,HU_Solar,2050,7,18,18,-1.221
28243,HU_Solar,2050,7,19,19,-1.221
28244,HU_Solar,2050,7,20,20,-1.221
28245,HU_Solar,2050,7,21,21,-1.221
28246,HU_Solar,2050,7,22,22,-0.6549
28247,HU_Solar,2050,7,23,23,-0.6549
28248,HU_Solar,2050,7,24,24,-0.6549
28249,HU_Solar,2050,8,1,1,-0.5487
28250,HU_Solar,2050,8,2,2,-0.5487
28251,HU_Solar,2050,8,3,3,-0.5487
28252,HU_Solar,2050,8,4,4,-0.5487
28253,HU_Solar,2050,8,5,5,-0.5487
28254,HU_Solar,2050,8,6,6,-0.5487
28255,HU_Solar,2050,8,7,7,-0.5487
28256,HU_Solar,2050,8,8,8,-0.5487
28257,HU_Solar,2050,8,9,9,-0.5487
28258,HU_Solar,2050,8,10,10,-0.5487
28259,HU_Solar,2050,8,11,11,-0.5487
28260,HU_Solar,2050,8,12,12,-0.5487
28261,HU_Solar,2050,8,13,13,-0.5487
28262,HU_Solar,2050,8,14,14,-0.5487
28263,HU_Solar,2050,8,15,15,-0.5487
28264,HU_Solar,2050,8,16,16,-0.5487
28265,HU_Solar,2050,8,17,17,-1.0230000000000001
28266,HU_Solar,2050,8,18,18,-1.0230000000000001
28267,HU_Solar,2050,8,19,19,-1.0230000000000001
28268,HU_Solar,2050,8,20,20,-1.0230000000000001
28269,HU_Solar,2050,8,21,21,-0.5487
28270,HU_Solar,2050,8,22,22,-0.5487
28271,HU_Solar,2050,8,23,23,-0.5487
28272,HU_Solar,2050,8,24,24,-0.5487
28273,HU_Solar,2050,9,1,1,-0.7611
28274,HU_Solar,2050,9,2,2,-0.7611
28275,HU_Solar,2050,9,3,3,-0.7611
28276,HU_Solar,2050,9,4,4,-0.7611
28277,HU_Solar,2050,9,5,5,-0.7611
28278,HU_Solar,2050,9,6,6,-0.7611
28279,HU_Solar,2050,9,7,7,-0.7611
28280,HU_Solar,2050,9,8,8,-0.7611
28281,HU_Solar,2050,9,9,9,-0.7611
28282,HU_Solar,2050,9,10,10,-0.7611
28283,HU_Solar,2050,9,11,11,-0.7611
28284,HU_Solar,2050,9,12,12,-0.7611
28285,HU_Solar,2050,9,13,13,-0.7611
28286,HU_Solar,2050,9,14,14,-0.7611
28287,HU_Solar,2050,9,15,15,-0.7611
28288,HU_Solar,2050,9,16,16,-0.7611
28289,HU_Solar,2050,9,17,17,-0.7611
28290,HU_Solar,2050,9,18,18,-1.419
28291,HU_Solar,2050,9,19,19,-1.419
28292,HU_Solar,2050,9,20,20,-1.419
28293,HU_Solar,2050,9,21,21,-0.7611
28294,HU_Solar,2050,9,22,22,-0.7611
28295,HU_Solar,2050,9,23,23,-0.7611
28296,HU_Solar,2050,9,24,24,-0.7611
28297,HU_Solar,2050,10,1,1,-0.8142
28298,HU_Solar,2050,10,2,2,-0.8142
28299,HU_Solar,2050,10,3,3,-0.8142
28300,HU_Solar,2050,10,4,4,-0.8142
28301,HU_Solar,2050,10,5,5,-0.8142
28302,HU_Solar,2050,10,6,6,-0.8142
28303,HU_Solar,2050,10,7,7,-1.518
28304,HU_Solar,2050,10,8,8,-1.518
28305,HU_Solar,2050,10,9,9,-1.518
28306,HU_Solar,2050,10,10,10,-1.518
28307,HU_Solar,2050,10,11,11,-1.518
28308,HU_Solar,2050,10,12,12,-1.518
28309,HU_Solar,2050,10,13,13,-1.518
28310,HU_Solar,2050,10,14,14,-1.518
28311,HU_Solar,2050,10,15,15,-1.518
28312,HU_Solar,2050,10,16,16,-1.518
28313,HU_Solar,2050,10,17,17,-1.518
28314,HU_Solar,2050,10,18,18,-1.518
28315,HU_Solar,2050,10,19,19,-1.518
28316,HU_Solar,2050,10,20,20,-1.518
28317,HU_Solar,2050,10,21,21,-1.518
28318,HU_Solar,2050,10,22,22,-0.8142
28319,HU_Solar,2050,10,23,23,-0.8142
28320,HU_Solar,2050,10,24,24,-0.8142
28321,HU_Wind_Offshore,2050,1,1,1,-0.9381
28322,HU_Wind_Offshore,2050,1,2,2,-0.9381
28323,HU_Wind_Offshore,2050,1,3,3,-0.9381
28324,HU_Wind_Offshore,2050,1,4,4,-0.9381
28325,HU_Wind_Offshore,2050,1,5,5,-0.9381
28326,HU_Wind_Offshore,2050,1,6,6,-0.9381
28327,HU_Wind_Offshore,2050,1,7,7,-0.9381
28328,HU_Wind_Offshore,2050,1,8,8,-0.9381
28329,HU_Wind_Offshore,2050,1,9,9,-0.9381
28330,HU_Wind_Offshore,2050,1,10,10,-0.9381
28331,HU_Wind_Offshore,2050,1,11,11,-0.9381
28332,HU_Wind_Offshore,2050,1,12,12,-0.9381
28333,HU_Wind_Offshore,2050,1,13,13,-0.9381
28334,HU_Wind_Offshore,2050,1,14,14,-0.9381
28335,HU_Wind_Offshore,2050,1,15,15,-0.9381
28336,HU_Wind_Offshore,2050,1,16,16,-1.749
28337,HU_Wind_Offshore,2050,1,17,17,-1.749
28338,HU_Wind_Offshore,2050,1,18,18,-1.749
28339,HU_Wind_Offshore,2050,1,19,19,-1.749
28340,HU_Wind_Offshore,2050,1,20,20,-1.749
28341,HU_Wind_Offshore,2050,1,21,21,-1.749
28342,HU_Wind_Offshore,2050,1,22,22,-1.749
28343,HU_Wind_Offshore,2050,1,23,23,-0.9381
28344,HU_Wind_Offshore,2050,1,24,24,-0.9381
28345,HU_Wind_Offshore,2050,2,1,1,0.0
28346,HU_Wind_Offshore,2050,2,2,2,0.0
28347,HU_Wind_Offshore,2050,2,3,3,0.0
28348,HU_Wind_Offshore,2050,2,4,4,0.0
28349,HU_Wind_Offshore,2050,2,5,5,0.0
28350,HU_Wind_Offshore,2050,2,6,6,0.0
28351,HU_Wind_Offshore,2050,2,7,7,0.0
28352,HU_Wind_Offshore,2050,2,8,8,0.0
28353,HU_Wind_Offshore,2050,2,9,9,0.0
28354,HU_Wind_Offshore,2050,2,10,10,0.0
28355,HU_Wind_Offshore,2050,2,11,11,0.0
28356,HU_Wind_Offshore,2050,2,12,12,0.0
28357,HU_Wind_Offshore,2050,2,13,13,0.0
28358,HU_Wind_Offshore,2050,2,14,14,0.0
28359,HU_Wind_Offshore,2050,2,15,15,0.0
28360,HU_Wind_Offshore,2050,2,16,16,0.0
28361,HU_Wind_Offshore,2050,2,17,17,0.0
28362,HU_Wind_Offshore,2050,2,18,18,0.0
28363,HU_Wind_Offshore,2050,2,19,19,0.0
28364,HU_Wind_Offshore,2050,2,20,20,0.0
28365,HU_Wind_Offshore,2050,2,21,21,0.0
28366,HU_Wind_Offshore,2050,2,22,22,0.0
28367,HU_Wind_Offshore,2050,2,23,23,0.0
28368,HU_Wind_Offshore,2050,2,24,24,0.0
28369,HU_Wind_Offshore,2050,3,1,1,-1.4789999999999999
28370,HU_Wind_Offshore,2050,3,2,2,-1.4789999999999999
28371,HU_Wind_Offshore,2050,3,3,3,-1.4789999999999999
28372,HU_Wind_Offshore,2050,3,4,4,-1.4789999999999999
28373,HU_Wind_Offshore,2050,3,5,5,-1.4789999999999999
28374,HU_Wind_Offshore,2050,3,6,6,-1.4789999999999999
28375,HU_Wind_Offshore,2050,3,7,7,-1.4789999999999999
28376,HU_Wind_Offshore,2050,3,8,8,-1.4789999999999999
28377,HU_Wind_Offshore,2050,3,9,9,-1.4789999999999999
28378,HU_Wind_Offshore,2050,3,10,10,-1.4789999999999999
28379,HU_Wind_Offshore,2050,3,11,11,-1.4789999999999999
28380,HU_Wind_Offshore,2050,3,12,12,-1.4789999999999999
28381,HU_Wind_Offshore,2050,3,13,13,-1.4789999999999999
28382,HU_Wind_Offshore,2050,3,14,14,-1.4789999999999999
28383,HU_Wind_Offshore,2050,3,15,15,-1.4789999999999999
28384,HU_Wind_Offshore,2050,3,16,16,-10.071265705666336
28385,HU_Wind_Offshore,2050,3,17,17,-23.467431411332672
28386,HU_Wind_Offshore,2050,3,18,18,-10.071265705666336
28387,HU_Wind_Offshore,2050,3,19,19,-1.4789999999999999
28388,HU_Wind_Offshore,2050,3,20,20,-1.4789999999999999
28389,HU_Wind_Offshore,2050,3,21,21,-1.4789999999999999
28390,HU_Wind_Offshore,2050,3,22,22,-1.4789999999999999
28391,HU_Wind_Offshore,2050,3,23,23,-1.4789999999999999
28392,HU_Wind_Offshore,2050,3,24,24,-1.4789999999999999
28393,HU_Wind_Offshore,2050,4,1,1,-0.4071
28394,HU_Wind_Offshore,2050,4,2,2,-0.4071
28395,HU_Wind_Offshore,2050,4,3,3,-0.4071
28396,HU_Wind_Offshore,2050,4,4,4,-0.4071
28397,HU_Wind_Offshore,2050,4,5,5,-0.4071
28398,HU_Wind_Offshore,2050,4,6,6,-0.4071
28399,HU_Wind_Offshore,2050,4,7,7,-0.4071
28400,HU_Wind_Offshore,2050,4,8,8,-0.4071
28401,HU_Wind_Offshore,2050,4,9,9,-0.4071
28402,HU_Wind_Offshore,2050,4,10,10,-0.4071
28403,HU_Wind_Offshore,2050,4,11,11,-0.4071
28404,HU_Wind_Offshore,2050,4,12,12,-0.4071
28405,HU_Wind_Offshore,2050,4,13,13,-0.4071
28406,HU_Wind_Offshore,2050,4,14,14,-0.4071
28407,HU_Wind_Offshore,2050,4,15,15,-0.4071
28408,HU_Wind_Offshore,2050,4,16,16,-0.759
28409,HU_Wind_Offshore,2050,4,17,17,-0.759
28410,HU_Wind_Offshore,2050,4,18,18,-0.759
28411,HU_Wind_Offshore,2050,4,19,19,-0.759
28412,HU_Wind_Offshore,2050,4,20,20,-0.759
28413,HU_Wind_Offshore,2050,4,21,21,-0.4071
28414,HU_Wind_Offshore,2050,4,22,22,-0.4071
28415,HU_Wind_Offshore,2050,4,23,23,-0.4071
28416,HU_Wind_Offshore,2050,4,24,24,-0.4071
28417,HU_Wind_Offshore,2050,5,1,1,-0.9204
28418,HU_Wind_Offshore,2050,5,2,2,-0.9204
28419,HU_Wind_Offshore,2050,5,3,3,0.0
28420,HU_Wind_Offshore,2050,5,4,4,0.0
28421,HU_Wind_Offshore,2050,5,5,5,0.0
28422,HU_Wind_Offshore,2050,5,6,6,0.0
28423,HU_Wind_Offshore,2050,5,7,7,0.0
28424,HU_Wind_Offshore,2050,5,8,8,0.0
28425,HU_Wind_Offshore,2050,5,9,9,0.0
28426,HU_Wind_Offshore,2050,5,10,10,0.0
28427,HU_Wind_Offshore,2050,5,11,11,0.0
28428,HU_Wind_Offshore,2050,5,12,12,-0.9204
28429,HU_Wind_Offshore,2050,5,13,13,-0.9204
28430,HU_Wind_Offshore,2050,5,14,14,-0.9204
28431,HU_Wind_Offshore,2050,5,15,15,-0.9204
28432,HU_Wind_Offshore,2050,5,16,16,-0.9204
28433,HU_Wind_Offshore,2050,5,17,17,-0.9204
28434,HU_Wind_Offshore,2050,5,18,18,-0.9204
28435,HU_Wind_Offshore,2050,5,19,19,-0.9204
28436,HU_Wind_Offshore,2050,5,20,20,-0.9204
28437,HU_Wind_Offshore,2050,5,21,21,-0.9204
28438,HU_Wind_Offshore,2050,5,22,22,-0.9204
28439,HU_Wind_Offshore,2050,5,23,23,-0.9204
28440,HU_Wind_Offshore,2050,5,24,24,0.0
28441,HU_Wind_Offshore,2050,6,1,1,0.0
28442,HU_Wind_Offshore,2050,6,2,2,0.0
28443,HU_Wind_Offshore,2050,6,3,3,0.0
28444,HU_Wind_Offshore,2050,6,4,4,0.0
28445,HU_Wind_Offshore,2050,6,5,5,0.0
28446,HU_Wind_Offshore,2050,6,6,6,0.0
28447,HU_Wind_Offshore,2050,6,7,7,0.0
28448,HU_Wind_Offshore,2050,6,8,8,0.0
28449,HU_Wind_Offshore,2050,6,9,9,0.0
28450,HU_Wind_Offshore,2050,6,10,10,0.0
28451,HU_Wind_Offshore,2050,6,11,11,0.0
28452,HU_Wind_Offshore,2050,6,12,12,0.0
28453,HU_Wind_Offshore,2050,6,13,13,0.0
28454,HU_Wind_Offshore,2050,6,14,14,0.0
28455,HU_Wind_Offshore,2050,6,15,15,0.0
28456,HU_Wind_Offshore,2050,6,16,16,0.0
28457,HU_Wind_Offshore,2050,6,17,17,0.0
28458,HU_Wind_Offshore,2050,6,18,18,0.0
28459,HU_Wind_Offshore,2050,6,19,19,-0.3186
28460,HU_Wind_Offshore,2050,6,20,20,-0.3186
28461,HU_Wind_Offshore,2050,6,21,21,-0.3186
28462,HU_Wind_Offshore,2050,6,22,22,0.0
28463,HU_Wind_Offshore,2050,6,23,23,0.0
28464,HU_Wind_Offshore,2050,6,24,24,0.0
28465,HU_Wind_Offshore,2050,7,1,1,-0.6549
28466,HU_Wind_Offshore,2050,7,2,2,-0.6549
28467,HU_Wind_Offshore,2050,7,3,3,-0.6549
28468,HU_Wind_Offshore,2050,7,4,4,-0.6549
28469,HU_Wind_Offshore,2050,7,5,5,-0.6549
28470,HU_Wind_Offshore,2050,7,6,6,-0.6549
28471,HU_Wind_Offshore,2050,7,7,7,-0.6549
28472,HU_Wind_Offshore,2050,7,8,8,-0.6549
28473,HU_Wind_Offshore,2050,7,9,9,-0.6549
28474,HU_Wind_Offshore,2050,7,10,10,-0.6549
28475,HU_Wind_Offshore,2050,7,11,11,-0.6549
28476,HU_Wind_Offshore,2050,7,12,12,-0.6549
28477,HU_Wind_Offshore,2050,7,13,13,-0.6549
28478,HU_Wind_Offshore,2050,7,14,14,-0.6549
28479,HU_Wind_Offshore,2050,7,15,15,-0.6549
28480,HU_Wind_Offshore,2050,7,16,16,-1.221
28481,HU_Wind_Offshore,2050,7,17,17,-1.221
28482,HU_Wind_Offshore,2050,7,18,18,-1.221
28483,HU_Wind_Offshore,2050,7,19,19,-1.221
28484,HU_Wind_Offshore,2050,7,20,20,-1.221
28485,HU_Wind_Offshore,2050,7,21,21,-1.221
28486,HU_Wind_Offshore,2050,7,22,22,-0.6549
28487,HU_Wind_Offshore,2050,7,23,23,-0.6549
28488,HU_Wind_Offshore,2050,7,24,24,-0.6549
28489,HU_Wind_Offshore,2050,8,1,1,-0.5487
28490,HU_Wind_Offshore,2050,8,2,2,-0.5487
28491,HU_Wind_Offshore,2050,8,3,3,-0.5487
28492,HU_Wind_Offshore,2050,8,4,4,-0.5487
28493,HU_Wind_Offshore,2050,8,5,5,-0.5487
28494,HU_Wind_Offshore,2050,8,6,6,-0.5487
28495,HU_Wind_Offshore,2050,8,7,7,-0.5487
28496,HU_Wind_Offshore,2050,8,8,8,-0.5487
28497,HU_Wind_Offshore,2050,8,9,9,-0.5487
28498,HU_Wind_Offshore,2050,8,10,10,-0.5487
28499,HU_Wind_Offshore,2050,8,11,11,-0.5487
28500,HU_Wind_Offshore,2050,8,12,12,-0.5487
28501,HU_Wind_Offshore,2050,8,13,13,-0.5487
28502,HU_Wind_Offshore,2050,8,14,14,-0.5487
28503,HU_Wind_Offshore,2050,8,15,15,-0.5487
28504,HU_Wind_Offshore,2050,8,16,16,-0.5487
28505,HU_Wind_Offshore,2050,8,17,17,-1.0230000000000001
28506,HU_Wind_Offshore,2050,8,18,18,-1.0230000000000001
28507,HU_Wind_Offshore,2050,8,19,19,-1.0230000000000001
28508,HU_Wind_Offshore,2050,8,20,20,-1.0230000000000001
28509,HU_Wind_Offshore,2050,8,21,21,-0.5487
28510,HU_Wind_Offshore,2050,8,22,22,-0.5487
28511,HU_Wind_Offshore,2050,8,23,23,-0.5487
28512,HU_Wind_Offshore,2050,8,24,24,-0.5487
28513,HU_Wind_Offshore,2050,9,1,1,-0.7611
28514,HU_Wind_Offshore,2050,9,2,2,-0.7611
28515,HU_Wind_Offshore,2050,9,3,3,-0.7611
28516,HU_Wind_Offshore,2050,9,4,4,-0.7611
28517,HU_Wind_Offshore,2050,9,5,5,-0.7611
28518,HU_Wind_Offshore,2050,9,6,6,-0.7611
28519,HU_Wind_Offshore,2050,9,7,7,-0.7611
28520,HU_Wind_Offshore,2050,9,8,8,-0.7611
28521,HU_Wind_Offshore,2050,9,9,9,-0.7611
28522,HU_Wind_Offshore,2050,9,10,10,-0.7611
28523,HU_Wind_Offshore,2050,9,11,11,-0.7611
28524,HU_Wind_Offshore,2050,9,12,12,-0.7611
28525,HU_Wind_Offshore,2050,9,13,13,-0.7611
28526,HU_Wind_Offshore,2050,9,14,14,-0.7611
28527,HU_Wind_Offshore,2050,9,15,15,-0.7611
28528,HU_Wind_Offshore,2050,9,16,16,-0.7611
28529,HU_Wind_Offshore,2050,9,17,17,-0.7611
28530,HU_Wind_Offshore,2050,9,18,18,-1.419
28531,HU_Wind_Offshore,2050,9,19,19,-1.419
28532,HU_Wind_Offshore,2050,9,20,20,-1.419
28533,HU_Wind_Offshore,2050,9,21,21,-0.7611
28534,HU_Wind_Offshore,2050,9,22,22,-0.7611
28535,HU_Wind_Offshore,2050,9,23,23,-0.7611
28536,HU_Wind_Offshore,2050,9,24,24,-0.7611
28537,HU_Wind_Offshore,2050,10,1,1,-0.8142
28538,HU_Wind_Offshore,2050,10,2,2,-0.8142
28539,HU_Wind_Offshore,2050,10,3,3,-0.8142
28540,HU_Wind_Offshore,2050,10,4,4,-0.8142
28541,HU_Wind_Offshore,2050,10,5,5,-0.8142
28542,HU_Wind_Offshore,2050,10,6,6,-0.8142
28543,HU_Wind_Offshore,2050,10,7,7,-1.518
28544,HU_Wind_Offshore,2050,10,8,8,-1.518
28545,HU_Wind_Offshore,2050,10,9,9,-1.518
28546,HU_Wind_Offshore,2050,10,10,10,-1.518
28547,HU_Wind_Offshore,2050,10,11,11,-1.518
28548,HU_Wind_Offshore,2050,10,12,12,-1.518
28549,HU_Wind_Offshore,2050,10,13,13,-1.518
28550,HU_Wind_Offshore,2050,10,14,14,-1.518
28551,HU_Wind_Offshore,2050,10,15,15,-1.518
28552,HU_Wind_Offshore,2050,10,16,16,-1.518
28553,HU_Wind_Offshore,2050,10,17,17,-1.518
28554,HU_Wind_Offshore,2050,10,18,18,-1.518
28555,HU_Wind_Offshore,2050,10,19,19,-1.518
28556,HU_Wind_Offshore,2050,10,20,20,-1.518
28557,HU_Wind_Offshore,2050,10,21,21,-1.518
28558,HU_Wind_Offshore,2050,10,22,22,-0.8142
28559,HU_Wind_Offshore,2050,10,23,23,-0.8142
28560,HU_Wind_Offshore,2050,10,24,24,-0.8142
28561,HU_Wind_Onshore,2050,1,1,1,-0.9381
28562,HU_Wind_Onshore,2050,1,2,2,-0.9381
28563,HU_Wind_Onshore,2050,1,3,3,-0.9381
28564,HU_Wind_Onshore,2050,1,4,4,-0.9381
28565,HU_Wind_Onshore,2050,1,5,5,-0.9381
28566,HU_Wind_Onshore,2050,1,6,6,-0.9381
28567,HU_Wind_Onshore,2050,1,7,7,-0.9381
28568,HU_Wind_Onshore,2050,1,8,8,-0.9381
28569,HU_Wind_Onshore,2050,1,9,9,-0.9381
28570,HU_Wind_Onshore,2050,1,10,10,-0.9381
28571,HU_Wind_Onshore,2050,1,11,11,-0.9381
28572,HU_Wind_Onshore,2050,1,12,12,-0.9381
28573,HU_Wind_Onshore,2050,1,13,13,-0.9381
28574,HU_Wind_Onshore,2050,1,14,14,-0.9381
28575,HU_Wind_Onshore,2050,1,15,15,-0.9381
28576,HU_Wind_Onshore,2050,1,16,16,-1.749
28577,HU_Wind_Onshore,2050,1,17,17,-1.749
28578,HU_Wind_Onshore,2050,1,18,18,-1.749
28579,HU_Wind_Onshore,2050,1,19,19,-1.749
28580,HU_Wind_Onshore,2050,1,20,20,-1.749
28581,HU_Wind_Onshore,2050,1,21,21,-1.749
28582,HU_Wind_Onshore,2050,1,22,22,-1.749
28583,HU_Wind_Onshore,2050,1,23,23,-0.9381
28584,HU_Wind_Onshore,2050,1,24,24,-0.9381
28585,HU_Wind_Onshore,2050,2,1,1,0.0
28586,HU_Wind_Onshore,2050,2,2,2,0.0
28587,HU_Wind_Onshore,2050,2,3,3,0.0
28588,HU_Wind_Onshore,2050,2,4,4,0.0
28589,HU_Wind_Onshore,2050,2,5,5,0.0
28590,HU_Wind_Onshore,2050,2,6,6,0.0
28591,HU_Wind_Onshore,2050,2,7,7,0.0
28592,HU_Wind_Onshore,2050,2,8,8,0.0
28593,HU_Wind_Onshore,2050,2,9,9,0.0
28594,HU_Wind_Onshore,2050,2,10,10,0.0
28595,HU_Wind_Onshore,2050,2,11,11,0.0
28596,HU_Wind_Onshore,2050,2,12,12,0.0
28597,HU_Wind_Onshore,2050,2,13,13,0.0
28598,HU_Wind_Onshore,2050,2,14,14,0.0
28599,HU_Wind_Onshore,2050,2,15,15,0.0
28600,HU_Wind_Onshore,2050,2,16,16,0.0
28601,HU_Wind_Onshore,2050,2,17,17,0.0
28602,HU_Wind_Onshore,2050,2,18,18,0.0
28603,HU_Wind_Onshore,2050,2,19,19,0.0
28604,HU_Wind_Onshore,2050,2,20,20,0.0
28605,HU_Wind_Onshore,2050,2,21,21,0.0
28606,HU_Wind_Onshore,2050,2,22,22,0.0
28607,HU_Wind_Onshore,2050,2,23,23,0.0
28608,HU_Wind_Onshore,2050,2,24,24,0.0
28609,HU_Wind_Onshore,2050,3,1,1,-1.4789999999999999
28610,HU_Wind_Onshore,2050,3,2,2,-1.4789999999999999
28611,HU_Wind_Onshore,2050,3,3,3,-1.4789999999999999
28612,HU_Wind_Onshore,2050,3,4,4,-1.4789999999999999
28613,HU_Wind_Onshore,2050,3,5,5,-1.4789999999999999
28614,HU_Wind_Onshore,2050,3,6,6,-1.4789999999999999
28615,HU_Wind_Onshore,2050,3,7,7,-1.4789999999999999
28616,HU_Wind_Onshore,2050,3,8,8,-1.4789999999999999
28617,HU_Wind_Onshore,2050,3,9,9,-1.4789999999999999
28618,HU_Wind_Onshore,2050,3,10,10,-1.4789999999999999
28619,HU_Wind_Onshore,2050,3,11,11,-1.4789999999999999
28620,HU_Wind_Onshore,2050,3,12,12,-1.4789999999999999
28621,HU_Wind_Onshore,2050,3,13,13,-1.4789999999999999
28622,HU_Wind_Onshore,2050,3,14,14,-1.4789999999999999
28623,HU_Wind_Onshore,2050,3,15,15,-1.4789999999999999
28624,HU_Wind_Onshore,2050,3,16,16,-10.071265705666336
28625,HU_Wind_Onshore,2050,3,17,17,-23.467431411332672
28626,HU_Wind_Onshore,2050,3,18,18,-10.071265705666336
28627,HU_Wind_Onshore,2050,3,19,19,-1.4789999999999999
28628,HU_Wind_Onshore,2050,3,20,20,-1.4789999999999999
28629,HU_Wind_Onshore,2050,3,21,21,-1.4789999999999999
28630,HU_Wind_Onshore,2050,3,22,22,-1.4789999999999999
28631,HU_Wind_Onshore,2050,3,23,23,-1.4789999999999999
28632,HU_Wind_Onshore,2050,3,24,24,-1.4789999999999999
28633,HU_Wind_Onshore,2050,4,1,1,-0.4071
28634,HU_Wind_Onshore,2050,4,2,2,-0.4071
28635,HU_Wind_Onshore,2050,4,3,3,-0.4071
28636,HU_Wind_Onshore,2050,4,4,4,-0.4071
28637,HU_Wind_Onshore,2050,4,5,5,-0.4071
28638,HU_Wind_Onshore,2050,4,6,6,-0.4071
28639,HU_Wind_Onshore,2050,4,7,7,-0.4071
28640,HU_Wind_Onshore,2050,4,8,8,-0.4071
28641,HU_Wind_Onshore,2050,4,9,9,-0.4071
28642,HU_Wind_Onshore,2050,4,10,10,-0.4071
28643,HU_Wind_Onshore,2050,4,11,11,-0.4071
28644,HU_Wind_Onshore,2050,4,12,12,-0.4071
28645,HU_Wind_Onshore,2050,4,13,13,-0.4071
28646,HU_Wind_Onshore,2050,4,14,14,-0.4071
28647,HU_Wind_Onshore,2050,4,15,15,-0.4071
28648,HU_Wind_Onshore,2050,4,16,16,-0.759
28649,HU_Wind_Onshore,2050,4,17,17,-0.759
28650,HU_Wind_Onshore,2050,4,18,18,-0.759
28651,HU_Wind_Onshore,2050,4,19,19,-0.759
28652,HU_Wind_Onshore,2050,4,20,20,-0.759
28653,HU_Wind_Onshore,2050,4,21,21,-0.4071
28654,HU_Wind_Onshore,2050,4,22,22,-0.4071
28655,HU_Wind_Onshore,2050,4,23,23,-0.4071
28656,HU_Wind_Onshore,2050,4,24,24,-0.4071
28657,HU_Wind_Onshore,2050,5,1,1,-0.9204
28658,HU_Wind_Onshore,2050,5,2,2,-0.9204
28659,HU_Wind_Onshore,2050,5,3,3,0.0
28660,HU_Wind_Onshore,2050,5,4,4,0.0
28661,HU_Wind_Onshore,2050,5,5,5,0.0
28662,HU_Wind_Onshore,2050,5,6,6,0.0
28663,HU_Wind_Onshore,2050,5,7,7,0.0
28664,HU_Wind_Onshore,2050,5,8,8,0.0
28665,HU_Wind_Onshore,2050,5,9,9,0.0
28666,HU_Wind_Onshore,2050,5,10,10,0.0
28667,HU_Wind_Onshore,2050,5,11,11,0.0
28668,HU_Wind_Onshore,2050,5,12,12,-0.9204
28669,HU_Wind_Onshore,2050,5,13,13,-0.9204
28670,HU_Wind_Onshore,2050,5,14,14,-0.9204
28671,HU_Wind_Onshore,2050,5,15,15,-0.9204
28672,HU_Wind_Onshore,2050,5,16,16,-0.9204
28673,HU_Wind_Onshore,2050,5,17,17,-0.9204
28674,HU_Wind_Onshore,2050,5,18,18,-0.9204
28675,HU_Wind_Onshore,2050,5,19,19,-0.9204
28676,HU_Wind_Onshore,2050,5,20,20,-0.9204
28677,HU_Wind_Onshore,2050,5,21,21,-0.9204
28678,HU_Wind_Onshore,2050,5,22,22,-0.9204
28679,HU_Wind_Onshore,2050,5,23,23,-0.9204
28680,HU_Wind_Onshore,2050,5,24,24,0.0
28681,HU_Wind_Onshore,2050,6,1,1,0.0
28682,HU_Wind_Onshore,2050,6,2,2,0.0
28683,HU_Wind_Onshore,2050,6,3,3,0.0
28684,HU_Wind_Onshore,2050,6,4,4,0.0
28685,HU_Wind_Onshore,2050,6,5,5,0.0
28686,HU_Wind_Onshore,2050,6,6,6,0.0
28687,HU_Wind_Onshore,2050,6,7,7,0.0
28688,HU_Wind_Onshore,2050,6,8,8,0.0
28689,HU_Wind_Onshore,2050,6,9,9,0.0
28690,HU_Wind_Onshore,2050,6,10,10,0.0
28691,HU_Wind_Onshore,2050,6,11,11,0.0
28692,HU_Wind_Onshore,2050,6,12,12,0.0
28693,HU_Wind_Onshore,2050,6,13,13,0.0
28694,HU_Wind_Onshore,2050,6,14,14,0.0
28695,HU_Wind_Onshore,2050,6,15,15,0.0
28696,HU_Wind_Onshore,2050,6,16,16,0.0
28697,HU_Wind_Onshore,2050,6,17,17,0.0
28698,HU_Wind_Onshore,2050,6,18,18,0.0
28699,HU_Wind_Onshore,2050,6,19,19,-0.3186
28700,HU_Wind_Onshore,2050,6,20,20,-0.3186
28701,HU_Wind_Onshore,2050,6,21,21,-0.3186
28702,HU_Wind_Onshore,2050,6,22,22,0.0
28703,HU_Wind_Onshore,2050,6,23,23,0.0
28704,HU_Wind_Onshore,2050,6,24,24,0.0
28705,HU_Wind_Onshore,2050,7,1,1,-0.6549
28706,HU_Wind_Onshore,2050,7,2,2,-0.6549
28707,HU_Wind_Onshore,2050,7,3,3,-0.6549
28708,HU_Wind_Onshore,2050,7,4,4,-0.6549
28709,HU_Wind_Onshore,2050,7,5,5,-0.6549
28710,HU_Wind_Onshore,2050,7,6,6,-0.6549
28711,HU_Wind_Onshore,2050,7,7,7,-0.6549
28712,HU_Wind_Onshore,2050,7,8,8,-0.6549
28713,HU_Wind_Onshore,2050,7,9,9,-0.6549
28714,HU_Wind_Onshore,2050,7,10,10,-0.6549
28715,HU_Wind_Onshore,2050,7,11,11,-0.6549
28716,HU_Wind_Onshore,2050,7,12,12,-0.6549
28717,HU_Wind_Onshore,2050,7,13,13,-0.6549
28718,HU_Wind_Onshore,2050,7,14,14,-0.6549
28719,HU_Wind_Onshore,2050,7,15,15,-0.6549
28720,HU_Wind_Onshore,2050,7,16,16,-1.221
28721,HU_Wind_Onshore,2050,7,17,17,-1.221
28722,HU_Wind_Onshore,2050,7,18,18,-1.221
28723,HU_Wind_Onshore,2050,7,19,19,-1.221
28724,HU_Wind_Onshore,2050,7,20,20,-1.221
28725,HU_Wind_Onshore,2050,7,21,21,-1.221
28726,HU_Wind_Onshore,2050,7,22,22,-0.6549
28727,HU_Wind_Onshore,2050,7,23,23,-0.6549
28728,HU_Wind_Onshore,2050,7,24,24,-0.6549
28729,HU_Wind_Onshore,2050,8,1,1,-0.5487
28730,HU_Wind_Onshore,2050,8,2,2,-0.5487
28731,HU_Wind_Onshore,2050,8,3,3,-0.5487
28732,HU_Wind_Onshore,2050,8,4,4,-0.5487
28733,HU_Wind_Onshore,2050,8,5,5,-0.5487
28734,HU_Wind_Onshore,2050,8,6,6,-0.5487
28735,HU_Wind_Onshore,2050,8,7,7,-0.5487
28736,HU_Wind_Onshore,2050,8,8,8,-0.5487
28737,HU_Wind_Onshore,2050,8,9,9,-0.5487
28738,HU_Wind_Onshore,2050,8,10,10,-0.5487
28739,HU_Wind_Onshore,2050,8,11,11,-0.5487
28740,HU_Wind_Onshore,2050,8,12,12,-0.5487
28741,HU_Wind_Onshore,2050,8,13,13,-0.5487
28742,HU_Wind_Onshore,2050,8,14,14,-0.5487
28743,HU_Wind_Onshore,2050,8,15,15,-0.5487
28744,HU_Wind_Onshore,2050,8,16,16,-0.5487
28745,HU_Wind_Onshore,2050,8,17,17,-1.0230000000000001
28746,HU_Wind_Onshore,2050,8,18,18,-1.0230000000000001
28747,HU_Wind_Onshore,2050,8,19,19,-1.0230000000000001
28748,HU_Wind_Onshore,2050,8,20,20,-1.0230000000000001
28749,HU_Wind_Onshore,2050,8,21,21,-0.5487
28750,HU_Wind_Onshore,2050,8,22,22,-0.5487
28751,HU_Wind_Onshore,2050,8,23,23,-0.5487
28752,HU_Wind_Onshore,2050,8,24,24,-0.5487
28753,HU_Wind_Onshore,2050,9,1,1,-0.7611
28754,HU_Wind_Onshore,2050,9,2,2,-0.7611
28755,HU_Wind_Onshore,2050,9,3,3,-0.7611
28756,HU_Wind_Onshore,2050,9,4,4,-0.7611
28757,HU_Wind_Onshore,2050,9,5,5,-0.7611
28758,HU_Wind_Onshore,2050,9,6,6,-0.7611
28759,HU_Wind_Onshore,2050,9,7,7,-0.7611
28760,HU_Wind_Onshore,2050,9,8,8,-0.7611
28761,HU_Wind_Onshore,2050,9,9,9,-0.7611
28762,HU_Wind_Onshore,2050,9,10,10,-0.7611
28763,HU_Wind_Onshore,2050,9,11,11,-0.7611
28764,HU_Wind_Onshore,2050,9,12,12,-0.7611
28765,HU_Wind_Onshore,2050,9,13,13,-0.7611
28766,HU_Wind_Onshore,2050,9,14,14,-0.7611
28767,HU_Wind_Onshore,2050,9,15,15,-0.7611
28768,HU_Wind_Onshore,2050,9,16,16,-0.7611
28769,HU_Wind_Onshore,2050,9,17,17,-0.7611
28770,HU_Wind_Onshore,2050,9,18,18,-1.419
28771,HU_Wind_Onshore,2050,9,19,19,-1.419
28772,HU_Wind_Onshore,2050,9,20,20,-1.419
28773,HU_Wind_Onshore,2050,9,21,21,-0.7611
28774,HU_Wind_Onshore,2050,9,22,22,-0.7611
28775,HU_Wind_Onshore,2050,9,23,23,-0.7611
28776,HU_Wind_Onshore,2050,9,24,24,-0.7611
28777,HU_Wind_Onshore,2050,10,1,1,-0.8142
28778,HU_Wind_Onshore,2050,10,2,2,-0.8142
28779,HU_Wind_Onshore,2050,10,3,3,-0.8142
28780,HU_Wind_Onshore,2050,10,4,4,-0.8142
28781,HU_Wind_Onshore,2050,10,5,5,-0.8142
28782,HU_Wind_Onshore,2050,10,6,6,-0.8142
28783,HU_Wind_Onshore,2050,10,7,7,-1.518
28784,HU_Wind_Onshore,2050,10,8,8,-1.518
28785,HU_Wind_Onshore,2050,10,9,9,-1.518
28786,HU_Wind_Onshore,2050,10,10,10,-1.518
28787,HU_Wind_Onshore,2050,10,11,11,-1.518
28788,HU_Wind_Onshore,2050,10,12,12,-1.518
28789,HU_Wind_Onshore,2050,10,13,13,-1.518
28790,HU_Wind_Onshore,2050,10,14,14,-1.518
28791,HU_Wind_Onshore,2050,10,15,15,-1.518
28792,HU_Wind_Onshore,2050,10,16,16,-1.518
28793,HU_Wind_Onshore,2050,10,17,17,-1.518
28794,HU_Wind_Onshore,2050,10,18,18,-1.518
28795,HU_Wind_Onshore,2050,10,19,19,-1.518
28796,HU_Wind_Onshore,2050,10,20,20,-1.518
28797,HU_Wind_Onshore,2050,10,21,21,-1.518
28798,HU_Wind_Onshore,2050,10,22,22,-0.8142
28799,HU_Wind_Onshore,2050,10,23,23,-0.8142
28800,HU_Wind_Onshore,2050,10,24,24,-0.8142
28801,IE_Battery,2050,1,1,1,0.0
28802,IE_Battery,2050,1,2,2,0.0
28803,IE_Battery,2050,1,3,3,0.0
28804,IE_Battery,2050,1,4,4,0.0
28805,IE_Battery,2050,1,5,5,0.0
28806,IE_Battery,2050,1,6,6,0.0
28807,IE_Battery,2050,1,7,7,0.0
28808,IE_Battery,2050,1,8,8,0.0
28809,IE_Battery,2050,1,9,9,0.0
28810,IE_Battery,2050,1,10,10,0.0
28811,IE_Battery,2050,1,11,11,0.0
28812,IE_Battery,2050,1,12,12,0.0
28813,IE_Battery,2050,1,13,13,0.0
28814,IE_Battery,2050,1,14,14,0.0
28815,IE_Battery,2050,1,15,15,0.0
28816,IE_Battery,2050,1,16,16,0.0
28817,IE_Battery,2050,1,17,17,0.0
28818,IE_Battery,2050,1,18,18,0.0
28819,IE_Battery,2050,1,19,19,0.0
28820,IE_Battery,2050,1,20,20,0.0
28821,IE_Battery,2050,1,21,21,0.0
28822,IE_Battery,2050,1,22,22,0.0
28823,IE_Battery,2050,1,23,23,0.0
28824,IE_Battery,2050,1,24,24,0.0
28825,IE_Battery,2050,2,1,1,0.0
28826,IE_Battery,2050,2,2,2,0.0
28827,IE_Battery,2050,2,3,3,0.0
28828,IE_Battery,2050,2,4,4,0.0
28829,IE_Battery,2050,2,5,5,0.0
28830,IE_Battery,2050,2,6,6,0.0
28831,IE_Battery,2050,2,7,7,0.0
28832,IE_Battery,2050,2,8,8,0.0
28833,IE_Battery,2050,2,9,9,0.0
28834,IE_Battery,2050,2,10,10,0.0
28835,IE_Battery,2050,2,11,11,0.0
28836,IE_Battery,2050,2,12,12,0.0
28837,IE_Battery,2050,2,13,13,0.0
28838,IE_Battery,2050,2,14,14,0.0
28839,IE_Battery,2050,2,15,15,0.0
28840,IE_Battery,2050,2,16,16,0.0
28841,IE_Battery,2050,2,17,17,0.0
28842,IE_Battery,2050,2,18,18,0.0
28843,IE_Battery,2050,2,19,19,0.0
28844,IE_Battery,2050,2,20,20,0.0
28845,IE_Battery,2050,2,21,21,0.0
28846,IE_Battery,2050,2,22,22,0.0
28847,IE_Battery,2050,2,23,23,0.0
28848,IE_Battery,2050,2,24,24,0.0
28849,IE_Battery,2050,3,1,1,0.0
28850,IE_Battery,2050,3,2,2,0.0
28851,IE_Battery,2050,3,3,3,0.0
28852,IE_Battery,2050,3,4,4,0.0
28853,IE_Battery,2050,3,5,5,0.0
28854,IE_Battery,2050,3,6,6,0.0
28855,IE_Battery,2050,3,7,7,0.0
28856,IE_Battery,2050,3,8,8,0.0
28857,IE_Battery,2050,3,9,9,0.0
28858,IE_Battery,2050,3,10,10,0.0
28859,IE_Battery,2050,3,11,11,0.0
28860,IE_Battery,2050,3,12,12,0.0
28861,IE_Battery,2050,3,13,13,0.0
28862,IE_Battery,2050,3,14,14,0.0
28863,IE_Battery,2050,3,15,15,0.0
28864,IE_Battery,2050,3,16,16,0.0
28865,IE_Battery,2050,3,17,17,0.0
28866,IE_Battery,2050,3,18,18,0.0
28867,IE_Battery,2050,3,19,19,0.0
28868,IE_Battery,2050,3,20,20,0.0
28869,IE_Battery,2050,3,21,21,0.0
28870,IE_Battery,2050,3,22,22,0.0
28871,IE_Battery,2050,3,23,23,0.0
28872,IE_Battery,2050,3,24,24,0.0
28873,IE_Battery,2050,4,1,1,0.0
28874,IE_Battery,2050,4,2,2,0.0
28875,IE_Battery,2050,4,3,3,0.0
28876,IE_Battery,2050,4,4,4,0.0
28877,IE_Battery,2050,4,5,5,0.0
28878,IE_Battery,2050,4,6,6,0.0
28879,IE_Battery,2050,4,7,7,0.0
28880,IE_Battery,2050,4,8,8,0.0
28881,IE_Battery,2050,4,9,9,0.0
28882,IE_Battery,2050,4,10,10,0.0
28883,IE_Battery,2050,4,11,11,0.0
28884,IE_Battery,2050,4,12,12,0.0
28885,IE_Battery,2050,4,13,13,0.0
28886,IE_Battery,2050,4,14,14,0.0
28887,IE_Battery,2050,4,15,15,0.0
28888,IE_Battery,2050,4,16,16,0.0
28889,IE_Battery,2050,4,17,17,0.0
28890,IE_Battery,2050,4,18,18,0.0
28891,IE_Battery,2050,4,19,19,0.0
28892,IE_Battery,2050,4,20,20,0.0
28893,IE_Battery,2050,4,21,21,0.0
28894,IE_Battery,2050,4,22,22,0.0
28895,IE_Battery,2050,4,23,23,0.0
28896,IE_Battery,2050,4,24,24,0.0
28897,IE_Battery,2050,5,1,1,0.0
28898,IE_Battery,2050,5,2,2,0.0
28899,IE_Battery,2050,5,3,3,0.0
28900,IE_Battery,2050,5,4,4,0.0
28901,IE_Battery,2050,5,5,5,0.0
28902,IE_Battery,2050,5,6,6,0.0
28903,IE_Battery,2050,5,7,7,0.0
28904,IE_Battery,2050,5,8,8,0.0
28905,IE_Battery,2050,5,9,9,0.0
28906,IE_Battery,2050,5,10,10,0.0
28907,IE_Battery,2050,5,11,11,0.0
28908,IE_Battery,2050,5,12,12,0.0
28909,IE_Battery,2050,5,13,13,0.0
28910,IE_Battery,2050,5,14,14,0.0
28911,IE_Battery,2050,5,15,15,0.0
28912,IE_Battery,2050,5,16,16,0.0
28913,IE_Battery,2050,5,17,17,0.0
28914,IE_Battery,2050,5,18,18,0.0
28915,IE_Battery,2050,5,19,19,0.0
28916,IE_Battery,2050,5,20,20,0.0
28917,IE_Battery,2050,5,21,21,0.0
28918,IE_Battery,2050,5,22,22,0.0
28919,IE_Battery,2050,5,23,23,0.0
28920,IE_Battery,2050,5,24,24,0.0
28921,IE_Battery,2050,6,1,1,0.0
28922,IE_Battery,2050,6,2,2,0.0
28923,IE_Battery,2050,6,3,3,0.0
28924,IE_Battery,2050,6,4,4,0.0
28925,IE_Battery,2050,6,5,5,0.0
28926,IE_Battery,2050,6,6,6,0.0
28927,IE_Battery,2050,6,7,7,0.0
28928,IE_Battery,2050,6,8,8,0.0
28929,IE_Battery,2050,6,9,9,0.0
28930,IE_Battery,2050,6,10,10,0.0
28931,IE_Battery,2050,6,11,11,0.0
28932,IE_Battery,2050,6,12,12,0.0
28933,IE_Battery,2050,6,13,13,0.0
28934,IE_Battery,2050,6,14,14,0.0
28935,IE_Battery,2050,6,15,15,0.0
28936,IE_Battery,2050,6,16,16,0.0
28937,IE_Battery,2050,6,17,17,0.0
28938,IE_Battery,2050,6,18,18,0.0
28939,IE_Battery,2050,6,19,19,0.0
28940,IE_Battery,2050,6,20,20,0.0
28941,IE_Battery,2050,6,21,21,0.0
28942,IE_Battery,2050,6,22,22,0.0
28943,IE_Battery,2050,6,23,23,0.0
28944,IE_Battery,2050,6,24,24,0.0
28945,IE_Battery,2050,7,1,1,0.0
28946,IE_Battery,2050,7,2,2,0.0
28947,IE_Battery,2050,7,3,3,0.0
28948,IE_Battery,2050,7,4,4,0.0
28949,IE_Battery,2050,7,5,5,0.0
28950,IE_Battery,2050,7,6,6,0.0
28951,IE_Battery,2050,7,7,7,0.0
28952,IE_Battery,2050,7,8,8,0.0
28953,IE_Battery,2050,7,9,9,0.0
28954,IE_Battery,2050,7,10,10,0.0
28955,IE_Battery,2050,7,11,11,0.0
28956,IE_Battery,2050,7,12,12,0.0
28957,IE_Battery,2050,7,13,13,0.0
28958,IE_Battery,2050,7,14,14,0.0
28959,IE_Battery,2050,7,15,15,0.0
28960,IE_Battery,2050,7,16,16,0.0
28961,IE_Battery,2050,7,17,17,0.0
28962,IE_Battery,2050,7,18,18,0.0
28963,IE_Battery,2050,7,19,19,-13.396165705666336
28964,IE_Battery,2050,7,20,20,0.0
28965,IE_Battery,2050,7,21,21,0.0
28966,IE_Battery,2050,7,22,22,0.0
28967,IE_Battery,2050,7,23,23,0.0
28968,IE_Battery,2050,7,24,24,0.0
28969,IE_Battery,2050,8,1,1,0.0
28970,IE_Battery,2050,8,2,2,0.0
28971,IE_Battery,2050,8,3,3,0.0
28972,IE_Battery,2050,8,4,4,0.0
28973,IE_Battery,2050,8,5,5,0.0
28974,IE_Battery,2050,8,6,6,0.0
28975,IE_Battery,2050,8,7,7,0.0
28976,IE_Battery,2050,8,8,8,0.0
28977,IE_Battery,2050,8,9,9,0.0
28978,IE_Battery,2050,8,10,10,0.0
28979,IE_Battery,2050,8,11,11,0.0
28980,IE_Battery,2050,8,12,12,0.0
28981,IE_Battery,2050,8,13,13,0.0
28982,IE_Battery,2050,8,14,14,0.0
28983,IE_Battery,2050,8,15,15,0.0
28984,IE_Battery,2050,8,16,16,0.0
28985,IE_Battery,2050,8,17,17,0.0
28986,IE_Battery,2050,8,18,18,0.0
28987,IE_Battery,2050,8,19,19,0.0
28988,IE_Battery,2050,8,20,20,0.0
28989,IE_Battery,2050,8,21,21,0.0
28990,IE_Battery,2050,8,22,22,0.0
28991,IE_Battery,2050,8,23,23,0.0
28992,IE_Battery,2050,8,24,24,0.0
28993,IE_Battery,2050,9,1,1,0.0
28994,IE_Battery,2050,9,2,2,0.0
28995,IE_Battery,2050,9,3,3,0.0
28996,IE_Battery,2050,9,4,4,0.0
28997,IE_Battery,2050,9,5,5,0.0
28998,IE_Battery,2050,9,6,6,0.0
28999,IE_Battery,2050,9,7,7,0.0
29000,IE_Battery,2050,9,8,8,0.0
29001,IE_Battery,2050,9,9,9,0.0
29002,IE_Battery,2050,9,10,10,0.0
29003,IE_Battery,2050,9,11,11,0.0
29004,IE_Battery,2050,9,12,12,0.0
29005,IE_Battery,2050,9,13,13,0.0
29006,IE_Battery,2050,9,14,14,0.0
29007,IE_Battery,2050,9,15,15,0.0
29008,IE_Battery,2050,9,16,16,0.0
29009,IE_Battery,2050,9,17,17,0.0
29010,IE_Battery,2050,9,18,18,0.0
29011,IE_Battery,2050,9,19,19,0.0
29012,IE_Battery,2050,9,20,20,0.0
29013,IE_Battery,2050,9,21,21,0.0
29014,IE_Battery,2050,9,22,22,0.0
29015,IE_Battery,2050,9,23,23,0.0
29016,IE_Battery,2050,9,24,24,0.0
29017,IE_Battery,2050,10,1,1,0.0
29018,IE_Battery,2050,10,2,2,0.0
29019,IE_Battery,2050,10,3,3,0.0
29020,IE_Battery,2050,10,4,4,0.0
29021,IE_Battery,2050,10,5,5,0.0
29022,IE_Battery,2050,10,6,6,0.0
29023,IE_Battery,2050,10,7,7,0.0
29024,IE_Battery,2050,10,8,8,0.0
29025,IE_Battery,2050,10,9,9,0.0
29026,IE_Battery,2050,10,10,10,0.0
29027,IE_Battery,2050,10,11,11,0.0
29028,IE_Battery,2050,10,12,12,0.0
29029,IE_Battery,2050,10,13,13,0.0
29030,IE_Battery,2050,10,14,14,0.0
29031,IE_Battery,2050,10,15,15,0.0
29032,IE_Battery,2050,10,16,16,0.0
29033,IE_Battery,2050,10,17,17,0.0
29034,IE_Battery,2050,10,18,18,0.0
29035,IE_Battery,2050,10,19,19,0.0
29036,IE_Battery,2050,10,20,20,0.0
29037,IE_Battery,2050,10,21,21,0.0
29038,IE_Battery,2050,10,22,22,0.0
29039,IE_Battery,2050,10,23,23,0.0
29040,IE_Battery,2050,10,24,24,0.0
29041,IE_CCGT,2050,1,1,1,0.0
29042,IE_CCGT,2050,1,2,2,0.0
29043,IE_CCGT,2050,1,3,3,0.0
29044,IE_CCGT,2050,1,4,4,0.0
29045,IE_CCGT,2050,1,5,5,0.0
29046,IE_CCGT,2050,1,6,6,0.0
29047,IE_CCGT,2050,1,7,7,0.0
29048,IE_CCGT,2050,1,8,8,0.0
29049,IE_CCGT,2050,1,9,9,0.0
29050,IE_CCGT,2050,1,10,10,0.0
29051,IE_CCGT,2050,1,11,11,0.0
29052,IE_CCGT,2050,1,12,12,0.0
29053,IE_CCGT,2050,1,13,13,0.0
29054,IE_CCGT,2050,1,14,14,0.0
29055,IE_CCGT,2050,1,15,15,0.0
29056,IE_CCGT,2050,1,16,16,0.0
29057,IE_CCGT,2050,1,17,17,0.0
29058,IE_CCGT,2050,1,18,18,0.0
29059,IE_CCGT,2050,1,19,19,0.0
29060,IE_CCGT,2050,1,20,20,0.0
29061,IE_CCGT,2050,1,21,21,0.0
29062,IE_CCGT,2050,1,22,22,0.0
29063,IE_CCGT,2050,1,23,23,0.0
29064,IE_CCGT,2050,1,24,24,0.0
29065,IE_CCGT,2050,2,1,1,0.0
29066,IE_CCGT,2050,2,2,2,0.0
29067,IE_CCGT,2050,2,3,3,0.0
29068,IE_CCGT,2050,2,4,4,0.0
29069,IE_CCGT,2050,2,5,5,0.0
29070,IE_CCGT,2050,2,6,6,0.0
29071,IE_CCGT,2050,2,7,7,0.0
29072,IE_CCGT,2050,2,8,8,0.0
29073,IE_CCGT,2050,2,9,9,0.0
29074,IE_CCGT,2050,2,10,10,0.0
29075,IE_CCGT,2050,2,11,11,0.0
29076,IE_CCGT,2050,2,12,12,0.0
29077,IE_CCGT,2050,2,13,13,0.0
29078,IE_CCGT,2050,2,14,14,0.0
29079,IE_CCGT,2050,2,15,15,0.0
29080,IE_CCGT,2050,2,16,16,0.0
29081,IE_CCGT,2050,2,17,17,0.0
29082,IE_CCGT,2050,2,18,18,0.0
29083,IE_CCGT,2050,2,19,19,0.0
29084,IE_CCGT,2050,2,20,20,0.0
29085,IE_CCGT,2050,2,21,21,0.0
29086,IE_CCGT,2050,2,22,22,0.0
29087,IE_CCGT,2050,2,23,23,0.0
29088,IE_CCGT,2050,2,24,24,0.0
29089,IE_CCGT,2050,3,1,1,0.0
29090,IE_CCGT,2050,3,2,2,0.0
29091,IE_CCGT,2050,3,3,3,0.0
29092,IE_CCGT,2050,3,4,4,0.0
29093,IE_CCGT,2050,3,5,5,0.0
29094,IE_CCGT,2050,3,6,6,0.0
29095,IE_CCGT,2050,3,7,7,0.0
29096,IE_CCGT,2050,3,8,8,0.0
29097,IE_CCGT,2050,3,9,9,0.0
29098,IE_CCGT,2050,3,10,10,0.0
29099,IE_CCGT,2050,3,11,11,0.0
29100,IE_CCGT,2050,3,12,12,0.0
29101,IE_CCGT,2050,3,13,13,0.0
29102,IE_CCGT,2050,3,14,14,0.0
29103,IE_CCGT,2050,3,15,15,0.0
29104,IE_CCGT,2050,3,16,16,0.0
29105,IE_CCGT,2050,3,17,17,0.0
29106,IE_CCGT,2050,3,18,18,0.0
29107,IE_CCGT,2050,3,19,19,0.0
29108,IE_CCGT,2050,3,20,20,0.0
29109,IE_CCGT,2050,3,21,21,0.0
29110,IE_CCGT,2050,3,22,22,0.0
29111,IE_CCGT,2050,3,23,23,0.0
29112,IE_CCGT,2050,3,24,24,0.0
29113,IE_CCGT,2050,4,1,1,0.0
29114,IE_CCGT,2050,4,2,2,0.0
29115,IE_CCGT,2050,4,3,3,0.0
29116,IE_CCGT,2050,4,4,4,0.0
29117,IE_CCGT,2050,4,5,5,0.0
29118,IE_CCGT,2050,4,6,6,0.0
29119,IE_CCGT,2050,4,7,7,0.0
29120,IE_CCGT,2050,4,8,8,0.0
29121,IE_CCGT,2050,4,9,9,0.0
29122,IE_CCGT,2050,4,10,10,0.0
29123,IE_CCGT,2050,4,11,11,0.0
29124,IE_CCGT,2050,4,12,12,0.0
29125,IE_CCGT,2050,4,13,13,0.0
29126,IE_CCGT,2050,4,14,14,0.0
29127,IE_CCGT,2050,4,15,15,0.0
29128,IE_CCGT,2050,4,16,16,0.0
29129,IE_CCGT,2050,4,17,17,0.0
29130,IE_CCGT,2050,4,18,18,0.0
29131,IE_CCGT,2050,4,19,19,0.0
29132,IE_CCGT,2050,4,20,20,0.0
29133,IE_CCGT,2050,4,21,21,0.0
29134,IE_CCGT,2050,4,22,22,0.0
29135,IE_CCGT,2050,4,23,23,0.0
29136,IE_CCGT,2050,4,24,24,0.0
29137,IE_CCGT,2050,5,1,1,0.0
29138,IE_CCGT,2050,5,2,2,0.0
29139,IE_CCGT,2050,5,3,3,0.0
29140,IE_CCGT,2050,5,4,4,0.0
29141,IE_CCGT,2050,5,5,5,0.0
29142,IE_CCGT,2050,5,6,6,0.0
29143,IE_CCGT,2050,5,7,7,0.0
29144,IE_CCGT,2050,5,8,8,0.0
29145,IE_CCGT,2050,5,9,9,0.0
29146,IE_CCGT,2050,5,10,10,0.0
29147,IE_CCGT,2050,5,11,11,0.0
29148,IE_CCGT,2050,5,12,12,0.0
29149,IE_CCGT,2050,5,13,13,0.0
29150,IE_CCGT,2050,5,14,14,0.0
29151,IE_CCGT,2050,5,15,15,0.0
29152,IE_CCGT,2050,5,16,16,0.0
29153,IE_CCGT,2050,5,17,17,0.0
29154,IE_CCGT,2050,5,18,18,0.0
29155,IE_CCGT,2050,5,19,19,0.0
29156,IE_CCGT,2050,5,20,20,0.0
29157,IE_CCGT,2050,5,21,21,0.0
29158,IE_CCGT,2050,5,22,22,0.0
29159,IE_CCGT,2050,5,23,23,0.0
29160,IE_CCGT,2050,5,24,24,0.0
29161,IE_CCGT,2050,6,1,1,0.0
29162,IE_CCGT,2050,6,2,2,0.0
29163,IE_CCGT,2050,6,3,3,0.0
29164,IE_CCGT,2050,6,4,4,0.0
29165,IE_CCGT,2050,6,5,5,0.0
29166,IE_CCGT,2050,6,6,6,0.0
29167,IE_CCGT,2050,6,7,7,0.0
29168,IE_CCGT,2050,6,8,8,0.0
29169,IE_CCGT,2050,6,9,9,0.0
29170,IE_CCGT,2050,6,10,10,0.0
29171,IE_CCGT,2050,6,11,11,0.0
29172,IE_CCGT,2050,6,12,12,0.0
29173,IE_CCGT,2050,6,13,13,0.0
29174,IE_CCGT,2050,6,14,14,0.0
29175,IE_CCGT,2050,6,15,15,0.0
29176,IE_CCGT,2050,6,16,16,0.0
29177,IE_CCGT,2050,6,17,17,0.0
29178,IE_CCGT,2050,6,18,18,0.0
29179,IE_CCGT,2050,6,19,19,0.0
29180,IE_CCGT,2050,6,20,20,0.0
29181,IE_CCGT,2050,6,21,21,0.0
29182,IE_CCGT,2050,6,22,22,0.0
29183,IE_CCGT,2050,6,23,23,0.0
29184,IE_CCGT,2050,6,24,24,0.0
29185,IE_CCGT,2050,7,1,1,0.0
29186,IE_CCGT,2050,7,2,2,0.0
29187,IE_CCGT,2050,7,3,3,0.0
29188,IE_CCGT,2050,7,4,4,0.0
29189,IE_CCGT,2050,7,5,5,0.0
29190,IE_CCGT,2050,7,6,6,0.0
29191,IE_CCGT,2050,7,7,7,0.0
29192,IE_CCGT,2050,7,8,8,0.0
29193,IE_CCGT,2050,7,9,9,0.0
29194,IE_CCGT,2050,7,10,10,0.0
29195,IE_CCGT,2050,7,11,11,-0.6659999999999997
29196,IE_CCGT,2050,7,12,12,-0.6659999999999997
29197,IE_CCGT,2050,7,13,13,-0.6659999999999997
29198,IE_CCGT,2050,7,14,14,-0.6659999999999997
29199,IE_CCGT,2050,7,15,15,-0.6659999999999997
29200,IE_CCGT,2050,7,16,16,-0.6659999999999997
29201,IE_CCGT,2050,7,17,17,-0.6659999999999997
29202,IE_CCGT,2050,7,18,18,-0.6659999999999997
29203,IE_CCGT,2050,7,19,19,-19.85333141133267
29204,IE_CCGT,2050,7,20,20,-0.6659999999999997
29205,IE_CCGT,2050,7,21,21,-0.6659999999999997
29206,IE_CCGT,2050,7,22,22,0.0
29207,IE_CCGT,2050,7,23,23,0.0
29208,IE_CCGT,2050,7,24,24,0.0
29209,IE_CCGT,2050,8,1,1,0.0
29210,IE_CCGT,2050,8,2,2,0.0
29211,IE_CCGT,2050,8,3,3,0.0
29212,IE_CCGT,2050,8,4,4,0.0
29213,IE_CCGT,2050,8,5,5,0.0
29214,IE_CCGT,2050,8,6,6,0.0
29215,IE_CCGT,2050,8,7,7,0.0
29216,IE_CCGT,2050,8,8,8,0.0
29217,IE_CCGT,2050,8,9,9,0.0
29218,IE_CCGT,2050,8,10,10,0.0
29219,IE_CCGT,2050,8,11,11,0.0
29220,IE_CCGT,2050,8,12,12,0.0
29221,IE_CCGT,2050,8,13,13,0.0
29222,IE_CCGT,2050,8,14,14,0.0
29223,IE_CCGT,2050,8,15,15,0.0
29224,IE_CCGT,2050,8,16,16,0.0
29225,IE_CCGT,2050,8,17,17,0.0
29226,IE_CCGT,2050,8,18,18,0.0
29227,IE_CCGT,2050,8,19,19,0.0
29228,IE_CCGT,2050,8,20,20,0.0
29229,IE_CCGT,2050,8,21,21,0.0
29230,IE_CCGT,2050,8,22,22,0.0
29231,IE_CCGT,2050,8,23,23,0.0
29232,IE_CCGT,2050,8,24,24,0.0
29233,IE_CCGT,2050,9,1,1,0.0
29234,IE_CCGT,2050,9,2,2,0.0
29235,IE_CCGT,2050,9,3,3,0.0
29236,IE_CCGT,2050,9,4,4,0.0
29237,IE_CCGT,2050,9,5,5,0.0
29238,IE_CCGT,2050,9,6,6,0.0
29239,IE_CCGT,2050,9,7,7,0.0
29240,IE_CCGT,2050,9,8,8,0.0
29241,IE_CCGT,2050,9,9,9,0.0
29242,IE_CCGT,2050,9,10,10,0.0
29243,IE_CCGT,2050,9,11,11,0.0
29244,IE_CCGT,2050,9,12,12,0.0
29245,IE_CCGT,2050,9,13,13,0.0
29246,IE_CCGT,2050,9,14,14,0.0
29247,IE_CCGT,2050,9,15,15,0.0
29248,IE_CCGT,2050,9,16,16,0.0
29249,IE_CCGT,2050,9,17,17,0.0
29250,IE_CCGT,2050,9,18,18,0.0
29251,IE_CCGT,2050,9,19,19,0.0
29252,IE_CCGT,2050,9,20,20,0.0
29253,IE_CCGT,2050,9,21,21,0.0
29254,IE_CCGT,2050,9,22,22,0.0
29255,IE_CCGT,2050,9,23,23,0.0
29256,IE_CCGT,2050,9,24,24,0.0
29257,IE_CCGT,2050,10,1,1,0.0
29258,IE_CCGT,2050,10,2,2,0.0
29259,IE_CCGT,2050,10,3,3,0.0
29260,IE_CCGT,2050,10,4,4,0.0
29261,IE_CCGT,2050,10,5,5,0.0
29262,IE_CCGT,2050,10,6,6,0.0
29263,IE_CCGT,2050,10,7,7,0.0
29264,IE_CCGT,2050,10,8,8,0.0
29265,IE_CCGT,2050,10,9,9,0.0
29266,IE_CCGT,2050,10,10,10,0.0
29267,IE_CCGT,2050,10,11,11,0.0
29268,IE_CCGT,2050,10,12,12,0.0
29269,IE_CCGT,2050,10,13,13,0.0
29270,IE_CCGT,2050,10,14,14,0.0
29271,IE_CCGT,2050,10,15,15,0.0
29272,IE_CCGT,2050,10,16,16,0.0
29273,IE_CCGT,2050,10,17,17,0.0
29274,IE_CCGT,2050,10,18,18,0.0
29275,IE_CCGT,2050,10,19,19,0.0
29276,IE_CCGT,2050,10,20,20,0.0
29277,IE_CCGT,2050,10,21,21,0.0
29278,IE_CCGT,2050,10,22,22,0.0
29279,IE_CCGT,2050,10,23,23,0.0
29280,IE_CCGT,2050,10,24,24,0.0
29281,IE_Coal,2050,1,1,1,0.0
29282,IE_Coal,2050,1,2,2,0.0
29283,IE_Coal,2050,1,3,3,0.0
29284,IE_Coal,2050,1,4,4,0.0
29285,IE_Coal,2050,1,5,5,0.0
29286,IE_Coal,2050,1,6,6,0.0
29287,IE_Coal,2050,1,7,7,0.0
29288,IE_Coal,2050,1,8,8,0.0
29289,IE_Coal,2050,1,9,9,0.0
29290,IE_Coal,2050,1,10,10,0.0
29291,IE_Coal,2050,1,11,11,0.0
29292,IE_Coal,2050,1,12,12,0.0
29293,IE_Coal,2050,1,13,13,0.0
29294,IE_Coal,2050,1,14,14,0.0
29295,IE_Coal,2050,1,15,15,0.0
29296,IE_Coal,2050,1,16,16,0.0
29297,IE_Coal,2050,1,17,17,0.0
29298,IE_Coal,2050,1,18,18,0.0
29299,IE_Coal,2050,1,19,19,0.0
29300,IE_Coal,2050,1,20,20,0.0
29301,IE_Coal,2050,1,21,21,0.0
29302,IE_Coal,2050,1,22,22,0.0
29303,IE_Coal,2050,1,23,23,0.0
29304,IE_Coal,2050,1,24,24,0.0
29305,IE_Coal,2050,2,1,1,0.0
29306,IE_Coal,2050,2,2,2,0.0
29307,IE_Coal,2050,2,3,3,0.0
29308,IE_Coal,2050,2,4,4,0.0
29309,IE_Coal,2050,2,5,5,0.0
29310,IE_Coal,2050,2,6,6,0.0
29311,IE_Coal,2050,2,7,7,0.0
29312,IE_Coal,2050,2,8,8,0.0
29313,IE_Coal,2050,2,9,9,0.0
29314,IE_Coal,2050,2,10,10,0.0
29315,IE_Coal,2050,2,11,11,-0.5048999999999999
29316,IE_Coal,2050,2,12,12,-0.5048999999999999
29317,IE_Coal,2050,2,13,13,-0.5048999999999999
29318,IE_Coal,2050,2,14,14,-0.5048999999999999
29319,IE_Coal,2050,2,15,15,-0.5048999999999999
29320,IE_Coal,2050,2,16,16,-0.5048999999999999
29321,IE_Coal,2050,2,17,17,-0.5048999999999999
29322,IE_Coal,2050,2,18,18,-0.5048999999999999
29323,IE_Coal,2050,2,19,19,-0.5048999999999999
29324,IE_Coal,2050,2,20,20,-0.5048999999999999
29325,IE_Coal,2050,2,21,21,0.0
29326,IE_Coal,2050,2,22,22,0.0
29327,IE_Coal,2050,2,23,23,0.0
29328,IE_Coal,2050,2,24,24,0.0
29329,IE_Coal,2050,3,1,1,0.0
29330,IE_Coal,2050,3,2,2,0.0
29331,IE_Coal,2050,3,3,3,0.0
29332,IE_Coal,2050,3,4,4,0.0
29333,IE_Coal,2050,3,5,5,0.0
29334,IE_Coal,2050,3,6,6,0.0
29335,IE_Coal,2050,3,7,7,0.0
29336,IE_Coal,2050,3,8,8,0.0
29337,IE_Coal,2050,3,9,9,0.0
29338,IE_Coal,2050,3,10,10,0.0
29339,IE_Coal,2050,3,11,11,0.0
29340,IE_Coal,2050,3,12,12,0.0
29341,IE_Coal,2050,3,13,13,0.0
29342,IE_Coal,2050,3,14,14,0.0
29343,IE_Coal,2050,3,15,15,0.0
29344,IE_Coal,2050,3,16,16,0.0
29345,IE_Coal,2050,3,17,17,0.0
29346,IE_Coal,2050,3,18,18,0.0
29347,IE_Coal,2050,3,19,19,0.0
29348,IE_Coal,2050,3,20,20,0.0
29349,IE_Coal,2050,3,21,21,0.0
29350,IE_Coal,2050,3,22,22,0.0
29351,IE_Coal,2050,3,23,23,0.0
29352,IE_Coal,2050,3,24,24,0.0
29353,IE_Coal,2050,4,1,1,0.0
29354,IE_Coal,2050,4,2,2,0.0
29355,IE_Coal,2050,4,3,3,0.0
29356,IE_Coal,2050,4,4,4,0.0
29357,IE_Coal,2050,4,5,5,0.0
29358,IE_Coal,2050,4,6,6,0.0
29359,IE_Coal,2050,4,7,7,0.0
29360,IE_Coal,2050,4,8,8,0.0
29361,IE_Coal,2050,4,9,9,0.0
29362,IE_Coal,2050,4,10,10,0.0
29363,IE_Coal,2050,4,11,11,0.0
29364,IE_Coal,2050,4,12,12,0.0
29365,IE_Coal,2050,4,13,13,0.0
29366,IE_Coal,2050,4,14,14,0.0
29367,IE_Coal,2050,4,15,15,0.0
29368,IE_Coal,2050,4,16,16,0.0
29369,IE_Coal,2050,4,17,17,0.0
29370,IE_Coal,2050,4,18,18,0.0
29371,IE_Coal,2050,4,19,19,0.0
29372,IE_Coal,2050,4,20,20,0.0
29373,IE_Coal,2050,4,21,21,0.0
29374,IE_Coal,2050,4,22,22,0.0
29375,IE_Coal,2050,4,23,23,0.0
29376,IE_Coal,2050,4,24,24,0.0
29377,IE_Coal,2050,5,1,1,0.0
29378,IE_Coal,2050,5,2,2,0.0
29379,IE_Coal,2050,5,3,3,0.0
29380,IE_Coal,2050,5,4,4,0.0
29381,IE_Coal,2050,5,5,5,0.0
29382,IE_Coal,2050,5,6,6,0.0
29383,IE_Coal,2050,5,7,7,0.0
29384,IE_Coal,2050,5,8,8,0.0
29385,IE_Coal,2050,5,9,9,0.0
29386,IE_Coal,2050,5,10,10,0.0
29387,IE_Coal,2050,5,11,11,0.0
29388,IE_Coal,2050,5,12,12,0.0
29389,IE_Coal,2050,5,13,13,0.0
29390,IE_Coal,2050,5,14,14,0.0
29391,IE_Coal,2050,5,15,15,0.0
29392,IE_Coal,2050,5,16,16,0.0
29393,IE_Coal,2050,5,17,17,0.0
29394,IE_Coal,2050,5,18,18,0.0
29395,IE_Coal,2050,5,19,19,0.0
29396,IE_Coal,2050,5,20,20,0.0
29397,IE_Coal,2050,5,21,21,0.0
29398,IE_Coal,2050,5,22,22,0.0
29399,IE_Coal,2050,5,23,23,0.0
29400,IE_Coal,2050,5,24,24,0.0
29401,IE_Coal,2050,6,1,1,0.0
29402,IE_Coal,2050,6,2,2,0.0
29403,IE_Coal,2050,6,3,3,0.0
29404,IE_Coal,2050,6,4,4,0.0
29405,IE_Coal,2050,6,5,5,0.0
29406,IE_Coal,2050,6,6,6,0.0
29407,IE_Coal,2050,6,7,7,0.0
29408,IE_Coal,2050,6,8,8,0.0
29409,IE_Coal,2050,6,9,9,0.0
29410,IE_Coal,2050,6,10,10,-0.5993999999999999
29411,IE_Coal,2050,6,11,11,-0.5993999999999999
29412,IE_Coal,2050,6,12,12,-0.5993999999999999
29413,IE_Coal,2050,6,13,13,0.0
29414,IE_Coal,2050,6,14,14,0.0
29415,IE_Coal,2050,6,15,15,0.0
29416,IE_Coal,2050,6,16,16,0.0
29417,IE_Coal,2050,6,17,17,0.0
29418,IE_Coal,2050,6,18,18,0.0
29419,IE_Coal,2050,6,19,19,0.0
29420,IE_Coal,2050,6,20,20,0.0
29421,IE_Coal,2050,6,21,21,0.0
29422,IE_Coal,2050,6,22,22,0.0
29423,IE_Coal,2050,6,23,23,0.0
29424,IE_Coal,2050,6,24,24,0.0
29425,IE_Coal,2050,7,1,1,0.0
29426,IE_Coal,2050,7,2,2,0.0
29427,IE_Coal,2050,7,3,3,0.0
29428,IE_Coal,2050,7,4,4,0.0
29429,IE_Coal,2050,7,5,5,0.0
29430,IE_Coal,2050,7,6,6,0.0
29431,IE_Coal,2050,7,7,7,0.0
29432,IE_Coal,2050,7,8,8,-0.5661
29433,IE_Coal,2050,7,9,9,-0.5661
29434,IE_Coal,2050,7,10,10,-0.5661
29435,IE_Coal,2050,7,11,11,-1.2320999999999998
29436,IE_Coal,2050,7,12,12,-1.2320999999999998
29437,IE_Coal,2050,7,13,13,-1.2320999999999998
29438,IE_Coal,2050,7,14,14,-1.2320999999999998
29439,IE_Coal,2050,7,15,15,-1.2320999999999998
29440,IE_Coal,2050,7,16,16,-1.2320999999999998
29441,IE_Coal,2050,7,17,17,-1.2320999999999998
29442,IE_Coal,2050,7,18,18,-1.2320999999999998
29443,IE_Coal,2050,7,19,19,-20.41943141133267
29444,IE_Coal,2050,7,20,20,-1.2320999999999998
29445,IE_Coal,2050,7,21,21,-1.2320999999999998
29446,IE_Coal,2050,7,22,22,-0.5661
29447,IE_Coal,2050,7,23,23,0.0
29448,IE_Coal,2050,7,24,24,0.0
29449,IE_Coal,2050,8,1,1,0.0
29450,IE_Coal,2050,8,2,2,0.0
29451,IE_Coal,2050,8,3,3,0.0
29452,IE_Coal,2050,8,4,4,0.0
29453,IE_Coal,2050,8,5,5,0.0
29454,IE_Coal,2050,8,6,6,0.0
29455,IE_Coal,2050,8,7,7,0.0
29456,IE_Coal,2050,8,8,8,0.0
29457,IE_Coal,2050,8,9,9,0.0
29458,IE_Coal,2050,8,10,10,0.0
29459,IE_Coal,2050,8,11,11,0.0
29460,IE_Coal,2050,8,12,12,0.0
29461,IE_Coal,2050,8,13,13,0.0
29462,IE_Coal,2050,8,14,14,0.0
29463,IE_Coal,2050,8,15,15,0.0
29464,IE_Coal,2050,8,16,16,0.0
29465,IE_Coal,2050,8,17,17,0.0
29466,IE_Coal,2050,8,18,18,0.0
29467,IE_Coal,2050,8,19,19,0.0
29468,IE_Coal,2050,8,20,20,0.0
29469,IE_Coal,2050,8,21,21,0.0
29470,IE_Coal,2050,8,22,22,0.0
29471,IE_Coal,2050,8,23,23,0.0
29472,IE_Coal,2050,8,24,24,0.0
29473,IE_Coal,2050,9,1,1,0.0
29474,IE_Coal,2050,9,2,2,0.0
29475,IE_Coal,2050,9,3,3,0.0
29476,IE_Coal,2050,9,4,4,0.0
29477,IE_Coal,2050,9,5,5,0.0
29478,IE_Coal,2050,9,6,6,0.0
29479,IE_Coal,2050,9,7,7,0.0
29480,IE_Coal,2050,9,8,8,0.0
29481,IE_Coal,2050,9,9,9,0.0
29482,IE_Coal,2050,9,10,10,0.0
29483,IE_Coal,2050,9,11,11,-0.6579
29484,IE_Coal,2050,9,12,12,-0.6579
29485,IE_Coal,2050,9,13,13,-0.6579
29486,IE_Coal,2050,9,14,14,-0.6579
29487,IE_Coal,2050,9,15,15,-0.6579
29488,IE_Coal,2050,9,16,16,-1.4319000000000002
29489,IE_Coal,2050,9,17,17,-1.4319000000000002
29490,IE_Coal,2050,9,18,18,-1.4319000000000002
29491,IE_Coal,2050,9,19,19,-1.4319000000000002
29492,IE_Coal,2050,9,20,20,0.0
29493,IE_Coal,2050,9,21,21,0.0
29494,IE_Coal,2050,9,22,22,0.0
29495,IE_Coal,2050,9,23,23,0.0
29496,IE_Coal,2050,9,24,24,0.0
29497,IE_Coal,2050,10,1,1,0.0
29498,IE_Coal,2050,10,2,2,0.0
29499,IE_Coal,2050,10,3,3,0.0
29500,IE_Coal,2050,10,4,4,0.0
29501,IE_Coal,2050,10,5,5,0.0
29502,IE_Coal,2050,10,6,6,0.0
29503,IE_Coal,2050,10,7,7,0.0
29504,IE_Coal,2050,10,8,8,0.0
29505,IE_Coal,2050,10,9,9,0.0
29506,IE_Coal,2050,10,10,10,-0.7038
29507,IE_Coal,2050,10,11,11,-0.7038
29508,IE_Coal,2050,10,12,12,-0.7038
29509,IE_Coal,2050,10,13,13,-0.7038
29510,IE_Coal,2050,10,14,14,-0.7038
29511,IE_Coal,2050,10,15,15,-0.7038
29512,IE_Coal,2050,10,16,16,-0.7038
29513,IE_Coal,2050,10,17,17,-0.7038
29514,IE_Coal,2050,10,18,18,-0.7038
29515,IE_Coal,2050,10,19,19,-0.7038
29516,IE_Coal,2050,10,20,20,-0.7038
29517,IE_Coal,2050,10,21,21,0.0
29518,IE_Coal,2050,10,22,22,0.0
29519,IE_Coal,2050,10,23,23,0.0
29520,IE_Coal,2050,10,24,24,0.0
29521,IE_Nuclear,2050,1,1,1,0.0
29522,IE_Nuclear,2050,1,2,2,0.0
29523,IE_Nuclear,2050,1,3,3,0.0
29524,IE_Nuclear,2050,1,4,4,0.0
29525,IE_Nuclear,2050,1,5,5,0.0
29526,IE_Nuclear,2050,1,6,6,0.0
29527,IE_Nuclear,2050,1,7,7,0.0
29528,IE_Nuclear,2050,1,8,8,0.0
29529,IE_Nuclear,2050,1,9,9,0.0
29530,IE_Nuclear,2050,1,10,10,0.0
29531,IE_Nuclear,2050,1,11,11,0.0
29532,IE_Nuclear,2050,1,12,12,0.0
29533,IE_Nuclear,2050,1,13,13,0.0
29534,IE_Nuclear,2050,1,14,14,0.0
29535,IE_Nuclear,2050,1,15,15,0.0
29536,IE_Nuclear,2050,1,16,16,0.0
29537,IE_Nuclear,2050,1,17,17,0.0
29538,IE_Nuclear,2050,1,18,18,0.0
29539,IE_Nuclear,2050,1,19,19,0.0
29540,IE_Nuclear,2050,1,20,20,0.0
29541,IE_Nuclear,2050,1,21,21,0.0
29542,IE_Nuclear,2050,1,22,22,0.0
29543,IE_Nuclear,2050,1,23,23,0.0
29544,IE_Nuclear,2050,1,24,24,0.0
29545,IE_Nuclear,2050,2,1,1,0.0
29546,IE_Nuclear,2050,2,2,2,0.0
29547,IE_Nuclear,2050,2,3,3,0.0
29548,IE_Nuclear,2050,2,4,4,0.0
29549,IE_Nuclear,2050,2,5,5,0.0
29550,IE_Nuclear,2050,2,6,6,0.0
29551,IE_Nuclear,2050,2,7,7,0.0
29552,IE_Nuclear,2050,2,8,8,0.0
29553,IE_Nuclear,2050,2,9,9,0.0
29554,IE_Nuclear,2050,2,10,10,0.0
29555,IE_Nuclear,2050,2,11,11,-0.8118
29556,IE_Nuclear,2050,2,12,12,-0.8118
29557,IE_Nuclear,2050,2,13,13,-0.8118
29558,IE_Nuclear,2050,2,14,14,-0.8118
29559,IE_Nuclear,2050,2,15,15,-0.8118
29560,IE_Nuclear,2050,2,16,16,-0.8118
29561,IE_Nuclear,2050,2,17,17,-0.8118
29562,IE_Nuclear,2050,2,18,18,-0.8118
29563,IE_Nuclear,2050,2,19,19,-0.8118
29564,IE_Nuclear,2050,2,20,20,-0.8118
29565,IE_Nuclear,2050,2,21,21,0.0
29566,IE_Nuclear,2050,2,22,22,0.0
29567,IE_Nuclear,2050,2,23,23,0.0
29568,IE_Nuclear,2050,2,24,24,0.0
29569,IE_Nuclear,2050,3,1,1,0.0
29570,IE_Nuclear,2050,3,2,2,0.0
29571,IE_Nuclear,2050,3,3,3,0.0
29572,IE_Nuclear,2050,3,4,4,0.0
29573,IE_Nuclear,2050,3,5,5,0.0
29574,IE_Nuclear,2050,3,6,6,0.0
29575,IE_Nuclear,2050,3,7,7,0.0
29576,IE_Nuclear,2050,3,8,8,0.0
29577,IE_Nuclear,2050,3,9,9,0.0
29578,IE_Nuclear,2050,3,10,10,0.0
29579,IE_Nuclear,2050,3,11,11,0.0
29580,IE_Nuclear,2050,3,12,12,0.0
29581,IE_Nuclear,2050,3,13,13,0.0
29582,IE_Nuclear,2050,3,14,14,0.0
29583,IE_Nuclear,2050,3,15,15,0.0
29584,IE_Nuclear,2050,3,16,16,0.0
29585,IE_Nuclear,2050,3,17,17,0.0
29586,IE_Nuclear,2050,3,18,18,0.0
29587,IE_Nuclear,2050,3,19,19,0.0
29588,IE_Nuclear,2050,3,20,20,0.0
29589,IE_Nuclear,2050,3,21,21,0.0
29590,IE_Nuclear,2050,3,22,22,0.0
29591,IE_Nuclear,2050,3,23,23,0.0
29592,IE_Nuclear,2050,3,24,24,0.0
29593,IE_Nuclear,2050,4,1,1,0.0
29594,IE_Nuclear,2050,4,2,2,0.0
29595,IE_Nuclear,2050,4,3,3,0.0
29596,IE_Nuclear,2050,4,4,4,0.0
29597,IE_Nuclear,2050,4,5,5,0.0
29598,IE_Nuclear,2050,4,6,6,0.0
29599,IE_Nuclear,2050,4,7,7,0.0
29600,IE_Nuclear,2050,4,8,8,0.0
29601,IE_Nuclear,2050,4,9,9,0.0
29602,IE_Nuclear,2050,4,10,10,0.0
29603,IE_Nuclear,2050,4,11,11,0.0
29604,IE_Nuclear,2050,4,12,12,0.0
29605,IE_Nuclear,2050,4,13,13,0.0
29606,IE_Nuclear,2050,4,14,14,0.0
29607,IE_Nuclear,2050,4,15,15,0.0
29608,IE_Nuclear,2050,4,16,16,0.0
29609,IE_Nuclear,2050,4,17,17,0.0
29610,IE_Nuclear,2050,4,18,18,0.0
29611,IE_Nuclear,2050,4,19,19,0.0
29612,IE_Nuclear,2050,4,20,20,0.0
29613,IE_Nuclear,2050,4,21,21,0.0
29614,IE_Nuclear,2050,4,22,22,0.0
29615,IE_Nuclear,2050,4,23,23,0.0
29616,IE_Nuclear,2050,4,24,24,0.0
29617,IE_Nuclear,2050,5,1,1,0.0
29618,IE_Nuclear,2050,5,2,2,0.0
29619,IE_Nuclear,2050,5,3,3,0.0
29620,IE_Nuclear,2050,5,4,4,0.0
29621,IE_Nuclear,2050,5,5,5,0.0
29622,IE_Nuclear,2050,5,6,6,0.0
29623,IE_Nuclear,2050,5,7,7,0.0
29624,IE_Nuclear,2050,5,8,8,0.0
29625,IE_Nuclear,2050,5,9,9,0.0
29626,IE_Nuclear,2050,5,10,10,0.0
29627,IE_Nuclear,2050,5,11,11,0.0
29628,IE_Nuclear,2050,5,12,12,0.0
29629,IE_Nuclear,2050,5,13,13,0.0
29630,IE_Nuclear,2050,5,14,14,0.0
29631,IE_Nuclear,2050,5,15,15,0.0
29632,IE_Nuclear,2050,5,16,16,0.0
29633,IE_Nuclear,2050,5,17,17,0.0
29634,IE_Nuclear,2050,5,18,18,0.0
29635,IE_Nuclear,2050,5,19,19,0.0
29636,IE_Nuclear,2050,5,20,20,0.0
29637,IE_Nuclear,2050,5,21,21,0.0
29638,IE_Nuclear,2050,5,22,22,0.0
29639,IE_Nuclear,2050,5,23,23,0.0
29640,IE_Nuclear,2050,5,24,24,0.0
29641,IE_Nuclear,2050,6,1,1,0.0
29642,IE_Nuclear,2050,6,2,2,0.0
29643,IE_Nuclear,2050,6,3,3,0.0
29644,IE_Nuclear,2050,6,4,4,0.0
29645,IE_Nuclear,2050,6,5,5,0.0
29646,IE_Nuclear,2050,6,6,6,0.0
29647,IE_Nuclear,2050,6,7,7,0.0
29648,IE_Nuclear,2050,6,8,8,0.0
29649,IE_Nuclear,2050,6,9,9,0.0
29650,IE_Nuclear,2050,6,10,10,-0.7667999999999999
29651,IE_Nuclear,2050,6,11,11,-0.7667999999999999
29652,IE_Nuclear,2050,6,12,12,-0.7667999999999999
29653,IE_Nuclear,2050,6,13,13,0.0
29654,IE_Nuclear,2050,6,14,14,0.0
29655,IE_Nuclear,2050,6,15,15,0.0
29656,IE_Nuclear,2050,6,16,16,0.0
29657,IE_Nuclear,2050,6,17,17,0.0
29658,IE_Nuclear,2050,6,18,18,0.0
29659,IE_Nuclear,2050,6,19,19,0.0
29660,IE_Nuclear,2050,6,20,20,0.0
29661,IE_Nuclear,2050,6,21,21,0.0
29662,IE_Nuclear,2050,6,22,22,0.0
29663,IE_Nuclear,2050,6,23,23,0.0
29664,IE_Nuclear,2050,6,24,24,0.0
29665,IE_Nuclear,2050,7,1,1,0.0
29666,IE_Nuclear,2050,7,2,2,0.0
29667,IE_Nuclear,2050,7,3,3,0.0
29668,IE_Nuclear,2050,7,4,4,0.0
29669,IE_Nuclear,2050,7,5,5,0.0
29670,IE_Nuclear,2050,7,6,6,0.0
29671,IE_Nuclear,2050,7,7,7,0.0
29672,IE_Nuclear,2050,7,8,8,-0.9102000000000001
29673,IE_Nuclear,2050,7,9,9,-0.9102000000000001
29674,IE_Nuclear,2050,7,10,10,-0.9102000000000001
29675,IE_Nuclear,2050,7,11,11,-1.5761999999999998
29676,IE_Nuclear,2050,7,12,12,-1.5761999999999998
29677,IE_Nuclear,2050,7,13,13,-1.5761999999999998
29678,IE_Nuclear,2050,7,14,14,-1.5761999999999998
29679,IE_Nuclear,2050,7,15,15,-1.5761999999999998
29680,IE_Nuclear,2050,7,16,16,-1.5761999999999998
29681,IE_Nuclear,2050,7,17,17,-1.5761999999999998
29682,IE_Nuclear,2050,7,18,18,-1.5761999999999998
29683,IE_Nuclear,2050,7,19,19,-20.76353141133267
29684,IE_Nuclear,2050,7,20,20,-1.5761999999999998
29685,IE_Nuclear,2050,7,21,21,-1.5761999999999998
29686,IE_Nuclear,2050,7,22,22,-0.9102000000000001
29687,IE_Nuclear,2050,7,23,23,0.0
29688,IE_Nuclear,2050,7,24,24,0.0
29689,IE_Nuclear,2050,8,1,1,0.0
29690,IE_Nuclear,2050,8,2,2,0.0
29691,IE_Nuclear,2050,8,3,3,0.0
29692,IE_Nuclear,2050,8,4,4,0.0
29693,IE_Nuclear,2050,8,5,5,0.0
29694,IE_Nuclear,2050,8,6,6,0.0
29695,IE_Nuclear,2050,8,7,7,0.0
29696,IE_Nuclear,2050,8,8,8,0.0
29697,IE_Nuclear,2050,8,9,9,0.0
29698,IE_Nuclear,2050,8,10,10,0.0
29699,IE_Nuclear,2050,8,11,11,0.0
29700,IE_Nuclear,2050,8,12,12,0.0
29701,IE_Nuclear,2050,8,13,13,0.0
29702,IE_Nuclear,2050,8,14,14,0.0
29703,IE_Nuclear,2050,8,15,15,0.0
29704,IE_Nuclear,2050,8,16,16,0.0
29705,IE_Nuclear,2050,8,17,17,0.0
29706,IE_Nuclear,2050,8,18,18,0.0
29707,IE_Nuclear,2050,8,19,19,0.0
29708,IE_Nuclear,2050,8,20,20,0.0
29709,IE_Nuclear,2050,8,21,21,0.0
29710,IE_Nuclear,2050,8,22,22,0.0
29711,IE_Nuclear,2050,8,23,23,0.0
29712,IE_Nuclear,2050,8,24,24,0.0
29713,IE_Nuclear,2050,9,1,1,0.0
29714,IE_Nuclear,2050,9,2,2,0.0
29715,IE_Nuclear,2050,9,3,3,0.0
29716,IE_Nuclear,2050,9,4,4,0.0
29717,IE_Nuclear,2050,9,5,5,0.0
29718,IE_Nuclear,2050,9,6,6,0.0
29719,IE_Nuclear,2050,9,7,7,0.0
29720,IE_Nuclear,2050,9,8,8,0.0
29721,IE_Nuclear,2050,9,9,9,0.0
29722,IE_Nuclear,2050,9,10,10,0.0
29723,IE_Nuclear,2050,9,11,11,-1.0578
29724,IE_Nuclear,2050,9,12,12,-1.0578
29725,IE_Nuclear,2050,9,13,13,-1.0578
29726,IE_Nuclear,2050,9,14,14,-1.0578
29727,IE_Nuclear,2050,9,15,15,-1.0578
29728,IE_Nuclear,2050,9,16,16,-1.8318
29729,IE_Nuclear,2050,9,17,17,-1.8318
29730,IE_Nuclear,2050,9,18,18,-1.8318
29731,IE_Nuclear,2050,9,19,19,-1.8318
29732,IE_Nuclear,2050,9,20,20,0.0
29733,IE_Nuclear,2050,9,21,21,0.0
29734,IE_Nuclear,2050,9,22,22,0.0
29735,IE_Nuclear,2050,9,23,23,0.0
29736,IE_Nuclear,2050,9,24,24,0.0
29737,IE_Nuclear,2050,10,1,1,0.0
29738,IE_Nuclear,2050,10,2,2,0.0
29739,IE_Nuclear,2050,10,3,3,0.0
29740,IE_Nuclear,2050,10,4,4,0.0
29741,IE_Nuclear,2050,10,5,5,0.0
29742,IE_Nuclear,2050,10,6,6,0.0
29743,IE_Nuclear,2050,10,7,7,0.0
29744,IE_Nuclear,2050,10,8,8,0.0
29745,IE_Nuclear,2050,10,9,9,0.0
29746,IE_Nuclear,2050,10,10,10,-1.1316000000000002
29747,IE_Nuclear,2050,10,11,11,-1.1316000000000002
29748,IE_Nuclear,2050,10,12,12,-1.1316000000000002
29749,IE_Nuclear,2050,10,13,13,-1.1316000000000002
29750,IE_Nuclear,2050,10,14,14,-1.1316000000000002
29751,IE_Nuclear,2050,10,15,15,-1.1316000000000002
29752,IE_Nuclear,2050,10,16,16,-1.1316000000000002
29753,IE_Nuclear,2050,10,17,17,-1.1316000000000002
29754,IE_Nuclear,2050,10,18,18,-1.1316000000000002
29755,IE_Nuclear,2050,10,19,19,-1.1316000000000002
29756,IE_Nuclear,2050,10,20,20,-1.1316000000000002
29757,IE_Nuclear,2050,10,21,21,0.0
29758,IE_Nuclear,2050,10,22,22,0.0
29759,IE_Nuclear,2050,10,23,23,0.0
29760,IE_Nuclear,2050,10,24,24,0.0
29761,IE_OCGT,2050,1,1,1,0.0
29762,IE_OCGT,2050,1,2,2,0.0
29763,IE_OCGT,2050,1,3,3,0.0
29764,IE_OCGT,2050,1,4,4,0.0
29765,IE_OCGT,2050,1,5,5,0.0
29766,IE_OCGT,2050,1,6,6,0.0
29767,IE_OCGT,2050,1,7,7,0.0
29768,IE_OCGT,2050,1,8,8,0.0
29769,IE_OCGT,2050,1,9,9,0.0
29770,IE_OCGT,2050,1,10,10,0.0
29771,IE_OCGT,2050,1,11,11,0.0
29772,IE_OCGT,2050,1,12,12,0.0
29773,IE_OCGT,2050,1,13,13,0.0
29774,IE_OCGT,2050,1,14,14,0.0
29775,IE_OCGT,2050,1,15,15,0.0
29776,IE_OCGT,2050,1,16,16,0.0
29777,IE_OCGT,2050,1,17,17,0.0
29778,IE_OCGT,2050,1,18,18,0.0
29779,IE_OCGT,2050,1,19,19,0.0
29780,IE_OCGT,2050,1,20,20,0.0
29781,IE_OCGT,2050,1,21,21,0.0
29782,IE_OCGT,2050,1,22,22,0.0
29783,IE_OCGT,2050,1,23,23,0.0
29784,IE_OCGT,2050,1,24,24,0.0
29785,IE_OCGT,2050,2,1,1,0.0
29786,IE_OCGT,2050,2,2,2,0.0
29787,IE_OCGT,2050,2,3,3,0.0
29788,IE_OCGT,2050,2,4,4,0.0
29789,IE_OCGT,2050,2,5,5,0.0
29790,IE_OCGT,2050,2,6,6,0.0
29791,IE_OCGT,2050,2,7,7,0.0
29792,IE_OCGT,2050,2,8,8,0.0
29793,IE_OCGT,2050,2,9,9,0.0
29794,IE_OCGT,2050,2,10,10,0.0
29795,IE_OCGT,2050,2,11,11,0.0
29796,IE_OCGT,2050,2,12,12,0.0
29797,IE_OCGT,2050,2,13,13,0.0
29798,IE_OCGT,2050,2,14,14,0.0
29799,IE_OCGT,2050,2,15,15,0.0
29800,IE_OCGT,2050,2,16,16,0.0
29801,IE_OCGT,2050,2,17,17,0.0
29802,IE_OCGT,2050,2,18,18,0.0
29803,IE_OCGT,2050,2,19,19,0.0
29804,IE_OCGT,2050,2,20,20,0.0
29805,IE_OCGT,2050,2,21,21,0.0
29806,IE_OCGT,2050,2,22,22,0.0
29807,IE_OCGT,2050,2,23,23,0.0
29808,IE_OCGT,2050,2,24,24,0.0
29809,IE_OCGT,2050,3,1,1,0.0
29810,IE_OCGT,2050,3,2,2,0.0
29811,IE_OCGT,2050,3,3,3,0.0
29812,IE_OCGT,2050,3,4,4,0.0
29813,IE_OCGT,2050,3,5,5,0.0
29814,IE_OCGT,2050,3,6,6,0.0
29815,IE_OCGT,2050,3,7,7,0.0
29816,IE_OCGT,2050,3,8,8,0.0
29817,IE_OCGT,2050,3,9,9,0.0
29818,IE_OCGT,2050,3,10,10,0.0
29819,IE_OCGT,2050,3,11,11,0.0
29820,IE_OCGT,2050,3,12,12,0.0
29821,IE_OCGT,2050,3,13,13,0.0
29822,IE_OCGT,2050,3,14,14,0.0
29823,IE_OCGT,2050,3,15,15,0.0
29824,IE_OCGT,2050,3,16,16,0.0
29825,IE_OCGT,2050,3,17,17,0.0
29826,IE_OCGT,2050,3,18,18,0.0
29827,IE_OCGT,2050,3,19,19,0.0
29828,IE_OCGT,2050,3,20,20,0.0
29829,IE_OCGT,2050,3,21,21,0.0
29830,IE_OCGT,2050,3,22,22,0.0
29831,IE_OCGT,2050,3,23,23,0.0
29832,IE_OCGT,2050,3,24,24,0.0
29833,IE_OCGT,2050,4,1,1,0.0
29834,IE_OCGT,2050,4,2,2,0.0
29835,IE_OCGT,2050,4,3,3,0.0
29836,IE_OCGT,2050,4,4,4,0.0
29837,IE_OCGT,2050,4,5,5,0.0
29838,IE_OCGT,2050,4,6,6,0.0
29839,IE_OCGT,2050,4,7,7,0.0
29840,IE_OCGT,2050,4,8,8,0.0
29841,IE_OCGT,2050,4,9,9,0.0
29842,IE_OCGT,2050,4,10,10,0.0
29843,IE_OCGT,2050,4,11,11,0.0
29844,IE_OCGT,2050,4,12,12,0.0
29845,IE_OCGT,2050,4,13,13,0.0
29846,IE_OCGT,2050,4,14,14,0.0
29847,IE_OCGT,2050,4,15,15,0.0
29848,IE_OCGT,2050,4,16,16,0.0
29849,IE_OCGT,2050,4,17,17,0.0
29850,IE_OCGT,2050,4,18,18,0.0
29851,IE_OCGT,2050,4,19,19,0.0
29852,IE_OCGT,2050,4,20,20,0.0
29853,IE_OCGT,2050,4,21,21,0.0
29854,IE_OCGT,2050,4,22,22,0.0
29855,IE_OCGT,2050,4,23,23,0.0
29856,IE_OCGT,2050,4,24,24,0.0
29857,IE_OCGT,2050,5,1,1,0.0
29858,IE_OCGT,2050,5,2,2,0.0
29859,IE_OCGT,2050,5,3,3,0.0
29860,IE_OCGT,2050,5,4,4,0.0
29861,IE_OCGT,2050,5,5,5,0.0
29862,IE_OCGT,2050,5,6,6,0.0
29863,IE_OCGT,2050,5,7,7,0.0
29864,IE_OCGT,2050,5,8,8,0.0
29865,IE_OCGT,2050,5,9,9,0.0
29866,IE_OCGT,2050,5,10,10,0.0
29867,IE_OCGT,2050,5,11,11,0.0
29868,IE_OCGT,2050,5,12,12,0.0
29869,IE_OCGT,2050,5,13,13,0.0
29870,IE_OCGT,2050,5,14,14,0.0
29871,IE_OCGT,2050,5,15,15,0.0
29872,IE_OCGT,2050,5,16,16,0.0
29873,IE_OCGT,2050,5,17,17,0.0
29874,IE_OCGT,2050,5,18,18,0.0
29875,IE_OCGT,2050,5,19,19,0.0
29876,IE_OCGT,2050,5,20,20,0.0
29877,IE_OCGT,2050,5,21,21,0.0
29878,IE_OCGT,2050,5,22,22,0.0
29879,IE_OCGT,2050,5,23,23,0.0
29880,IE_OCGT,2050,5,24,24,0.0
29881,IE_OCGT,2050,6,1,1,0.0
29882,IE_OCGT,2050,6,2,2,0.0
29883,IE_OCGT,2050,6,3,3,0.0
29884,IE_OCGT,2050,6,4,4,0.0
29885,IE_OCGT,2050,6,5,5,0.0
29886,IE_OCGT,2050,6,6,6,0.0
29887,IE_OCGT,2050,6,7,7,0.0
29888,IE_OCGT,2050,6,8,8,0.0
29889,IE_OCGT,2050,6,9,9,0.0
29890,IE_OCGT,2050,6,10,10,0.0
29891,IE_OCGT,2050,6,11,11,0.0
29892,IE_OCGT,2050,6,12,12,0.0
29893,IE_OCGT,2050,6,13,13,0.0
29894,IE_OCGT,2050,6,14,14,0.0
29895,IE_OCGT,2050,6,15,15,0.0
29896,IE_OCGT,2050,6,16,16,0.0
29897,IE_OCGT,2050,6,17,17,0.0
29898,IE_OCGT,2050,6,18,18,0.0
29899,IE_OCGT,2050,6,19,19,0.0
29900,IE_OCGT,2050,6,20,20,0.0
29901,IE_OCGT,2050,6,21,21,0.0
29902,IE_OCGT,2050,6,22,22,0.0
29903,IE_OCGT,2050,6,23,23,0.0
29904,IE_OCGT,2050,6,24,24,0.0
29905,IE_OCGT,2050,7,1,1,0.0
29906,IE_OCGT,2050,7,2,2,0.0
29907,IE_OCGT,2050,7,3,3,0.0
29908,IE_OCGT,2050,7,4,4,0.0
29909,IE_OCGT,2050,7,5,5,0.0
29910,IE_OCGT,2050,7,6,6,0.0
29911,IE_OCGT,2050,7,7,7,0.0
29912,IE_OCGT,2050,7,8,8,0.0
29913,IE_OCGT,2050,7,9,9,0.0
29914,IE_OCGT,2050,7,10,10,0.0
29915,IE_OCGT,2050,7,11,11,0.0
29916,IE_OCGT,2050,7,12,12,0.0
29917,IE_OCGT,2050,7,13,13,0.0
29918,IE_OCGT,2050,7,14,14,0.0
29919,IE_OCGT,2050,7,15,15,0.0
29920,IE_OCGT,2050,7,16,16,0.0
29921,IE_OCGT,2050,7,17,17,0.0
29922,IE_OCGT,2050,7,18,18,0.0
29923,IE_OCGT,2050,7,19,19,-19.18733141133267
29924,IE_OCGT,2050,7,20,20,0.0
29925,IE_OCGT,2050,7,21,21,0.0
29926,IE_OCGT,2050,7,22,22,0.0
29927,IE_OCGT,2050,7,23,23,0.0
29928,IE_OCGT,2050,7,24,24,0.0
29929,IE_OCGT,2050,8,1,1,0.0
29930,IE_OCGT,2050,8,2,2,0.0
29931,IE_OCGT,2050,8,3,3,0.0
29932,IE_OCGT,2050,8,4,4,0.0
29933,IE_OCGT,2050,8,5,5,0.0
29934,IE_OCGT,2050,8,6,6,0.0
29935,IE_OCGT,2050,8,7,7,0.0
29936,IE_OCGT,2050,8,8,8,0.0
29937,IE_OCGT,2050,8,9,9,0.0
29938,IE_OCGT,2050,8,10,10,0.0
29939,IE_OCGT,2050,8,11,11,0.0
29940,IE_OCGT,2050,8,12,12,0.0
29941,IE_OCGT,2050,8,13,13,0.0
29942,IE_OCGT,2050,8,14,14,0.0
29943,IE_OCGT,2050,8,15,15,0.0
29944,IE_OCGT,2050,8,16,16,0.0
29945,IE_OCGT,2050,8,17,17,0.0
29946,IE_OCGT,2050,8,18,18,0.0
29947,IE_OCGT,2050,8,19,19,0.0
29948,IE_OCGT,2050,8,20,20,0.0
29949,IE_OCGT,2050,8,21,21,0.0
29950,IE_OCGT,2050,8,22,22,0.0
29951,IE_OCGT,2050,8,23,23,0.0
29952,IE_OCGT,2050,8,24,24,0.0
29953,IE_OCGT,2050,9,1,1,0.0
29954,IE_OCGT,2050,9,2,2,0.0
29955,IE_OCGT,2050,9,3,3,0.0
29956,IE_OCGT,2050,9,4,4,0.0
29957,IE_OCGT,2050,9,5,5,0.0
29958,IE_OCGT,2050,9,6,6,0.0
29959,IE_OCGT,2050,9,7,7,0.0
29960,IE_OCGT,2050,9,8,8,0.0
29961,IE_OCGT,2050,9,9,9,0.0
29962,IE_OCGT,2050,9,10,10,0.0
29963,IE_OCGT,2050,9,11,11,0.0
29964,IE_OCGT,2050,9,12,12,0.0
29965,IE_OCGT,2050,9,13,13,0.0
29966,IE_OCGT,2050,9,14,14,0.0
29967,IE_OCGT,2050,9,15,15,0.0
29968,IE_OCGT,2050,9,16,16,0.0
29969,IE_OCGT,2050,9,17,17,0.0
29970,IE_OCGT,2050,9,18,18,0.0
29971,IE_OCGT,2050,9,19,19,0.0
29972,IE_OCGT,2050,9,20,20,0.0
29973,IE_OCGT,2050,9,21,21,0.0
29974,IE_OCGT,2050,9,22,22,0.0
29975,IE_OCGT,2050,9,23,23,0.0
29976,IE_OCGT,2050,9,24,24,0.0
29977,IE_OCGT,2050,10,1,1,0.0
29978,IE_OCGT,2050,10,2,2,0.0
29979,IE_OCGT,2050,10,3,3,0.0
29980,IE_OCGT,2050,10,4,4,0.0
29981,IE_OCGT,2050,10,5,5,0.0
29982,IE_OCGT,2050,10,6,6,0.0
29983,IE_OCGT,2050,10,7,7,0.0
29984,IE_OCGT,2050,10,8,8,0.0
29985,IE_OCGT,2050,10,9,9,0.0
29986,IE_OCGT,2050,10,10,10,0.0
29987,IE_OCGT,2050,10,11,11,0.0
29988,IE_OCGT,2050,10,12,12,0.0
29989,IE_OCGT,2050,10,13,13,0.0
29990,IE_OCGT,2050,10,14,14,0.0
29991,IE_OCGT,2050,10,15,15,0.0
29992,IE_OCGT,2050,10,16,16,0.0
29993,IE_OCGT,2050,10,17,17,0.0
29994,IE_OCGT,2050,10,18,18,0.0
29995,IE_OCGT,2050,10,19,19,0.0
29996,IE_OCGT,2050,10,20,20,0.0
29997,IE_OCGT,2050,10,21,21,0.0
29998,IE_OCGT,2050,10,22,22,0.0
29999,IE_OCGT,2050,10,23,23,0.0
30000,IE_OCGT,2050,10,24,24,0.0
30001,IE_Solar,2050,1,1,1,0.0
30002,IE_Solar,2050,1,2,2,0.0
30003,IE_Solar,2050,1,3,3,0.0
30004,IE_Solar,2050,1,4,4,0.0
30005,IE_Solar,2050,1,5,5,0.0
30006,IE_Solar,2050,1,6,6,0.0
30007,IE_Solar,2050,1,7,7,0.0
30008,IE_Solar,2050,1,8,8,0.0
30009,IE_Solar,2050,1,9,9,0.0
30010,IE_Solar,2050,1,10,10,0.0
30011,IE_Solar,2050,1,11,11,0.0
30012,IE_Solar,2050,1,12,12,0.0
30013,IE_Solar,2050,1,13,13,0.0
30014,IE_Solar,2050,1,14,14,0.0
30015,IE_Solar,2050,1,15,15,0.0
30016,IE_Solar,2050,1,16,16,0.0
30017,IE_Solar,2050,1,17,17,0.0
30018,IE_Solar,2050,1,18,18,0.0
30019,IE_Solar,2050,1,19,19,0.0
30020,IE_Solar,2050,1,20,20,0.0
30021,IE_Solar,2050,1,21,21,0.0
30022,IE_Solar,2050,1,22,22,0.0
30023,IE_Solar,2050,1,23,23,0.0
30024,IE_Solar,2050,1,24,24,0.0
30025,IE_Solar,2050,2,1,1,0.0
30026,IE_Solar,2050,2,2,2,0.0
30027,IE_Solar,2050,2,3,3,0.0
30028,IE_Solar,2050,2,4,4,0.0
30029,IE_Solar,2050,2,5,5,0.0
30030,IE_Solar,2050,2,6,6,0.0
30031,IE_Solar,2050,2,7,7,0.0
30032,IE_Solar,2050,2,8,8,0.0
30033,IE_Solar,2050,2,9,9,0.0
30034,IE_Solar,2050,2,10,10,0.0
30035,IE_Solar,2050,2,11,11,-1.089
30036,IE_Solar,2050,2,12,12,-1.089
30037,IE_Solar,2050,2,13,13,-1.089
30038,IE_Solar,2050,2,14,14,-1.089
30039,IE_Solar,2050,2,15,15,-1.089
30040,IE_Solar,2050,2,16,16,-1.089
30041,IE_Solar,2050,2,17,17,-1.089
30042,IE_Solar,2050,2,18,18,-1.089
30043,IE_Solar,2050,2,19,19,-1.089
30044,IE_Solar,2050,2,20,20,-1.089
30045,IE_Solar,2050,2,21,21,0.0
30046,IE_Solar,2050,2,22,22,0.0
30047,IE_Solar,2050,2,23,23,0.0
30048,IE_Solar,2050,2,24,24,0.0
30049,IE_Solar,2050,3,1,1,0.0
30050,IE_Solar,2050,3,2,2,0.0
30051,IE_Solar,2050,3,3,3,0.0
30052,IE_Solar,2050,3,4,4,0.0
30053,IE_Solar,2050,3,5,5,0.0
30054,IE_Solar,2050,3,6,6,0.0
30055,IE_Solar,2050,3,7,7,0.0
30056,IE_Solar,2050,3,8,8,0.0
30057,IE_Solar,2050,3,9,9,0.0
30058,IE_Solar,2050,3,10,10,0.0
30059,IE_Solar,2050,3,11,11,0.0
30060,IE_Solar,2050,3,12,12,0.0
30061,IE_Solar,2050,3,13,13,0.0
30062,IE_Solar,2050,3,14,14,0.0
30063,IE_Solar,2050,3,15,15,0.0
30064,IE_Solar,2050,3,16,16,0.0
30065,IE_Solar,2050,3,17,17,0.0
30066,IE_Solar,2050,3,18,18,0.0
30067,IE_Solar,2050,3,19,19,0.0
30068,IE_Solar,2050,3,20,20,0.0
30069,IE_Solar,2050,3,21,21,0.0
30070,IE_Solar,2050,3,22,22,0.0
30071,IE_Solar,2050,3,23,23,0.0
30072,IE_Solar,2050,3,24,24,0.0
30073,IE_Solar,2050,4,1,1,0.0
30074,IE_Solar,2050,4,2,2,0.0
30075,IE_Solar,2050,4,3,3,0.0
30076,IE_Solar,2050,4,4,4,0.0
30077,IE_Solar,2050,4,5,5,0.0
30078,IE_Solar,2050,4,6,6,0.0
30079,IE_Solar,2050,4,7,7,0.0
30080,IE_Solar,2050,4,8,8,0.0
30081,IE_Solar,2050,4,9,9,0.0
30082,IE_Solar,2050,4,10,10,0.0
30083,IE_Solar,2050,4,11,11,0.0
30084,IE_Solar,2050,4,12,12,0.0
30085,IE_Solar,2050,4,13,13,0.0
30086,IE_Solar,2050,4,14,14,0.0
30087,IE_Solar,2050,4,15,15,0.0
30088,IE_Solar,2050,4,16,16,0.0
30089,IE_Solar,2050,4,17,17,0.0
30090,IE_Solar,2050,4,18,18,0.0
30091,IE_Solar,2050,4,19,19,0.0
30092,IE_Solar,2050,4,20,20,0.0
30093,IE_Solar,2050,4,21,21,0.0
30094,IE_Solar,2050,4,22,22,0.0
30095,IE_Solar,2050,4,23,23,0.0
30096,IE_Solar,2050,4,24,24,0.0
30097,IE_Solar,2050,5,1,1,0.0
30098,IE_Solar,2050,5,2,2,0.0
30099,IE_Solar,2050,5,3,3,0.0
30100,IE_Solar,2050,5,4,4,0.0
30101,IE_Solar,2050,5,5,5,0.0
30102,IE_Solar,2050,5,6,6,0.0
30103,IE_Solar,2050,5,7,7,0.0
30104,IE_Solar,2050,5,8,8,0.0
30105,IE_Solar,2050,5,9,9,0.0
30106,IE_Solar,2050,5,10,10,0.0
30107,IE_Solar,2050,5,11,11,0.0
30108,IE_Solar,2050,5,12,12,0.0
30109,IE_Solar,2050,5,13,13,0.0
30110,IE_Solar,2050,5,14,14,0.0
30111,IE_Solar,2050,5,15,15,0.0
30112,IE_Solar,2050,5,16,16,0.0
30113,IE_Solar,2050,5,17,17,0.0
30114,IE_Solar,2050,5,18,18,0.0
30115,IE_Solar,2050,5,19,19,0.0
30116,IE_Solar,2050,5,20,20,0.0
30117,IE_Solar,2050,5,21,21,0.0
30118,IE_Solar,2050,5,22,22,0.0
30119,IE_Solar,2050,5,23,23,0.0
30120,IE_Solar,2050,5,24,24,0.0
30121,IE_Solar,2050,6,1,1,0.0
30122,IE_Solar,2050,6,2,2,0.0
30123,IE_Solar,2050,6,3,3,0.0
30124,IE_Solar,2050,6,4,4,0.0
30125,IE_Solar,2050,6,5,5,0.0
30126,IE_Solar,2050,6,6,6,0.0
30127,IE_Solar,2050,6,7,7,0.0
30128,IE_Solar,2050,6,8,8,0.0
30129,IE_Solar,2050,6,9,9,0.0
30130,IE_Solar,2050,6,10,10,-0.9179999999999999
30131,IE_Solar,2050,6,11,11,-0.9179999999999999
30132,IE_Solar,2050,6,12,12,-0.9179999999999999
30133,IE_Solar,2050,6,13,13,0.0
30134,IE_Solar,2050,6,14,14,0.0
30135,IE_Solar,2050,6,15,15,0.0
30136,IE_Solar,2050,6,16,16,0.0
30137,IE_Solar,2050,6,17,17,0.0
30138,IE_Solar,2050,6,18,18,0.0
30139,IE_Solar,2050,6,19,19,0.0
30140,IE_Solar,2050,6,20,20,0.0
30141,IE_Solar,2050,6,21,21,0.0
30142,IE_Solar,2050,6,22,22,0.0
30143,IE_Solar,2050,6,23,23,0.0
30144,IE_Solar,2050,6,24,24,0.0
30145,IE_Solar,2050,7,1,1,0.0
30146,IE_Solar,2050,7,2,2,0.0
30147,IE_Solar,2050,7,3,3,0.0
30148,IE_Solar,2050,7,4,4,0.0
30149,IE_Solar,2050,7,5,5,0.0
30150,IE_Solar,2050,7,6,6,0.0
30151,IE_Solar,2050,7,7,7,0.0
30152,IE_Solar,2050,7,8,8,-1.221
30153,IE_Solar,2050,7,9,9,-1.221
30154,IE_Solar,2050,7,10,10,-1.221
30155,IE_Solar,2050,7,11,11,-1.8869999999999998
30156,IE_Solar,2050,7,12,12,-1.8869999999999998
30157,IE_Solar,2050,7,13,13,-1.8869999999999998
30158,IE_Solar,2050,7,14,14,-1.8869999999999998
30159,IE_Solar,2050,7,15,15,-1.8869999999999998
30160,IE_Solar,2050,7,16,16,-1.8869999999999998
30161,IE_Solar,2050,7,17,17,-1.8869999999999998
30162,IE_Solar,2050,7,18,18,-1.8869999999999998
30163,IE_Solar,2050,7,19,19,-21.074331411332672
30164,IE_Solar,2050,7,20,20,-1.8869999999999998
30165,IE_Solar,2050,7,21,21,-1.8869999999999998
30166,IE_Solar,2050,7,22,22,-1.221
30167,IE_Solar,2050,7,23,23,0.0
30168,IE_Solar,2050,7,24,24,0.0
30169,IE_Solar,2050,8,1,1,0.0
30170,IE_Solar,2050,8,2,2,0.0
30171,IE_Solar,2050,8,3,3,0.0
30172,IE_Solar,2050,8,4,4,0.0
30173,IE_Solar,2050,8,5,5,0.0
30174,IE_Solar,2050,8,6,6,0.0
30175,IE_Solar,2050,8,7,7,0.0
30176,IE_Solar,2050,8,8,8,0.0
30177,IE_Solar,2050,8,9,9,0.0
30178,IE_Solar,2050,8,10,10,0.0
30179,IE_Solar,2050,8,11,11,0.0
30180,IE_Solar,2050,8,12,12,0.0
30181,IE_Solar,2050,8,13,13,0.0
30182,IE_Solar,2050,8,14,14,0.0
30183,IE_Solar,2050,8,15,15,0.0
30184,IE_Solar,2050,8,16,16,0.0
30185,IE_Solar,2050,8,17,17,0.0
30186,IE_Solar,2050,8,18,18,0.0
30187,IE_Solar,2050,8,19,19,0.0
30188,IE_Solar,2050,8,20,20,0.0
30189,IE_Solar,2050,8,21,21,0.0
30190,IE_Solar,2050,8,22,22,0.0
30191,IE_Solar,2050,8,23,23,0.0
30192,IE_Solar,2050,8,24,24,0.0
30193,IE_Solar,2050,9,1,1,0.0
30194,IE_Solar,2050,9,2,2,0.0
30195,IE_Solar,2050,9,3,3,0.0
30196,IE_Solar,2050,9,4,4,0.0
30197,IE_Solar,2050,9,5,5,0.0
30198,IE_Solar,2050,9,6,6,0.0
30199,IE_Solar,2050,9,7,7,0.0
30200,IE_Solar,2050,9,8,8,0.0
30201,IE_Solar,2050,9,9,9,0.0
30202,IE_Solar,2050,9,10,10,0.0
30203,IE_Solar,2050,9,11,11,-1.419
30204,IE_Solar,2050,9,12,12,-1.419
30205,IE_Solar,2050,9,13,13,-1.419
30206,IE_Solar,2050,9,14,14,-1.419
30207,IE_Solar,2050,9,15,15,-1.419
30208,IE_Solar,2050,9,16,16,-2.193
30209,IE_Solar,2050,9,17,17,-2.193
30210,IE_Solar,2050,9,18,18,-2.193
30211,IE_Solar,2050,9,19,19,-2.193
30212,IE_Solar,2050,9,20,20,0.0
30213,IE_Solar,2050,9,21,21,0.0
30214,IE_Solar,2050,9,22,22,0.0
30215,IE_Solar,2050,9,23,23,0.0
30216,IE_Solar,2050,9,24,24,0.0
30217,IE_Solar,2050,10,1,1,0.0
30218,IE_Solar,2050,10,2,2,0.0
30219,IE_Solar,2050,10,3,3,0.0
30220,IE_Solar,2050,10,4,4,0.0
30221,IE_Solar,2050,10,5,5,0.0
30222,IE_Solar,2050,10,6,6,0.0
30223,IE_Solar,2050,10,7,7,0.0
30224,IE_Solar,2050,10,8,8,0.0
30225,IE_Solar,2050,10,9,9,0.0
30226,IE_Solar,2050,10,10,10,-1.518
30227,IE_Solar,2050,10,11,11,-1.518
30228,IE_Solar,2050,10,12,12,-1.518
30229,IE_Solar,2050,10,13,13,-1.518
30230,IE_Solar,2050,10,14,14,-1.518
30231,IE_Solar,2050,10,15,15,-1.518
30232,IE_Solar,2050,10,16,16,-1.518
30233,IE_Solar,2050,10,17,17,-1.518
30234,IE_Solar,2050,10,18,18,-1.518
30235,IE_Solar,2050,10,19,19,-1.518
30236,IE_Solar,2050,10,20,20,-1.518
30237,IE_Solar,2050,10,21,21,0.0
30238,IE_Solar,2050,10,22,22,0.0
30239,IE_Solar,2050,10,23,23,0.0
30240,IE_Solar,2050,10,24,24,0.0
30241,IE_Wind_Offshore,2050,1,1,1,0.0
30242,IE_Wind_Offshore,2050,1,2,2,0.0
30243,IE_Wind_Offshore,2050,1,3,3,0.0
30244,IE_Wind_Offshore,2050,1,4,4,0.0
30245,IE_Wind_Offshore,2050,1,5,5,0.0
30246,IE_Wind_Offshore,2050,1,6,6,0.0
30247,IE_Wind_Offshore,2050,1,7,7,0.0
30248,IE_Wind_Offshore,2050,1,8,8,0.0
30249,IE_Wind_Offshore,2050,1,9,9,0.0
30250,IE_Wind_Offshore,2050,1,10,10,0.0
30251,IE_Wind_Offshore,2050,1,11,11,0.0
30252,IE_Wind_Offshore,2050,1,12,12,0.0
30253,IE_Wind_Offshore,2050,1,13,13,0.0
30254,IE_Wind_Offshore,2050,1,14,14,0.0
30255,IE_Wind_Offshore,2050,1,15,15,0.0
30256,IE_Wind_Offshore,2050,1,16,16,0.0
30257,IE_Wind_Offshore,2050,1,17,17,0.0
30258,IE_Wind_Offshore,2050,1,18,18,0.0
30259,IE_Wind_Offshore,2050,1,19,19,0.0
30260,IE_Wind_Offshore,2050,1,20,20,0.0
30261,IE_Wind_Offshore,2050,1,21,21,0.0
30262,IE_Wind_Offshore,2050,1,22,22,0.0
30263,IE_Wind_Offshore,2050,1,23,23,0.0
30264,IE_Wind_Offshore,2050,1,24,24,0.0
30265,IE_Wind_Offshore,2050,2,1,1,0.0
30266,IE_Wind_Offshore,2050,2,2,2,0.0
30267,IE_Wind_Offshore,2050,2,3,3,0.0
30268,IE_Wind_Offshore,2050,2,4,4,0.0
30269,IE_Wind_Offshore,2050,2,5,5,0.0
30270,IE_Wind_Offshore,2050,2,6,6,0.0
30271,IE_Wind_Offshore,2050,2,7,7,0.0
30272,IE_Wind_Offshore,2050,2,8,8,0.0
30273,IE_Wind_Offshore,2050,2,9,9,0.0
30274,IE_Wind_Offshore,2050,2,10,10,0.0
30275,IE_Wind_Offshore,2050,2,11,11,-1.089
30276,IE_Wind_Offshore,2050,2,12,12,-1.089
30277,IE_Wind_Offshore,2050,2,13,13,-1.089
30278,IE_Wind_Offshore,2050,2,14,14,-1.089
30279,IE_Wind_Offshore,2050,2,15,15,-1.089
30280,IE_Wind_Offshore,2050,2,16,16,-1.089
30281,IE_Wind_Offshore,2050,2,17,17,-1.089
30282,IE_Wind_Offshore,2050,2,18,18,-1.089
30283,IE_Wind_Offshore,2050,2,19,19,-1.089
30284,IE_Wind_Offshore,2050,2,20,20,-1.089
30285,IE_Wind_Offshore,2050,2,21,21,0.0
30286,IE_Wind_Offshore,2050,2,22,22,0.0
30287,IE_Wind_Offshore,2050,2,23,23,0.0
30288,IE_Wind_Offshore,2050,2,24,24,0.0
30289,IE_Wind_Offshore,2050,3,1,1,0.0
30290,IE_Wind_Offshore,2050,3,2,2,0.0
30291,IE_Wind_Offshore,2050,3,3,3,0.0
30292,IE_Wind_Offshore,2050,3,4,4,0.0
30293,IE_Wind_Offshore,2050,3,5,5,0.0
30294,IE_Wind_Offshore,2050,3,6,6,0.0
30295,IE_Wind_Offshore,2050,3,7,7,0.0
30296,IE_Wind_Offshore,2050,3,8,8,0.0
30297,IE_Wind_Offshore,2050,3,9,9,0.0
30298,IE_Wind_Offshore,2050,3,10,10,0.0
30299,IE_Wind_Offshore,2050,3,11,11,0.0
30300,IE_Wind_Offshore,2050,3,12,12,0.0
30301,IE_Wind_Offshore,2050,3,13,13,0.0
30302,IE_Wind_Offshore,2050,3,14,14,0.0
30303,IE_Wind_Offshore,2050,3,15,15,0.0
30304,IE_Wind_Offshore,2050,3,16,16,0.0
30305,IE_Wind_Offshore,2050,3,17,17,0.0
30306,IE_Wind_Offshore,2050,3,18,18,0.0
30307,IE_Wind_Offshore,2050,3,19,19,0.0
30308,IE_Wind_Offshore,2050,3,20,20,0.0
30309,IE_Wind_Offshore,2050,3,21,21,0.0
30310,IE_Wind_Offshore,2050,3,22,22,0.0
30311,IE_Wind_Offshore,2050,3,23,23,0.0
30312,IE_Wind_Offshore,2050,3,24,24,0.0
30313,IE_Wind_Offshore,2050,4,1,1,0.0
30314,IE_Wind_Offshore,2050,4,2,2,0.0
30315,IE_Wind_Offshore,2050,4,3,3,0.0
30316,IE_Wind_Offshore,2050,4,4,4,0.0
30317,IE_Wind_Offshore,2050,4,5,5,0.0
30318,IE_Wind_Offshore,2050,4,6,6,0.0
30319,IE_Wind_Offshore,2050,4,7,7,0.0
30320,IE_Wind_Offshore,2050,4,8,8,0.0
30321,IE_Wind_Offshore,2050,4,9,9,0.0
30322,IE_Wind_Offshore,2050,4,10,10,0.0
30323,IE_Wind_Offshore,2050,4,11,11,0.0
30324,IE_Wind_Offshore,2050,4,12,12,0.0
30325,IE_Wind_Offshore,2050,4,13,13,0.0
30326,IE_Wind_Offshore,2050,4,14,14,0.0
30327,IE_Wind_Offshore,2050,4,15,15,0.0
30328,IE_Wind_Offshore,2050,4,16,16,0.0
30329,IE_Wind_Offshore,2050,4,17,17,0.0
30330,IE_Wind_Offshore,2050,4,18,18,0.0
30331,IE_Wind_Offshore,2050,4,19,19,0.0
30332,IE_Wind_Offshore,2050,4,20,20,0.0
30333,IE_Wind_Offshore,2050,4,21,21,0.0
30334,IE_Wind_Offshore,2050,4,22,22,0.0
30335,IE_Wind_Offshore,2050,4,23,23,0.0
30336,IE_Wind_Offshore,2050,4,24,24,0.0
30337,IE_Wind_Offshore,2050,5,1,1,0.0
30338,IE_Wind_Offshore,2050,5,2,2,0.0
30339,IE_Wind_Offshore,2050,5,3,3,0.0
30340,IE_Wind_Offshore,2050,5,4,4,0.0
30341,IE_Wind_Offshore,2050,5,5,5,0.0
30342,IE_Wind_Offshore,2050,5,6,6,0.0
30343,IE_Wind_Offshore,2050,5,7,7,0.0
30344,IE_Wind_Offshore,2050,5,8,8,0.0
30345,IE_Wind_Offshore,2050,5,9,9,0.0
30346,IE_Wind_Offshore,2050,5,10,10,0.0
30347,IE_Wind_Offshore,2050,5,11,11,0.0
30348,IE_Wind_Offshore,2050,5,12,12,0.0
30349,IE_Wind_Offshore,2050,5,13,13,0.0
30350,IE_Wind_Offshore,2050,5,14,14,0.0
30351,IE_Wind_Offshore,2050,5,15,15,0.0
30352,IE_Wind_Offshore,2050,5,16,16,0.0
30353,IE_Wind_Offshore,2050,5,17,17,0.0
30354,IE_Wind_Offshore,2050,5,18,18,0.0
30355,IE_Wind_Offshore,2050,5,19,19,0.0
30356,IE_Wind_Offshore,2050,5,20,20,0.0
30357,IE_Wind_Offshore,2050,5,21,21,0.0
30358,IE_Wind_Offshore,2050,5,22,22,0.0
30359,IE_Wind_Offshore,2050,5,23,23,0.0
30360,IE_Wind_Offshore,2050,5,24,24,0.0
30361,IE_Wind_Offshore,2050,6,1,1,0.0
30362,IE_Wind_Offshore,2050,6,2,2,0.0
30363,IE_Wind_Offshore,2050,6,3,3,0.0
30364,IE_Wind_Offshore,2050,6,4,4,0.0
30365,IE_Wind_Offshore,2050,6,5,5,0.0
30366,IE_Wind_Offshore,2050,6,6,6,0.0
30367,IE_Wind_Offshore,2050,6,7,7,0.0
30368,IE_Wind_Offshore,2050,6,8,8,0.0
30369,IE_Wind_Offshore,2050,6,9,9,0.0
30370,IE_Wind_Offshore,2050,6,10,10,-0.9179999999999999
30371,IE_Wind_Offshore,2050,6,11,11,-0.9179999999999999
30372,IE_Wind_Offshore,2050,6,12,12,-0.9179999999999999
30373,IE_Wind_Offshore,2050,6,13,13,0.0
30374,IE_Wind_Offshore,2050,6,14,14,0.0
30375,IE_Wind_Offshore,2050,6,15,15,0.0
30376,IE_Wind_Offshore,2050,6,16,16,0.0
30377,IE_Wind_Offshore,2050,6,17,17,0.0
30378,IE_Wind_Offshore,2050,6,18,18,0.0
30379,IE_Wind_Offshore,2050,6,19,19,0.0
30380,IE_Wind_Offshore,2050,6,20,20,0.0
30381,IE_Wind_Offshore,2050,6,21,21,0.0
30382,IE_Wind_Offshore,2050,6,22,22,0.0
30383,IE_Wind_Offshore,2050,6,23,23,0.0
30384,IE_Wind_Offshore,2050,6,24,24,0.0
30385,IE_Wind_Offshore,2050,7,1,1,0.0
30386,IE_Wind_Offshore,2050,7,2,2,0.0
30387,IE_Wind_Offshore,2050,7,3,3,0.0
30388,IE_Wind_Offshore,2050,7,4,4,0.0
30389,IE_Wind_Offshore,2050,7,5,5,0.0
30390,IE_Wind_Offshore,2050,7,6,6,0.0
30391,IE_Wind_Offshore,2050,7,7,7,0.0
30392,IE_Wind_Offshore,2050,7,8,8,-1.221
30393,IE_Wind_Offshore,2050,7,9,9,-1.221
30394,IE_Wind_Offshore,2050,7,10,10,-1.221
30395,IE_Wind_Offshore,2050,7,11,11,-1.8869999999999998
30396,IE_Wind_Offshore,2050,7,12,12,-1.8869999999999998
30397,IE_Wind_Offshore,2050,7,13,13,-1.8869999999999998
30398,IE_Wind_Offshore,2050,7,14,14,-1.8869999999999998
30399,IE_Wind_Offshore,2050,7,15,15,-1.8869999999999998
30400,IE_Wind_Offshore,2050,7,16,16,-1.8869999999999998
30401,IE_Wind_Offshore,2050,7,17,17,-1.8869999999999998
30402,IE_Wind_Offshore,2050,7,18,18,-1.8869999999999998
30403,IE_Wind_Offshore,2050,7,19,19,-21.074331411332672
30404,IE_Wind_Offshore,2050,7,20,20,-1.8869999999999998
30405,IE_Wind_Offshore,2050,7,21,21,-1.8869999999999998
30406,IE_Wind_Offshore,2050,7,22,22,-1.221
30407,IE_Wind_Offshore,2050,7,23,23,0.0
30408,IE_Wind_Offshore,2050,7,24,24,0.0
30409,IE_Wind_Offshore,2050,8,1,1,0.0
30410,IE_Wind_Offshore,2050,8,2,2,0.0
30411,IE_Wind_Offshore,2050,8,3,3,0.0
30412,IE_Wind_Offshore,2050,8,4,4,0.0
30413,IE_Wind_Offshore,2050,8,5,5,0.0
30414,IE_Wind_Offshore,2050,8,6,6,0.0
30415,IE_Wind_Offshore,2050,8,7,7,0.0
30416,IE_Wind_Offshore,2050,8,8,8,0.0
30417,IE_Wind_Offshore,2050,8,9,9,0.0
30418,IE_Wind_Offshore,2050,8,10,10,0.0
30419,IE_Wind_Offshore,2050,8,11,11,0.0
30420,IE_Wind_Offshore,2050,8,12,12,0.0
30421,IE_Wind_Offshore,2050,8,13,13,0.0
30422,IE_Wind_Offshore,2050,8,14,14,0.0
30423,IE_Wind_Offshore,2050,8,15,15,0.0
30424,IE_Wind_Offshore,2050,8,16,16,0.0
30425,IE_Wind_Offshore,2050,8,17,17,0.0
30426,IE_Wind_Offshore,2050,8,18,18,0.0
30427,IE_Wind_Offshore,2050,8,19,19,0.0
30428,IE_Wind_Offshore,2050,8,20,20,0.0
30429,IE_Wind_Offshore,2050,8,21,21,0.0
30430,IE_Wind_Offshore,2050,8,22,22,0.0
30431,IE_Wind_Offshore,2050,8,23,23,0.0
30432,IE_Wind_Offshore,2050,8,24,24,0.0
30433,IE_Wind_Offshore,2050,9,1,1,0.0
30434,IE_Wind_Offshore,2050,9,2,2,0.0
30435,IE_Wind_Offshore,2050,9,3,3,0.0
30436,IE_Wind_Offshore,2050,9,4,4,0.0
30437,IE_Wind_Offshore,2050,9,5,5,0.0
30438,IE_Wind_Offshore,2050,9,6,6,0.0
30439,IE_Wind_Offshore,2050,9,7,7,0.0
30440,IE_Wind_Offshore,2050,9,8,8,0.0
30441,IE_Wind_Offshore,2050,9,9,9,0.0
30442,IE_Wind_Offshore,2050,9,10,10,0.0
30443,IE_Wind_Offshore,2050,9,11,11,-1.419
30444,IE_Wind_Offshore,2050,9,12,12,-1.419
30445,IE_Wind_Offshore,2050,9,13,13,-1.419
30446,IE_Wind_Offshore,2050,9,14,14,-1.419
30447,IE_Wind_Offshore,2050,9,15,15,-1.419
30448,IE_Wind_Offshore,2050,9,16,16,-2.193
30449,IE_Wind_Offshore,2050,9,17,17,-2.193
30450,IE_Wind_Offshore,2050,9,18,18,-2.193
30451,IE_Wind_Offshore,2050,9,19,19,-2.193
30452,IE_Wind_Offshore,2050,9,20,20,0.0
30453,IE_Wind_Offshore,2050,9,21,21,0.0
30454,IE_Wind_Offshore,2050,9,22,22,0.0
30455,IE_Wind_Offshore,2050,9,23,23,0.0
30456,IE_Wind_Offshore,2050,9,24,24,0.0
30457,IE_Wind_Offshore,2050,10,1,1,0.0
30458,IE_Wind_Offshore,2050,10,2,2,0.0
30459,IE_Wind_Offshore,2050,10,3,3,0.0
30460,IE_Wind_Offshore,2050,10,4,4,0.0
30461,IE_Wind_Offshore,2050,10,5,5,0.0
30462,IE_Wind_Offshore,2050,10,6,6,0.0
30463,IE_Wind_Offshore,2050,10,7,7,0.0
30464,IE_Wind_Offshore,2050,10,8,8,0.0
30465,IE_Wind_Offshore,2050,10,9,9,0.0
30466,IE_Wind_Offshore,2050,10,10,10,-1.518
30467,IE_Wind_Offshore,2050,10,11,11,-1.518
30468,IE_Wind_Offshore,2050,10,12,12,-1.518
30469,IE_Wind_Offshore,2050,10,13,13,-1.518
30470,IE_Wind_Offshore,2050,10,14,14,-1.518
30471,IE_Wind_Offshore,2050,10,15,15,-1.518
30472,IE_Wind_Offshore,2050,10,16,16,-1.518
30473,IE_Wind_Offshore,2050,10,17,17,-1.518
30474,IE_Wind_Offshore,2050,10,18,18,-1.518
30475,IE_Wind_Offshore,2050,10,19,19,-1.518
30476,IE_Wind_Offshore,2050,10,20,20,-1.518
30477,IE_Wind_Offshore,2050,10,21,21,0.0
30478,IE_Wind_Offshore,2050,10,22,22,0.0
30479,IE_Wind_Offshore,2050,10,23,23,0.0
30480,IE_Wind_Offshore,2050,10,24,24,0.0
30481,IE_Wind_Onshore,2050,1,1,1,0.0
30482,IE_Wind_Onshore,2050,1,2,2,0.0
30483,IE_Wind_Onshore,2050,1,3,3,0.0
30484,IE_Wind_Onshore,2050,1,4,4,0.0
30485,IE_Wind_Onshore,2050,1,5,5,0.0
30486,IE_Wind_Onshore,2050,1,6,6,0.0
30487,IE_Wind_Onshore,2050,1,7,7,0.0
30488,IE_Wind_Onshore,2050,1,8,8,0.0
30489,IE_Wind_Onshore,2050,1,9,9,0.0
30490,IE_Wind_Onshore,2050,1,10,10,0.0
30491,IE_Wind_Onshore,2050,1,11,11,0.0
30492,IE_Wind_Onshore,2050,1,12,12,0.0
30493,IE_Wind_Onshore,2050,1,13,13,0.0
30494,IE_Wind_Onshore,2050,1,14,14,0.0
30495,IE_Wind_Onshore,2050,1,15,15,0.0
30496,IE_Wind_Onshore,2050,1,16,16,0.0
30497,IE_Wind_Onshore,2050,1,17,17,0.0
30498,IE_Wind_Onshore,2050,1,18,18,0.0
30499,IE_Wind_Onshore,2050,1,19,19,0.0
30500,IE_Wind_Onshore,2050,1,20,20,0.0
30501,IE_Wind_Onshore,2050,1,21,21,0.0
30502,IE_Wind_Onshore,2050,1,22,22,0.0
30503,IE_Wind_Onshore,2050,1,23,23,0.0
30504,IE_Wind_Onshore,2050,1,24,24,0.0
30505,IE_Wind_Onshore,2050,2,1,1,0.0
30506,IE_Wind_Onshore,2050,2,2,2,0.0
30507,IE_Wind_Onshore,2050,2,3,3,0.0
30508,IE_Wind_Onshore,2050,2,4,4,0.0
30509,IE_Wind_Onshore,2050,2,5,5,0.0
30510,IE_Wind_Onshore,2050,2,6,6,0.0
30511,IE_Wind_Onshore,2050,2,7,7,0.0
30512,IE_Wind_Onshore,2050,2,8,8,0.0
30513,IE_Wind_Onshore,2050,2,9,9,0.0
30514,IE_Wind_Onshore,2050,2,10,10,0.0
30515,IE_Wind_Onshore,2050,2,11,11,-1.089
30516,IE_Wind_Onshore,2050,2,12,12,-1.089
30517,IE_Wind_Onshore,2050,2,13,13,-1.089
30518,IE_Wind_Onshore,2050,2,14,14,-1.089
30519,IE_Wind_Onshore,2050,2,15,15,-1.089
30520,IE_Wind_Onshore,2050,2,16,16,-1.089
30521,IE_Wind_Onshore,2050,2,17,17,-1.089
30522,IE_Wind_Onshore,2050,2,18,18,-1.089
30523,IE_Wind_Onshore,2050,2,19,19,-1.089
30524,IE_Wind_Onshore,2050,2,20,20,-1.089
30525,IE_Wind_Onshore,2050,2,21,21,0.0
30526,IE_Wind_Onshore,2050,2,22,22,0.0
30527,IE_Wind_Onshore,2050,2,23,23,0.0
30528,IE_Wind_Onshore,2050,2,24,24,0.0
30529,IE_Wind_Onshore,2050,3,1,1,0.0
30530,IE_Wind_Onshore,2050,3,2,2,0.0
30531,IE_Wind_Onshore,2050,3,3,3,0.0
30532,IE_Wind_Onshore,2050,3,4,4,0.0
30533,IE_Wind_Onshore,2050,3,5,5,0.0
30534,IE_Wind_Onshore,2050,3,6,6,0.0
30535,IE_Wind_Onshore,2050,3,7,7,0.0
30536,IE_Wind_Onshore,2050,3,8,8,0.0
30537,IE_Wind_Onshore,2050,3,9,9,0.0
30538,IE_Wind_Onshore,2050,3,10,10,0.0
30539,IE_Wind_Onshore,2050,3,11,11,0.0
30540,IE_Wind_Onshore,2050,3,12,12,0.0
30541,IE_Wind_Onshore,2050,3,13,13,0.0
30542,IE_Wind_Onshore,2050,3,14,14,0.0
30543,IE_Wind_Onshore,2050,3,15,15,0.0
30544,IE_Wind_Onshore,2050,3,16,16,0.0
30545,IE_Wind_Onshore,2050,3,17,17,0.0
30546,IE_Wind_Onshore,2050,3,18,18,0.0
30547,IE_Wind_Onshore,2050,3,19,19,0.0
30548,IE_Wind_Onshore,2050,3,20,20,0.0
30549,IE_Wind_Onshore,2050,3,21,21,0.0
30550,IE_Wind_Onshore,2050,3,22,22,0.0
30551,IE_Wind_Onshore,2050,3,23,23,0.0
30552,IE_Wind_Onshore,2050,3,24,24,0.0
30553,IE_Wind_Onshore,2050,4,1,1,0.0
30554,IE_Wind_Onshore,2050,4,2,2,0.0
30555,IE_Wind_Onshore,2050,4,3,3,0.0
30556,IE_Wind_Onshore,2050,4,4,4,0.0
30557,IE_Wind_Onshore,2050,4,5,5,0.0
30558,IE_Wind_Onshore,2050,4,6,6,0.0
30559,IE_Wind_Onshore,2050,4,7,7,0.0
30560,IE_Wind_Onshore,2050,4,8,8,0.0
30561,IE_Wind_Onshore,2050,4,9,9,0.0
30562,IE_Wind_Onshore,2050,4,10,10,0.0
30563,IE_Wind_Onshore,2050,4,11,11,0.0
30564,IE_Wind_Onshore,2050,4,12,12,0.0
30565,IE_Wind_Onshore,2050,4,13,13,0.0
30566,IE_Wind_Onshore,2050,4,14,14,0.0
30567,IE_Wind_Onshore,2050,4,15,15,0.0
30568,IE_Wind_Onshore,2050,4,16,16,0.0
30569,IE_Wind_Onshore,2050,4,17,17,0.0
30570,IE_Wind_Onshore,2050,4,18,18,0.0
30571,IE_Wind_Onshore,2050,4,19,19,0.0
30572,IE_Wind_Onshore,2050,4,20,20,0.0
30573,IE_Wind_Onshore,2050,4,21,21,0.0
30574,IE_Wind_Onshore,2050,4,22,22,0.0
30575,IE_Wind_Onshore,2050,4,23,23,0.0
30576,IE_Wind_Onshore,2050,4,24,24,0.0
30577,IE_Wind_Onshore,2050,5,1,1,0.0
30578,IE_Wind_Onshore,2050,5,2,2,0.0
30579,IE_Wind_Onshore,2050,5,3,3,0.0
30580,IE_Wind_Onshore,2050,5,4,4,0.0
30581,IE_Wind_Onshore,2050,5,5,5,0.0
30582,IE_Wind_Onshore,2050,5,6,6,0.0
30583,IE_Wind_Onshore,2050,5,7,7,0.0
30584,IE_Wind_Onshore,2050,5,8,8,0.0
30585,IE_Wind_Onshore,2050,5,9,9,0.0
30586,IE_Wind_Onshore,2050,5,10,10,0.0
30587,IE_Wind_Onshore,2050,5,11,11,0.0
30588,IE_Wind_Onshore,2050,5,12,12,0.0
30589,IE_Wind_Onshore,2050,5,13,13,0.0
30590,IE_Wind_Onshore,2050,5,14,14,0.0
30591,IE_Wind_Onshore,2050,5,15,15,0.0
30592,IE_Wind_Onshore,2050,5,16,16,0.0
30593,IE_Wind_Onshore,2050,5,17,17,0.0
30594,IE_Wind_Onshore,2050,5,18,18,0.0
30595,IE_Wind_Onshore,2050,5,19,19,0.0
30596,IE_Wind_Onshore,2050,5,20,20,0.0
30597,IE_Wind_Onshore,2050,5,21,21,0.0
30598,IE_Wind_Onshore,2050,5,22,22,0.0
30599,IE_Wind_Onshore,2050,5,23,23,0.0
30600,IE_Wind_Onshore,2050,5,24,24,0.0
30601,IE_Wind_Onshore,2050,6,1,1,0.0
30602,IE_Wind_Onshore,2050,6,2,2,0.0
30603,IE_Wind_Onshore,2050,6,3,3,0.0
30604,IE_Wind_Onshore,2050,6,4,4,0.0
30605,IE_Wind_Onshore,2050,6,5,5,0.0
30606,IE_Wind_Onshore,2050,6,6,6,0.0
30607,IE_Wind_Onshore,2050,6,7,7,0.0
30608,IE_Wind_Onshore,2050,6,8,8,0.0
30609,IE_Wind_Onshore,2050,6,9,9,0.0
30610,IE_Wind_Onshore,2050,6,10,10,-0.9179999999999999
30611,IE_Wind_Onshore,2050,6,11,11,-0.9179999999999999
30612,IE_Wind_Onshore,2050,6,12,12,-0.9179999999999999
30613,IE_Wind_Onshore,2050,6,13,13,0.0
30614,IE_Wind_Onshore,2050,6,14,14,0.0
30615,IE_Wind_Onshore,2050,6,15,15,0.0
30616,IE_Wind_Onshore,2050,6,16,16,0.0
30617,IE_Wind_Onshore,2050,6,17,17,0.0
30618,IE_Wind_Onshore,2050,6,18,18,0.0
30619,IE_Wind_Onshore,2050,6,19,19,0.0
30620,IE_Wind_Onshore,2050,6,20,20,0.0
30621,IE_Wind_Onshore,2050,6,21,21,0.0
30622,IE_Wind_Onshore,2050,6,22,22,0.0
30623,IE_Wind_Onshore,2050,6,23,23,0.0
30624,IE_Wind_Onshore,2050,6,24,24,0.0
30625,IE_Wind_Onshore,2050,7,1,1,0.0
30626,IE_Wind_Onshore,2050,7,2,2,0.0
30627,IE_Wind_Onshore,2050,7,3,3,0.0
30628,IE_Wind_Onshore,2050,7,4,4,0.0
30629,IE_Wind_Onshore,2050,7,5,5,0.0
30630,IE_Wind_Onshore,2050,7,6,6,0.0
30631,IE_Wind_Onshore,2050,7,7,7,0.0
30632,IE_Wind_Onshore,2050,7,8,8,-1.221
30633,IE_Wind_Onshore,2050,7,9,9,-1.221
30634,IE_Wind_Onshore,2050,7,10,10,-1.221
30635,IE_Wind_Onshore,2050,7,11,11,-1.8869999999999998
30636,IE_Wind_Onshore,2050,7,12,12,-1.8869999999999998
30637,IE_Wind_Onshore,2050,7,13,13,-1.8869999999999998
30638,IE_Wind_Onshore,2050,7,14,14,-1.8869999999999998
30639,IE_Wind_Onshore,2050,7,15,15,-1.8869999999999998
30640,IE_Wind_Onshore,2050,7,16,16,-1.8869999999999998
30641,IE_Wind_Onshore,2050,7,17,17,-1.8869999999999998
30642,IE_Wind_Onshore,2050,7,18,18,-1.8869999999999998
30643,IE_Wind_Onshore,2050,7,19,19,-21.074331411332672
30644,IE_Wind_Onshore,2050,7,20,20,-1.8869999999999998
30645,IE_Wind_Onshore,2050,7,21,21,-1.8869999999999998
30646,IE_Wind_Onshore,2050,7,22,22,-1.221
30647,IE_Wind_Onshore,2050,7,23,23,0.0
30648,IE_Wind_Onshore,2050,7,24,24,0.0
30649,IE_Wind_Onshore,2050,8,1,1,0.0
30650,IE_Wind_Onshore,2050,8,2,2,0.0
30651,IE_Wind_Onshore,2050,8,3,3,0.0
30652,IE_Wind_Onshore,2050,8,4,4,0.0
30653,IE_Wind_Onshore,2050,8,5,5,0.0
30654,IE_Wind_Onshore,2050,8,6,6,0.0
30655,IE_Wind_Onshore,2050,8,7,7,0.0
30656,IE_Wind_Onshore,2050,8,8,8,0.0
30657,IE_Wind_Onshore,2050,8,9,9,0.0
30658,IE_Wind_Onshore,2050,8,10,10,0.0
30659,IE_Wind_Onshore,2050,8,11,11,0.0
30660,IE_Wind_Onshore,2050,8,12,12,0.0
30661,IE_Wind_Onshore,2050,8,13,13,0.0
30662,IE_Wind_Onshore,2050,8,14,14,0.0
30663,IE_Wind_Onshore,2050,8,15,15,0.0
30664,IE_Wind_Onshore,2050,8,16,16,0.0
30665,IE_Wind_Onshore,2050,8,17,17,0.0
30666,IE_Wind_Onshore,2050,8,18,18,0.0
30667,IE_Wind_Onshore,2050,8,19,19,0.0
30668,IE_Wind_Onshore,2050,8,20,20,0.0
30669,IE_Wind_Onshore,2050,8,21,21,0.0
30670,IE_Wind_Onshore,2050,8,22,22,0.0
30671,IE_Wind_Onshore,2050,8,23,23,0.0
30672,IE_Wind_Onshore,2050,8,24,24,0.0
30673,IE_Wind_Onshore,2050,9,1,1,0.0
30674,IE_Wind_Onshore,2050,9,2,2,0.0
30675,IE_Wind_Onshore,2050,9,3,3,0.0
30676,IE_Wind_Onshore,2050,9,4,4,0.0
30677,IE_Wind_Onshore,2050,9,5,5,0.0
30678,IE_Wind_Onshore,2050,9,6,6,0.0
30679,IE_Wind_Onshore,2050,9,7,7,0.0
30680,IE_Wind_Onshore,2050,9,8,8,0.0
30681,IE_Wind_Onshore,2050,9,9,9,0.0
30682,IE_Wind_Onshore,2050,9,10,10,0.0
30683,IE_Wind_Onshore,2050,9,11,11,-1.419
30684,IE_Wind_Onshore,2050,9,12,12,-1.419
30685,IE_Wind_Onshore,2050,9,13,13,-1.419
30686,IE_Wind_Onshore,2050,9,14,14,-1.419
30687,IE_Wind_Onshore,2050,9,15,15,-1.419
30688,IE_Wind_Onshore,2050,9,16,16,-2.193
30689,IE_Wind_Onshore,2050,9,17,17,-2.193
30690,IE_Wind_Onshore,2050,9,18,18,-2.193
30691,IE_Wind_Onshore,2050,9,19,19,-2.193
30692,IE_Wind_Onshore,2050,9,20,20,0.0
30693,IE_Wind_Onshore,2050,9,21,21,0.0
30694,IE_Wind_Onshore,2050,9,22,22,0.0
30695,IE_Wind_Onshore,2050,9,23,23,0.0
30696,IE_Wind_Onshore,2050,9,24,24,0.0
30697,IE_Wind_Onshore,2050,10,1,1,0.0
30698,IE_Wind_Onshore,2050,10,2,2,0.0
30699,IE_Wind_Onshore,2050,10,3,3,0.0
30700,IE_Wind_Onshore,2050,10,4,4,0.0
30701,IE_Wind_Onshore,2050,10,5,5,0.0
30702,IE_Wind_Onshore,2050,10,6,6,0.0
30703,IE_Wind_Onshore,2050,10,7,7,0.0
30704,IE_Wind_Onshore,2050,10,8,8,0.0
30705,IE_Wind_Onshore,2050,10,9,9,0.0
30706,IE_Wind_Onshore,2050,10,10,10,-1.518
30707,IE_Wind_Onshore,2050,10,11,11,-1.518
30708,IE_Wind_Onshore,2050,10,12,12,-1.518
30709,IE_Wind_Onshore,2050,10,13,13,-1.518
30710,IE_Wind_Onshore,2050,10,14,14,-1.518
30711,IE_Wind_Onshore,2050,10,15,15,-1.518
30712,IE_Wind_Onshore,2050,10,16,16,-1.518
30713,IE_Wind_Onshore,2050,10,17,17,-1.518
30714,IE_Wind_Onshore,2050,10,18,18,-1.518
30715,IE_Wind_Onshore,2050,10,19,19,-1.518
30716,IE_Wind_Onshore,2050,10,20,20,-1.518
30717,IE_Wind_Onshore,2050,10,21,21,0.0
30718,IE_Wind_Onshore,2050,10,22,22,0.0
30719,IE_Wind_Onshore,2050,10,23,23,0.0
30720,IE_Wind_Onshore,2050,10,24,24,0.0
30721,IT_Battery,2050,1,1,1,0.0
30722,IT_Battery,2050,1,2,2,0.0
30723,IT_Battery,2050,1,3,3,0.0
30724,IT_Battery,2050,1,4,4,0.0
30725,IT_Battery,2050,1,5,5,0.0
30726,IT_Battery,2050,1,6,6,0.0
30727,IT_Battery,2050,1,7,7,-0.9539999999999997
30728,IT_Battery,2050,1,8,8,0.0
30729,IT_Battery,2050,1,9,9,0.0
30730,IT_Battery,2050,1,10,10,0.0
30731,IT_Battery,2050,1,11,11,0.0
30732,IT_Battery,2050,1,12,12,0.0
30733,IT_Battery,2050,1,13,13,0.0
30734,IT_Battery,2050,1,14,14,0.0
30735,IT_Battery,2050,1,15,15,0.0
30736,IT_Battery,2050,1,16,16,0.0
30737,IT_Battery,2050,1,17,17,0.0
30738,IT_Battery,2050,1,18,18,0.0
30739,IT_Battery,2050,1,19,19,0.0
30740,IT_Battery,2050,1,20,20,0.0
30741,IT_Battery,2050,1,21,21,0.0
30742,IT_Battery,2050,1,22,22,0.0
30743,IT_Battery,2050,1,23,23,0.0
30744,IT_Battery,2050,1,24,24,0.0
30745,IT_Battery,2050,2,1,1,0.0
30746,IT_Battery,2050,2,2,2,0.0
30747,IT_Battery,2050,2,3,3,0.0
30748,IT_Battery,2050,2,4,4,0.0
30749,IT_Battery,2050,2,5,5,0.0
30750,IT_Battery,2050,2,6,6,0.0
30751,IT_Battery,2050,2,7,7,0.0
30752,IT_Battery,2050,2,8,8,0.0
30753,IT_Battery,2050,2,9,9,0.0
30754,IT_Battery,2050,2,10,10,0.0
30755,IT_Battery,2050,2,11,11,0.0
30756,IT_Battery,2050,2,12,12,0.0
30757,IT_Battery,2050,2,13,13,0.0
30758,IT_Battery,2050,2,14,14,0.0
30759,IT_Battery,2050,2,15,15,0.0
30760,IT_Battery,2050,2,16,16,0.0
30761,IT_Battery,2050,2,17,17,0.0
30762,IT_Battery,2050,2,18,18,0.0
30763,IT_Battery,2050,2,19,19,0.0
30764,IT_Battery,2050,2,20,20,0.0
30765,IT_Battery,2050,2,21,21,0.0
30766,IT_Battery,2050,2,22,22,0.0
30767,IT_Battery,2050,2,23,23,0.0
30768,IT_Battery,2050,2,24,24,0.0
30769,IT_Battery,2050,3,1,1,0.0
30770,IT_Battery,2050,3,2,2,0.0
30771,IT_Battery,2050,3,3,3,0.0
30772,IT_Battery,2050,3,4,4,0.0
30773,IT_Battery,2050,3,5,5,0.0
30774,IT_Battery,2050,3,6,6,0.0
30775,IT_Battery,2050,3,7,7,0.0
30776,IT_Battery,2050,3,8,8,0.0
30777,IT_Battery,2050,3,9,9,0.0
30778,IT_Battery,2050,3,10,10,0.0
30779,IT_Battery,2050,3,11,11,0.0
30780,IT_Battery,2050,3,12,12,0.0
30781,IT_Battery,2050,3,13,13,0.0
30782,IT_Battery,2050,3,14,14,0.0
30783,IT_Battery,2050,3,15,15,0.0
30784,IT_Battery,2050,3,16,16,0.0
30785,IT_Battery,2050,3,17,17,0.0
30786,IT_Battery,2050,3,18,18,-9.883765705666336
30787,IT_Battery,2050,3,19,19,0.0
30788,IT_Battery,2050,3,20,20,0.0
30789,IT_Battery,2050,3,21,21,0.0
30790,IT_Battery,2050,3,22,22,0.0
30791,IT_Battery,2050,3,23,23,0.0
30792,IT_Battery,2050,3,24,24,0.0
30793,IT_Battery,2050,4,1,1,0.0
30794,IT_Battery,2050,4,2,2,0.0
30795,IT_Battery,2050,4,3,3,0.0
30796,IT_Battery,2050,4,4,4,0.0
30797,IT_Battery,2050,4,5,5,0.0
30798,IT_Battery,2050,4,6,6,0.0
30799,IT_Battery,2050,4,7,7,0.0
30800,IT_Battery,2050,4,8,8,0.0
30801,IT_Battery,2050,4,9,9,0.0
30802,IT_Battery,2050,4,10,10,0.0
30803,IT_Battery,2050,4,11,11,0.0
30804,IT_Battery,2050,4,12,12,0.0
30805,IT_Battery,2050,4,13,13,0.0
30806,IT_Battery,2050,4,14,14,0.0
30807,IT_Battery,2050,4,15,15,0.0
30808,IT_Battery,2050,4,16,16,0.0
30809,IT_Battery,2050,4,17,17,0.0
30810,IT_Battery,2050,4,18,18,0.0
30811,IT_Battery,2050,4,19,19,-0.4139999999999998
30812,IT_Battery,2050,4,20,20,0.0
30813,IT_Battery,2050,4,21,21,0.0
30814,IT_Battery,2050,4,22,22,0.0
30815,IT_Battery,2050,4,23,23,0.0
30816,IT_Battery,2050,4,24,24,0.0
30817,IT_Battery,2050,5,1,1,0.0
30818,IT_Battery,2050,5,2,2,0.0
30819,IT_Battery,2050,5,3,3,0.0
30820,IT_Battery,2050,5,4,4,0.0
30821,IT_Battery,2050,5,5,5,0.0
30822,IT_Battery,2050,5,6,6,0.0
30823,IT_Battery,2050,5,7,7,0.0
30824,IT_Battery,2050,5,8,8,0.0
30825,IT_Battery,2050,5,9,9,0.0
30826,IT_Battery,2050,5,10,10,0.0
30827,IT_Battery,2050,5,11,11,0.0
30828,IT_Battery,2050,5,12,12,0.0
30829,IT_Battery,2050,5,13,13,0.0
30830,IT_Battery,2050,5,14,14,0.0
30831,IT_Battery,2050,5,15,15,0.0
30832,IT_Battery,2050,5,16,16,0.0
30833,IT_Battery,2050,5,17,17,0.0
30834,IT_Battery,2050,5,18,18,0.0
30835,IT_Battery,2050,5,19,19,0.0
30836,IT_Battery,2050,5,20,20,0.0
30837,IT_Battery,2050,5,21,21,0.0
30838,IT_Battery,2050,5,22,22,0.0
30839,IT_Battery,2050,5,23,23,0.0
30840,IT_Battery,2050,5,24,24,0.0
30841,IT_Battery,2050,6,1,1,0.0
30842,IT_Battery,2050,6,2,2,0.0
30843,IT_Battery,2050,6,3,3,0.0
30844,IT_Battery,2050,6,4,4,0.0
30845,IT_Battery,2050,6,5,5,0.0
30846,IT_Battery,2050,6,6,6,0.0
30847,IT_Battery,2050,6,7,7,0.0
30848,IT_Battery,2050,6,8,8,0.0
30849,IT_Battery,2050,6,9,9,0.0
30850,IT_Battery,2050,6,10,10,0.0
30851,IT_Battery,2050,6,11,11,0.0
30852,IT_Battery,2050,6,12,12,0.0
30853,IT_Battery,2050,6,13,13,0.0
30854,IT_Battery,2050,6,14,14,0.0
30855,IT_Battery,2050,6,15,15,0.0
30856,IT_Battery,2050,6,16,16,0.0
30857,IT_Battery,2050,6,17,17,0.0
30858,IT_Battery,2050,6,18,18,0.0
30859,IT_Battery,2050,6,19,19,0.0
30860,IT_Battery,2050,6,20,20,0.0
30861,IT_Battery,2050,6,21,21,0.0
30862,IT_Battery,2050,6,22,22,0.0
30863,IT_Battery,2050,6,23,23,0.0
30864,IT_Battery,2050,6,24,24,0.0
30865,IT_Battery,2050,7,1,1,0.0
30866,IT_Battery,2050,7,2,2,0.0
30867,IT_Battery,2050,7,3,3,0.0
30868,IT_Battery,2050,7,4,4,0.0
30869,IT_Battery,2050,7,5,5,0.0
30870,IT_Battery,2050,7,6,6,0.0
30871,IT_Battery,2050,7,7,7,0.0
30872,IT_Battery,2050,7,8,8,0.0
30873,IT_Battery,2050,7,9,9,0.0
30874,IT_Battery,2050,7,10,10,0.0
30875,IT_Battery,2050,7,11,11,0.0
30876,IT_Battery,2050,7,12,12,0.0
30877,IT_Battery,2050,7,13,13,0.0
30878,IT_Battery,2050,7,14,14,0.0
30879,IT_Battery,2050,7,15,15,0.0
30880,IT_Battery,2050,7,16,16,0.0
30881,IT_Battery,2050,7,17,17,0.0
30882,IT_Battery,2050,7,18,18,0.0
30883,IT_Battery,2050,7,19,19,-0.5661
30884,IT_Battery,2050,7,20,20,0.0
30885,IT_Battery,2050,7,21,21,0.0
30886,IT_Battery,2050,7,22,22,0.0
30887,IT_Battery,2050,7,23,23,0.0
30888,IT_Battery,2050,7,24,24,0.0
30889,IT_Battery,2050,8,1,1,0.0
30890,IT_Battery,2050,8,2,2,0.0
30891,IT_Battery,2050,8,3,3,0.0
30892,IT_Battery,2050,8,4,4,0.0
30893,IT_Battery,2050,8,5,5,0.0
30894,IT_Battery,2050,8,6,6,0.0
30895,IT_Battery,2050,8,7,7,0.0
30896,IT_Battery,2050,8,8,8,0.0
30897,IT_Battery,2050,8,9,9,0.0
30898,IT_Battery,2050,8,10,10,0.0
30899,IT_Battery,2050,8,11,11,0.0
30900,IT_Battery,2050,8,12,12,0.0
30901,IT_Battery,2050,8,13,13,0.0
30902,IT_Battery,2050,8,14,14,0.0
30903,IT_Battery,2050,8,15,15,0.0
30904,IT_Battery,2050,8,16,16,0.0
30905,IT_Battery,2050,8,17,17,0.0
30906,IT_Battery,2050,8,18,18,0.0
30907,IT_Battery,2050,8,19,19,0.0
30908,IT_Battery,2050,8,20,20,0.0
30909,IT_Battery,2050,8,21,21,0.0
30910,IT_Battery,2050,8,22,22,0.0
30911,IT_Battery,2050,8,23,23,0.0
30912,IT_Battery,2050,8,24,24,0.0
30913,IT_Battery,2050,9,1,1,0.0
30914,IT_Battery,2050,9,2,2,0.0
30915,IT_Battery,2050,9,3,3,0.0
30916,IT_Battery,2050,9,4,4,0.0
30917,IT_Battery,2050,9,5,5,0.0
30918,IT_Battery,2050,9,6,6,0.0
30919,IT_Battery,2050,9,7,7,-0.6579
30920,IT_Battery,2050,9,8,8,0.0
30921,IT_Battery,2050,9,9,9,0.0
30922,IT_Battery,2050,9,10,10,0.0
30923,IT_Battery,2050,9,11,11,0.0
30924,IT_Battery,2050,9,12,12,0.0
30925,IT_Battery,2050,9,13,13,0.0
30926,IT_Battery,2050,9,14,14,0.0
30927,IT_Battery,2050,9,15,15,0.0
30928,IT_Battery,2050,9,16,16,0.0
30929,IT_Battery,2050,9,17,17,0.0
30930,IT_Battery,2050,9,18,18,0.0
30931,IT_Battery,2050,9,19,19,0.0
30932,IT_Battery,2050,9,20,20,0.0
30933,IT_Battery,2050,9,21,21,0.0
30934,IT_Battery,2050,9,22,22,0.0
30935,IT_Battery,2050,9,23,23,0.0
30936,IT_Battery,2050,9,24,24,0.0
30937,IT_Battery,2050,10,1,1,0.0
30938,IT_Battery,2050,10,2,2,0.0
30939,IT_Battery,2050,10,3,3,0.0
30940,IT_Battery,2050,10,4,4,0.0
30941,IT_Battery,2050,10,5,5,0.0
30942,IT_Battery,2050,10,6,6,0.0
30943,IT_Battery,2050,10,7,7,0.0
30944,IT_Battery,2050,10,8,8,0.0
30945,IT_Battery,2050,10,9,9,0.0
30946,IT_Battery,2050,10,10,10,0.0
30947,IT_Battery,2050,10,11,11,0.0
30948,IT_Battery,2050,10,12,12,0.0
30949,IT_Battery,2050,10,13,13,0.0
30950,IT_Battery,2050,10,14,14,0.0
30951,IT_Battery,2050,10,15,15,0.0
30952,IT_Battery,2050,10,16,16,0.0
30953,IT_Battery,2050,10,17,17,0.0
30954,IT_Battery,2050,10,18,18,0.0
30955,IT_Battery,2050,10,19,19,0.0
30956,IT_Battery,2050,10,20,20,0.0
30957,IT_Battery,2050,10,21,21,0.0
30958,IT_Battery,2050,10,22,22,0.0
30959,IT_Battery,2050,10,23,23,0.0
30960,IT_Battery,2050,10,24,24,0.0
30961,IT_CCGT,2050,1,1,1,0.0
30962,IT_CCGT,2050,1,2,2,0.0
30963,IT_CCGT,2050,1,3,3,0.0
30964,IT_CCGT,2050,1,4,4,0.0
30965,IT_CCGT,2050,1,5,5,0.0
30966,IT_CCGT,2050,1,6,6,0.0
30967,IT_CCGT,2050,1,7,7,-0.9539999999999997
30968,IT_CCGT,2050,1,8,8,0.0
30969,IT_CCGT,2050,1,9,9,0.0
30970,IT_CCGT,2050,1,10,10,0.0
30971,IT_CCGT,2050,1,11,11,0.0
30972,IT_CCGT,2050,1,12,12,0.0
30973,IT_CCGT,2050,1,13,13,0.0
30974,IT_CCGT,2050,1,14,14,0.0
30975,IT_CCGT,2050,1,15,15,0.0
30976,IT_CCGT,2050,1,16,16,0.0
30977,IT_CCGT,2050,1,17,17,0.0
30978,IT_CCGT,2050,1,18,18,-0.9539999999999997
30979,IT_CCGT,2050,1,19,19,-0.9539999999999997
30980,IT_CCGT,2050,1,20,20,-0.9539999999999997
30981,IT_CCGT,2050,1,21,21,-0.9539999999999997
30982,IT_CCGT,2050,1,22,22,-0.9539999999999997
30983,IT_CCGT,2050,1,23,23,-0.9539999999999997
30984,IT_CCGT,2050,1,24,24,0.0
30985,IT_CCGT,2050,2,1,1,0.0
30986,IT_CCGT,2050,2,2,2,0.0
30987,IT_CCGT,2050,2,3,3,0.0
30988,IT_CCGT,2050,2,4,4,0.0
30989,IT_CCGT,2050,2,5,5,0.0
30990,IT_CCGT,2050,2,6,6,0.0
30991,IT_CCGT,2050,2,7,7,0.0
30992,IT_CCGT,2050,2,8,8,0.0
30993,IT_CCGT,2050,2,9,9,0.0
30994,IT_CCGT,2050,2,10,10,0.0
30995,IT_CCGT,2050,2,11,11,0.0
30996,IT_CCGT,2050,2,12,12,0.0
30997,IT_CCGT,2050,2,13,13,0.0
30998,IT_CCGT,2050,2,14,14,0.0
30999,IT_CCGT,2050,2,15,15,0.0
31000,IT_CCGT,2050,2,16,16,0.0
31001,IT_CCGT,2050,2,17,17,0.0
31002,IT_CCGT,2050,2,18,18,0.0
31003,IT_CCGT,2050,2,19,19,0.0
31004,IT_CCGT,2050,2,20,20,0.0
31005,IT_CCGT,2050,2,21,21,0.0
31006,IT_CCGT,2050,2,22,22,0.0
31007,IT_CCGT,2050,2,23,23,0.0
31008,IT_CCGT,2050,2,24,24,0.0
31009,IT_CCGT,2050,3,1,1,0.0
31010,IT_CCGT,2050,3,2,2,0.0
31011,IT_CCGT,2050,3,3,3,0.0
31012,IT_CCGT,2050,3,4,4,0.0
31013,IT_CCGT,2050,3,5,5,0.0
31014,IT_CCGT,2050,3,6,6,-0.5219999999999998
31015,IT_CCGT,2050,3,7,7,-0.5219999999999998
31016,IT_CCGT,2050,3,8,8,-0.5219999999999998
31017,IT_CCGT,2050,3,9,9,-0.5219999999999998
31018,IT_CCGT,2050,3,10,10,-0.5219999999999998
31019,IT_CCGT,2050,3,11,11,0.0
31020,IT_CCGT,2050,3,12,12,0.0
31021,IT_CCGT,2050,3,13,13,0.0
31022,IT_CCGT,2050,3,14,14,0.0
31023,IT_CCGT,2050,3,15,15,0.0
31024,IT_CCGT,2050,3,16,16,0.0
31025,IT_CCGT,2050,3,17,17,-0.5219999999999998
31026,IT_CCGT,2050,3,18,18,-15.88913141133267
31027,IT_CCGT,2050,3,19,19,-6.005365705666336
31028,IT_CCGT,2050,3,20,20,-6.005365705666336
31029,IT_CCGT,2050,3,21,21,-0.5219999999999998
31030,IT_CCGT,2050,3,22,22,-0.5219999999999998
31031,IT_CCGT,2050,3,23,23,-0.5219999999999998
31032,IT_CCGT,2050,3,24,24,0.0
31033,IT_CCGT,2050,4,1,1,0.0
31034,IT_CCGT,2050,4,2,2,0.0
31035,IT_CCGT,2050,4,3,3,0.0
31036,IT_CCGT,2050,4,4,4,0.0
31037,IT_CCGT,2050,4,5,5,0.0
31038,IT_CCGT,2050,4,6,6,0.0
31039,IT_CCGT,2050,4,7,7,0.0
31040,IT_CCGT,2050,4,8,8,0.0
31041,IT_CCGT,2050,4,9,9,0.0
31042,IT_CCGT,2050,4,10,10,0.0
31043,IT_CCGT,2050,4,11,11,0.0
31044,IT_CCGT,2050,4,12,12,0.0
31045,IT_CCGT,2050,4,13,13,0.0
31046,IT_CCGT,2050,4,14,14,0.0
31047,IT_CCGT,2050,4,15,15,0.0
31048,IT_CCGT,2050,4,16,16,0.0
31049,IT_CCGT,2050,4,17,17,0.0
31050,IT_CCGT,2050,4,18,18,0.0
31051,IT_CCGT,2050,4,19,19,0.0
31052,IT_CCGT,2050,4,20,20,0.0
31053,IT_CCGT,2050,4,21,21,0.0
31054,IT_CCGT,2050,4,22,22,0.0
31055,IT_CCGT,2050,4,23,23,0.0
31056,IT_CCGT,2050,4,24,24,0.0
31057,IT_CCGT,2050,5,1,1,0.0
31058,IT_CCGT,2050,5,2,2,0.0
31059,IT_CCGT,2050,5,3,3,0.0
31060,IT_CCGT,2050,5,4,4,0.0
31061,IT_CCGT,2050,5,5,5,0.0
31062,IT_CCGT,2050,5,6,6,0.0
31063,IT_CCGT,2050,5,7,7,0.0
31064,IT_CCGT,2050,5,8,8,0.0
31065,IT_CCGT,2050,5,9,9,0.0
31066,IT_CCGT,2050,5,10,10,0.0
31067,IT_CCGT,2050,5,11,11,0.0
31068,IT_CCGT,2050,5,12,12,0.0
31069,IT_CCGT,2050,5,13,13,0.0
31070,IT_CCGT,2050,5,14,14,0.0
31071,IT_CCGT,2050,5,15,15,0.0
31072,IT_CCGT,2050,5,16,16,0.0
31073,IT_CCGT,2050,5,17,17,0.0
31074,IT_CCGT,2050,5,18,18,0.0
31075,IT_CCGT,2050,5,19,19,0.0
31076,IT_CCGT,2050,5,20,20,0.0
31077,IT_CCGT,2050,5,21,21,0.0
31078,IT_CCGT,2050,5,22,22,0.0
31079,IT_CCGT,2050,5,23,23,0.0
31080,IT_CCGT,2050,5,24,24,0.0
31081,IT_CCGT,2050,6,1,1,0.0
31082,IT_CCGT,2050,6,2,2,0.0
31083,IT_CCGT,2050,6,3,3,0.0
31084,IT_CCGT,2050,6,4,4,0.0
31085,IT_CCGT,2050,6,5,5,0.0
31086,IT_CCGT,2050,6,6,6,0.0
31087,IT_CCGT,2050,6,7,7,0.0
31088,IT_CCGT,2050,6,8,8,0.0
31089,IT_CCGT,2050,6,9,9,0.0
31090,IT_CCGT,2050,6,10,10,0.0
31091,IT_CCGT,2050,6,11,11,0.0
31092,IT_CCGT,2050,6,12,12,0.0
31093,IT_CCGT,2050,6,13,13,0.0
31094,IT_CCGT,2050,6,14,14,0.0
31095,IT_CCGT,2050,6,15,15,0.0
31096,IT_CCGT,2050,6,16,16,0.0
31097,IT_CCGT,2050,6,17,17,0.0
31098,IT_CCGT,2050,6,18,18,0.0
31099,IT_CCGT,2050,6,19,19,0.0
31100,IT_CCGT,2050,6,20,20,0.0
31101,IT_CCGT,2050,6,21,21,0.0
31102,IT_CCGT,2050,6,22,22,0.0
31103,IT_CCGT,2050,6,23,23,0.0
31104,IT_CCGT,2050,6,24,24,0.0
31105,IT_CCGT,2050,7,1,1,0.0
31106,IT_CCGT,2050,7,2,2,0.0
31107,IT_CCGT,2050,7,3,3,0.0
31108,IT_CCGT,2050,7,4,4,0.0
31109,IT_CCGT,2050,7,5,5,0.0
31110,IT_CCGT,2050,7,6,6,0.0
31111,IT_CCGT,2050,7,7,7,0.0
31112,IT_CCGT,2050,7,8,8,0.0
31113,IT_CCGT,2050,7,9,9,0.0
31114,IT_CCGT,2050,7,10,10,0.0
31115,IT_CCGT,2050,7,11,11,0.0
31116,IT_CCGT,2050,7,12,12,0.0
31117,IT_CCGT,2050,7,13,13,0.0
31118,IT_CCGT,2050,7,14,14,0.0
31119,IT_CCGT,2050,7,15,15,0.0
31120,IT_CCGT,2050,7,16,16,0.0
31121,IT_CCGT,2050,7,17,17,0.0
31122,IT_CCGT,2050,7,18,18,0.0
31123,IT_CCGT,2050,7,19,19,0.0
31124,IT_CCGT,2050,7,20,20,0.0
31125,IT_CCGT,2050,7,21,21,0.0
31126,IT_CCGT,2050,7,22,22,0.0
31127,IT_CCGT,2050,7,23,23,0.0
31128,IT_CCGT,2050,7,24,24,0.0
31129,IT_CCGT,2050,8,1,1,0.0
31130,IT_CCGT,2050,8,2,2,0.0
31131,IT_CCGT,2050,8,3,3,0.0
31132,IT_CCGT,2050,8,4,4,0.0
31133,IT_CCGT,2050,8,5,5,0.0
31134,IT_CCGT,2050,8,6,6,0.0
31135,IT_CCGT,2050,8,7,7,0.0
31136,IT_CCGT,2050,8,8,8,0.0
31137,IT_CCGT,2050,8,9,9,0.0
31138,IT_CCGT,2050,8,10,10,0.0
31139,IT_CCGT,2050,8,11,11,0.0
31140,IT_CCGT,2050,8,12,12,0.0
31141,IT_CCGT,2050,8,13,13,0.0
31142,IT_CCGT,2050,8,14,14,0.0
31143,IT_CCGT,2050,8,15,15,0.0
31144,IT_CCGT,2050,8,16,16,0.0
31145,IT_CCGT,2050,8,17,17,0.0
31146,IT_CCGT,2050,8,18,18,0.0
31147,IT_CCGT,2050,8,19,19,0.0
31148,IT_CCGT,2050,8,20,20,0.0
31149,IT_CCGT,2050,8,21,21,0.0
31150,IT_CCGT,2050,8,22,22,0.0
31151,IT_CCGT,2050,8,23,23,0.0
31152,IT_CCGT,2050,8,24,24,0.0
31153,IT_CCGT,2050,9,1,1,0.0
31154,IT_CCGT,2050,9,2,2,0.0
31155,IT_CCGT,2050,9,3,3,0.0
31156,IT_CCGT,2050,9,4,4,0.0
31157,IT_CCGT,2050,9,5,5,0.0
31158,IT_CCGT,2050,9,6,6,0.0
31159,IT_CCGT,2050,9,7,7,0.0
31160,IT_CCGT,2050,9,8,8,0.0
31161,IT_CCGT,2050,9,9,9,0.0
31162,IT_CCGT,2050,9,10,10,0.0
31163,IT_CCGT,2050,9,11,11,0.0
31164,IT_CCGT,2050,9,12,12,0.0
31165,IT_CCGT,2050,9,13,13,0.0
31166,IT_CCGT,2050,9,14,14,0.0
31167,IT_CCGT,2050,9,15,15,0.0
31168,IT_CCGT,2050,9,16,16,0.0
31169,IT_CCGT,2050,9,17,17,0.0
31170,IT_CCGT,2050,9,18,18,0.0
31171,IT_CCGT,2050,9,19,19,-0.774
31172,IT_CCGT,2050,9,20,20,-0.774
31173,IT_CCGT,2050,9,21,21,-0.774
31174,IT_CCGT,2050,9,22,22,0.0
31175,IT_CCGT,2050,9,23,23,0.0
31176,IT_CCGT,2050,9,24,24,0.0
31177,IT_CCGT,2050,10,1,1,0.0
31178,IT_CCGT,2050,10,2,2,0.0
31179,IT_CCGT,2050,10,3,3,0.0
31180,IT_CCGT,2050,10,4,4,0.0
31181,IT_CCGT,2050,10,5,5,0.0
31182,IT_CCGT,2050,10,6,6,0.0
31183,IT_CCGT,2050,10,7,7,0.0
31184,IT_CCGT,2050,10,8,8,0.0
31185,IT_CCGT,2050,10,9,9,0.0
31186,IT_CCGT,2050,10,10,10,0.0
31187,IT_CCGT,2050,10,11,11,0.0
31188,IT_CCGT,2050,10,12,12,0.0
31189,IT_CCGT,2050,10,13,13,0.0
31190,IT_CCGT,2050,10,14,14,0.0
31191,IT_CCGT,2050,10,15,15,0.0
31192,IT_CCGT,2050,10,16,16,0.0
31193,IT_CCGT,2050,10,17,17,0.0
31194,IT_CCGT,2050,10,18,18,0.0
31195,IT_CCGT,2050,10,19,19,0.0
31196,IT_CCGT,2050,10,20,20,0.0
31197,IT_CCGT,2050,10,21,21,0.0
31198,IT_CCGT,2050,10,22,22,0.0
31199,IT_CCGT,2050,10,23,23,0.0
31200,IT_CCGT,2050,10,24,24,0.0
31201,IT_Coal,2050,1,1,1,-0.8109000000000001
31202,IT_Coal,2050,1,2,2,-0.8109000000000001
31203,IT_Coal,2050,1,3,3,-0.8109000000000001
31204,IT_Coal,2050,1,4,4,-0.8109000000000001
31205,IT_Coal,2050,1,5,5,-0.8109000000000001
31206,IT_Coal,2050,1,6,6,-0.8109000000000001
31207,IT_Coal,2050,1,7,7,-1.7649
31208,IT_Coal,2050,1,8,8,-0.8109000000000001
31209,IT_Coal,2050,1,9,9,-0.8109000000000001
31210,IT_Coal,2050,1,10,10,0.0
31211,IT_Coal,2050,1,11,11,0.0
31212,IT_Coal,2050,1,12,12,0.0
31213,IT_Coal,2050,1,13,13,0.0
31214,IT_Coal,2050,1,14,14,0.0
31215,IT_Coal,2050,1,15,15,0.0
31216,IT_Coal,2050,1,16,16,0.0
31217,IT_Coal,2050,1,17,17,0.0
31218,IT_Coal,2050,1,18,18,-1.7649
31219,IT_Coal,2050,1,19,19,-1.7649
31220,IT_Coal,2050,1,20,20,-1.7649
31221,IT_Coal,2050,1,21,21,-1.7649
31222,IT_Coal,2050,1,22,22,-1.7649
31223,IT_Coal,2050,1,23,23,-1.7649
31224,IT_Coal,2050,1,24,24,-0.8109000000000001
31225,IT_Coal,2050,2,1,1,0.0
31226,IT_Coal,2050,2,2,2,0.0
31227,IT_Coal,2050,2,3,3,0.0
31228,IT_Coal,2050,2,4,4,0.0
31229,IT_Coal,2050,2,5,5,0.0
31230,IT_Coal,2050,2,6,6,0.0
31231,IT_Coal,2050,2,7,7,0.0
31232,IT_Coal,2050,2,8,8,0.0
31233,IT_Coal,2050,2,9,9,0.0
31234,IT_Coal,2050,2,10,10,0.0
31235,IT_Coal,2050,2,11,11,0.0
31236,IT_Coal,2050,2,12,12,0.0
31237,IT_Coal,2050,2,13,13,0.0
31238,IT_Coal,2050,2,14,14,0.0
31239,IT_Coal,2050,2,15,15,0.0
31240,IT_Coal,2050,2,16,16,0.0
31241,IT_Coal,2050,2,17,17,0.0
31242,IT_Coal,2050,2,18,18,0.0
31243,IT_Coal,2050,2,19,19,0.0
31244,IT_Coal,2050,2,20,20,0.0
31245,IT_Coal,2050,2,21,21,0.0
31246,IT_Coal,2050,2,22,22,0.0
31247,IT_Coal,2050,2,23,23,0.0
31248,IT_Coal,2050,2,24,24,0.0
31249,IT_Coal,2050,3,1,1,-0.4437000000000001
31250,IT_Coal,2050,3,2,2,-0.4437000000000001
31251,IT_Coal,2050,3,3,3,-0.4437000000000001
31252,IT_Coal,2050,3,4,4,-0.4437000000000001
31253,IT_Coal,2050,3,5,5,-0.4437000000000001
31254,IT_Coal,2050,3,6,6,-0.9656999999999999
31255,IT_Coal,2050,3,7,7,-0.9656999999999999
31256,IT_Coal,2050,3,8,8,-0.9656999999999999
31257,IT_Coal,2050,3,9,9,-0.9656999999999999
31258,IT_Coal,2050,3,10,10,-0.9656999999999999
31259,IT_Coal,2050,3,11,11,0.0
31260,IT_Coal,2050,3,12,12,0.0
31261,IT_Coal,2050,3,13,13,0.0
31262,IT_Coal,2050,3,14,14,0.0
31263,IT_Coal,2050,3,15,15,0.0
31264,IT_Coal,2050,3,16,16,-0.4437000000000001
31265,IT_Coal,2050,3,17,17,-0.9656999999999999
31266,IT_Coal,2050,3,18,18,-16.33283141133267
31267,IT_Coal,2050,3,19,19,-6.449065705666336
31268,IT_Coal,2050,3,20,20,-6.449065705666336
31269,IT_Coal,2050,3,21,21,-0.9656999999999999
31270,IT_Coal,2050,3,22,22,-0.9656999999999999
31271,IT_Coal,2050,3,23,23,-0.9656999999999999
31272,IT_Coal,2050,3,24,24,-0.4437000000000001
31273,IT_Coal,2050,4,1,1,0.0
31274,IT_Coal,2050,4,2,2,0.0
31275,IT_Coal,2050,4,3,3,0.0
31276,IT_Coal,2050,4,4,4,0.0
31277,IT_Coal,2050,4,5,5,0.0
31278,IT_Coal,2050,4,6,6,0.0
31279,IT_Coal,2050,4,7,7,0.0
31280,IT_Coal,2050,4,8,8,0.0
31281,IT_Coal,2050,4,9,9,0.0
31282,IT_Coal,2050,4,10,10,0.0
31283,IT_Coal,2050,4,11,11,0.0
31284,IT_Coal,2050,4,12,12,0.0
31285,IT_Coal,2050,4,13,13,0.0
31286,IT_Coal,2050,4,14,14,0.0
31287,IT_Coal,2050,4,15,15,0.0
31288,IT_Coal,2050,4,16,16,0.0
31289,IT_Coal,2050,4,17,17,0.0
31290,IT_Coal,2050,4,18,18,-0.3519
31291,IT_Coal,2050,4,19,19,-0.7658999999999998
31292,IT_Coal,2050,4,20,20,-0.3519
31293,IT_Coal,2050,4,21,21,0.0
31294,IT_Coal,2050,4,22,22,0.0
31295,IT_Coal,2050,4,23,23,0.0
31296,IT_Coal,2050,4,24,24,0.0
31297,IT_Coal,2050,5,1,1,0.0
31298,IT_Coal,2050,5,2,2,0.0
31299,IT_Coal,2050,5,3,3,0.0
31300,IT_Coal,2050,5,4,4,0.0
31301,IT_Coal,2050,5,5,5,0.0
31302,IT_Coal,2050,5,6,6,0.0
31303,IT_Coal,2050,5,7,7,0.0
31304,IT_Coal,2050,5,8,8,0.0
31305,IT_Coal,2050,5,9,9,0.0
31306,IT_Coal,2050,5,10,10,0.0
31307,IT_Coal,2050,5,11,11,0.0
31308,IT_Coal,2050,5,12,12,0.0
31309,IT_Coal,2050,5,13,13,0.0
31310,IT_Coal,2050,5,14,14,0.0
31311,IT_Coal,2050,5,15,15,0.0
31312,IT_Coal,2050,5,16,16,0.0
31313,IT_Coal,2050,5,17,17,0.0
31314,IT_Coal,2050,5,18,18,-0.7956000000000002
31315,IT_Coal,2050,5,19,19,-0.7956000000000002
31316,IT_Coal,2050,5,20,20,-0.7956000000000002
31317,IT_Coal,2050,5,21,21,-0.7956000000000002
31318,IT_Coal,2050,5,22,22,0.0
31319,IT_Coal,2050,5,23,23,0.0
31320,IT_Coal,2050,5,24,24,0.0
31321,IT_Coal,2050,6,1,1,0.0
31322,IT_Coal,2050,6,2,2,0.0
31323,IT_Coal,2050,6,3,3,0.0
31324,IT_Coal,2050,6,4,4,0.0
31325,IT_Coal,2050,6,5,5,0.0
31326,IT_Coal,2050,6,6,6,0.0
31327,IT_Coal,2050,6,7,7,0.0
31328,IT_Coal,2050,6,8,8,0.0
31329,IT_Coal,2050,6,9,9,0.0
31330,IT_Coal,2050,6,10,10,0.0
31331,IT_Coal,2050,6,11,11,0.0
31332,IT_Coal,2050,6,12,12,0.0
31333,IT_Coal,2050,6,13,13,0.0
31334,IT_Coal,2050,6,14,14,0.0
31335,IT_Coal,2050,6,15,15,0.0
31336,IT_Coal,2050,6,16,16,0.0
31337,IT_Coal,2050,6,17,17,0.0
31338,IT_Coal,2050,6,18,18,0.0
31339,IT_Coal,2050,6,19,19,0.0
31340,IT_Coal,2050,6,20,20,0.0
31341,IT_Coal,2050,6,21,21,0.0
31342,IT_Coal,2050,6,22,22,0.0
31343,IT_Coal,2050,6,23,23,0.0
31344,IT_Coal,2050,6,24,24,0.0
31345,IT_Coal,2050,7,1,1,0.0
31346,IT_Coal,2050,7,2,2,0.0
31347,IT_Coal,2050,7,3,3,0.0
31348,IT_Coal,2050,7,4,4,0.0
31349,IT_Coal,2050,7,5,5,0.0
31350,IT_Coal,2050,7,6,6,0.0
31351,IT_Coal,2050,7,7,7,0.0
31352,IT_Coal,2050,7,8,8,0.0
31353,IT_Coal,2050,7,9,9,0.0
31354,IT_Coal,2050,7,10,10,0.0
31355,IT_Coal,2050,7,11,11,0.0
31356,IT_Coal,2050,7,12,12,0.0
31357,IT_Coal,2050,7,13,13,0.0
31358,IT_Coal,2050,7,14,14,0.0
31359,IT_Coal,2050,7,15,15,0.0
31360,IT_Coal,2050,7,16,16,0.0
31361,IT_Coal,2050,7,17,17,0.0
31362,IT_Coal,2050,7,18,18,0.0
31363,IT_Coal,2050,7,19,19,-0.5661
31364,IT_Coal,2050,7,20,20,0.0
31365,IT_Coal,2050,7,21,21,0.0
31366,IT_Coal,2050,7,22,22,0.0
31367,IT_Coal,2050,7,23,23,0.0
31368,IT_Coal,2050,7,24,24,0.0
31369,IT_Coal,2050,8,1,1,0.0
31370,IT_Coal,2050,8,2,2,0.0
31371,IT_Coal,2050,8,3,3,0.0
31372,IT_Coal,2050,8,4,4,0.0
31373,IT_Coal,2050,8,5,5,0.0
31374,IT_Coal,2050,8,6,6,0.0
31375,IT_Coal,2050,8,7,7,0.0
31376,IT_Coal,2050,8,8,8,0.0
31377,IT_Coal,2050,8,9,9,0.0
31378,IT_Coal,2050,8,10,10,0.0
31379,IT_Coal,2050,8,11,11,0.0
31380,IT_Coal,2050,8,12,12,0.0
31381,IT_Coal,2050,8,13,13,0.0
31382,IT_Coal,2050,8,14,14,0.0
31383,IT_Coal,2050,8,15,15,0.0
31384,IT_Coal,2050,8,16,16,0.0
31385,IT_Coal,2050,8,17,17,0.0
31386,IT_Coal,2050,8,18,18,0.0
31387,IT_Coal,2050,8,19,19,-0.47430000000000017
31388,IT_Coal,2050,8,20,20,-0.47430000000000017
31389,IT_Coal,2050,8,21,21,-0.47430000000000017
31390,IT_Coal,2050,8,22,22,0.0
31391,IT_Coal,2050,8,23,23,0.0
31392,IT_Coal,2050,8,24,24,0.0
31393,IT_Coal,2050,9,1,1,0.0
31394,IT_Coal,2050,9,2,2,0.0
31395,IT_Coal,2050,9,3,3,0.0
31396,IT_Coal,2050,9,4,4,0.0
31397,IT_Coal,2050,9,5,5,0.0
31398,IT_Coal,2050,9,6,6,0.0
31399,IT_Coal,2050,9,7,7,-0.6579
31400,IT_Coal,2050,9,8,8,0.0
31401,IT_Coal,2050,9,9,9,0.0
31402,IT_Coal,2050,9,10,10,0.0
31403,IT_Coal,2050,9,11,11,0.0
31404,IT_Coal,2050,9,12,12,0.0
31405,IT_Coal,2050,9,13,13,0.0
31406,IT_Coal,2050,9,14,14,0.0
31407,IT_Coal,2050,9,15,15,0.0
31408,IT_Coal,2050,9,16,16,0.0
31409,IT_Coal,2050,9,17,17,0.0
31410,IT_Coal,2050,9,18,18,-0.6579
31411,IT_Coal,2050,9,19,19,-1.4319000000000002
31412,IT_Coal,2050,9,20,20,-1.4319000000000002
31413,IT_Coal,2050,9,21,21,-1.4319000000000002
31414,IT_Coal,2050,9,22,22,-0.6579
31415,IT_Coal,2050,9,23,23,0.0
31416,IT_Coal,2050,9,24,24,0.0
31417,IT_Coal,2050,10,1,1,0.0
31418,IT_Coal,2050,10,2,2,0.0
31419,IT_Coal,2050,10,3,3,0.0
31420,IT_Coal,2050,10,4,4,0.0
31421,IT_Coal,2050,10,5,5,0.0
31422,IT_Coal,2050,10,6,6,0.0
31423,IT_Coal,2050,10,7,7,0.0
31424,IT_Coal,2050,10,8,8,0.0
31425,IT_Coal,2050,10,9,9,0.0
31426,IT_Coal,2050,10,10,10,0.0
31427,IT_Coal,2050,10,11,11,0.0
31428,IT_Coal,2050,10,12,12,0.0
31429,IT_Coal,2050,10,13,13,0.0
31430,IT_Coal,2050,10,14,14,0.0
31431,IT_Coal,2050,10,15,15,0.0
31432,IT_Coal,2050,10,16,16,0.0
31433,IT_Coal,2050,10,17,17,0.0
31434,IT_Coal,2050,10,18,18,-0.7038
31435,IT_Coal,2050,10,19,19,-0.7038
31436,IT_Coal,2050,10,20,20,-0.7038
31437,IT_Coal,2050,10,21,21,0.0
31438,IT_Coal,2050,10,22,22,0.0
31439,IT_Coal,2050,10,23,23,0.0
31440,IT_Coal,2050,10,24,24,0.0
31441,IT_Nuclear,2050,1,1,1,-1.3038
31442,IT_Nuclear,2050,1,2,2,-1.3038
31443,IT_Nuclear,2050,1,3,3,-1.3038
31444,IT_Nuclear,2050,1,4,4,-1.3038
31445,IT_Nuclear,2050,1,5,5,-1.3038
31446,IT_Nuclear,2050,1,6,6,-1.3038
31447,IT_Nuclear,2050,1,7,7,-2.2578
31448,IT_Nuclear,2050,1,8,8,-1.3038
31449,IT_Nuclear,2050,1,9,9,-1.3038
31450,IT_Nuclear,2050,1,10,10,-0.49290000000000006
31451,IT_Nuclear,2050,1,11,11,-0.49290000000000006
31452,IT_Nuclear,2050,1,12,12,-0.49290000000000006
31453,IT_Nuclear,2050,1,13,13,-0.49290000000000006
31454,IT_Nuclear,2050,1,14,14,-0.49290000000000006
31455,IT_Nuclear,2050,1,15,15,-0.49290000000000006
31456,IT_Nuclear,2050,1,16,16,-0.49290000000000006
31457,IT_Nuclear,2050,1,17,17,-0.49290000000000006
31458,IT_Nuclear,2050,1,18,18,-2.2578
31459,IT_Nuclear,2050,1,19,19,-2.2578
31460,IT_Nuclear,2050,1,20,20,-2.2578
31461,IT_Nuclear,2050,1,21,21,-2.2578
31462,IT_Nuclear,2050,1,22,22,-2.2578
31463,IT_Nuclear,2050,1,23,23,-2.2578
31464,IT_Nuclear,2050,1,24,24,-1.3038
31465,IT_Nuclear,2050,2,1,1,-0.30690000000000006
31466,IT_Nuclear,2050,2,2,2,-0.30690000000000006
31467,IT_Nuclear,2050,2,3,3,-0.30690000000000006
31468,IT_Nuclear,2050,2,4,4,-0.30690000000000006
31469,IT_Nuclear,2050,2,5,5,-0.30690000000000006
31470,IT_Nuclear,2050,2,6,6,-0.30690000000000006
31471,IT_Nuclear,2050,2,7,7,-0.30690000000000006
31472,IT_Nuclear,2050,2,8,8,-0.30690000000000006
31473,IT_Nuclear,2050,2,9,9,-0.30690000000000006
31474,IT_Nuclear,2050,2,10,10,-0.30690000000000006
31475,IT_Nuclear,2050,2,11,11,0.0
31476,IT_Nuclear,2050,2,12,12,0.0
31477,IT_Nuclear,2050,2,13,13,0.0
31478,IT_Nuclear,2050,2,14,14,0.0
31479,IT_Nuclear,2050,2,15,15,0.0
31480,IT_Nuclear,2050,2,16,16,0.0
31481,IT_Nuclear,2050,2,17,17,-0.30690000000000006
31482,IT_Nuclear,2050,2,18,18,-0.30690000000000006
31483,IT_Nuclear,2050,2,19,19,-0.30690000000000006
31484,IT_Nuclear,2050,2,20,20,-0.30690000000000006
31485,IT_Nuclear,2050,2,21,21,-0.30690000000000006
31486,IT_Nuclear,2050,2,22,22,-0.30690000000000006
31487,IT_Nuclear,2050,2,23,23,-0.30690000000000006
31488,IT_Nuclear,2050,2,24,24,-0.30690000000000006
31489,IT_Nuclear,2050,3,1,1,-0.7134
31490,IT_Nuclear,2050,3,2,2,-0.7134
31491,IT_Nuclear,2050,3,3,3,-0.7134
31492,IT_Nuclear,2050,3,4,4,-0.7134
31493,IT_Nuclear,2050,3,5,5,-0.7134
31494,IT_Nuclear,2050,3,6,6,-1.2353999999999998
31495,IT_Nuclear,2050,3,7,7,-1.2353999999999998
31496,IT_Nuclear,2050,3,8,8,-1.2353999999999998
31497,IT_Nuclear,2050,3,9,9,-1.2353999999999998
31498,IT_Nuclear,2050,3,10,10,-1.2353999999999998
31499,IT_Nuclear,2050,3,11,11,-0.2697
31500,IT_Nuclear,2050,3,12,12,-0.2697
31501,IT_Nuclear,2050,3,13,13,-0.2697
31502,IT_Nuclear,2050,3,14,14,-0.2697
31503,IT_Nuclear,2050,3,15,15,-0.2697
31504,IT_Nuclear,2050,3,16,16,-0.7134
31505,IT_Nuclear,2050,3,17,17,-1.2353999999999998
31506,IT_Nuclear,2050,3,18,18,-16.60253141133267
31507,IT_Nuclear,2050,3,19,19,-6.718765705666336
31508,IT_Nuclear,2050,3,20,20,-6.718765705666336
31509,IT_Nuclear,2050,3,21,21,-1.2353999999999998
31510,IT_Nuclear,2050,3,22,22,-1.2353999999999998
31511,IT_Nuclear,2050,3,23,23,-1.2353999999999998
31512,IT_Nuclear,2050,3,24,24,-0.7134
31513,IT_Nuclear,2050,4,1,1,-0.21390000000000003
31514,IT_Nuclear,2050,4,2,2,-0.21390000000000003
31515,IT_Nuclear,2050,4,3,3,-0.21390000000000003
31516,IT_Nuclear,2050,4,4,4,-0.21390000000000003
31517,IT_Nuclear,2050,4,5,5,-0.21390000000000003
31518,IT_Nuclear,2050,4,6,6,-0.21390000000000003
31519,IT_Nuclear,2050,4,7,7,-0.21390000000000003
31520,IT_Nuclear,2050,4,8,8,-0.21390000000000003
31521,IT_Nuclear,2050,4,9,9,-0.21390000000000003
31522,IT_Nuclear,2050,4,10,10,-0.21390000000000003
31523,IT_Nuclear,2050,4,11,11,-0.21390000000000003
31524,IT_Nuclear,2050,4,12,12,-0.21390000000000003
31525,IT_Nuclear,2050,4,13,13,-0.21390000000000003
31526,IT_Nuclear,2050,4,14,14,-0.21390000000000003
31527,IT_Nuclear,2050,4,15,15,-0.21390000000000003
31528,IT_Nuclear,2050,4,16,16,-0.21390000000000003
31529,IT_Nuclear,2050,4,17,17,-0.21390000000000003
31530,IT_Nuclear,2050,4,18,18,-0.5658000000000001
31531,IT_Nuclear,2050,4,19,19,-0.9797999999999998
31532,IT_Nuclear,2050,4,20,20,-0.5658000000000001
31533,IT_Nuclear,2050,4,21,21,-0.21390000000000003
31534,IT_Nuclear,2050,4,22,22,-0.21390000000000003
31535,IT_Nuclear,2050,4,23,23,-0.21390000000000003
31536,IT_Nuclear,2050,4,24,24,-0.21390000000000003
31537,IT_Nuclear,2050,5,1,1,-0.48360000000000003
31538,IT_Nuclear,2050,5,2,2,-0.48360000000000003
31539,IT_Nuclear,2050,5,3,3,-0.48360000000000003
31540,IT_Nuclear,2050,5,4,4,-0.48360000000000003
31541,IT_Nuclear,2050,5,5,5,-0.48360000000000003
31542,IT_Nuclear,2050,5,6,6,-0.48360000000000003
31543,IT_Nuclear,2050,5,7,7,-0.48360000000000003
31544,IT_Nuclear,2050,5,8,8,-0.48360000000000003
31545,IT_Nuclear,2050,5,9,9,-0.48360000000000003
31546,IT_Nuclear,2050,5,10,10,-0.48360000000000003
31547,IT_Nuclear,2050,5,11,11,-0.48360000000000003
31548,IT_Nuclear,2050,5,12,12,-0.48360000000000003
31549,IT_Nuclear,2050,5,13,13,0.0
31550,IT_Nuclear,2050,5,14,14,-0.48360000000000003
31551,IT_Nuclear,2050,5,15,15,-0.48360000000000003
31552,IT_Nuclear,2050,5,16,16,-0.48360000000000003
31553,IT_Nuclear,2050,5,17,17,-0.48360000000000003
31554,IT_Nuclear,2050,5,18,18,-1.2792000000000003
31555,IT_Nuclear,2050,5,19,19,-1.2792000000000003
31556,IT_Nuclear,2050,5,20,20,-1.2792000000000003
31557,IT_Nuclear,2050,5,21,21,-1.2792000000000003
31558,IT_Nuclear,2050,5,22,22,-0.48360000000000003
31559,IT_Nuclear,2050,5,23,23,-0.48360000000000003
31560,IT_Nuclear,2050,5,24,24,-0.48360000000000003
31561,IT_Nuclear,2050,6,1,1,-0.1674
31562,IT_Nuclear,2050,6,2,2,-0.1674
31563,IT_Nuclear,2050,6,3,3,-0.1674
31564,IT_Nuclear,2050,6,4,4,-0.1674
31565,IT_Nuclear,2050,6,5,5,-0.1674
31566,IT_Nuclear,2050,6,6,6,-0.1674
31567,IT_Nuclear,2050,6,7,7,-0.1674
31568,IT_Nuclear,2050,6,8,8,-0.1674
31569,IT_Nuclear,2050,6,9,9,-0.1674
31570,IT_Nuclear,2050,6,10,10,-0.1674
31571,IT_Nuclear,2050,6,11,11,0.0
31572,IT_Nuclear,2050,6,12,12,0.0
31573,IT_Nuclear,2050,6,13,13,0.0
31574,IT_Nuclear,2050,6,14,14,0.0
31575,IT_Nuclear,2050,6,15,15,0.0
31576,IT_Nuclear,2050,6,16,16,0.0
31577,IT_Nuclear,2050,6,17,17,-0.1674
31578,IT_Nuclear,2050,6,18,18,-0.1674
31579,IT_Nuclear,2050,6,19,19,-0.1674
31580,IT_Nuclear,2050,6,20,20,-0.1674
31581,IT_Nuclear,2050,6,21,21,-0.1674
31582,IT_Nuclear,2050,6,22,22,-0.1674
31583,IT_Nuclear,2050,6,23,23,-0.1674
31584,IT_Nuclear,2050,6,24,24,-0.1674
31585,IT_Nuclear,2050,7,1,1,-0.3441000000000001
31586,IT_Nuclear,2050,7,2,2,-0.3441000000000001
31587,IT_Nuclear,2050,7,3,3,-0.3441000000000001
31588,IT_Nuclear,2050,7,4,4,-0.3441000000000001
31589,IT_Nuclear,2050,7,5,5,-0.3441000000000001
31590,IT_Nuclear,2050,7,6,6,-0.3441000000000001
31591,IT_Nuclear,2050,7,7,7,-0.3441000000000001
31592,IT_Nuclear,2050,7,8,8,-0.3441000000000001
31593,IT_Nuclear,2050,7,9,9,-0.3441000000000001
31594,IT_Nuclear,2050,7,10,10,-0.3441000000000001
31595,IT_Nuclear,2050,7,11,11,-0.3441000000000001
31596,IT_Nuclear,2050,7,12,12,-0.3441000000000001
31597,IT_Nuclear,2050,7,13,13,-0.3441000000000001
31598,IT_Nuclear,2050,7,14,14,-0.3441000000000001
31599,IT_Nuclear,2050,7,15,15,-0.3441000000000001
31600,IT_Nuclear,2050,7,16,16,-0.3441000000000001
31601,IT_Nuclear,2050,7,17,17,-0.3441000000000001
31602,IT_Nuclear,2050,7,18,18,-0.3441000000000001
31603,IT_Nuclear,2050,7,19,19,-0.9102000000000001
31604,IT_Nuclear,2050,7,20,20,-0.3441000000000001
31605,IT_Nuclear,2050,7,21,21,-0.3441000000000001
31606,IT_Nuclear,2050,7,22,22,-0.3441000000000001
31607,IT_Nuclear,2050,7,23,23,-0.3441000000000001
31608,IT_Nuclear,2050,7,24,24,-0.3441000000000001
31609,IT_Nuclear,2050,8,1,1,-0.2883
31610,IT_Nuclear,2050,8,2,2,-0.2883
31611,IT_Nuclear,2050,8,3,3,-0.2883
31612,IT_Nuclear,2050,8,4,4,-0.2883
31613,IT_Nuclear,2050,8,5,5,-0.2883
31614,IT_Nuclear,2050,8,6,6,-0.2883
31615,IT_Nuclear,2050,8,7,7,-0.2883
31616,IT_Nuclear,2050,8,8,8,-0.2883
31617,IT_Nuclear,2050,8,9,9,-0.2883
31618,IT_Nuclear,2050,8,10,10,-0.2883
31619,IT_Nuclear,2050,8,11,11,-0.2883
31620,IT_Nuclear,2050,8,12,12,-0.2883
31621,IT_Nuclear,2050,8,13,13,-0.2883
31622,IT_Nuclear,2050,8,14,14,-0.2883
31623,IT_Nuclear,2050,8,15,15,-0.2883
31624,IT_Nuclear,2050,8,16,16,-0.2883
31625,IT_Nuclear,2050,8,17,17,-0.2883
31626,IT_Nuclear,2050,8,18,18,-0.2883
31627,IT_Nuclear,2050,8,19,19,-0.7626000000000002
31628,IT_Nuclear,2050,8,20,20,-0.7626000000000002
31629,IT_Nuclear,2050,8,21,21,-0.7626000000000002
31630,IT_Nuclear,2050,8,22,22,-0.2883
31631,IT_Nuclear,2050,8,23,23,-0.2883
31632,IT_Nuclear,2050,8,24,24,-0.2883
31633,IT_Nuclear,2050,9,1,1,-0.39990000000000003
31634,IT_Nuclear,2050,9,2,2,-0.39990000000000003
31635,IT_Nuclear,2050,9,3,3,-0.39990000000000003
31636,IT_Nuclear,2050,9,4,4,-0.39990000000000003
31637,IT_Nuclear,2050,9,5,5,-0.39990000000000003
31638,IT_Nuclear,2050,9,6,6,-0.39990000000000003
31639,IT_Nuclear,2050,9,7,7,-1.0578
31640,IT_Nuclear,2050,9,8,8,-0.39990000000000003
31641,IT_Nuclear,2050,9,9,9,-0.39990000000000003
31642,IT_Nuclear,2050,9,10,10,-0.39990000000000003
31643,IT_Nuclear,2050,9,11,11,-0.39990000000000003
31644,IT_Nuclear,2050,9,12,12,-0.39990000000000003
31645,IT_Nuclear,2050,9,13,13,-0.39990000000000003
31646,IT_Nuclear,2050,9,14,14,-0.39990000000000003
31647,IT_Nuclear,2050,9,15,15,-0.39990000000000003
31648,IT_Nuclear,2050,9,16,16,-0.39990000000000003
31649,IT_Nuclear,2050,9,17,17,-0.39990000000000003
31650,IT_Nuclear,2050,9,18,18,-1.0578
31651,IT_Nuclear,2050,9,19,19,-1.8318
31652,IT_Nuclear,2050,9,20,20,-1.8318
31653,IT_Nuclear,2050,9,21,21,-1.8318
31654,IT_Nuclear,2050,9,22,22,-1.0578
31655,IT_Nuclear,2050,9,23,23,-0.39990000000000003
31656,IT_Nuclear,2050,9,24,24,-0.39990000000000003
31657,IT_Nuclear,2050,10,1,1,-0.42780000000000007
31658,IT_Nuclear,2050,10,2,2,-0.42780000000000007
31659,IT_Nuclear,2050,10,3,3,-0.42780000000000007
31660,IT_Nuclear,2050,10,4,4,-0.42780000000000007
31661,IT_Nuclear,2050,10,5,5,-0.42780000000000007
31662,IT_Nuclear,2050,10,6,6,-0.42780000000000007
31663,IT_Nuclear,2050,10,7,7,-0.42780000000000007
31664,IT_Nuclear,2050,10,8,8,-0.42780000000000007
31665,IT_Nuclear,2050,10,9,9,-0.42780000000000007
31666,IT_Nuclear,2050,10,10,10,-0.42780000000000007
31667,IT_Nuclear,2050,10,11,11,-0.42780000000000007
31668,IT_Nuclear,2050,10,12,12,-0.42780000000000007
31669,IT_Nuclear,2050,10,13,13,-0.42780000000000007
31670,IT_Nuclear,2050,10,14,14,-0.42780000000000007
31671,IT_Nuclear,2050,10,15,15,-0.42780000000000007
31672,IT_Nuclear,2050,10,16,16,-0.42780000000000007
31673,IT_Nuclear,2050,10,17,17,-0.42780000000000007
31674,IT_Nuclear,2050,10,18,18,-1.1316000000000002
31675,IT_Nuclear,2050,10,19,19,-1.1316000000000002
31676,IT_Nuclear,2050,10,20,20,-1.1316000000000002
31677,IT_Nuclear,2050,10,21,21,-0.42780000000000007
31678,IT_Nuclear,2050,10,22,22,-0.42780000000000007
31679,IT_Nuclear,2050,10,23,23,-0.42780000000000007
31680,IT_Nuclear,2050,10,24,24,-0.42780000000000007
31681,IT_OCGT,2050,1,1,1,0.0
31682,IT_OCGT,2050,1,2,2,0.0
31683,IT_OCGT,2050,1,3,3,0.0
31684,IT_OCGT,2050,1,4,4,0.0
31685,IT_OCGT,2050,1,5,5,0.0
31686,IT_OCGT,2050,1,6,6,0.0
31687,IT_OCGT,2050,1,7,7,0.0
31688,IT_OCGT,2050,1,8,8,0.0
31689,IT_OCGT,2050,1,9,9,0.0
31690,IT_OCGT,2050,1,10,10,0.0
31691,IT_OCGT,2050,1,11,11,0.0
31692,IT_OCGT,2050,1,12,12,0.0
31693,IT_OCGT,2050,1,13,13,0.0
31694,IT_OCGT,2050,1,14,14,0.0
31695,IT_OCGT,2050,1,15,15,0.0
31696,IT_OCGT,2050,1,16,16,0.0
31697,IT_OCGT,2050,1,17,17,0.0
31698,IT_OCGT,2050,1,18,18,0.0
31699,IT_OCGT,2050,1,19,19,0.0
31700,IT_OCGT,2050,1,20,20,0.0
31701,IT_OCGT,2050,1,21,21,0.0
31702,IT_OCGT,2050,1,22,22,0.0
31703,IT_OCGT,2050,1,23,23,0.0
31704,IT_OCGT,2050,1,24,24,0.0
31705,IT_OCGT,2050,2,1,1,0.0
31706,IT_OCGT,2050,2,2,2,0.0
31707,IT_OCGT,2050,2,3,3,0.0
31708,IT_OCGT,2050,2,4,4,0.0
31709,IT_OCGT,2050,2,5,5,0.0
31710,IT_OCGT,2050,2,6,6,0.0
31711,IT_OCGT,2050,2,7,7,0.0
31712,IT_OCGT,2050,2,8,8,0.0
31713,IT_OCGT,2050,2,9,9,0.0
31714,IT_OCGT,2050,2,10,10,0.0
31715,IT_OCGT,2050,2,11,11,0.0
31716,IT_OCGT,2050,2,12,12,0.0
31717,IT_OCGT,2050,2,13,13,0.0
31718,IT_OCGT,2050,2,14,14,0.0
31719,IT_OCGT,2050,2,15,15,0.0
31720,IT_OCGT,2050,2,16,16,0.0
31721,IT_OCGT,2050,2,17,17,0.0
31722,IT_OCGT,2050,2,18,18,0.0
31723,IT_OCGT,2050,2,19,19,0.0
31724,IT_OCGT,2050,2,20,20,0.0
31725,IT_OCGT,2050,2,21,21,0.0
31726,IT_OCGT,2050,2,22,22,0.0
31727,IT_OCGT,2050,2,23,23,0.0
31728,IT_OCGT,2050,2,24,24,0.0
31729,IT_OCGT,2050,3,1,1,0.0
31730,IT_OCGT,2050,3,2,2,0.0
31731,IT_OCGT,2050,3,3,3,0.0
31732,IT_OCGT,2050,3,4,4,0.0
31733,IT_OCGT,2050,3,5,5,0.0
31734,IT_OCGT,2050,3,6,6,0.0
31735,IT_OCGT,2050,3,7,7,0.0
31736,IT_OCGT,2050,3,8,8,0.0
31737,IT_OCGT,2050,3,9,9,0.0
31738,IT_OCGT,2050,3,10,10,0.0
31739,IT_OCGT,2050,3,11,11,0.0
31740,IT_OCGT,2050,3,12,12,0.0
31741,IT_OCGT,2050,3,13,13,0.0
31742,IT_OCGT,2050,3,14,14,0.0
31743,IT_OCGT,2050,3,15,15,0.0
31744,IT_OCGT,2050,3,16,16,0.0
31745,IT_OCGT,2050,3,17,17,0.0
31746,IT_OCGT,2050,3,18,18,-15.367131411332672
31747,IT_OCGT,2050,3,19,19,-5.483365705666336
31748,IT_OCGT,2050,3,20,20,-5.483365705666336
31749,IT_OCGT,2050,3,21,21,0.0
31750,IT_OCGT,2050,3,22,22,0.0
31751,IT_OCGT,2050,3,23,23,0.0
31752,IT_OCGT,2050,3,24,24,0.0
31753,IT_OCGT,2050,4,1,1,0.0
31754,IT_OCGT,2050,4,2,2,0.0
31755,IT_OCGT,2050,4,3,3,0.0
31756,IT_OCGT,2050,4,4,4,0.0
31757,IT_OCGT,2050,4,5,5,0.0
31758,IT_OCGT,2050,4,6,6,0.0
31759,IT_OCGT,2050,4,7,7,0.0
31760,IT_OCGT,2050,4,8,8,0.0
31761,IT_OCGT,2050,4,9,9,0.0
31762,IT_OCGT,2050,4,10,10,0.0
31763,IT_OCGT,2050,4,11,11,0.0
31764,IT_OCGT,2050,4,12,12,0.0
31765,IT_OCGT,2050,4,13,13,0.0
31766,IT_OCGT,2050,4,14,14,0.0
31767,IT_OCGT,2050,4,15,15,0.0
31768,IT_OCGT,2050,4,16,16,0.0
31769,IT_OCGT,2050,4,17,17,0.0
31770,IT_OCGT,2050,4,18,18,0.0
31771,IT_OCGT,2050,4,19,19,0.0
31772,IT_OCGT,2050,4,20,20,0.0
31773,IT_OCGT,2050,4,21,21,0.0
31774,IT_OCGT,2050,4,22,22,0.0
31775,IT_OCGT,2050,4,23,23,0.0
31776,IT_OCGT,2050,4,24,24,0.0
31777,IT_OCGT,2050,5,1,1,0.0
31778,IT_OCGT,2050,5,2,2,0.0
31779,IT_OCGT,2050,5,3,3,0.0
31780,IT_OCGT,2050,5,4,4,0.0
31781,IT_OCGT,2050,5,5,5,0.0
31782,IT_OCGT,2050,5,6,6,0.0
31783,IT_OCGT,2050,5,7,7,0.0
31784,IT_OCGT,2050,5,8,8,0.0
31785,IT_OCGT,2050,5,9,9,0.0
31786,IT_OCGT,2050,5,10,10,0.0
31787,IT_OCGT,2050,5,11,11,0.0
31788,IT_OCGT,2050,5,12,12,0.0
31789,IT_OCGT,2050,5,13,13,0.0
31790,IT_OCGT,2050,5,14,14,0.0
31791,IT_OCGT,2050,5,15,15,0.0
31792,IT_OCGT,2050,5,16,16,0.0
31793,IT_OCGT,2050,5,17,17,0.0
31794,IT_OCGT,2050,5,18,18,0.0
31795,IT_OCGT,2050,5,19,19,0.0
31796,IT_OCGT,2050,5,20,20,0.0
31797,IT_OCGT,2050,5,21,21,0.0
31798,IT_OCGT,2050,5,22,22,0.0
31799,IT_OCGT,2050,5,23,23,0.0
31800,IT_OCGT,2050,5,24,24,0.0
31801,IT_OCGT,2050,6,1,1,0.0
31802,IT_OCGT,2050,6,2,2,0.0
31803,IT_OCGT,2050,6,3,3,0.0
31804,IT_OCGT,2050,6,4,4,0.0
31805,IT_OCGT,2050,6,5,5,0.0
31806,IT_OCGT,2050,6,6,6,0.0
31807,IT_OCGT,2050,6,7,7,0.0
31808,IT_OCGT,2050,6,8,8,0.0
31809,IT_OCGT,2050,6,9,9,0.0
31810,IT_OCGT,2050,6,10,10,0.0
31811,IT_OCGT,2050,6,11,11,0.0
31812,IT_OCGT,2050,6,12,12,0.0
31813,IT_OCGT,2050,6,13,13,0.0
31814,IT_OCGT,2050,6,14,14,0.0
31815,IT_OCGT,2050,6,15,15,0.0
31816,IT_OCGT,2050,6,16,16,0.0
31817,IT_OCGT,2050,6,17,17,0.0
31818,IT_OCGT,2050,6,18,18,0.0
31819,IT_OCGT,2050,6,19,19,0.0
31820,IT_OCGT,2050,6,20,20,0.0
31821,IT_OCGT,2050,6,21,21,0.0
31822,IT_OCGT,2050,6,22,22,0.0
31823,IT_OCGT,2050,6,23,23,0.0
31824,IT_OCGT,2050,6,24,24,0.0
31825,IT_OCGT,2050,7,1,1,0.0
31826,IT_OCGT,2050,7,2,2,0.0
31827,IT_OCGT,2050,7,3,3,0.0
31828,IT_OCGT,2050,7,4,4,0.0
31829,IT_OCGT,2050,7,5,5,0.0
31830,IT_OCGT,2050,7,6,6,0.0
31831,IT_OCGT,2050,7,7,7,0.0
31832,IT_OCGT,2050,7,8,8,0.0
31833,IT_OCGT,2050,7,9,9,0.0
31834,IT_OCGT,2050,7,10,10,0.0
31835,IT_OCGT,2050,7,11,11,0.0
31836,IT_OCGT,2050,7,12,12,0.0
31837,IT_OCGT,2050,7,13,13,0.0
31838,IT_OCGT,2050,7,14,14,0.0
31839,IT_OCGT,2050,7,15,15,0.0
31840,IT_OCGT,2050,7,16,16,0.0
31841,IT_OCGT,2050,7,17,17,0.0
31842,IT_OCGT,2050,7,18,18,0.0
31843,IT_OCGT,2050,7,19,19,0.0
31844,IT_OCGT,2050,7,20,20,0.0
31845,IT_OCGT,2050,7,21,21,0.0
31846,IT_OCGT,2050,7,22,22,0.0
31847,IT_OCGT,2050,7,23,23,0.0
31848,IT_OCGT,2050,7,24,24,0.0
31849,IT_OCGT,2050,8,1,1,0.0
31850,IT_OCGT,2050,8,2,2,0.0
31851,IT_OCGT,2050,8,3,3,0.0
31852,IT_OCGT,2050,8,4,4,0.0
31853,IT_OCGT,2050,8,5,5,0.0
31854,IT_OCGT,2050,8,6,6,0.0
31855,IT_OCGT,2050,8,7,7,0.0
31856,IT_OCGT,2050,8,8,8,0.0
31857,IT_OCGT,2050,8,9,9,0.0
31858,IT_OCGT,2050,8,10,10,0.0
31859,IT_OCGT,2050,8,11,11,0.0
31860,IT_OCGT,2050,8,12,12,0.0
31861,IT_OCGT,2050,8,13,13,0.0
31862,IT_OCGT,2050,8,14,14,0.0
31863,IT_OCGT,2050,8,15,15,0.0
31864,IT_OCGT,2050,8,16,16,0.0
31865,IT_OCGT,2050,8,17,17,0.0
31866,IT_OCGT,2050,8,18,18,0.0
31867,IT_OCGT,2050,8,19,19,0.0
31868,IT_OCGT,2050,8,20,20,0.0
31869,IT_OCGT,2050,8,21,21,0.0
31870,IT_OCGT,2050,8,22,22,0.0
31871,IT_OCGT,2050,8,23,23,0.0
31872,IT_OCGT,2050,8,24,24,0.0
31873,IT_OCGT,2050,9,1,1,0.0
31874,IT_OCGT,2050,9,2,2,0.0
31875,IT_OCGT,2050,9,3,3,0.0
31876,IT_OCGT,2050,9,4,4,0.0
31877,IT_OCGT,2050,9,5,5,0.0
31878,IT_OCGT,2050,9,6,6,0.0
31879,IT_OCGT,2050,9,7,7,0.0
31880,IT_OCGT,2050,9,8,8,0.0
31881,IT_OCGT,2050,9,9,9,0.0
31882,IT_OCGT,2050,9,10,10,0.0
31883,IT_OCGT,2050,9,11,11,0.0
31884,IT_OCGT,2050,9,12,12,0.0
31885,IT_OCGT,2050,9,13,13,0.0
31886,IT_OCGT,2050,9,14,14,0.0
31887,IT_OCGT,2050,9,15,15,0.0
31888,IT_OCGT,2050,9,16,16,0.0
31889,IT_OCGT,2050,9,17,17,0.0
31890,IT_OCGT,2050,9,18,18,0.0
31891,IT_OCGT,2050,9,19,19,0.0
31892,IT_OCGT,2050,9,20,20,0.0
31893,IT_OCGT,2050,9,21,21,0.0
31894,IT_OCGT,2050,9,22,22,0.0
31895,IT_OCGT,2050,9,23,23,0.0
31896,IT_OCGT,2050,9,24,24,0.0
31897,IT_OCGT,2050,10,1,1,0.0
31898,IT_OCGT,2050,10,2,2,0.0
31899,IT_OCGT,2050,10,3,3,0.0
31900,IT_OCGT,2050,10,4,4,0.0
31901,IT_OCGT,2050,10,5,5,0.0
31902,IT_OCGT,2050,10,6,6,0.0
31903,IT_OCGT,2050,10,7,7,0.0
31904,IT_OCGT,2050,10,8,8,0.0
31905,IT_OCGT,2050,10,9,9,0.0
31906,IT_OCGT,2050,10,10,10,0.0
31907,IT_OCGT,2050,10,11,11,0.0
31908,IT_OCGT,2050,10,12,12,0.0
31909,IT_OCGT,2050,10,13,13,0.0
31910,IT_OCGT,2050,10,14,14,0.0
31911,IT_OCGT,2050,10,15,15,0.0
31912,IT_OCGT,2050,10,16,16,0.0
31913,IT_OCGT,2050,10,17,17,0.0
31914,IT_OCGT,2050,10,18,18,0.0
31915,IT_OCGT,2050,10,19,19,0.0
31916,IT_OCGT,2050,10,20,20,0.0
31917,IT_OCGT,2050,10,21,21,0.0
31918,IT_OCGT,2050,10,22,22,0.0
31919,IT_OCGT,2050,10,23,23,0.0
31920,IT_OCGT,2050,10,24,24,0.0
31921,IT_Solar,2050,1,1,1,-1.749
31922,IT_Solar,2050,1,2,2,-1.749
31923,IT_Solar,2050,1,3,3,-1.749
31924,IT_Solar,2050,1,4,4,-1.749
31925,IT_Solar,2050,1,5,5,-1.749
31926,IT_Solar,2050,1,6,6,-1.749
31927,IT_Solar,2050,1,7,7,-2.703
31928,IT_Solar,2050,1,8,8,-1.749
31929,IT_Solar,2050,1,9,9,-1.749
31930,IT_Solar,2050,1,10,10,-0.9381
31931,IT_Solar,2050,1,11,11,-0.9381
31932,IT_Solar,2050,1,12,12,-0.9381
31933,IT_Solar,2050,1,13,13,-0.9381
31934,IT_Solar,2050,1,14,14,-0.9381
31935,IT_Solar,2050,1,15,15,-0.9381
31936,IT_Solar,2050,1,16,16,-0.9381
31937,IT_Solar,2050,1,17,17,-0.9381
31938,IT_Solar,2050,1,18,18,-2.703
31939,IT_Solar,2050,1,19,19,-2.703
31940,IT_Solar,2050,1,20,20,-2.703
31941,IT_Solar,2050,1,21,21,-2.703
31942,IT_Solar,2050,1,22,22,-2.703
31943,IT_Solar,2050,1,23,23,-2.703
31944,IT_Solar,2050,1,24,24,-1.749
31945,IT_Solar,2050,2,1,1,-0.5841000000000001
31946,IT_Solar,2050,2,2,2,-0.5841000000000001
31947,IT_Solar,2050,2,3,3,-0.5841000000000001
31948,IT_Solar,2050,2,4,4,-0.5841000000000001
31949,IT_Solar,2050,2,5,5,-0.5841000000000001
31950,IT_Solar,2050,2,6,6,-0.5841000000000001
31951,IT_Solar,2050,2,7,7,-0.5841000000000001
31952,IT_Solar,2050,2,8,8,-0.5841000000000001
31953,IT_Solar,2050,2,9,9,-0.5841000000000001
31954,IT_Solar,2050,2,10,10,-0.5841000000000001
31955,IT_Solar,2050,2,11,11,0.0
31956,IT_Solar,2050,2,12,12,0.0
31957,IT_Solar,2050,2,13,13,0.0
31958,IT_Solar,2050,2,14,14,0.0
31959,IT_Solar,2050,2,15,15,0.0
31960,IT_Solar,2050,2,16,16,0.0
31961,IT_Solar,2050,2,17,17,-0.5841000000000001
31962,IT_Solar,2050,2,18,18,-0.5841000000000001
31963,IT_Solar,2050,2,19,19,-0.5841000000000001
31964,IT_Solar,2050,2,20,20,-0.5841000000000001
31965,IT_Solar,2050,2,21,21,-0.5841000000000001
31966,IT_Solar,2050,2,22,22,-0.5841000000000001
31967,IT_Solar,2050,2,23,23,-0.5841000000000001
31968,IT_Solar,2050,2,24,24,-0.5841000000000001
31969,IT_Solar,2050,3,1,1,-0.9570000000000001
31970,IT_Solar,2050,3,2,2,-0.9570000000000001
31971,IT_Solar,2050,3,3,3,-0.9570000000000001
31972,IT_Solar,2050,3,4,4,-0.9570000000000001
31973,IT_Solar,2050,3,5,5,-0.9570000000000001
31974,IT_Solar,2050,3,6,6,-1.4789999999999999
31975,IT_Solar,2050,3,7,7,-1.4789999999999999
31976,IT_Solar,2050,3,8,8,-1.4789999999999999
31977,IT_Solar,2050,3,9,9,-1.4789999999999999
31978,IT_Solar,2050,3,10,10,-1.4789999999999999
31979,IT_Solar,2050,3,11,11,-0.5133
31980,IT_Solar,2050,3,12,12,-0.5133
31981,IT_Solar,2050,3,13,13,-0.5133
31982,IT_Solar,2050,3,14,14,-0.5133
31983,IT_Solar,2050,3,15,15,-0.5133
31984,IT_Solar,2050,3,16,16,-0.9570000000000001
31985,IT_Solar,2050,3,17,17,-1.4789999999999999
31986,IT_Solar,2050,3,18,18,-16.84613141133267
31987,IT_Solar,2050,3,19,19,-6.962365705666336
31988,IT_Solar,2050,3,20,20,-6.962365705666336
31989,IT_Solar,2050,3,21,21,-1.4789999999999999
31990,IT_Solar,2050,3,22,22,-1.4789999999999999
31991,IT_Solar,2050,3,23,23,-1.4789999999999999
31992,IT_Solar,2050,3,24,24,-0.9570000000000001
31993,IT_Solar,2050,4,1,1,-0.4071
31994,IT_Solar,2050,4,2,2,-0.4071
31995,IT_Solar,2050,4,3,3,-0.4071
31996,IT_Solar,2050,4,4,4,-0.4071
31997,IT_Solar,2050,4,5,5,-0.4071
31998,IT_Solar,2050,4,6,6,-0.4071
31999,IT_Solar,2050,4,7,7,-0.4071
32000,IT_Solar,2050,4,8,8,-0.4071
32001,IT_Solar,2050,4,9,9,-0.4071
32002,IT_Solar,2050,4,10,10,-0.4071
32003,IT_Solar,2050,4,11,11,-0.4071
32004,IT_Solar,2050,4,12,12,-0.4071
32005,IT_Solar,2050,4,13,13,-0.4071
32006,IT_Solar,2050,4,14,14,-0.4071
32007,IT_Solar,2050,4,15,15,-0.4071
32008,IT_Solar,2050,4,16,16,-0.4071
32009,IT_Solar,2050,4,17,17,-0.4071
32010,IT_Solar,2050,4,18,18,-0.759
32011,IT_Solar,2050,4,19,19,-1.1729999999999998
32012,IT_Solar,2050,4,20,20,-0.759
32013,IT_Solar,2050,4,21,21,-0.4071
32014,IT_Solar,2050,4,22,22,-0.4071
32015,IT_Solar,2050,4,23,23,-0.4071
32016,IT_Solar,2050,4,24,24,-0.4071
32017,IT_Solar,2050,5,1,1,-0.9204
32018,IT_Solar,2050,5,2,2,-0.9204
32019,IT_Solar,2050,5,3,3,-0.9204
32020,IT_Solar,2050,5,4,4,-0.9204
32021,IT_Solar,2050,5,5,5,-0.9204
32022,IT_Solar,2050,5,6,6,-0.9204
32023,IT_Solar,2050,5,7,7,-0.9204
32024,IT_Solar,2050,5,8,8,-0.9204
32025,IT_Solar,2050,5,9,9,-0.9204
32026,IT_Solar,2050,5,10,10,-0.9204
32027,IT_Solar,2050,5,11,11,-0.9204
32028,IT_Solar,2050,5,12,12,-0.9204
32029,IT_Solar,2050,5,13,13,0.0
32030,IT_Solar,2050,5,14,14,-0.9204
32031,IT_Solar,2050,5,15,15,-0.9204
32032,IT_Solar,2050,5,16,16,-0.9204
32033,IT_Solar,2050,5,17,17,-0.9204
32034,IT_Solar,2050,5,18,18,-1.7160000000000002
32035,IT_Solar,2050,5,19,19,-1.7160000000000002
32036,IT_Solar,2050,5,20,20,-1.7160000000000002
32037,IT_Solar,2050,5,21,21,-1.7160000000000002
32038,IT_Solar,2050,5,22,22,-0.9204
32039,IT_Solar,2050,5,23,23,-0.9204
32040,IT_Solar,2050,5,24,24,-0.9204
32041,IT_Solar,2050,6,1,1,-0.3186
32042,IT_Solar,2050,6,2,2,-0.3186
32043,IT_Solar,2050,6,3,3,-0.3186
32044,IT_Solar,2050,6,4,4,-0.3186
32045,IT_Solar,2050,6,5,5,-0.3186
32046,IT_Solar,2050,6,6,6,-0.3186
32047,IT_Solar,2050,6,7,7,-0.3186
32048,IT_Solar,2050,6,8,8,-0.3186
32049,IT_Solar,2050,6,9,9,-0.3186
32050,IT_Solar,2050,6,10,10,-0.3186
32051,IT_Solar,2050,6,11,11,0.0
32052,IT_Solar,2050,6,12,12,0.0
32053,IT_Solar,2050,6,13,13,0.0
32054,IT_Solar,2050,6,14,14,0.0
32055,IT_Solar,2050,6,15,15,0.0
32056,IT_Solar,2050,6,16,16,0.0
32057,IT_Solar,2050,6,17,17,-0.3186
32058,IT_Solar,2050,6,18,18,-0.3186
32059,IT_Solar,2050,6,19,19,-0.3186
32060,IT_Solar,2050,6,20,20,-0.3186
32061,IT_Solar,2050,6,21,21,-0.3186
32062,IT_Solar,2050,6,22,22,-0.3186
32063,IT_Solar,2050,6,23,23,-0.3186
32064,IT_Solar,2050,6,24,24,-0.3186
32065,IT_Solar,2050,7,1,1,-0.6549
32066,IT_Solar,2050,7,2,2,-0.6549
32067,IT_Solar,2050,7,3,3,-0.6549
32068,IT_Solar,2050,7,4,4,-0.6549
32069,IT_Solar,2050,7,5,5,-0.6549
32070,IT_Solar,2050,7,6,6,-0.6549
32071,IT_Solar,2050,7,7,7,-0.6549
32072,IT_Solar,2050,7,8,8,-0.6549
32073,IT_Solar,2050,7,9,9,-0.6549
32074,IT_Solar,2050,7,10,10,-0.6549
32075,IT_Solar,2050,7,11,11,-0.6549
32076,IT_Solar,2050,7,12,12,-0.6549
32077,IT_Solar,2050,7,13,13,-0.6549
32078,IT_Solar,2050,7,14,14,-0.6549
32079,IT_Solar,2050,7,15,15,-0.6549
32080,IT_Solar,2050,7,16,16,-0.6549
32081,IT_Solar,2050,7,17,17,-0.6549
32082,IT_Solar,2050,7,18,18,-0.6549
32083,IT_Solar,2050,7,19,19,-1.221
32084,IT_Solar,2050,7,20,20,-0.6549
32085,IT_Solar,2050,7,21,21,-0.6549
32086,IT_Solar,2050,7,22,22,-0.6549
32087,IT_Solar,2050,7,23,23,-0.6549
32088,IT_Solar,2050,7,24,24,-0.6549
32089,IT_Solar,2050,8,1,1,-0.5487
32090,IT_Solar,2050,8,2,2,-0.5487
32091,IT_Solar,2050,8,3,3,-0.5487
32092,IT_Solar,2050,8,4,4,-0.5487
32093,IT_Solar,2050,8,5,5,-0.5487
32094,IT_Solar,2050,8,6,6,-0.5487
32095,IT_Solar,2050,8,7,7,-0.5487
32096,IT_Solar,2050,8,8,8,-0.5487
32097,IT_Solar,2050,8,9,9,-0.5487
32098,IT_Solar,2050,8,10,10,-0.5487
32099,IT_Solar,2050,8,11,11,-0.5487
32100,IT_Solar,2050,8,12,12,-0.5487
32101,IT_Solar,2050,8,13,13,-0.5487
32102,IT_Solar,2050,8,14,14,-0.5487
32103,IT_Solar,2050,8,15,15,-0.5487
32104,IT_Solar,2050,8,16,16,-0.5487
32105,IT_Solar,2050,8,17,17,-0.5487
32106,IT_Solar,2050,8,18,18,-0.5487
32107,IT_Solar,2050,8,19,19,-1.0230000000000001
32108,IT_Solar,2050,8,20,20,-1.0230000000000001
32109,IT_Solar,2050,8,21,21,-1.0230000000000001
32110,IT_Solar,2050,8,22,22,-0.5487
32111,IT_Solar,2050,8,23,23,-0.5487
32112,IT_Solar,2050,8,24,24,-0.5487
32113,IT_Solar,2050,9,1,1,-0.7611
32114,IT_Solar,2050,9,2,2,-0.7611
32115,IT_Solar,2050,9,3,3,-0.7611
32116,IT_Solar,2050,9,4,4,-0.7611
32117,IT_Solar,2050,9,5,5,-0.7611
32118,IT_Solar,2050,9,6,6,-0.7611
32119,IT_Solar,2050,9,7,7,-1.419
32120,IT_Solar,2050,9,8,8,-0.7611
32121,IT_Solar,2050,9,9,9,-0.7611
32122,IT_Solar,2050,9,10,10,-0.7611
32123,IT_Solar,2050,9,11,11,-0.7611
32124,IT_Solar,2050,9,12,12,-0.7611
32125,IT_Solar,2050,9,13,13,-0.7611
32126,IT_Solar,2050,9,14,14,-0.7611
32127,IT_Solar,2050,9,15,15,-0.7611
32128,IT_Solar,2050,9,16,16,-0.7611
32129,IT_Solar,2050,9,17,17,-0.7611
32130,IT_Solar,2050,9,18,18,-1.419
32131,IT_Solar,2050,9,19,19,-2.193
32132,IT_Solar,2050,9,20,20,-2.193
32133,IT_Solar,2050,9,21,21,-2.193
32134,IT_Solar,2050,9,22,22,-1.419
32135,IT_Solar,2050,9,23,23,-0.7611
32136,IT_Solar,2050,9,24,24,-0.7611
32137,IT_Solar,2050,10,1,1,-0.8142
32138,IT_Solar,2050,10,2,2,-0.8142
32139,IT_Solar,2050,10,3,3,-0.8142
32140,IT_Solar,2050,10,4,4,-0.8142
32141,IT_Solar,2050,10,5,5,-0.8142
32142,IT_Solar,2050,10,6,6,-0.8142
32143,IT_Solar,2050,10,7,7,-0.8142
32144,IT_Solar,2050,10,8,8,-0.8142
32145,IT_Solar,2050,10,9,9,-0.8142
32146,IT_Solar,2050,10,10,10,-0.8142
32147,IT_Solar,2050,10,11,11,-0.8142
32148,IT_Solar,2050,10,12,12,-0.8142
32149,IT_Solar,2050,10,13,13,-0.8142
32150,IT_Solar,2050,10,14,14,-0.8142
32151,IT_Solar,2050,10,15,15,-0.8142
32152,IT_Solar,2050,10,16,16,-0.8142
32153,IT_Solar,2050,10,17,17,-0.8142
32154,IT_Solar,2050,10,18,18,-1.518
32155,IT_Solar,2050,10,19,19,-1.518
32156,IT_Solar,2050,10,20,20,-1.518
32157,IT_Solar,2050,10,21,21,-0.8142
32158,IT_Solar,2050,10,22,22,-0.8142
32159,IT_Solar,2050,10,23,23,-0.8142
32160,IT_Solar,2050,10,24,24,-0.8142
32161,IT_Wind_Offshore,2050,1,1,1,-1.749
32162,IT_Wind_Offshore,2050,1,2,2,-1.749
32163,IT_Wind_Offshore,2050,1,3,3,-1.749
32164,IT_Wind_Offshore,2050,1,4,4,-1.749
32165,IT_Wind_Offshore,2050,1,5,5,-1.749
32166,IT_Wind_Offshore,2050,1,6,6,-1.749
32167,IT_Wind_Offshore,2050,1,7,7,-2.703
32168,IT_Wind_Offshore,2050,1,8,8,-1.749
32169,IT_Wind_Offshore,2050,1,9,9,-1.749
32170,IT_Wind_Offshore,2050,1,10,10,-0.9381
32171,IT_Wind_Offshore,2050,1,11,11,-0.9381
32172,IT_Wind_Offshore,2050,1,12,12,-0.9381
32173,IT_Wind_Offshore,2050,1,13,13,-0.9381
32174,IT_Wind_Offshore,2050,1,14,14,-0.9381
32175,IT_Wind_Offshore,2050,1,15,15,-0.9381
32176,IT_Wind_Offshore,2050,1,16,16,-0.9381
32177,IT_Wind_Offshore,2050,1,17,17,-0.9381
32178,IT_Wind_Offshore,2050,1,18,18,-2.703
32179,IT_Wind_Offshore,2050,1,19,19,-2.703
32180,IT_Wind_Offshore,2050,1,20,20,-2.703
32181,IT_Wind_Offshore,2050,1,21,21,-2.703
32182,IT_Wind_Offshore,2050,1,22,22,-2.703
32183,IT_Wind_Offshore,2050,1,23,23,-2.703
32184,IT_Wind_Offshore,2050,1,24,24,-1.749
32185,IT_Wind_Offshore,2050,2,1,1,-0.5841000000000001
32186,IT_Wind_Offshore,2050,2,2,2,-0.5841000000000001
32187,IT_Wind_Offshore,2050,2,3,3,-0.5841000000000001
32188,IT_Wind_Offshore,2050,2,4,4,-0.5841000000000001
32189,IT_Wind_Offshore,2050,2,5,5,-0.5841000000000001
32190,IT_Wind_Offshore,2050,2,6,6,-0.5841000000000001
32191,IT_Wind_Offshore,2050,2,7,7,-0.5841000000000001
32192,IT_Wind_Offshore,2050,2,8,8,-0.5841000000000001
32193,IT_Wind_Offshore,2050,2,9,9,-0.5841000000000001
32194,IT_Wind_Offshore,2050,2,10,10,-0.5841000000000001
32195,IT_Wind_Offshore,2050,2,11,11,0.0
32196,IT_Wind_Offshore,2050,2,12,12,0.0
32197,IT_Wind_Offshore,2050,2,13,13,0.0
32198,IT_Wind_Offshore,2050,2,14,14,0.0
32199,IT_Wind_Offshore,2050,2,15,15,0.0
32200,IT_Wind_Offshore,2050,2,16,16,0.0
32201,IT_Wind_Offshore,2050,2,17,17,-0.5841000000000001
32202,IT_Wind_Offshore,2050,2,18,18,-0.5841000000000001
32203,IT_Wind_Offshore,2050,2,19,19,-0.5841000000000001
32204,IT_Wind_Offshore,2050,2,20,20,-0.5841000000000001
32205,IT_Wind_Offshore,2050,2,21,21,-0.5841000000000001
32206,IT_Wind_Offshore,2050,2,22,22,-0.5841000000000001
32207,IT_Wind_Offshore,2050,2,23,23,-0.5841000000000001
32208,IT_Wind_Offshore,2050,2,24,24,-0.5841000000000001
32209,IT_Wind_Offshore,2050,3,1,1,-0.9570000000000001
32210,IT_Wind_Offshore,2050,3,2,2,-0.9570000000000001
32211,IT_Wind_Offshore,2050,3,3,3,-0.9570000000000001
32212,IT_Wind_Offshore,2050,3,4,4,-0.9570000000000001
32213,IT_Wind_Offshore,2050,3,5,5,-0.9570000000000001
32214,IT_Wind_Offshore,2050,3,6,6,-1.4789999999999999
32215,IT_Wind_Offshore,2050,3,7,7,-1.4789999999999999
32216,IT_Wind_Offshore,2050,3,8,8,-1.4789999999999999
32217,IT_Wind_Offshore,2050,3,9,9,-1.4789999999999999
32218,IT_Wind_Offshore,2050,3,10,10,-1.4789999999999999
32219,IT_Wind_Offshore,2050,3,11,11,-0.5133
32220,IT_Wind_Offshore,2050,3,12,12,-0.5133
32221,IT_Wind_Offshore,2050,3,13,13,-0.5133
32222,IT_Wind_Offshore,2050,3,14,14,-0.5133
32223,IT_Wind_Offshore,2050,3,15,15,-0.5133
32224,IT_Wind_Offshore,2050,3,16,16,-0.9570000000000001
32225,IT_Wind_Offshore,2050,3,17,17,-1.4789999999999999
32226,IT_Wind_Offshore,2050,3,18,18,-16.84613141133267
32227,IT_Wind_Offshore,2050,3,19,19,-6.962365705666336
32228,IT_Wind_Offshore,2050,3,20,20,-6.962365705666336
32229,IT_Wind_Offshore,2050,3,21,21,-1.4789999999999999
32230,IT_Wind_Offshore,2050,3,22,22,-1.4789999999999999
32231,IT_Wind_Offshore,2050,3,23,23,-1.4789999999999999
32232,IT_Wind_Offshore,2050,3,24,24,-0.9570000000000001
32233,IT_Wind_Offshore,2050,4,1,1,-0.4071
32234,IT_Wind_Offshore,2050,4,2,2,-0.4071
32235,IT_Wind_Offshore,2050,4,3,3,-0.4071
32236,IT_Wind_Offshore,2050,4,4,4,-0.4071
32237,IT_Wind_Offshore,2050,4,5,5,-0.4071
32238,IT_Wind_Offshore,2050,4,6,6,-0.4071
32239,IT_Wind_Offshore,2050,4,7,7,-0.4071
32240,IT_Wind_Offshore,2050,4,8,8,-0.4071
32241,IT_Wind_Offshore,2050,4,9,9,-0.4071
32242,IT_Wind_Offshore,2050,4,10,10,-0.4071
32243,IT_Wind_Offshore,2050,4,11,11,-0.4071
32244,IT_Wind_Offshore,2050,4,12,12,-0.4071
32245,IT_Wind_Offshore,2050,4,13,13,-0.4071
32246,IT_Wind_Offshore,2050,4,14,14,-0.4071
32247,IT_Wind_Offshore,2050,4,15,15,-0.4071
32248,IT_Wind_Offshore,2050,4,16,16,-0.4071
32249,IT_Wind_Offshore,2050,4,17,17,-0.4071
32250,IT_Wind_Offshore,2050,4,18,18,-0.759
32251,IT_Wind_Offshore,2050,4,19,19,-1.1729999999999998
32252,IT_Wind_Offshore,2050,4,20,20,-0.759
32253,IT_Wind_Offshore,2050,4,21,21,-0.4071
32254,IT_Wind_Offshore,2050,4,22,22,-0.4071
32255,IT_Wind_Offshore,2050,4,23,23,-0.4071
32256,IT_Wind_Offshore,2050,4,24,24,-0.4071
32257,IT_Wind_Offshore,2050,5,1,1,-0.9204
32258,IT_Wind_Offshore,2050,5,2,2,-0.9204
32259,IT_Wind_Offshore,2050,5,3,3,-0.9204
32260,IT_Wind_Offshore,2050,5,4,4,-0.9204
32261,IT_Wind_Offshore,2050,5,5,5,-0.9204
32262,IT_Wind_Offshore,2050,5,6,6,-0.9204
32263,IT_Wind_Offshore,2050,5,7,7,-0.9204
32264,IT_Wind_Offshore,2050,5,8,8,-0.9204
32265,IT_Wind_Offshore,2050,5,9,9,-0.9204
32266,IT_Wind_Offshore,2050,5,10,10,-0.9204
32267,IT_Wind_Offshore,2050,5,11,11,-0.9204
32268,IT_Wind_Offshore,2050,5,12,12,-0.9204
32269,IT_Wind_Offshore,2050,5,13,13,0.0
32270,IT_Wind_Offshore,2050,5,14,14,-0.9204
32271,IT_Wind_Offshore,2050,5,15,15,-0.9204
32272,IT_Wind_Offshore,2050,5,16,16,-0.9204
32273,IT_Wind_Offshore,2050,5,17,17,-0.9204
32274,IT_Wind_Offshore,2050,5,18,18,-1.7160000000000002
32275,IT_Wind_Offshore,2050,5,19,19,-1.7160000000000002
32276,IT_Wind_Offshore,2050,5,20,20,-1.7160000000000002
32277,IT_Wind_Offshore,2050,5,21,21,-1.7160000000000002
32278,IT_Wind_Offshore,2050,5,22,22,-0.9204
32279,IT_Wind_Offshore,2050,5,23,23,-0.9204
32280,IT_Wind_Offshore,2050,5,24,24,-0.9204
32281,IT_Wind_Offshore,2050,6,1,1,-0.3186
32282,IT_Wind_Offshore,2050,6,2,2,-0.3186
32283,IT_Wind_Offshore,2050,6,3,3,-0.3186
32284,IT_Wind_Offshore,2050,6,4,4,-0.3186
32285,IT_Wind_Offshore,2050,6,5,5,-0.3186
32286,IT_Wind_Offshore,2050,6,6,6,-0.3186
32287,IT_Wind_Offshore,2050,6,7,7,-0.3186
32288,IT_Wind_Offshore,2050,6,8,8,-0.3186
32289,IT_Wind_Offshore,2050,6,9,9,-0.3186
32290,IT_Wind_Offshore,2050,6,10,10,-0.3186
32291,IT_Wind_Offshore,2050,6,11,11,0.0
32292,IT_Wind_Offshore,2050,6,12,12,0.0
32293,IT_Wind_Offshore,2050,6,13,13,0.0
32294,IT_Wind_Offshore,2050,6,14,14,0.0
32295,IT_Wind_Offshore,2050,6,15,15,0.0
32296,IT_Wind_Offshore,2050,6,16,16,0.0
32297,IT_Wind_Offshore,2050,6,17,17,-0.3186
32298,IT_Wind_Offshore,2050,6,18,18,-0.3186
32299,IT_Wind_Offshore,2050,6,19,19,-0.3186
32300,IT_Wind_Offshore,2050,6,20,20,-0.3186
32301,IT_Wind_Offshore,2050,6,21,21,-0.3186
32302,IT_Wind_Offshore,2050,6,22,22,-0.3186
32303,IT_Wind_Offshore,2050,6,23,23,-0.3186
32304,IT_Wind_Offshore,2050,6,24,24,-0.3186
32305,IT_Wind_Offshore,2050,7,1,1,-0.6549
32306,IT_Wind_Offshore,2050,7,2,2,-0.6549
32307,IT_Wind_Offshore,2050,7,3,3,-0.6549
32308,IT_Wind_Offshore,2050,7,4,4,-0.6549
32309,IT_Wind_Offshore,2050,7,5,5,-0.6549
32310,IT_Wind_Offshore,2050,7,6,6,-0.6549
32311,IT_Wind_Offshore,2050,7,7,7,-0.6549
32312,IT_Wind_Offshore,2050,7,8,8,-0.6549
32313,IT_Wind_Offshore,2050,7,9,9,-0.6549
32314,IT_Wind_Offshore,2050,7,10,10,-0.6549
32315,IT_Wind_Offshore,2050,7,11,11,-0.6549
32316,IT_Wind_Offshore,2050,7,12,12,-0.6549
32317,IT_Wind_Offshore,2050,7,13,13,-0.6549
32318,IT_Wind_Offshore,2050,7,14,14,-0.6549
32319,IT_Wind_Offshore,2050,7,15,15,-0.6549
32320,IT_Wind_Offshore,2050,7,16,16,-0.6549
32321,IT_Wind_Offshore,2050,7,17,17,-0.6549
32322,IT_Wind_Offshore,2050,7,18,18,-0.6549
32323,IT_Wind_Offshore,2050,7,19,19,-1.221
32324,IT_Wind_Offshore,2050,7,20,20,-0.6549
32325,IT_Wind_Offshore,2050,7,21,21,-0.6549
32326,IT_Wind_Offshore,2050,7,22,22,-0.6549
32327,IT_Wind_Offshore,2050,7,23,23,-0.6549
32328,IT_Wind_Offshore,2050,7,24,24,-0.6549
32329,IT_Wind_Offshore,2050,8,1,1,-0.5487
32330,IT_Wind_Offshore,2050,8,2,2,-0.5487
32331,IT_Wind_Offshore,2050,8,3,3,-0.5487
32332,IT_Wind_Offshore,2050,8,4,4,-0.5487
32333,IT_Wind_Offshore,2050,8,5,5,-0.5487
32334,IT_Wind_Offshore,2050,8,6,6,-0.5487
32335,IT_Wind_Offshore,2050,8,7,7,-0.5487
32336,IT_Wind_Offshore,2050,8,8,8,-0.5487
32337,IT_Wind_Offshore,2050,8,9,9,-0.5487
32338,IT_Wind_Offshore,2050,8,10,10,-0.5487
32339,IT_Wind_Offshore,2050,8,11,11,-0.5487
32340,IT_Wind_Offshore,2050,8,12,12,-0.5487
32341,IT_Wind_Offshore,2050,8,13,13,-0.5487
32342,IT_Wind_Offshore,2050,8,14,14,-0.5487
32343,IT_Wind_Offshore,2050,8,15,15,-0.5487
32344,IT_Wind_Offshore,2050,8,16,16,-0.5487
32345,IT_Wind_Offshore,2050,8,17,17,-0.5487
32346,IT_Wind_Offshore,2050,8,18,18,-0.5487
32347,IT_Wind_Offshore,2050,8,19,19,-1.0230000000000001
32348,IT_Wind_Offshore,2050,8,20,20,-1.0230000000000001
32349,IT_Wind_Offshore,2050,8,21,21,-1.0230000000000001
32350,IT_Wind_Offshore,2050,8,22,22,-0.5487
32351,IT_Wind_Offshore,2050,8,23,23,-0.5487
32352,IT_Wind_Offshore,2050,8,24,24,-0.5487
32353,IT_Wind_Offshore,2050,9,1,1,-0.7611
32354,IT_Wind_Offshore,2050,9,2,2,-0.7611
32355,IT_Wind_Offshore,2050,9,3,3,-0.7611
32356,IT_Wind_Offshore,2050,9,4,4,-0.7611
32357,IT_Wind_Offshore,2050,9,5,5,-0.7611
32358,IT_Wind_Offshore,2050,9,6,6,-0.7611
32359,IT_Wind_Offshore,2050,9,7,7,-1.419
32360,IT_Wind_Offshore,2050,9,8,8,-0.7611
32361,IT_Wind_Offshore,2050,9,9,9,-0.7611
32362,IT_Wind_Offshore,2050,9,10,10,-0.7611
32363,IT_Wind_Offshore,2050,9,11,11,-0.7611
32364,IT_Wind_Offshore,2050,9,12,12,-0.7611
32365,IT_Wind_Offshore,2050,9,13,13,-0.7611
32366,IT_Wind_Offshore,2050,9,14,14,-0.7611
32367,IT_Wind_Offshore,2050,9,15,15,-0.7611
32368,IT_Wind_Offshore,2050,9,16,16,-0.7611
32369,IT_Wind_Offshore,2050,9,17,17,-0.7611
32370,IT_Wind_Offshore,2050,9,18,18,-1.419
32371,IT_Wind_Offshore,2050,9,19,19,-2.193
32372,IT_Wind_Offshore,2050,9,20,20,-2.193
32373,IT_Wind_Offshore,2050,9,21,21,-2.193
32374,IT_Wind_Offshore,2050,9,22,22,-1.419
32375,IT_Wind_Offshore,2050,9,23,23,-0.7611
32376,IT_Wind_Offshore,2050,9,24,24,-0.7611
32377,IT_Wind_Offshore,2050,10,1,1,-0.8142
32378,IT_Wind_Offshore,2050,10,2,2,-0.8142
32379,IT_Wind_Offshore,2050,10,3,3,-0.8142
32380,IT_Wind_Offshore,2050,10,4,4,-0.8142
32381,IT_Wind_Offshore,2050,10,5,5,-0.8142
32382,IT_Wind_Offshore,2050,10,6,6,-0.8142
32383,IT_Wind_Offshore,2050,10,7,7,-0.8142
32384,IT_Wind_Offshore,2050,10,8,8,-0.8142
32385,IT_Wind_Offshore,2050,10,9,9,-0.8142
32386,IT_Wind_Offshore,2050,10,10,10,-0.8142
32387,IT_Wind_Offshore,2050,10,11,11,-0.8142
32388,IT_Wind_Offshore,2050,10,12,12,-0.8142
32389,IT_Wind_Offshore,2050,10,13,13,-0.8142
32390,IT_Wind_Offshore,2050,10,14,14,-0.8142
32391,IT_Wind_Offshore,2050,10,15,15,-0.8142
32392,IT_Wind_Offshore,2050,10,16,16,-0.8142
32393,IT_Wind_Offshore,2050,10,17,17,-0.8142
32394,IT_Wind_Offshore,2050,10,18,18,-1.518
32395,IT_Wind_Offshore,2050,10,19,19,-1.518
32396,IT_Wind_Offshore,2050,10,20,20,-1.518
32397,IT_Wind_Offshore,2050,10,21,21,-0.8142
32398,IT_Wind_Offshore,2050,10,22,22,-0.8142
32399,IT_Wind_Offshore,2050,10,23,23,-0.8142
32400,IT_Wind_Offshore,2050,10,24,24,-0.8142
32401,IT_Wind_Onshore,2050,1,1,1,-1.749
32402,IT_Wind_Onshore,2050,1,2,2,-1.749
32403,IT_Wind_Onshore,2050,1,3,3,-1.749
32404,IT_Wind_Onshore,2050,1,4,4,-1.749
32405,IT_Wind_Onshore,2050,1,5,5,-1.749
32406,IT_Wind_Onshore,2050,1,6,6,-1.749
32407,IT_Wind_Onshore,2050,1,7,7,-2.703
32408,IT_Wind_Onshore,2050,1,8,8,-1.749
32409,IT_Wind_Onshore,2050,1,9,9,-1.749
32410,IT_Wind_Onshore,2050,1,10,10,-0.9381
32411,IT_Wind_Onshore,2050,1,11,11,-0.9381
32412,IT_Wind_Onshore,2050,1,12,12,-0.9381
32413,IT_Wind_Onshore,2050,1,13,13,-0.9381
32414,IT_Wind_Onshore,2050,1,14,14,-0.9381
32415,IT_Wind_Onshore,2050,1,15,15,-0.9381
32416,IT_Wind_Onshore,2050,1,16,16,-0.9381
32417,IT_Wind_Onshore,2050,1,17,17,-0.9381
32418,IT_Wind_Onshore,2050,1,18,18,-2.703
32419,IT_Wind_Onshore,2050,1,19,19,-2.703
32420,IT_Wind_Onshore,2050,1,20,20,-2.703
32421,IT_Wind_Onshore,2050,1,21,21,-2.703
32422,IT_Wind_Onshore,2050,1,22,22,-2.703
32423,IT_Wind_Onshore,2050,1,23,23,-2.703
32424,IT_Wind_Onshore,2050,1,24,24,-1.749
32425,IT_Wind_Onshore,2050,2,1,1,-0.5841000000000001
32426,IT_Wind_Onshore,2050,2,2,2,-0.5841000000000001
32427,IT_Wind_Onshore,2050,2,3,3,-0.5841000000000001
32428,IT_Wind_Onshore,2050,2,4,4,-0.5841000000000001
32429,IT_Wind_Onshore,2050,2,5,5,-0.5841000000000001
32430,IT_Wind_Onshore,2050,2,6,6,-0.5841000000000001
32431,IT_Wind_Onshore,2050,2,7,7,-0.5841000000000001
32432,IT_Wind_Onshore,2050,2,8,8,-0.5841000000000001
32433,IT_Wind_Onshore,2050,2,9,9,-0.5841000000000001
32434,IT_Wind_Onshore,2050,2,10,10,-0.5841000000000001
32435,IT_Wind_Onshore,2050,2,11,11,0.0
32436,IT_Wind_Onshore,2050,2,12,12,0.0
32437,IT_Wind_Onshore,2050,2,13,13,0.0
32438,IT_Wind_Onshore,2050,2,14,14,0.0
32439,IT_Wind_Onshore,2050,2,15,15,0.0
32440,IT_Wind_Onshore,2050,2,16,16,0.0
32441,IT_Wind_Onshore,2050,2,17,17,-0.5841000000000001
32442,IT_Wind_Onshore,2050,2,18,18,-0.5841000000000001
32443,IT_Wind_Onshore,2050,2,19,19,-0.5841000000000001
32444,IT_Wind_Onshore,2050,2,20,20,-0.5841000000000001
32445,IT_Wind_Onshore,2050,2,21,21,-0.5841000000000001
32446,IT_Wind_Onshore,2050,2,22,22,-0.5841000000000001
32447,IT_Wind_Onshore,2050,2,23,23,-0.5841000000000001
32448,IT_Wind_Onshore,2050,2,24,24,-0.5841000000000001
32449,IT_Wind_Onshore,2050,3,1,1,-0.9570000000000001
32450,IT_Wind_Onshore,2050,3,2,2,-0.9570000000000001
32451,IT_Wind_Onshore,2050,3,3,3,-0.9570000000000001
32452,IT_Wind_Onshore,2050,3,4,4,-0.9570000000000001
32453,IT_Wind_Onshore,2050,3,5,5,-0.9570000000000001
32454,IT_Wind_Onshore,2050,3,6,6,-1.4789999999999999
32455,IT_Wind_Onshore,2050,3,7,7,-1.4789999999999999
32456,IT_Wind_Onshore,2050,3,8,8,-1.4789999999999999
32457,IT_Wind_Onshore,2050,3,9,9,-1.4789999999999999
32458,IT_Wind_Onshore,2050,3,10,10,-1.4789999999999999
32459,IT_Wind_Onshore,2050,3,11,11,-0.5133
32460,IT_Wind_Onshore,2050,3,12,12,-0.5133
32461,IT_Wind_Onshore,2050,3,13,13,-0.5133
32462,IT_Wind_Onshore,2050,3,14,14,-0.5133
32463,IT_Wind_Onshore,2050,3,15,15,-0.5133
32464,IT_Wind_Onshore,2050,3,16,16,-0.9570000000000001
32465,IT_Wind_Onshore,2050,3,17,17,-1.4789999999999999
32466,IT_Wind_Onshore,2050,3,18,18,-16.84613141133267
32467,IT_Wind_Onshore,2050,3,19,19,-6.962365705666336
32468,IT_Wind_Onshore,2050,3,20,20,-6.962365705666336
32469,IT_Wind_Onshore,2050,3,21,21,-1.4789999999999999
32470,IT_Wind_Onshore,2050,3,22,22,-1.4789999999999999
32471,IT_Wind_Onshore,2050,3,23,23,-1.4789999999999999
32472,IT_Wind_Onshore,2050,3,24,24,-0.9570000000000001
32473,IT_Wind_Onshore,2050,4,1,1,-0.4071
32474,IT_Wind_Onshore,2050,4,2,2,-0.4071
32475,IT_Wind_Onshore,2050,4,3,3,-0.4071
32476,IT_Wind_Onshore,2050,4,4,4,-0.4071
32477,IT_Wind_Onshore,2050,4,5,5,-0.4071
32478,IT_Wind_Onshore,2050,4,6,6,-0.4071
32479,IT_Wind_Onshore,2050,4,7,7,-0.4071
32480,IT_Wind_Onshore,2050,4,8,8,-0.4071
32481,IT_Wind_Onshore,2050,4,9,9,-0.4071
32482,IT_Wind_Onshore,2050,4,10,10,-0.4071
32483,IT_Wind_Onshore,2050,4,11,11,-0.4071
32484,IT_Wind_Onshore,2050,4,12,12,-0.4071
32485,IT_Wind_Onshore,2050,4,13,13,-0.4071
32486,IT_Wind_Onshore,2050,4,14,14,-0.4071
32487,IT_Wind_Onshore,2050,4,15,15,-0.4071
32488,IT_Wind_Onshore,2050,4,16,16,-0.4071
32489,IT_Wind_Onshore,2050,4,17,17,-0.4071
32490,IT_Wind_Onshore,2050,4,18,18,-0.759
32491,IT_Wind_Onshore,2050,4,19,19,-1.1729999999999998
32492,IT_Wind_Onshore,2050,4,20,20,-0.759
32493,IT_Wind_Onshore,2050,4,21,21,-0.4071
32494,IT_Wind_Onshore,2050,4,22,22,-0.4071
32495,IT_Wind_Onshore,2050,4,23,23,-0.4071
32496,IT_Wind_Onshore,2050,4,24,24,-0.4071
32497,IT_Wind_Onshore,2050,5,1,1,-0.9204
32498,IT_Wind_Onshore,2050,5,2,2,-0.9204
32499,IT_Wind_Onshore,2050,5,3,3,-0.9204
32500,IT_Wind_Onshore,2050,5,4,4,-0.9204
32501,IT_Wind_Onshore,2050,5,5,5,-0.9204
32502,IT_Wind_Onshore,2050,5,6,6,-0.9204
32503,IT_Wind_Onshore,2050,5,7,7,-0.9204
32504,IT_Wind_Onshore,2050,5,8,8,-0.9204
32505,IT_Wind_Onshore,2050,5,9,9,-0.9204
32506,IT_Wind_Onshore,2050,5,10,10,-0.9204
32507,IT_Wind_Onshore,2050,5,11,11,-0.9204
32508,IT_Wind_Onshore,2050,5,12,12,-0.9204
32509,IT_Wind_Onshore,2050,5,13,13,0.0
32510,IT_Wind_Onshore,2050,5,14,14,-0.9204
32511,IT_Wind_Onshore,2050,5,15,15,-0.9204
32512,IT_Wind_Onshore,2050,5,16,16,-0.9204
32513,IT_Wind_Onshore,2050,5,17,17,-0.9204
32514,IT_Wind_Onshore,2050,5,18,18,-1.7160000000000002
32515,IT_Wind_Onshore,2050,5,19,19,-1.7160000000000002
32516,IT_Wind_Onshore,2050,5,20,20,-1.7160000000000002
32517,IT_Wind_Onshore,2050,5,21,21,-1.7160000000000002
32518,IT_Wind_Onshore,2050,5,22,22,-0.9204
32519,IT_Wind_Onshore,2050,5,23,23,-0.9204
32520,IT_Wind_Onshore,2050,5,24,24,-0.9204
32521,IT_Wind_Onshore,2050,6,1,1,-0.3186
32522,IT_Wind_Onshore,2050,6,2,2,-0.3186
32523,IT_Wind_Onshore,2050,6,3,3,-0.3186
32524,IT_Wind_Onshore,2050,6,4,4,-0.3186
32525,IT_Wind_Onshore,2050,6,5,5,-0.3186
32526,IT_Wind_Onshore,2050,6,6,6,-0.3186
32527,IT_Wind_Onshore,2050,6,7,7,-0.3186
32528,IT_Wind_Onshore,2050,6,8,8,-0.3186
32529,IT_Wind_Onshore,2050,6,9,9,-0.3186
32530,IT_Wind_Onshore,2050,6,10,10,-0.3186
32531,IT_Wind_Onshore,2050,6,11,11,0.0
32532,IT_Wind_Onshore,2050,6,12,12,0.0
32533,IT_Wind_Onshore,2050,6,13,13,0.0
32534,IT_Wind_Onshore,2050,6,14,14,0.0
32535,IT_Wind_Onshore,2050,6,15,15,0.0
32536,IT_Wind_Onshore,2050,6,16,16,0.0
32537,IT_Wind_Onshore,2050,6,17,17,-0.3186
32538,IT_Wind_Onshore,2050,6,18,18,-0.3186
32539,IT_Wind_Onshore,2050,6,19,19,-0.3186
32540,IT_Wind_Onshore,2050,6,20,20,-0.3186
32541,IT_Wind_Onshore,2050,6,21,21,-0.3186
32542,IT_Wind_Onshore,2050,6,22,22,-0.3186
32543,IT_Wind_Onshore,2050,6,23,23,-0.3186
32544,IT_Wind_Onshore,2050,6,24,24,-0.3186
32545,IT_Wind_Onshore,2050,7,1,1,-0.6549
32546,IT_Wind_Onshore,2050,7,2,2,-0.6549
32547,IT_Wind_Onshore,2050,7,3,3,-0.6549
32548,IT_Wind_Onshore,2050,7,4,4,-0.6549
32549,IT_Wind_Onshore,2050,7,5,5,-0.6549
32550,IT_Wind_Onshore,2050,7,6,6,-0.6549
32551,IT_Wind_Onshore,2050,7,7,7,-0.6549
32552,IT_Wind_Onshore,2050,7,8,8,-0.6549
32553,IT_Wind_Onshore,2050,7,9,9,-0.6549
32554,IT_Wind_Onshore,2050,7,10,10,-0.6549
32555,IT_Wind_Onshore,2050,7,11,11,-0.6549
32556,IT_Wind_Onshore,2050,7,12,12,-0.6549
32557,IT_Wind_Onshore,2050,7,13,13,-0.6549
32558,IT_Wind_Onshore,2050,7,14,14,-0.6549
32559,IT_Wind_Onshore,2050,7,15,15,-0.6549
32560,IT_Wind_Onshore,2050,7,16,16,-0.6549
32561,IT_Wind_Onshore,2050,7,17,17,-0.6549
32562,IT_Wind_Onshore,2050,7,18,18,-0.6549
32563,IT_Wind_Onshore,2050,7,19,19,-1.221
32564,IT_Wind_Onshore,2050,7,20,20,-0.6549
32565,IT_Wind_Onshore,2050,7,21,21,-0.6549
32566,IT_Wind_Onshore,2050,7,22,22,-0.6549
32567,IT_Wind_Onshore,2050,7,23,23,-0.6549
32568,IT_Wind_Onshore,2050,7,24,24,-0.6549
32569,IT_Wind_Onshore,2050,8,1,1,-0.5487
32570,IT_Wind_Onshore,2050,8,2,2,-0.5487
32571,IT_Wind_Onshore,2050,8,3,3,-0.5487
32572,IT_Wind_Onshore,2050,8,4,4,-0.5487
32573,IT_Wind_Onshore,2050,8,5,5,-0.5487
32574,IT_Wind_Onshore,2050,8,6,6,-0.5487
32575,IT_Wind_Onshore,2050,8,7,7,-0.5487
32576,IT_Wind_Onshore,2050,8,8,8,-0.5487
32577,IT_Wind_Onshore,2050,8,9,9,-0.5487
32578,IT_Wind_Onshore,2050,8,10,10,-0.5487
32579,IT_Wind_Onshore,2050,8,11,11,-0.5487
32580,IT_Wind_Onshore,2050,8,12,12,-0.5487
32581,IT_Wind_Onshore,2050,8,13,13,-0.5487
32582,IT_Wind_Onshore,2050,8,14,14,-0.5487
32583,IT_Wind_Onshore,2050,8,15,15,-0.5487
32584,IT_Wind_Onshore,2050,8,16,16,-0.5487
32585,IT_Wind_Onshore,2050,8,17,17,-0.5487
32586,IT_Wind_Onshore,2050,8,18,18,-0.5487
32587,IT_Wind_Onshore,2050,8,19,19,-1.0230000000000001
32588,IT_Wind_Onshore,2050,8,20,20,-1.0230000000000001
32589,IT_Wind_Onshore,2050,8,21,21,-1.0230000000000001
32590,IT_Wind_Onshore,2050,8,22,22,-0.5487
32591,IT_Wind_Onshore,2050,8,23,23,-0.5487
32592,IT_Wind_Onshore,2050,8,24,24,-0.5487
32593,IT_Wind_Onshore,2050,9,1,1,-0.7611
32594,IT_Wind_Onshore,2050,9,2,2,-0.7611
32595,IT_Wind_Onshore,2050,9,3,3,-0.7611
32596,IT_Wind_Onshore,2050,9,4,4,-0.7611
32597,IT_Wind_Onshore,2050,9,5,5,-0.7611
32598,IT_Wind_Onshore,2050,9,6,6,-0.7611
32599,IT_Wind_Onshore,2050,9,7,7,-1.419
32600,IT_Wind_Onshore,2050,9,8,8,-0.7611
32601,IT_Wind_Onshore,2050,9,9,9,-0.7611
32602,IT_Wind_Onshore,2050,9,10,10,-0.7611
32603,IT_Wind_Onshore,2050,9,11,11,-0.7611
32604,IT_Wind_Onshore,2050,9,12,12,-0.7611
32605,IT_Wind_Onshore,2050,9,13,13,-0.7611
32606,IT_Wind_Onshore,2050,9,14,14,-0.7611
32607,IT_Wind_Onshore,2050,9,15,15,-0.7611
32608,IT_Wind_Onshore,2050,9,16,16,-0.7611
32609,IT_Wind_Onshore,2050,9,17,17,-0.7611
32610,IT_Wind_Onshore,2050,9,18,18,-1.419
32611,IT_Wind_Onshore,2050,9,19,19,-2.193
32612,IT_Wind_Onshore,2050,9,20,20,-2.193
32613,IT_Wind_Onshore,2050,9,21,21,-2.193
32614,IT_Wind_Onshore,2050,9,22,22,-1.419
32615,IT_Wind_Onshore,2050,9,23,23,-0.7611
32616,IT_Wind_Onshore,2050,9,24,24,-0.7611
32617,IT_Wind_Onshore,2050,10,1,1,-0.8142
32618,IT_Wind_Onshore,2050,10,2,2,-0.8142
32619,IT_Wind_Onshore,2050,10,3,3,-0.8142
32620,IT_Wind_Onshore,2050,10,4,4,-0.8142
32621,IT_Wind_Onshore,2050,10,5,5,-0.8142
32622,IT_Wind_Onshore,2050,10,6,6,-0.8142
32623,IT_Wind_Onshore,2050,10,7,7,-0.8142
32624,IT_Wind_Onshore,2050,10,8,8,-0.8142
32625,IT_Wind_Onshore,2050,10,9,9,-0.8142
32626,IT_Wind_Onshore,2050,10,10,10,-0.8142
32627,IT_Wind_Onshore,2050,10,11,11,-0.8142
32628,IT_Wind_Onshore,2050,10,12,12,-0.8142
32629,IT_Wind_Onshore,2050,10,13,13,-0.8142
32630,IT_Wind_Onshore,2050,10,14,14,-0.8142
32631,IT_Wind_Onshore,2050,10,15,15,-0.8142
32632,IT_Wind_Onshore,2050,10,16,16,-0.8142
32633,IT_Wind_Onshore,2050,10,17,17,-0.8142
32634,IT_Wind_Onshore,2050,10,18,18,-1.518
32635,IT_Wind_Onshore,2050,10,19,19,-1.518
32636,IT_Wind_Onshore,2050,10,20,20,-1.518
32637,IT_Wind_Onshore,2050,10,21,21,-0.8142
32638,IT_Wind_Onshore,2050,10,22,22,-0.8142
32639,IT_Wind_Onshore,2050,10,23,23,-0.8142
32640,IT_Wind_Onshore,2050,10,24,24,-0.8142
32641,LT_Battery,2050,1,1,1,0.0
32642,LT_Battery,2050,1,2,2,0.0
32643,LT_Battery,2050,1,3,3,0.0
32644,LT_Battery,2050,1,4,4,0.0
32645,LT_Battery,2050,1,5,5,0.0
32646,LT_Battery,2050,1,6,6,0.0
32647,LT_Battery,2050,1,7,7,0.0
32648,LT_Battery,2050,1,8,8,0.0
32649,LT_Battery,2050,1,9,9,0.0
32650,LT_Battery,2050,1,10,10,0.0
32651,LT_Battery,2050,1,11,11,0.0
32652,LT_Battery,2050,1,12,12,0.0
32653,LT_Battery,2050,1,13,13,0.0
32654,LT_Battery,2050,1,14,14,0.0
32655,LT_Battery,2050,1,15,15,0.0
32656,LT_Battery,2050,1,16,16,0.0
32657,LT_Battery,2050,1,17,17,0.0
32658,LT_Battery,2050,1,18,18,0.0
32659,LT_Battery,2050,1,19,19,0.0
32660,LT_Battery,2050,1,20,20,0.0
32661,LT_Battery,2050,1,21,21,0.0
32662,LT_Battery,2050,1,22,22,0.0
32663,LT_Battery,2050,1,23,23,0.0
32664,LT_Battery,2050,1,24,24,0.0
32665,LT_Battery,2050,2,1,1,0.0
32666,LT_Battery,2050,2,2,2,0.0
32667,LT_Battery,2050,2,3,3,0.0
32668,LT_Battery,2050,2,4,4,0.0
32669,LT_Battery,2050,2,5,5,0.0
32670,LT_Battery,2050,2,6,6,0.0
32671,LT_Battery,2050,2,7,7,0.0
32672,LT_Battery,2050,2,8,8,0.0
32673,LT_Battery,2050,2,9,9,0.0
32674,LT_Battery,2050,2,10,10,-0.5939999999999999
32675,LT_Battery,2050,2,11,11,0.0
32676,LT_Battery,2050,2,12,12,0.0
32677,LT_Battery,2050,2,13,13,0.0
32678,LT_Battery,2050,2,14,14,0.0
32679,LT_Battery,2050,2,15,15,0.0
32680,LT_Battery,2050,2,16,16,0.0
32681,LT_Battery,2050,2,17,17,0.0
32682,LT_Battery,2050,2,18,18,-1.6829999999999998
32683,LT_Battery,2050,2,19,19,0.0
32684,LT_Battery,2050,2,20,20,0.0
32685,LT_Battery,2050,2,21,21,0.0
32686,LT_Battery,2050,2,22,22,0.0
32687,LT_Battery,2050,2,23,23,0.0
32688,LT_Battery,2050,2,24,24,0.0
32689,LT_Battery,2050,3,1,1,0.0
32690,LT_Battery,2050,3,2,2,0.0
32691,LT_Battery,2050,3,3,3,0.0
32692,LT_Battery,2050,3,4,4,0.0
32693,LT_Battery,2050,3,5,5,0.0
32694,LT_Battery,2050,3,6,6,0.0
32695,LT_Battery,2050,3,7,7,0.0
32696,LT_Battery,2050,3,8,8,0.0
32697,LT_Battery,2050,3,9,9,0.0
32698,LT_Battery,2050,3,10,10,0.0
32699,LT_Battery,2050,3,11,11,0.0
32700,LT_Battery,2050,3,12,12,0.0
32701,LT_Battery,2050,3,13,13,0.0
32702,LT_Battery,2050,3,14,14,0.0
32703,LT_Battery,2050,3,15,15,0.0
32704,LT_Battery,2050,3,16,16,0.0
32705,LT_Battery,2050,3,17,17,0.0
32706,LT_Battery,2050,3,18,18,0.0
32707,LT_Battery,2050,3,19,19,0.0
32708,LT_Battery,2050,3,20,20,0.0
32709,LT_Battery,2050,3,21,21,0.0
32710,LT_Battery,2050,3,22,22,0.0
32711,LT_Battery,2050,3,23,23,0.0
32712,LT_Battery,2050,3,24,24,0.0
32713,LT_Battery,2050,4,1,1,0.0
32714,LT_Battery,2050,4,2,2,0.0
32715,LT_Battery,2050,4,3,3,0.0
32716,LT_Battery,2050,4,4,4,0.0
32717,LT_Battery,2050,4,5,5,0.0
32718,LT_Battery,2050,4,6,6,0.0
32719,LT_Battery,2050,4,7,7,0.0
32720,LT_Battery,2050,4,8,8,0.0
32721,LT_Battery,2050,4,9,9,0.0
32722,LT_Battery,2050,4,10,10,0.0
32723,LT_Battery,2050,4,11,11,0.0
32724,LT_Battery,2050,4,12,12,0.0
32725,LT_Battery,2050,4,13,13,0.0
32726,LT_Battery,2050,4,14,14,0.0
32727,LT_Battery,2050,4,15,15,0.0
32728,LT_Battery,2050,4,16,16,0.0
32729,LT_Battery,2050,4,17,17,0.0
32730,LT_Battery,2050,4,18,18,0.0
32731,LT_Battery,2050,4,19,19,0.0
32732,LT_Battery,2050,4,20,20,0.0
32733,LT_Battery,2050,4,21,21,0.0
32734,LT_Battery,2050,4,22,22,0.0
32735,LT_Battery,2050,4,23,23,0.0
32736,LT_Battery,2050,4,24,24,0.0
32737,LT_Battery,2050,5,1,1,0.0
32738,LT_Battery,2050,5,2,2,0.0
32739,LT_Battery,2050,5,3,3,0.0
32740,LT_Battery,2050,5,4,4,0.0
32741,LT_Battery,2050,5,5,5,0.0
32742,LT_Battery,2050,5,6,6,0.0
32743,LT_Battery,2050,5,7,7,0.0
32744,LT_Battery,2050,5,8,8,0.0
32745,LT_Battery,2050,5,9,9,0.0
32746,LT_Battery,2050,5,10,10,0.0
32747,LT_Battery,2050,5,11,11,0.0
32748,LT_Battery,2050,5,12,12,0.0
32749,LT_Battery,2050,5,13,13,0.0
32750,LT_Battery,2050,5,14,14,0.0
32751,LT_Battery,2050,5,15,15,0.0
32752,LT_Battery,2050,5,16,16,0.0
32753,LT_Battery,2050,5,17,17,0.0
32754,LT_Battery,2050,5,18,18,0.0
32755,LT_Battery,2050,5,19,19,0.0
32756,LT_Battery,2050,5,20,20,0.0
32757,LT_Battery,2050,5,21,21,0.0
32758,LT_Battery,2050,5,22,22,0.0
32759,LT_Battery,2050,5,23,23,0.0
32760,LT_Battery,2050,5,24,24,0.0
32761,LT_Battery,2050,6,1,1,0.0
32762,LT_Battery,2050,6,2,2,0.0
32763,LT_Battery,2050,6,3,3,0.0
32764,LT_Battery,2050,6,4,4,0.0
32765,LT_Battery,2050,6,5,5,0.0
32766,LT_Battery,2050,6,6,6,0.0
32767,LT_Battery,2050,6,7,7,0.0
32768,LT_Battery,2050,6,8,8,0.0
32769,LT_Battery,2050,6,9,9,0.0
32770,LT_Battery,2050,6,10,10,0.0
32771,LT_Battery,2050,6,11,11,0.0
32772,LT_Battery,2050,6,12,12,0.0
32773,LT_Battery,2050,6,13,13,0.0
32774,LT_Battery,2050,6,14,14,0.0
32775,LT_Battery,2050,6,15,15,0.0
32776,LT_Battery,2050,6,16,16,0.0
32777,LT_Battery,2050,6,17,17,0.0
32778,LT_Battery,2050,6,18,18,0.0
32779,LT_Battery,2050,6,19,19,0.0
32780,LT_Battery,2050,6,20,20,0.0
32781,LT_Battery,2050,6,21,21,0.0
32782,LT_Battery,2050,6,22,22,0.0
32783,LT_Battery,2050,6,23,23,0.0
32784,LT_Battery,2050,6,24,24,0.0
32785,LT_Battery,2050,7,1,1,0.0
32786,LT_Battery,2050,7,2,2,0.0
32787,LT_Battery,2050,7,3,3,0.0
32788,LT_Battery,2050,7,4,4,0.0
32789,LT_Battery,2050,7,5,5,0.0
32790,LT_Battery,2050,7,6,6,0.0
32791,LT_Battery,2050,7,7,7,0.0
32792,LT_Battery,2050,7,8,8,0.0
32793,LT_Battery,2050,7,9,9,0.0
32794,LT_Battery,2050,7,10,10,0.0
32795,LT_Battery,2050,7,11,11,0.0
32796,LT_Battery,2050,7,12,12,0.0
32797,LT_Battery,2050,7,13,13,0.0
32798,LT_Battery,2050,7,14,14,0.0
32799,LT_Battery,2050,7,15,15,0.0
32800,LT_Battery,2050,7,16,16,0.0
32801,LT_Battery,2050,7,17,17,0.0
32802,LT_Battery,2050,7,18,18,0.0
32803,LT_Battery,2050,7,19,19,0.0
32804,LT_Battery,2050,7,20,20,0.0
32805,LT_Battery,2050,7,21,21,0.0
32806,LT_Battery,2050,7,22,22,0.0
32807,LT_Battery,2050,7,23,23,0.0
32808,LT_Battery,2050,7,24,24,0.0
32809,LT_Battery,2050,8,1,1,0.0
32810,LT_Battery,2050,8,2,2,0.0
32811,LT_Battery,2050,8,3,3,0.0
32812,LT_Battery,2050,8,4,4,0.0
32813,LT_Battery,2050,8,5,5,0.0
32814,LT_Battery,2050,8,6,6,0.0
32815,LT_Battery,2050,8,7,7,0.0
32816,LT_Battery,2050,8,8,8,0.0
32817,LT_Battery,2050,8,9,9,-11.119165705666337
32818,LT_Battery,2050,8,10,10,0.0
32819,LT_Battery,2050,8,11,11,0.0
32820,LT_Battery,2050,8,12,12,0.0
32821,LT_Battery,2050,8,13,13,0.0
32822,LT_Battery,2050,8,14,14,0.0
32823,LT_Battery,2050,8,15,15,0.0
32824,LT_Battery,2050,8,16,16,0.0
32825,LT_Battery,2050,8,17,17,0.0
32826,LT_Battery,2050,8,18,18,0.0
32827,LT_Battery,2050,8,19,19,0.0
32828,LT_Battery,2050,8,20,20,0.0
32829,LT_Battery,2050,8,21,21,0.0
32830,LT_Battery,2050,8,22,22,0.0
32831,LT_Battery,2050,8,23,23,0.0
32832,LT_Battery,2050,8,24,24,0.0
32833,LT_Battery,2050,9,1,1,0.0
32834,LT_Battery,2050,9,2,2,0.0
32835,LT_Battery,2050,9,3,3,0.0
32836,LT_Battery,2050,9,4,4,0.0
32837,LT_Battery,2050,9,5,5,0.0
32838,LT_Battery,2050,9,6,6,0.0
32839,LT_Battery,2050,9,7,7,0.0
32840,LT_Battery,2050,9,8,8,0.0
32841,LT_Battery,2050,9,9,9,0.0
32842,LT_Battery,2050,9,10,10,0.0
32843,LT_Battery,2050,9,11,11,0.0
32844,LT_Battery,2050,9,12,12,0.0
32845,LT_Battery,2050,9,13,13,0.0
32846,LT_Battery,2050,9,14,14,0.0
32847,LT_Battery,2050,9,15,15,0.0
32848,LT_Battery,2050,9,16,16,0.0
32849,LT_Battery,2050,9,17,17,0.0
32850,LT_Battery,2050,9,18,18,0.0
32851,LT_Battery,2050,9,19,19,0.0
32852,LT_Battery,2050,9,20,20,0.0
32853,LT_Battery,2050,9,21,21,0.0
32854,LT_Battery,2050,9,22,22,0.0
32855,LT_Battery,2050,9,23,23,0.0
32856,LT_Battery,2050,9,24,24,0.0
32857,LT_Battery,2050,10,1,1,0.0
32858,LT_Battery,2050,10,2,2,0.0
32859,LT_Battery,2050,10,3,3,0.0
32860,LT_Battery,2050,10,4,4,0.0
32861,LT_Battery,2050,10,5,5,0.0
32862,LT_Battery,2050,10,6,6,0.0
32863,LT_Battery,2050,10,7,7,0.0
32864,LT_Battery,2050,10,8,8,0.0
32865,LT_Battery,2050,10,9,9,0.0
32866,LT_Battery,2050,10,10,10,0.0
32867,LT_Battery,2050,10,11,11,0.0
32868,LT_Battery,2050,10,12,12,0.0
32869,LT_Battery,2050,10,13,13,0.0
32870,LT_Battery,2050,10,14,14,0.0
32871,LT_Battery,2050,10,15,15,0.0
32872,LT_Battery,2050,10,16,16,0.0
32873,LT_Battery,2050,10,17,17,0.0
32874,LT_Battery,2050,10,18,18,0.0
32875,LT_Battery,2050,10,19,19,0.0
32876,LT_Battery,2050,10,20,20,0.0
32877,LT_Battery,2050,10,21,21,0.0
32878,LT_Battery,2050,10,22,22,0.0
32879,LT_Battery,2050,10,23,23,0.0
32880,LT_Battery,2050,10,24,24,0.0
32881,LT_CCGT,2050,1,1,1,0.0
32882,LT_CCGT,2050,1,2,2,0.0
32883,LT_CCGT,2050,1,3,3,0.0
32884,LT_CCGT,2050,1,4,4,0.0
32885,LT_CCGT,2050,1,5,5,0.0
32886,LT_CCGT,2050,1,6,6,0.0
32887,LT_CCGT,2050,1,7,7,0.0
32888,LT_CCGT,2050,1,8,8,0.0
32889,LT_CCGT,2050,1,9,9,0.0
32890,LT_CCGT,2050,1,10,10,0.0
32891,LT_CCGT,2050,1,11,11,0.0
32892,LT_CCGT,2050,1,12,12,0.0
32893,LT_CCGT,2050,1,13,13,0.0
32894,LT_CCGT,2050,1,14,14,0.0
32895,LT_CCGT,2050,1,15,15,0.0
32896,LT_CCGT,2050,1,16,16,0.0
32897,LT_CCGT,2050,1,17,17,0.0
32898,LT_CCGT,2050,1,18,18,0.0
32899,LT_CCGT,2050,1,19,19,0.0
32900,LT_CCGT,2050,1,20,20,0.0
32901,LT_CCGT,2050,1,21,21,0.0
32902,LT_CCGT,2050,1,22,22,0.0
32903,LT_CCGT,2050,1,23,23,0.0
32904,LT_CCGT,2050,1,24,24,0.0
32905,LT_CCGT,2050,2,1,1,0.0
32906,LT_CCGT,2050,2,2,2,0.0
32907,LT_CCGT,2050,2,3,3,0.0
32908,LT_CCGT,2050,2,4,4,0.0
32909,LT_CCGT,2050,2,5,5,0.0
32910,LT_CCGT,2050,2,6,6,0.0
32911,LT_CCGT,2050,2,7,7,0.0
32912,LT_CCGT,2050,2,8,8,0.0
32913,LT_CCGT,2050,2,9,9,0.0
32914,LT_CCGT,2050,2,10,10,0.0
32915,LT_CCGT,2050,2,11,11,0.0
32916,LT_CCGT,2050,2,12,12,0.0
32917,LT_CCGT,2050,2,13,13,0.0
32918,LT_CCGT,2050,2,14,14,0.0
32919,LT_CCGT,2050,2,15,15,0.0
32920,LT_CCGT,2050,2,16,16,0.0
32921,LT_CCGT,2050,2,17,17,0.0
32922,LT_CCGT,2050,2,18,18,0.0
32923,LT_CCGT,2050,2,19,19,0.0
32924,LT_CCGT,2050,2,20,20,0.0
32925,LT_CCGT,2050,2,21,21,0.0
32926,LT_CCGT,2050,2,22,22,0.0
32927,LT_CCGT,2050,2,23,23,0.0
32928,LT_CCGT,2050,2,24,24,0.0
32929,LT_CCGT,2050,3,1,1,0.0
32930,LT_CCGT,2050,3,2,2,0.0
32931,LT_CCGT,2050,3,3,3,0.0
32932,LT_CCGT,2050,3,4,4,0.0
32933,LT_CCGT,2050,3,5,5,0.0
32934,LT_CCGT,2050,3,6,6,0.0
32935,LT_CCGT,2050,3,7,7,0.0
32936,LT_CCGT,2050,3,8,8,0.0
32937,LT_CCGT,2050,3,9,9,0.0
32938,LT_CCGT,2050,3,10,10,0.0
32939,LT_CCGT,2050,3,11,11,0.0
32940,LT_CCGT,2050,3,12,12,0.0
32941,LT_CCGT,2050,3,13,13,0.0
32942,LT_CCGT,2050,3,14,14,0.0
32943,LT_CCGT,2050,3,15,15,0.0
32944,LT_CCGT,2050,3,16,16,0.0
32945,LT_CCGT,2050,3,17,17,0.0
32946,LT_CCGT,2050,3,18,18,0.0
32947,LT_CCGT,2050,3,19,19,0.0
32948,LT_CCGT,2050,3,20,20,0.0
32949,LT_CCGT,2050,3,21,21,0.0
32950,LT_CCGT,2050,3,22,22,0.0
32951,LT_CCGT,2050,3,23,23,0.0
32952,LT_CCGT,2050,3,24,24,0.0
32953,LT_CCGT,2050,4,1,1,0.0
32954,LT_CCGT,2050,4,2,2,0.0
32955,LT_CCGT,2050,4,3,3,0.0
32956,LT_CCGT,2050,4,4,4,0.0
32957,LT_CCGT,2050,4,5,5,0.0
32958,LT_CCGT,2050,4,6,6,0.0
32959,LT_CCGT,2050,4,7,7,0.0
32960,LT_CCGT,2050,4,8,8,0.0
32961,LT_CCGT,2050,4,9,9,0.0
32962,LT_CCGT,2050,4,10,10,0.0
32963,LT_CCGT,2050,4,11,11,-0.4139999999999998
32964,LT_CCGT,2050,4,12,12,-0.4139999999999998
32965,LT_CCGT,2050,4,13,13,-0.4139999999999998
32966,LT_CCGT,2050,4,14,14,-0.4139999999999998
32967,LT_CCGT,2050,4,15,15,-0.4139999999999998
32968,LT_CCGT,2050,4,16,16,-0.4139999999999998
32969,LT_CCGT,2050,4,17,17,-0.4139999999999998
32970,LT_CCGT,2050,4,18,18,-0.4139999999999998
32971,LT_CCGT,2050,4,19,19,-0.4139999999999998
32972,LT_CCGT,2050,4,20,20,-0.4139999999999998
32973,LT_CCGT,2050,4,21,21,0.0
32974,LT_CCGT,2050,4,22,22,0.0
32975,LT_CCGT,2050,4,23,23,0.0
32976,LT_CCGT,2050,4,24,24,0.0
32977,LT_CCGT,2050,5,1,1,0.0
32978,LT_CCGT,2050,5,2,2,0.0
32979,LT_CCGT,2050,5,3,3,0.0
32980,LT_CCGT,2050,5,4,4,0.0
32981,LT_CCGT,2050,5,5,5,0.0
32982,LT_CCGT,2050,5,6,6,0.0
32983,LT_CCGT,2050,5,7,7,0.0
32984,LT_CCGT,2050,5,8,8,0.0
32985,LT_CCGT,2050,5,9,9,0.0
32986,LT_CCGT,2050,5,10,10,0.0
32987,LT_CCGT,2050,5,11,11,0.0
32988,LT_CCGT,2050,5,12,12,0.0
32989,LT_CCGT,2050,5,13,13,0.0
32990,LT_CCGT,2050,5,14,14,0.0
32991,LT_CCGT,2050,5,15,15,0.0
32992,LT_CCGT,2050,5,16,16,0.0
32993,LT_CCGT,2050,5,17,17,0.0
32994,LT_CCGT,2050,5,18,18,0.0
32995,LT_CCGT,2050,5,19,19,0.0
32996,LT_CCGT,2050,5,20,20,0.0
32997,LT_CCGT,2050,5,21,21,0.0
32998,LT_CCGT,2050,5,22,22,0.0
32999,LT_CCGT,2050,5,23,23,0.0
33000,LT_CCGT,2050,5,24,24,0.0
33001,LT_CCGT,2050,6,1,1,0.0
33002,LT_CCGT,2050,6,2,2,0.0
33003,LT_CCGT,2050,6,3,3,0.0
33004,LT_CCGT,2050,6,4,4,0.0
33005,LT_CCGT,2050,6,5,5,0.0
33006,LT_CCGT,2050,6,6,6,0.0
33007,LT_CCGT,2050,6,7,7,0.0
33008,LT_CCGT,2050,6,8,8,0.0
33009,LT_CCGT,2050,6,9,9,0.0
33010,LT_CCGT,2050,6,10,10,0.0
33011,LT_CCGT,2050,6,11,11,0.0
33012,LT_CCGT,2050,6,12,12,0.0
33013,LT_CCGT,2050,6,13,13,0.0
33014,LT_CCGT,2050,6,14,14,0.0
33015,LT_CCGT,2050,6,15,15,0.0
33016,LT_CCGT,2050,6,16,16,0.0
33017,LT_CCGT,2050,6,17,17,0.0
33018,LT_CCGT,2050,6,18,18,0.0
33019,LT_CCGT,2050,6,19,19,0.0
33020,LT_CCGT,2050,6,20,20,0.0
33021,LT_CCGT,2050,6,21,21,0.0
33022,LT_CCGT,2050,6,22,22,0.0
33023,LT_CCGT,2050,6,23,23,0.0
33024,LT_CCGT,2050,6,24,24,0.0
33025,LT_CCGT,2050,7,1,1,0.0
33026,LT_CCGT,2050,7,2,2,0.0
33027,LT_CCGT,2050,7,3,3,0.0
33028,LT_CCGT,2050,7,4,4,0.0
33029,LT_CCGT,2050,7,5,5,0.0
33030,LT_CCGT,2050,7,6,6,0.0
33031,LT_CCGT,2050,7,7,7,0.0
33032,LT_CCGT,2050,7,8,8,0.0
33033,LT_CCGT,2050,7,9,9,0.0
33034,LT_CCGT,2050,7,10,10,0.0
33035,LT_CCGT,2050,7,11,11,0.0
33036,LT_CCGT,2050,7,12,12,0.0
33037,LT_CCGT,2050,7,13,13,0.0
33038,LT_CCGT,2050,7,14,14,0.0
33039,LT_CCGT,2050,7,15,15,0.0
33040,LT_CCGT,2050,7,16,16,0.0
33041,LT_CCGT,2050,7,17,17,0.0
33042,LT_CCGT,2050,7,18,18,0.0
33043,LT_CCGT,2050,7,19,19,0.0
33044,LT_CCGT,2050,7,20,20,0.0
33045,LT_CCGT,2050,7,21,21,0.0
33046,LT_CCGT,2050,7,22,22,0.0
33047,LT_CCGT,2050,7,23,23,0.0
33048,LT_CCGT,2050,7,24,24,0.0
33049,LT_CCGT,2050,8,1,1,0.0
33050,LT_CCGT,2050,8,2,2,0.0
33051,LT_CCGT,2050,8,3,3,0.0
33052,LT_CCGT,2050,8,4,4,0.0
33053,LT_CCGT,2050,8,5,5,0.0
33054,LT_CCGT,2050,8,6,6,0.0
33055,LT_CCGT,2050,8,7,7,0.0
33056,LT_CCGT,2050,8,8,8,0.0
33057,LT_CCGT,2050,8,9,9,0.0
33058,LT_CCGT,2050,8,10,10,0.0
33059,LT_CCGT,2050,8,11,11,0.0
33060,LT_CCGT,2050,8,12,12,0.0
33061,LT_CCGT,2050,8,13,13,0.0
33062,LT_CCGT,2050,8,14,14,0.0
33063,LT_CCGT,2050,8,15,15,0.0
33064,LT_CCGT,2050,8,16,16,0.0
33065,LT_CCGT,2050,8,17,17,0.0
33066,LT_CCGT,2050,8,18,18,0.0
33067,LT_CCGT,2050,8,19,19,0.0
33068,LT_CCGT,2050,8,20,20,0.0
33069,LT_CCGT,2050,8,21,21,0.0
33070,LT_CCGT,2050,8,22,22,0.0
33071,LT_CCGT,2050,8,23,23,0.0
33072,LT_CCGT,2050,8,24,24,0.0
33073,LT_CCGT,2050,9,1,1,0.0
33074,LT_CCGT,2050,9,2,2,0.0
33075,LT_CCGT,2050,9,3,3,0.0
33076,LT_CCGT,2050,9,4,4,0.0
33077,LT_CCGT,2050,9,5,5,0.0
33078,LT_CCGT,2050,9,6,6,0.0
33079,LT_CCGT,2050,9,7,7,0.0
33080,LT_CCGT,2050,9,8,8,0.0
33081,LT_CCGT,2050,9,9,9,0.0
33082,LT_CCGT,2050,9,10,10,0.0
33083,LT_CCGT,2050,9,11,11,0.0
33084,LT_CCGT,2050,9,12,12,0.0
33085,LT_CCGT,2050,9,13,13,0.0
33086,LT_CCGT,2050,9,14,14,0.0
33087,LT_CCGT,2050,9,15,15,0.0
33088,LT_CCGT,2050,9,16,16,0.0
33089,LT_CCGT,2050,9,17,17,0.0
33090,LT_CCGT,2050,9,18,18,0.0
33091,LT_CCGT,2050,9,19,19,0.0
33092,LT_CCGT,2050,9,20,20,0.0
33093,LT_CCGT,2050,9,21,21,0.0
33094,LT_CCGT,2050,9,22,22,0.0
33095,LT_CCGT,2050,9,23,23,0.0
33096,LT_CCGT,2050,9,24,24,0.0
33097,LT_CCGT,2050,10,1,1,0.0
33098,LT_CCGT,2050,10,2,2,0.0
33099,LT_CCGT,2050,10,3,3,0.0
33100,LT_CCGT,2050,10,4,4,0.0
33101,LT_CCGT,2050,10,5,5,0.0
33102,LT_CCGT,2050,10,6,6,0.0
33103,LT_CCGT,2050,10,7,7,0.0
33104,LT_CCGT,2050,10,8,8,0.0
33105,LT_CCGT,2050,10,9,9,0.0
33106,LT_CCGT,2050,10,10,10,0.0
33107,LT_CCGT,2050,10,11,11,0.0
33108,LT_CCGT,2050,10,12,12,0.0
33109,LT_CCGT,2050,10,13,13,0.0
33110,LT_CCGT,2050,10,14,14,0.0
33111,LT_CCGT,2050,10,15,15,0.0
33112,LT_CCGT,2050,10,16,16,0.0
33113,LT_CCGT,2050,10,17,17,0.0
33114,LT_CCGT,2050,10,18,18,0.0
33115,LT_CCGT,2050,10,19,19,0.0
33116,LT_CCGT,2050,10,20,20,0.0
33117,LT_CCGT,2050,10,21,21,0.0
33118,LT_CCGT,2050,10,22,22,0.0
33119,LT_CCGT,2050,10,23,23,0.0
33120,LT_CCGT,2050,10,24,24,0.0
33121,LT_Coal,2050,1,1,1,0.0
33122,LT_Coal,2050,1,2,2,0.0
33123,LT_Coal,2050,1,3,3,0.0
33124,LT_Coal,2050,1,4,4,0.0
33125,LT_Coal,2050,1,5,5,-0.8109000000000001
33126,LT_Coal,2050,1,6,6,-0.8109000000000001
33127,LT_Coal,2050,1,7,7,-0.8109000000000001
33128,LT_Coal,2050,1,8,8,-0.8109000000000001
33129,LT_Coal,2050,1,9,9,-0.8109000000000001
33130,LT_Coal,2050,1,10,10,-0.8109000000000001
33131,LT_Coal,2050,1,11,11,-0.8109000000000001
33132,LT_Coal,2050,1,12,12,-0.8109000000000001
33133,LT_Coal,2050,1,13,13,-0.8109000000000001
33134,LT_Coal,2050,1,14,14,-0.8109000000000001
33135,LT_Coal,2050,1,15,15,-0.8109000000000001
33136,LT_Coal,2050,1,16,16,-0.8109000000000001
33137,LT_Coal,2050,1,17,17,-0.8109000000000001
33138,LT_Coal,2050,1,18,18,-0.8109000000000001
33139,LT_Coal,2050,1,19,19,-0.8109000000000001
33140,LT_Coal,2050,1,20,20,-0.8109000000000001
33141,LT_Coal,2050,1,21,21,-0.8109000000000001
33142,LT_Coal,2050,1,22,22,-0.8109000000000001
33143,LT_Coal,2050,1,23,23,-0.8109000000000001
33144,LT_Coal,2050,1,24,24,0.0
33145,LT_Coal,2050,2,1,1,0.0
33146,LT_Coal,2050,2,2,2,0.0
33147,LT_Coal,2050,2,3,3,0.0
33148,LT_Coal,2050,2,4,4,0.0
33149,LT_Coal,2050,2,5,5,0.0
33150,LT_Coal,2050,2,6,6,0.0
33151,LT_Coal,2050,2,7,7,0.0
33152,LT_Coal,2050,2,8,8,0.0
33153,LT_Coal,2050,2,9,9,0.0
33154,LT_Coal,2050,2,10,10,-1.0988999999999998
33155,LT_Coal,2050,2,11,11,-0.5048999999999999
33156,LT_Coal,2050,2,12,12,-0.5048999999999999
33157,LT_Coal,2050,2,13,13,-0.5048999999999999
33158,LT_Coal,2050,2,14,14,-0.5048999999999999
33159,LT_Coal,2050,2,15,15,-0.5048999999999999
33160,LT_Coal,2050,2,16,16,0.0
33161,LT_Coal,2050,2,17,17,0.0
33162,LT_Coal,2050,2,18,18,-1.0988999999999998
33163,LT_Coal,2050,2,19,19,0.0
33164,LT_Coal,2050,2,20,20,0.0
33165,LT_Coal,2050,2,21,21,0.0
33166,LT_Coal,2050,2,22,22,0.0
33167,LT_Coal,2050,2,23,23,0.0
33168,LT_Coal,2050,2,24,24,0.0
33169,LT_Coal,2050,3,1,1,0.0
33170,LT_Coal,2050,3,2,2,0.0
33171,LT_Coal,2050,3,3,3,0.0
33172,LT_Coal,2050,3,4,4,0.0
33173,LT_Coal,2050,3,5,5,0.0
33174,LT_Coal,2050,3,6,6,0.0
33175,LT_Coal,2050,3,7,7,0.0
33176,LT_Coal,2050,3,8,8,0.0
33177,LT_Coal,2050,3,9,9,0.0
33178,LT_Coal,2050,3,10,10,0.0
33179,LT_Coal,2050,3,11,11,0.0
33180,LT_Coal,2050,3,12,12,0.0
33181,LT_Coal,2050,3,13,13,0.0
33182,LT_Coal,2050,3,14,14,0.0
33183,LT_Coal,2050,3,15,15,0.0
33184,LT_Coal,2050,3,16,16,0.0
33185,LT_Coal,2050,3,17,17,0.0
33186,LT_Coal,2050,3,18,18,0.0
33187,LT_Coal,2050,3,19,19,0.0
33188,LT_Coal,2050,3,20,20,0.0
33189,LT_Coal,2050,3,21,21,0.0
33190,LT_Coal,2050,3,22,22,0.0
33191,LT_Coal,2050,3,23,23,0.0
33192,LT_Coal,2050,3,24,24,0.0
33193,LT_Coal,2050,4,1,1,0.0
33194,LT_Coal,2050,4,2,2,0.0
33195,LT_Coal,2050,4,3,3,-0.3519
33196,LT_Coal,2050,4,4,4,-0.3519
33197,LT_Coal,2050,4,5,5,-0.3519
33198,LT_Coal,2050,4,6,6,-0.3519
33199,LT_Coal,2050,4,7,7,-0.3519
33200,LT_Coal,2050,4,8,8,-0.3519
33201,LT_Coal,2050,4,9,9,-0.3519
33202,LT_Coal,2050,4,10,10,-0.3519
33203,LT_Coal,2050,4,11,11,-0.7658999999999998
33204,LT_Coal,2050,4,12,12,-0.7658999999999998
33205,LT_Coal,2050,4,13,13,-0.7658999999999998
33206,LT_Coal,2050,4,14,14,-0.7658999999999998
33207,LT_Coal,2050,4,15,15,-0.7658999999999998
33208,LT_Coal,2050,4,16,16,-0.7658999999999998
33209,LT_Coal,2050,4,17,17,-0.7658999999999998
33210,LT_Coal,2050,4,18,18,-0.7658999999999998
33211,LT_Coal,2050,4,19,19,-0.7658999999999998
33212,LT_Coal,2050,4,20,20,-0.7658999999999998
33213,LT_Coal,2050,4,21,21,-0.3519
33214,LT_Coal,2050,4,22,22,-0.3519
33215,LT_Coal,2050,4,23,23,-0.3519
33216,LT_Coal,2050,4,24,24,-0.3519
33217,LT_Coal,2050,5,1,1,0.0
33218,LT_Coal,2050,5,2,2,0.0
33219,LT_Coal,2050,5,3,3,0.0
33220,LT_Coal,2050,5,4,4,0.0
33221,LT_Coal,2050,5,5,5,0.0
33222,LT_Coal,2050,5,6,6,0.0
33223,LT_Coal,2050,5,7,7,0.0
33224,LT_Coal,2050,5,8,8,0.0
33225,LT_Coal,2050,5,9,9,0.0
33226,LT_Coal,2050,5,10,10,0.0
33227,LT_Coal,2050,5,11,11,0.0
33228,LT_Coal,2050,5,12,12,0.0
33229,LT_Coal,2050,5,13,13,0.0
33230,LT_Coal,2050,5,14,14,0.0
33231,LT_Coal,2050,5,15,15,0.0
33232,LT_Coal,2050,5,16,16,0.0
33233,LT_Coal,2050,5,17,17,0.0
33234,LT_Coal,2050,5,18,18,0.0
33235,LT_Coal,2050,5,19,19,0.0
33236,LT_Coal,2050,5,20,20,0.0
33237,LT_Coal,2050,5,21,21,0.0
33238,LT_Coal,2050,5,22,22,0.0
33239,LT_Coal,2050,5,23,23,0.0
33240,LT_Coal,2050,5,24,24,0.0
33241,LT_Coal,2050,6,1,1,0.0
33242,LT_Coal,2050,6,2,2,0.0
33243,LT_Coal,2050,6,3,3,0.0
33244,LT_Coal,2050,6,4,4,0.0
33245,LT_Coal,2050,6,5,5,0.0
33246,LT_Coal,2050,6,6,6,-0.2754000000000001
33247,LT_Coal,2050,6,7,7,-0.2754000000000001
33248,LT_Coal,2050,6,8,8,-0.2754000000000001
33249,LT_Coal,2050,6,9,9,-0.2754000000000001
33250,LT_Coal,2050,6,10,10,-0.2754000000000001
33251,LT_Coal,2050,6,11,11,-0.2754000000000001
33252,LT_Coal,2050,6,12,12,-0.2754000000000001
33253,LT_Coal,2050,6,13,13,-0.2754000000000001
33254,LT_Coal,2050,6,14,14,-0.2754000000000001
33255,LT_Coal,2050,6,15,15,-0.2754000000000001
33256,LT_Coal,2050,6,16,16,-0.2754000000000001
33257,LT_Coal,2050,6,17,17,-0.2754000000000001
33258,LT_Coal,2050,6,18,18,-0.2754000000000001
33259,LT_Coal,2050,6,19,19,-0.2754000000000001
33260,LT_Coal,2050,6,20,20,-0.2754000000000001
33261,LT_Coal,2050,6,21,21,-0.2754000000000001
33262,LT_Coal,2050,6,22,22,-0.2754000000000001
33263,LT_Coal,2050,6,23,23,0.0
33264,LT_Coal,2050,6,24,24,0.0
33265,LT_Coal,2050,7,1,1,0.0
33266,LT_Coal,2050,7,2,2,0.0
33267,LT_Coal,2050,7,3,3,0.0
33268,LT_Coal,2050,7,4,4,0.0
33269,LT_Coal,2050,7,5,5,0.0
33270,LT_Coal,2050,7,6,6,0.0
33271,LT_Coal,2050,7,7,7,0.0
33272,LT_Coal,2050,7,8,8,0.0
33273,LT_Coal,2050,7,9,9,0.0
33274,LT_Coal,2050,7,10,10,0.0
33275,LT_Coal,2050,7,11,11,0.0
33276,LT_Coal,2050,7,12,12,0.0
33277,LT_Coal,2050,7,13,13,0.0
33278,LT_Coal,2050,7,14,14,0.0
33279,LT_Coal,2050,7,15,15,0.0
33280,LT_Coal,2050,7,16,16,0.0
33281,LT_Coal,2050,7,17,17,0.0
33282,LT_Coal,2050,7,18,18,0.0
33283,LT_Coal,2050,7,19,19,0.0
33284,LT_Coal,2050,7,20,20,0.0
33285,LT_Coal,2050,7,21,21,0.0
33286,LT_Coal,2050,7,22,22,0.0
33287,LT_Coal,2050,7,23,23,0.0
33288,LT_Coal,2050,7,24,24,0.0
33289,LT_Coal,2050,8,1,1,0.0
33290,LT_Coal,2050,8,2,2,0.0
33291,LT_Coal,2050,8,3,3,0.0
33292,LT_Coal,2050,8,4,4,0.0
33293,LT_Coal,2050,8,5,5,0.0
33294,LT_Coal,2050,8,6,6,0.0
33295,LT_Coal,2050,8,7,7,0.0
33296,LT_Coal,2050,8,8,8,0.0
33297,LT_Coal,2050,8,9,9,-17.780631411332674
33298,LT_Coal,2050,8,10,10,-6.6614657056663376
33299,LT_Coal,2050,8,11,11,0.0
33300,LT_Coal,2050,8,12,12,0.0
33301,LT_Coal,2050,8,13,13,0.0
33302,LT_Coal,2050,8,14,14,0.0
33303,LT_Coal,2050,8,15,15,0.0
33304,LT_Coal,2050,8,16,16,0.0
33305,LT_Coal,2050,8,17,17,-1.0323
33306,LT_Coal,2050,8,18,18,-1.0323
33307,LT_Coal,2050,8,19,19,0.0
33308,LT_Coal,2050,8,20,20,0.0
33309,LT_Coal,2050,8,21,21,0.0
33310,LT_Coal,2050,8,22,22,0.0
33311,LT_Coal,2050,8,23,23,0.0
33312,LT_Coal,2050,8,24,24,0.0
33313,LT_Coal,2050,9,1,1,0.0
33314,LT_Coal,2050,9,2,2,0.0
33315,LT_Coal,2050,9,3,3,0.0
33316,LT_Coal,2050,9,4,4,0.0
33317,LT_Coal,2050,9,5,5,0.0
33318,LT_Coal,2050,9,6,6,0.0
33319,LT_Coal,2050,9,7,7,0.0
33320,LT_Coal,2050,9,8,8,0.0
33321,LT_Coal,2050,9,9,9,0.0
33322,LT_Coal,2050,9,10,10,0.0
33323,LT_Coal,2050,9,11,11,0.0
33324,LT_Coal,2050,9,12,12,0.0
33325,LT_Coal,2050,9,13,13,0.0
33326,LT_Coal,2050,9,14,14,0.0
33327,LT_Coal,2050,9,15,15,0.0
33328,LT_Coal,2050,9,16,16,0.0
33329,LT_Coal,2050,9,17,17,0.0
33330,LT_Coal,2050,9,18,18,0.0
33331,LT_Coal,2050,9,19,19,0.0
33332,LT_Coal,2050,9,20,20,0.0
33333,LT_Coal,2050,9,21,21,0.0
33334,LT_Coal,2050,9,22,22,0.0
33335,LT_Coal,2050,9,23,23,0.0
33336,LT_Coal,2050,9,24,24,0.0
33337,LT_Coal,2050,10,1,1,-0.7038
33338,LT_Coal,2050,10,2,2,-0.7038
33339,LT_Coal,2050,10,3,3,-0.7038
33340,LT_Coal,2050,10,4,4,-0.7038
33341,LT_Coal,2050,10,5,5,-0.7038
33342,LT_Coal,2050,10,6,6,-0.7038
33343,LT_Coal,2050,10,7,7,-0.7038
33344,LT_Coal,2050,10,8,8,-0.7038
33345,LT_Coal,2050,10,9,9,-0.7038
33346,LT_Coal,2050,10,10,10,-0.7038
33347,LT_Coal,2050,10,11,11,-0.7038
33348,LT_Coal,2050,10,12,12,-0.7038
33349,LT_Coal,2050,10,13,13,-0.7038
33350,LT_Coal,2050,10,14,14,-0.7038
33351,LT_Coal,2050,10,15,15,-0.7038
33352,LT_Coal,2050,10,16,16,-0.7038
33353,LT_Coal,2050,10,17,17,-0.7038
33354,LT_Coal,2050,10,18,18,-0.7038
33355,LT_Coal,2050,10,19,19,-0.7038
33356,LT_Coal,2050,10,20,20,-0.7038
33357,LT_Coal,2050,10,21,21,-0.7038
33358,LT_Coal,2050,10,22,22,-0.7038
33359,LT_Coal,2050,10,23,23,-0.7038
33360,LT_Coal,2050,10,24,24,-0.7038
33361,LT_Nuclear,2050,1,1,1,0.0
33362,LT_Nuclear,2050,1,2,2,0.0
33363,LT_Nuclear,2050,1,3,3,0.0
33364,LT_Nuclear,2050,1,4,4,0.0
33365,LT_Nuclear,2050,1,5,5,-1.3038
33366,LT_Nuclear,2050,1,6,6,-1.3038
33367,LT_Nuclear,2050,1,7,7,-1.3038
33368,LT_Nuclear,2050,1,8,8,-1.3038
33369,LT_Nuclear,2050,1,9,9,-1.3038
33370,LT_Nuclear,2050,1,10,10,-1.3038
33371,LT_Nuclear,2050,1,11,11,-1.3038
33372,LT_Nuclear,2050,1,12,12,-1.3038
33373,LT_Nuclear,2050,1,13,13,-1.3038
33374,LT_Nuclear,2050,1,14,14,-1.3038
33375,LT_Nuclear,2050,1,15,15,-1.3038
33376,LT_Nuclear,2050,1,16,16,-1.3038
33377,LT_Nuclear,2050,1,17,17,-1.3038
33378,LT_Nuclear,2050,1,18,18,-1.3038
33379,LT_Nuclear,2050,1,19,19,-1.3038
33380,LT_Nuclear,2050,1,20,20,-1.3038
33381,LT_Nuclear,2050,1,21,21,-1.3038
33382,LT_Nuclear,2050,1,22,22,-1.3038
33383,LT_Nuclear,2050,1,23,23,-1.3038
33384,LT_Nuclear,2050,1,24,24,0.0
33385,LT_Nuclear,2050,2,1,1,0.0
33386,LT_Nuclear,2050,2,2,2,0.0
33387,LT_Nuclear,2050,2,3,3,0.0
33388,LT_Nuclear,2050,2,4,4,0.0
33389,LT_Nuclear,2050,2,5,5,0.0
33390,LT_Nuclear,2050,2,6,6,0.0
33391,LT_Nuclear,2050,2,7,7,0.0
33392,LT_Nuclear,2050,2,8,8,0.0
33393,LT_Nuclear,2050,2,9,9,0.0
33394,LT_Nuclear,2050,2,10,10,-1.4057999999999997
33395,LT_Nuclear,2050,2,11,11,-0.8118
33396,LT_Nuclear,2050,2,12,12,-0.8118
33397,LT_Nuclear,2050,2,13,13,-0.8118
33398,LT_Nuclear,2050,2,14,14,-0.8118
33399,LT_Nuclear,2050,2,15,15,-0.8118
33400,LT_Nuclear,2050,2,16,16,0.0
33401,LT_Nuclear,2050,2,17,17,0.0
33402,LT_Nuclear,2050,2,18,18,-1.4057999999999997
33403,LT_Nuclear,2050,2,19,19,0.0
33404,LT_Nuclear,2050,2,20,20,0.0
33405,LT_Nuclear,2050,2,21,21,0.0
33406,LT_Nuclear,2050,2,22,22,0.0
33407,LT_Nuclear,2050,2,23,23,0.0
33408,LT_Nuclear,2050,2,24,24,0.0
33409,LT_Nuclear,2050,3,1,1,0.0
33410,LT_Nuclear,2050,3,2,2,0.0
33411,LT_Nuclear,2050,3,3,3,0.0
33412,LT_Nuclear,2050,3,4,4,0.0
33413,LT_Nuclear,2050,3,5,5,0.0
33414,LT_Nuclear,2050,3,6,6,0.0
33415,LT_Nuclear,2050,3,7,7,0.0
33416,LT_Nuclear,2050,3,8,8,0.0
33417,LT_Nuclear,2050,3,9,9,0.0
33418,LT_Nuclear,2050,3,10,10,0.0
33419,LT_Nuclear,2050,3,11,11,0.0
33420,LT_Nuclear,2050,3,12,12,0.0
33421,LT_Nuclear,2050,3,13,13,0.0
33422,LT_Nuclear,2050,3,14,14,0.0
33423,LT_Nuclear,2050,3,15,15,0.0
33424,LT_Nuclear,2050,3,16,16,0.0
33425,LT_Nuclear,2050,3,17,17,0.0
33426,LT_Nuclear,2050,3,18,18,0.0
33427,LT_Nuclear,2050,3,19,19,0.0
33428,LT_Nuclear,2050,3,20,20,0.0
33429,LT_Nuclear,2050,3,21,21,0.0
33430,LT_Nuclear,2050,3,22,22,0.0
33431,LT_Nuclear,2050,3,23,23,0.0
33432,LT_Nuclear,2050,3,24,24,0.0
33433,LT_Nuclear,2050,4,1,1,0.0
33434,LT_Nuclear,2050,4,2,2,0.0
33435,LT_Nuclear,2050,4,3,3,-0.5658000000000001
33436,LT_Nuclear,2050,4,4,4,-0.5658000000000001
33437,LT_Nuclear,2050,4,5,5,-0.5658000000000001
33438,LT_Nuclear,2050,4,6,6,-0.5658000000000001
33439,LT_Nuclear,2050,4,7,7,-0.5658000000000001
33440,LT_Nuclear,2050,4,8,8,-0.5658000000000001
33441,LT_Nuclear,2050,4,9,9,-0.5658000000000001
33442,LT_Nuclear,2050,4,10,10,-0.5658000000000001
33443,LT_Nuclear,2050,4,11,11,-0.9797999999999998
33444,LT_Nuclear,2050,4,12,12,-0.9797999999999998
33445,LT_Nuclear,2050,4,13,13,-0.9797999999999998
33446,LT_Nuclear,2050,4,14,14,-0.9797999999999998
33447,LT_Nuclear,2050,4,15,15,-0.9797999999999998
33448,LT_Nuclear,2050,4,16,16,-0.9797999999999998
33449,LT_Nuclear,2050,4,17,17,-0.9797999999999998
33450,LT_Nuclear,2050,4,18,18,-0.9797999999999998
33451,LT_Nuclear,2050,4,19,19,-0.9797999999999998
33452,LT_Nuclear,2050,4,20,20,-0.9797999999999998
33453,LT_Nuclear,2050,4,21,21,-0.5658000000000001
33454,LT_Nuclear,2050,4,22,22,-0.5658000000000001
33455,LT_Nuclear,2050,4,23,23,-0.5658000000000001
33456,LT_Nuclear,2050,4,24,24,-0.5658000000000001
33457,LT_Nuclear,2050,5,1,1,0.0
33458,LT_Nuclear,2050,5,2,2,0.0
33459,LT_Nuclear,2050,5,3,3,0.0
33460,LT_Nuclear,2050,5,4,4,0.0
33461,LT_Nuclear,2050,5,5,5,0.0
33462,LT_Nuclear,2050,5,6,6,0.0
33463,LT_Nuclear,2050,5,7,7,0.0
33464,LT_Nuclear,2050,5,8,8,0.0
33465,LT_Nuclear,2050,5,9,9,0.0
33466,LT_Nuclear,2050,5,10,10,0.0
33467,LT_Nuclear,2050,5,11,11,0.0
33468,LT_Nuclear,2050,5,12,12,0.0
33469,LT_Nuclear,2050,5,13,13,0.0
33470,LT_Nuclear,2050,5,14,14,0.0
33471,LT_Nuclear,2050,5,15,15,0.0
33472,LT_Nuclear,2050,5,16,16,0.0
33473,LT_Nuclear,2050,5,17,17,0.0
33474,LT_Nuclear,2050,5,18,18,0.0
33475,LT_Nuclear,2050,5,19,19,0.0
33476,LT_Nuclear,2050,5,20,20,0.0
33477,LT_Nuclear,2050,5,21,21,0.0
33478,LT_Nuclear,2050,5,22,22,0.0
33479,LT_Nuclear,2050,5,23,23,0.0
33480,LT_Nuclear,2050,5,24,24,0.0
33481,LT_Nuclear,2050,6,1,1,0.0
33482,LT_Nuclear,2050,6,2,2,0.0
33483,LT_Nuclear,2050,6,3,3,0.0
33484,LT_Nuclear,2050,6,4,4,0.0
33485,LT_Nuclear,2050,6,5,5,0.0
33486,LT_Nuclear,2050,6,6,6,-0.4428000000000001
33487,LT_Nuclear,2050,6,7,7,-0.4428000000000001
33488,LT_Nuclear,2050,6,8,8,-0.4428000000000001
33489,LT_Nuclear,2050,6,9,9,-0.4428000000000001
33490,LT_Nuclear,2050,6,10,10,-0.4428000000000001
33491,LT_Nuclear,2050,6,11,11,-0.4428000000000001
33492,LT_Nuclear,2050,6,12,12,-0.4428000000000001
33493,LT_Nuclear,2050,6,13,13,-0.4428000000000001
33494,LT_Nuclear,2050,6,14,14,-0.4428000000000001
33495,LT_Nuclear,2050,6,15,15,-0.4428000000000001
33496,LT_Nuclear,2050,6,16,16,-0.4428000000000001
33497,LT_Nuclear,2050,6,17,17,-0.4428000000000001
33498,LT_Nuclear,2050,6,18,18,-0.4428000000000001
33499,LT_Nuclear,2050,6,19,19,-0.4428000000000001
33500,LT_Nuclear,2050,6,20,20,-0.4428000000000001
33501,LT_Nuclear,2050,6,21,21,-0.4428000000000001
33502,LT_Nuclear,2050,6,22,22,-0.4428000000000001
33503,LT_Nuclear,2050,6,23,23,0.0
33504,LT_Nuclear,2050,6,24,24,0.0
33505,LT_Nuclear,2050,7,1,1,0.0
33506,LT_Nuclear,2050,7,2,2,0.0
33507,LT_Nuclear,2050,7,3,3,0.0
33508,LT_Nuclear,2050,7,4,4,0.0
33509,LT_Nuclear,2050,7,5,5,0.0
33510,LT_Nuclear,2050,7,6,6,0.0
33511,LT_Nuclear,2050,7,7,7,0.0
33512,LT_Nuclear,2050,7,8,8,0.0
33513,LT_Nuclear,2050,7,9,9,0.0
33514,LT_Nuclear,2050,7,10,10,0.0
33515,LT_Nuclear,2050,7,11,11,0.0
33516,LT_Nuclear,2050,7,12,12,0.0
33517,LT_Nuclear,2050,7,13,13,0.0
33518,LT_Nuclear,2050,7,14,14,0.0
33519,LT_Nuclear,2050,7,15,15,0.0
33520,LT_Nuclear,2050,7,16,16,0.0
33521,LT_Nuclear,2050,7,17,17,0.0
33522,LT_Nuclear,2050,7,18,18,0.0
33523,LT_Nuclear,2050,7,19,19,0.0
33524,LT_Nuclear,2050,7,20,20,0.0
33525,LT_Nuclear,2050,7,21,21,0.0
33526,LT_Nuclear,2050,7,22,22,0.0
33527,LT_Nuclear,2050,7,23,23,0.0
33528,LT_Nuclear,2050,7,24,24,0.0
33529,LT_Nuclear,2050,8,1,1,0.0
33530,LT_Nuclear,2050,8,2,2,0.0
33531,LT_Nuclear,2050,8,3,3,0.0
33532,LT_Nuclear,2050,8,4,4,0.0
33533,LT_Nuclear,2050,8,5,5,0.0
33534,LT_Nuclear,2050,8,6,6,0.0
33535,LT_Nuclear,2050,8,7,7,0.0
33536,LT_Nuclear,2050,8,8,8,0.0
33537,LT_Nuclear,2050,8,9,9,-18.068931411332674
33538,LT_Nuclear,2050,8,10,10,-6.949765705666338
33539,LT_Nuclear,2050,8,11,11,0.0
33540,LT_Nuclear,2050,8,12,12,0.0
33541,LT_Nuclear,2050,8,13,13,0.0
33542,LT_Nuclear,2050,8,14,14,0.0
33543,LT_Nuclear,2050,8,15,15,0.0
33544,LT_Nuclear,2050,8,16,16,0.0
33545,LT_Nuclear,2050,8,17,17,-1.3206
33546,LT_Nuclear,2050,8,18,18,-1.3206
33547,LT_Nuclear,2050,8,19,19,0.0
33548,LT_Nuclear,2050,8,20,20,0.0
33549,LT_Nuclear,2050,8,21,21,0.0
33550,LT_Nuclear,2050,8,22,22,0.0
33551,LT_Nuclear,2050,8,23,23,0.0
33552,LT_Nuclear,2050,8,24,24,0.0
33553,LT_Nuclear,2050,9,1,1,0.0
33554,LT_Nuclear,2050,9,2,2,0.0
33555,LT_Nuclear,2050,9,3,3,0.0
33556,LT_Nuclear,2050,9,4,4,0.0
33557,LT_Nuclear,2050,9,5,5,0.0
33558,LT_Nuclear,2050,9,6,6,0.0
33559,LT_Nuclear,2050,9,7,7,0.0
33560,LT_Nuclear,2050,9,8,8,0.0
33561,LT_Nuclear,2050,9,9,9,0.0
33562,LT_Nuclear,2050,9,10,10,0.0
33563,LT_Nuclear,2050,9,11,11,0.0
33564,LT_Nuclear,2050,9,12,12,0.0
33565,LT_Nuclear,2050,9,13,13,0.0
33566,LT_Nuclear,2050,9,14,14,0.0
33567,LT_Nuclear,2050,9,15,15,0.0
33568,LT_Nuclear,2050,9,16,16,0.0
33569,LT_Nuclear,2050,9,17,17,0.0
33570,LT_Nuclear,2050,9,18,18,0.0
33571,LT_Nuclear,2050,9,19,19,0.0
33572,LT_Nuclear,2050,9,20,20,0.0
33573,LT_Nuclear,2050,9,21,21,0.0
33574,LT_Nuclear,2050,9,22,22,0.0
33575,LT_Nuclear,2050,9,23,23,0.0
33576,LT_Nuclear,2050,9,24,24,0.0
33577,LT_Nuclear,2050,10,1,1,-1.1316000000000002
33578,LT_Nuclear,2050,10,2,2,-1.1316000000000002
33579,LT_Nuclear,2050,10,3,3,-1.1316000000000002
33580,LT_Nuclear,2050,10,4,4,-1.1316000000000002
33581,LT_Nuclear,2050,10,5,5,-1.1316000000000002
33582,LT_Nuclear,2050,10,6,6,-1.1316000000000002
33583,LT_Nuclear,2050,10,7,7,-1.1316000000000002
33584,LT_Nuclear,2050,10,8,8,-1.1316000000000002
33585,LT_Nuclear,2050,10,9,9,-1.1316000000000002
33586,LT_Nuclear,2050,10,10,10,-1.1316000000000002
33587,LT_Nuclear,2050,10,11,11,-1.1316000000000002
33588,LT_Nuclear,2050,10,12,12,-1.1316000000000002
33589,LT_Nuclear,2050,10,13,13,-1.1316000000000002
33590,LT_Nuclear,2050,10,14,14,-1.1316000000000002
33591,LT_Nuclear,2050,10,15,15,-1.1316000000000002
33592,LT_Nuclear,2050,10,16,16,-1.1316000000000002
33593,LT_Nuclear,2050,10,17,17,-1.1316000000000002
33594,LT_Nuclear,2050,10,18,18,-1.1316000000000002
33595,LT_Nuclear,2050,10,19,19,-1.1316000000000002
33596,LT_Nuclear,2050,10,20,20,-1.1316000000000002
33597,LT_Nuclear,2050,10,21,21,-1.1316000000000002
33598,LT_Nuclear,2050,10,22,22,-1.1316000000000002
33599,LT_Nuclear,2050,10,23,23,-1.1316000000000002
33600,LT_Nuclear,2050,10,24,24,-1.1316000000000002
33601,LT_OCGT,2050,1,1,1,0.0
33602,LT_OCGT,2050,1,2,2,0.0
33603,LT_OCGT,2050,1,3,3,0.0
33604,LT_OCGT,2050,1,4,4,0.0
33605,LT_OCGT,2050,1,5,5,0.0
33606,LT_OCGT,2050,1,6,6,0.0
33607,LT_OCGT,2050,1,7,7,0.0
33608,LT_OCGT,2050,1,8,8,0.0
33609,LT_OCGT,2050,1,9,9,0.0
33610,LT_OCGT,2050,1,10,10,0.0
33611,LT_OCGT,2050,1,11,11,0.0
33612,LT_OCGT,2050,1,12,12,0.0
33613,LT_OCGT,2050,1,13,13,0.0
33614,LT_OCGT,2050,1,14,14,0.0
33615,LT_OCGT,2050,1,15,15,0.0
33616,LT_OCGT,2050,1,16,16,0.0
33617,LT_OCGT,2050,1,17,17,0.0
33618,LT_OCGT,2050,1,18,18,0.0
33619,LT_OCGT,2050,1,19,19,0.0
33620,LT_OCGT,2050,1,20,20,0.0
33621,LT_OCGT,2050,1,21,21,0.0
33622,LT_OCGT,2050,1,22,22,0.0
33623,LT_OCGT,2050,1,23,23,0.0
33624,LT_OCGT,2050,1,24,24,0.0
33625,LT_OCGT,2050,2,1,1,0.0
33626,LT_OCGT,2050,2,2,2,0.0
33627,LT_OCGT,2050,2,3,3,0.0
33628,LT_OCGT,2050,2,4,4,0.0
33629,LT_OCGT,2050,2,5,5,0.0
33630,LT_OCGT,2050,2,6,6,0.0
33631,LT_OCGT,2050,2,7,7,0.0
33632,LT_OCGT,2050,2,8,8,0.0
33633,LT_OCGT,2050,2,9,9,0.0
33634,LT_OCGT,2050,2,10,10,0.0
33635,LT_OCGT,2050,2,11,11,0.0
33636,LT_OCGT,2050,2,12,12,0.0
33637,LT_OCGT,2050,2,13,13,0.0
33638,LT_OCGT,2050,2,14,14,0.0
33639,LT_OCGT,2050,2,15,15,0.0
33640,LT_OCGT,2050,2,16,16,0.0
33641,LT_OCGT,2050,2,17,17,0.0
33642,LT_OCGT,2050,2,18,18,0.0
33643,LT_OCGT,2050,2,19,19,0.0
33644,LT_OCGT,2050,2,20,20,0.0
33645,LT_OCGT,2050,2,21,21,0.0
33646,LT_OCGT,2050,2,22,22,0.0
33647,LT_OCGT,2050,2,23,23,0.0
33648,LT_OCGT,2050,2,24,24,0.0
33649,LT_OCGT,2050,3,1,1,0.0
33650,LT_OCGT,2050,3,2,2,0.0
33651,LT_OCGT,2050,3,3,3,0.0
33652,LT_OCGT,2050,3,4,4,0.0
33653,LT_OCGT,2050,3,5,5,0.0
33654,LT_OCGT,2050,3,6,6,0.0
33655,LT_OCGT,2050,3,7,7,0.0
33656,LT_OCGT,2050,3,8,8,0.0
33657,LT_OCGT,2050,3,9,9,0.0
33658,LT_OCGT,2050,3,10,10,0.0
33659,LT_OCGT,2050,3,11,11,0.0
33660,LT_OCGT,2050,3,12,12,0.0
33661,LT_OCGT,2050,3,13,13,0.0
33662,LT_OCGT,2050,3,14,14,0.0
33663,LT_OCGT,2050,3,15,15,0.0
33664,LT_OCGT,2050,3,16,16,0.0
33665,LT_OCGT,2050,3,17,17,0.0
33666,LT_OCGT,2050,3,18,18,0.0
33667,LT_OCGT,2050,3,19,19,0.0
33668,LT_OCGT,2050,3,20,20,0.0
33669,LT_OCGT,2050,3,21,21,0.0
33670,LT_OCGT,2050,3,22,22,0.0
33671,LT_OCGT,2050,3,23,23,0.0
33672,LT_OCGT,2050,3,24,24,0.0
33673,LT_OCGT,2050,4,1,1,0.0
33674,LT_OCGT,2050,4,2,2,0.0
33675,LT_OCGT,2050,4,3,3,0.0
33676,LT_OCGT,2050,4,4,4,0.0
33677,LT_OCGT,2050,4,5,5,0.0
33678,LT_OCGT,2050,4,6,6,0.0
33679,LT_OCGT,2050,4,7,7,0.0
33680,LT_OCGT,2050,4,8,8,0.0
33681,LT_OCGT,2050,4,9,9,0.0
33682,LT_OCGT,2050,4,10,10,0.0
33683,LT_OCGT,2050,4,11,11,0.0
33684,LT_OCGT,2050,4,12,12,0.0
33685,LT_OCGT,2050,4,13,13,0.0
33686,LT_OCGT,2050,4,14,14,0.0
33687,LT_OCGT,2050,4,15,15,0.0
33688,LT_OCGT,2050,4,16,16,0.0
33689,LT_OCGT,2050,4,17,17,0.0
33690,LT_OCGT,2050,4,18,18,0.0
33691,LT_OCGT,2050,4,19,19,0.0
33692,LT_OCGT,2050,4,20,20,0.0
33693,LT_OCGT,2050,4,21,21,0.0
33694,LT_OCGT,2050,4,22,22,0.0
33695,LT_OCGT,2050,4,23,23,0.0
33696,LT_OCGT,2050,4,24,24,0.0
33697,LT_OCGT,2050,5,1,1,0.0
33698,LT_OCGT,2050,5,2,2,0.0
33699,LT_OCGT,2050,5,3,3,0.0
33700,LT_OCGT,2050,5,4,4,0.0
33701,LT_OCGT,2050,5,5,5,0.0
33702,LT_OCGT,2050,5,6,6,0.0
33703,LT_OCGT,2050,5,7,7,0.0
33704,LT_OCGT,2050,5,8,8,0.0
33705,LT_OCGT,2050,5,9,9,0.0
33706,LT_OCGT,2050,5,10,10,0.0
33707,LT_OCGT,2050,5,11,11,0.0
33708,LT_OCGT,2050,5,12,12,0.0
33709,LT_OCGT,2050,5,13,13,0.0
33710,LT_OCGT,2050,5,14,14,0.0
33711,LT_OCGT,2050,5,15,15,0.0
33712,LT_OCGT,2050,5,16,16,0.0
33713,LT_OCGT,2050,5,17,17,0.0
33714,LT_OCGT,2050,5,18,18,0.0
33715,LT_OCGT,2050,5,19,19,0.0
33716,LT_OCGT,2050,5,20,20,0.0
33717,LT_OCGT,2050,5,21,21,0.0
33718,LT_OCGT,2050,5,22,22,0.0
33719,LT_OCGT,2050,5,23,23,0.0
33720,LT_OCGT,2050,5,24,24,0.0
33721,LT_OCGT,2050,6,1,1,0.0
33722,LT_OCGT,2050,6,2,2,0.0
33723,LT_OCGT,2050,6,3,3,0.0
33724,LT_OCGT,2050,6,4,4,0.0
33725,LT_OCGT,2050,6,5,5,0.0
33726,LT_OCGT,2050,6,6,6,0.0
33727,LT_OCGT,2050,6,7,7,0.0
33728,LT_OCGT,2050,6,8,8,0.0
33729,LT_OCGT,2050,6,9,9,0.0
33730,LT_OCGT,2050,6,10,10,0.0
33731,LT_OCGT,2050,6,11,11,0.0
33732,LT_OCGT,2050,6,12,12,0.0
33733,LT_OCGT,2050,6,13,13,0.0
33734,LT_OCGT,2050,6,14,14,0.0
33735,LT_OCGT,2050,6,15,15,0.0
33736,LT_OCGT,2050,6,16,16,0.0
33737,LT_OCGT,2050,6,17,17,0.0
33738,LT_OCGT,2050,6,18,18,0.0
33739,LT_OCGT,2050,6,19,19,0.0
33740,LT_OCGT,2050,6,20,20,0.0
33741,LT_OCGT,2050,6,21,21,0.0
33742,LT_OCGT,2050,6,22,22,0.0
33743,LT_OCGT,2050,6,23,23,0.0
33744,LT_OCGT,2050,6,24,24,0.0
33745,LT_OCGT,2050,7,1,1,0.0
33746,LT_OCGT,2050,7,2,2,0.0
33747,LT_OCGT,2050,7,3,3,0.0
33748,LT_OCGT,2050,7,4,4,0.0
33749,LT_OCGT,2050,7,5,5,0.0
33750,LT_OCGT,2050,7,6,6,0.0
33751,LT_OCGT,2050,7,7,7,0.0
33752,LT_OCGT,2050,7,8,8,0.0
33753,LT_OCGT,2050,7,9,9,0.0
33754,LT_OCGT,2050,7,10,10,0.0
33755,LT_OCGT,2050,7,11,11,0.0
33756,LT_OCGT,2050,7,12,12,0.0
33757,LT_OCGT,2050,7,13,13,0.0
33758,LT_OCGT,2050,7,14,14,0.0
33759,LT_OCGT,2050,7,15,15,0.0
33760,LT_OCGT,2050,7,16,16,0.0
33761,LT_OCGT,2050,7,17,17,0.0
33762,LT_OCGT,2050,7,18,18,0.0
33763,LT_OCGT,2050,7,19,19,0.0
33764,LT_OCGT,2050,7,20,20,0.0
33765,LT_OCGT,2050,7,21,21,0.0
33766,LT_OCGT,2050,7,22,22,0.0
33767,LT_OCGT,2050,7,23,23,0.0
33768,LT_OCGT,2050,7,24,24,0.0
33769,LT_OCGT,2050,8,1,1,0.0
33770,LT_OCGT,2050,8,2,2,0.0
33771,LT_OCGT,2050,8,3,3,0.0
33772,LT_OCGT,2050,8,4,4,0.0
33773,LT_OCGT,2050,8,5,5,0.0
33774,LT_OCGT,2050,8,6,6,0.0
33775,LT_OCGT,2050,8,7,7,0.0
33776,LT_OCGT,2050,8,8,8,0.0
33777,LT_OCGT,2050,8,9,9,0.0
33778,LT_OCGT,2050,8,10,10,0.0
33779,LT_OCGT,2050,8,11,11,0.0
33780,LT_OCGT,2050,8,12,12,0.0
33781,LT_OCGT,2050,8,13,13,0.0
33782,LT_OCGT,2050,8,14,14,0.0
33783,LT_OCGT,2050,8,15,15,0.0
33784,LT_OCGT,2050,8,16,16,0.0
33785,LT_OCGT,2050,8,17,17,0.0
33786,LT_OCGT,2050,8,18,18,0.0
33787,LT_OCGT,2050,8,19,19,0.0
33788,LT_OCGT,2050,8,20,20,0.0
33789,LT_OCGT,2050,8,21,21,0.0
33790,LT_OCGT,2050,8,22,22,0.0
33791,LT_OCGT,2050,8,23,23,0.0
33792,LT_OCGT,2050,8,24,24,0.0
33793,LT_OCGT,2050,9,1,1,0.0
33794,LT_OCGT,2050,9,2,2,0.0
33795,LT_OCGT,2050,9,3,3,0.0
33796,LT_OCGT,2050,9,4,4,0.0
33797,LT_OCGT,2050,9,5,5,0.0
33798,LT_OCGT,2050,9,6,6,0.0
33799,LT_OCGT,2050,9,7,7,0.0
33800,LT_OCGT,2050,9,8,8,0.0
33801,LT_OCGT,2050,9,9,9,0.0
33802,LT_OCGT,2050,9,10,10,0.0
33803,LT_OCGT,2050,9,11,11,0.0
33804,LT_OCGT,2050,9,12,12,0.0
33805,LT_OCGT,2050,9,13,13,0.0
33806,LT_OCGT,2050,9,14,14,0.0
33807,LT_OCGT,2050,9,15,15,0.0
33808,LT_OCGT,2050,9,16,16,0.0
33809,LT_OCGT,2050,9,17,17,0.0
33810,LT_OCGT,2050,9,18,18,0.0
33811,LT_OCGT,2050,9,19,19,0.0
33812,LT_OCGT,2050,9,20,20,0.0
33813,LT_OCGT,2050,9,21,21,0.0
33814,LT_OCGT,2050,9,22,22,0.0
33815,LT_OCGT,2050,9,23,23,0.0
33816,LT_OCGT,2050,9,24,24,0.0
33817,LT_OCGT,2050,10,1,1,0.0
33818,LT_OCGT,2050,10,2,2,0.0
33819,LT_OCGT,2050,10,3,3,0.0
33820,LT_OCGT,2050,10,4,4,0.0
33821,LT_OCGT,2050,10,5,5,0.0
33822,LT_OCGT,2050,10,6,6,0.0
33823,LT_OCGT,2050,10,7,7,0.0
33824,LT_OCGT,2050,10,8,8,0.0
33825,LT_OCGT,2050,10,9,9,0.0
33826,LT_OCGT,2050,10,10,10,0.0
33827,LT_OCGT,2050,10,11,11,0.0
33828,LT_OCGT,2050,10,12,12,0.0
33829,LT_OCGT,2050,10,13,13,0.0
33830,LT_OCGT,2050,10,14,14,0.0
33831,LT_OCGT,2050,10,15,15,0.0
33832,LT_OCGT,2050,10,16,16,0.0
33833,LT_OCGT,2050,10,17,17,0.0
33834,LT_OCGT,2050,10,18,18,0.0
33835,LT_OCGT,2050,10,19,19,0.0
33836,LT_OCGT,2050,10,20,20,0.0
33837,LT_OCGT,2050,10,21,21,0.0
33838,LT_OCGT,2050,10,22,22,0.0
33839,LT_OCGT,2050,10,23,23,0.0
33840,LT_OCGT,2050,10,24,24,0.0
33841,LT_Solar,2050,1,1,1,0.0
33842,LT_Solar,2050,1,2,2,0.0
33843,LT_Solar,2050,1,3,3,0.0
33844,LT_Solar,2050,1,4,4,0.0
33845,LT_Solar,2050,1,5,5,-1.749
33846,LT_Solar,2050,1,6,6,-1.749
33847,LT_Solar,2050,1,7,7,-1.749
33848,LT_Solar,2050,1,8,8,-1.749
33849,LT_Solar,2050,1,9,9,-1.749
33850,LT_Solar,2050,1,10,10,-1.749
33851,LT_Solar,2050,1,11,11,-1.749
33852,LT_Solar,2050,1,12,12,-1.749
33853,LT_Solar,2050,1,13,13,-1.749
33854,LT_Solar,2050,1,14,14,-1.749
33855,LT_Solar,2050,1,15,15,-1.749
33856,LT_Solar,2050,1,16,16,-1.749
33857,LT_Solar,2050,1,17,17,-1.749
33858,LT_Solar,2050,1,18,18,-1.749
33859,LT_Solar,2050,1,19,19,-1.749
33860,LT_Solar,2050,1,20,20,-1.749
33861,LT_Solar,2050,1,21,21,-1.749
33862,LT_Solar,2050,1,22,22,-1.749
33863,LT_Solar,2050,1,23,23,-1.749
33864,LT_Solar,2050,1,24,24,0.0
33865,LT_Solar,2050,2,1,1,0.0
33866,LT_Solar,2050,2,2,2,0.0
33867,LT_Solar,2050,2,3,3,0.0
33868,LT_Solar,2050,2,4,4,0.0
33869,LT_Solar,2050,2,5,5,0.0
33870,LT_Solar,2050,2,6,6,0.0
33871,LT_Solar,2050,2,7,7,0.0
33872,LT_Solar,2050,2,8,8,0.0
33873,LT_Solar,2050,2,9,9,0.0
33874,LT_Solar,2050,2,10,10,-1.6829999999999998
33875,LT_Solar,2050,2,11,11,-1.089
33876,LT_Solar,2050,2,12,12,-1.089
33877,LT_Solar,2050,2,13,13,-1.089
33878,LT_Solar,2050,2,14,14,-1.089
33879,LT_Solar,2050,2,15,15,-1.089
33880,LT_Solar,2050,2,16,16,0.0
33881,LT_Solar,2050,2,17,17,0.0
33882,LT_Solar,2050,2,18,18,-1.6829999999999998
33883,LT_Solar,2050,2,19,19,0.0
33884,LT_Solar,2050,2,20,20,0.0
33885,LT_Solar,2050,2,21,21,0.0
33886,LT_Solar,2050,2,22,22,0.0
33887,LT_Solar,2050,2,23,23,0.0
33888,LT_Solar,2050,2,24,24,0.0
33889,LT_Solar,2050,3,1,1,0.0
33890,LT_Solar,2050,3,2,2,0.0
33891,LT_Solar,2050,3,3,3,0.0
33892,LT_Solar,2050,3,4,4,0.0
33893,LT_Solar,2050,3,5,5,0.0
33894,LT_Solar,2050,3,6,6,0.0
33895,LT_Solar,2050,3,7,7,0.0
33896,LT_Solar,2050,3,8,8,0.0
33897,LT_Solar,2050,3,9,9,0.0
33898,LT_Solar,2050,3,10,10,0.0
33899,LT_Solar,2050,3,11,11,0.0
33900,LT_Solar,2050,3,12,12,0.0
33901,LT_Solar,2050,3,13,13,0.0
33902,LT_Solar,2050,3,14,14,0.0
33903,LT_Solar,2050,3,15,15,0.0
33904,LT_Solar,2050,3,16,16,0.0
33905,LT_Solar,2050,3,17,17,0.0
33906,LT_Solar,2050,3,18,18,0.0
33907,LT_Solar,2050,3,19,19,0.0
33908,LT_Solar,2050,3,20,20,0.0
33909,LT_Solar,2050,3,21,21,0.0
33910,LT_Solar,2050,3,22,22,0.0
33911,LT_Solar,2050,3,23,23,0.0
33912,LT_Solar,2050,3,24,24,0.0
33913,LT_Solar,2050,4,1,1,0.0
33914,LT_Solar,2050,4,2,2,0.0
33915,LT_Solar,2050,4,3,3,-0.759
33916,LT_Solar,2050,4,4,4,-0.759
33917,LT_Solar,2050,4,5,5,-0.759
33918,LT_Solar,2050,4,6,6,-0.759
33919,LT_Solar,2050,4,7,7,-0.759
33920,LT_Solar,2050,4,8,8,-0.759
33921,LT_Solar,2050,4,9,9,-0.759
33922,LT_Solar,2050,4,10,10,-0.759
33923,LT_Solar,2050,4,11,11,-1.1729999999999998
33924,LT_Solar,2050,4,12,12,-1.1729999999999998
33925,LT_Solar,2050,4,13,13,-1.1729999999999998
33926,LT_Solar,2050,4,14,14,-1.1729999999999998
33927,LT_Solar,2050,4,15,15,-1.1729999999999998
33928,LT_Solar,2050,4,16,16,-1.1729999999999998
33929,LT_Solar,2050,4,17,17,-1.1729999999999998
33930,LT_Solar,2050,4,18,18,-1.1729999999999998
33931,LT_Solar,2050,4,19,19,-1.1729999999999998
33932,LT_Solar,2050,4,20,20,-1.1729999999999998
33933,LT_Solar,2050,4,21,21,-0.759
33934,LT_Solar,2050,4,22,22,-0.759
33935,LT_Solar,2050,4,23,23,-0.759
33936,LT_Solar,2050,4,24,24,-0.759
33937,LT_Solar,2050,5,1,1,0.0
33938,LT_Solar,2050,5,2,2,0.0
33939,LT_Solar,2050,5,3,3,0.0
33940,LT_Solar,2050,5,4,4,0.0
33941,LT_Solar,2050,5,5,5,0.0
33942,LT_Solar,2050,5,6,6,0.0
33943,LT_Solar,2050,5,7,7,0.0
33944,LT_Solar,2050,5,8,8,0.0
33945,LT_Solar,2050,5,9,9,0.0
33946,LT_Solar,2050,5,10,10,0.0
33947,LT_Solar,2050,5,11,11,0.0
33948,LT_Solar,2050,5,12,12,0.0
33949,LT_Solar,2050,5,13,13,0.0
33950,LT_Solar,2050,5,14,14,0.0
33951,LT_Solar,2050,5,15,15,0.0
33952,LT_Solar,2050,5,16,16,0.0
33953,LT_Solar,2050,5,17,17,0.0
33954,LT_Solar,2050,5,18,18,0.0
33955,LT_Solar,2050,5,19,19,0.0
33956,LT_Solar,2050,5,20,20,0.0
33957,LT_Solar,2050,5,21,21,0.0
33958,LT_Solar,2050,5,22,22,0.0
33959,LT_Solar,2050,5,23,23,0.0
33960,LT_Solar,2050,5,24,24,0.0
33961,LT_Solar,2050,6,1,1,0.0
33962,LT_Solar,2050,6,2,2,0.0
33963,LT_Solar,2050,6,3,3,0.0
33964,LT_Solar,2050,6,4,4,0.0
33965,LT_Solar,2050,6,5,5,0.0
33966,LT_Solar,2050,6,6,6,-0.5940000000000001
33967,LT_Solar,2050,6,7,7,-0.5940000000000001
33968,LT_Solar,2050,6,8,8,-0.5940000000000001
33969,LT_Solar,2050,6,9,9,-0.5940000000000001
33970,LT_Solar,2050,6,10,10,-0.5940000000000001
33971,LT_Solar,2050,6,11,11,-0.5940000000000001
33972,LT_Solar,2050,6,12,12,-0.5940000000000001
33973,LT_Solar,2050,6,13,13,-0.5940000000000001
33974,LT_Solar,2050,6,14,14,-0.5940000000000001
33975,LT_Solar,2050,6,15,15,-0.5940000000000001
33976,LT_Solar,2050,6,16,16,-0.5940000000000001
33977,LT_Solar,2050,6,17,17,-0.5940000000000001
33978,LT_Solar,2050,6,18,18,-0.5940000000000001
33979,LT_Solar,2050,6,19,19,-0.5940000000000001
33980,LT_Solar,2050,6,20,20,-0.5940000000000001
33981,LT_Solar,2050,6,21,21,-0.5940000000000001
33982,LT_Solar,2050,6,22,22,-0.5940000000000001
33983,LT_Solar,2050,6,23,23,0.0
33984,LT_Solar,2050,6,24,24,0.0
33985,LT_Solar,2050,7,1,1,0.0
33986,LT_Solar,2050,7,2,2,0.0
33987,LT_Solar,2050,7,3,3,0.0
33988,LT_Solar,2050,7,4,4,0.0
33989,LT_Solar,2050,7,5,5,0.0
33990,LT_Solar,2050,7,6,6,0.0
33991,LT_Solar,2050,7,7,7,0.0
33992,LT_Solar,2050,7,8,8,0.0
33993,LT_Solar,2050,7,9,9,0.0
33994,LT_Solar,2050,7,10,10,0.0
33995,LT_Solar,2050,7,11,11,0.0
33996,LT_Solar,2050,7,12,12,0.0
33997,LT_Solar,2050,7,13,13,0.0
33998,LT_Solar,2050,7,14,14,0.0
33999,LT_Solar,2050,7,15,15,0.0
34000,LT_Solar,2050,7,16,16,0.0
34001,LT_Solar,2050,7,17,17,0.0
34002,LT_Solar,2050,7,18,18,0.0
34003,LT_Solar,2050,7,19,19,0.0
34004,LT_Solar,2050,7,20,20,0.0
34005,LT_Solar,2050,7,21,21,0.0
34006,LT_Solar,2050,7,22,22,0.0
34007,LT_Solar,2050,7,23,23,0.0
34008,LT_Solar,2050,7,24,24,0.0
34009,LT_Solar,2050,8,1,1,0.0
34010,LT_Solar,2050,8,2,2,0.0
34011,LT_Solar,2050,8,3,3,0.0
34012,LT_Solar,2050,8,4,4,0.0
34013,LT_Solar,2050,8,5,5,0.0
34014,LT_Solar,2050,8,6,6,0.0
34015,LT_Solar,2050,8,7,7,0.0
34016,LT_Solar,2050,8,8,8,0.0
34017,LT_Solar,2050,8,9,9,-18.329331411332674
34018,LT_Solar,2050,8,10,10,-7.210165705666338
34019,LT_Solar,2050,8,11,11,0.0
34020,LT_Solar,2050,8,12,12,0.0
34021,LT_Solar,2050,8,13,13,0.0
34022,LT_Solar,2050,8,14,14,0.0
34023,LT_Solar,2050,8,15,15,0.0
34024,LT_Solar,2050,8,16,16,0.0
34025,LT_Solar,2050,8,17,17,-1.581
34026,LT_Solar,2050,8,18,18,-1.581
34027,LT_Solar,2050,8,19,19,0.0
34028,LT_Solar,2050,8,20,20,0.0
34029,LT_Solar,2050,8,21,21,0.0
34030,LT_Solar,2050,8,22,22,0.0
34031,LT_Solar,2050,8,23,23,0.0
34032,LT_Solar,2050,8,24,24,0.0
34033,LT_Solar,2050,9,1,1,0.0
34034,LT_Solar,2050,9,2,2,0.0
34035,LT_Solar,2050,9,3,3,0.0
34036,LT_Solar,2050,9,4,4,0.0
34037,LT_Solar,2050,9,5,5,0.0
34038,LT_Solar,2050,9,6,6,0.0
34039,LT_Solar,2050,9,7,7,0.0
34040,LT_Solar,2050,9,8,8,0.0
34041,LT_Solar,2050,9,9,9,0.0
34042,LT_Solar,2050,9,10,10,0.0
34043,LT_Solar,2050,9,11,11,0.0
34044,LT_Solar,2050,9,12,12,0.0
34045,LT_Solar,2050,9,13,13,0.0
34046,LT_Solar,2050,9,14,14,0.0
34047,LT_Solar,2050,9,15,15,0.0
34048,LT_Solar,2050,9,16,16,0.0
34049,LT_Solar,2050,9,17,17,0.0
34050,LT_Solar,2050,9,18,18,0.0
34051,LT_Solar,2050,9,19,19,0.0
34052,LT_Solar,2050,9,20,20,0.0
34053,LT_Solar,2050,9,21,21,0.0
34054,LT_Solar,2050,9,22,22,0.0
34055,LT_Solar,2050,9,23,23,0.0
34056,LT_Solar,2050,9,24,24,0.0
34057,LT_Solar,2050,10,1,1,-1.518
34058,LT_Solar,2050,10,2,2,-1.518
34059,LT_Solar,2050,10,3,3,-1.518
34060,LT_Solar,2050,10,4,4,-1.518
34061,LT_Solar,2050,10,5,5,-1.518
34062,LT_Solar,2050,10,6,6,-1.518
34063,LT_Solar,2050,10,7,7,-1.518
34064,LT_Solar,2050,10,8,8,-1.518
34065,LT_Solar,2050,10,9,9,-1.518
34066,LT_Solar,2050,10,10,10,-1.518
34067,LT_Solar,2050,10,11,11,-1.518
34068,LT_Solar,2050,10,12,12,-1.518
34069,LT_Solar,2050,10,13,13,-1.518
34070,LT_Solar,2050,10,14,14,-1.518
34071,LT_Solar,2050,10,15,15,-1.518
34072,LT_Solar,2050,10,16,16,-1.518
34073,LT_Solar,2050,10,17,17,-1.518
34074,LT_Solar,2050,10,18,18,-1.518
34075,LT_Solar,2050,10,19,19,-1.518
34076,LT_Solar,2050,10,20,20,-1.518
34077,LT_Solar,2050,10,21,21,-1.518
34078,LT_Solar,2050,10,22,22,-1.518
34079,LT_Solar,2050,10,23,23,-1.518
34080,LT_Solar,2050,10,24,24,-1.518
34081,LT_Wind_Offshore,2050,1,1,1,0.0
34082,LT_Wind_Offshore,2050,1,2,2,0.0
34083,LT_Wind_Offshore,2050,1,3,3,0.0
34084,LT_Wind_Offshore,2050,1,4,4,0.0
34085,LT_Wind_Offshore,2050,1,5,5,-1.749
34086,LT_Wind_Offshore,2050,1,6,6,-1.749
34087,LT_Wind_Offshore,2050,1,7,7,-1.749
34088,LT_Wind_Offshore,2050,1,8,8,-1.749
34089,LT_Wind_Offshore,2050,1,9,9,-1.749
34090,LT_Wind_Offshore,2050,1,10,10,-1.749
34091,LT_Wind_Offshore,2050,1,11,11,-1.749
34092,LT_Wind_Offshore,2050,1,12,12,-1.749
34093,LT_Wind_Offshore,2050,1,13,13,-1.749
34094,LT_Wind_Offshore,2050,1,14,14,-1.749
34095,LT_Wind_Offshore,2050,1,15,15,-1.749
34096,LT_Wind_Offshore,2050,1,16,16,-1.749
34097,LT_Wind_Offshore,2050,1,17,17,-1.749
34098,LT_Wind_Offshore,2050,1,18,18,-1.749
34099,LT_Wind_Offshore,2050,1,19,19,-1.749
34100,LT_Wind_Offshore,2050,1,20,20,-1.749
34101,LT_Wind_Offshore,2050,1,21,21,-1.749
34102,LT_Wind_Offshore,2050,1,22,22,-1.749
34103,LT_Wind_Offshore,2050,1,23,23,-1.749
34104,LT_Wind_Offshore,2050,1,24,24,0.0
34105,LT_Wind_Offshore,2050,2,1,1,0.0
34106,LT_Wind_Offshore,2050,2,2,2,0.0
34107,LT_Wind_Offshore,2050,2,3,3,0.0
34108,LT_Wind_Offshore,2050,2,4,4,0.0
34109,LT_Wind_Offshore,2050,2,5,5,0.0
34110,LT_Wind_Offshore,2050,2,6,6,0.0
34111,LT_Wind_Offshore,2050,2,7,7,0.0
34112,LT_Wind_Offshore,2050,2,8,8,0.0
34113,LT_Wind_Offshore,2050,2,9,9,0.0
34114,LT_Wind_Offshore,2050,2,10,10,-1.6829999999999998
34115,LT_Wind_Offshore,2050,2,11,11,-1.089
34116,LT_Wind_Offshore,2050,2,12,12,-1.089
34117,LT_Wind_Offshore,2050,2,13,13,-1.089
34118,LT_Wind_Offshore,2050,2,14,14,-1.089
34119,LT_Wind_Offshore,2050,2,15,15,-1.089
34120,LT_Wind_Offshore,2050,2,16,16,0.0
34121,LT_Wind_Offshore,2050,2,17,17,0.0
34122,LT_Wind_Offshore,2050,2,18,18,-1.6829999999999998
34123,LT_Wind_Offshore,2050,2,19,19,0.0
34124,LT_Wind_Offshore,2050,2,20,20,0.0
34125,LT_Wind_Offshore,2050,2,21,21,0.0
34126,LT_Wind_Offshore,2050,2,22,22,0.0
34127,LT_Wind_Offshore,2050,2,23,23,0.0
34128,LT_Wind_Offshore,2050,2,24,24,0.0
34129,LT_Wind_Offshore,2050,3,1,1,0.0
34130,LT_Wind_Offshore,2050,3,2,2,0.0
34131,LT_Wind_Offshore,2050,3,3,3,0.0
34132,LT_Wind_Offshore,2050,3,4,4,0.0
34133,LT_Wind_Offshore,2050,3,5,5,0.0
34134,LT_Wind_Offshore,2050,3,6,6,0.0
34135,LT_Wind_Offshore,2050,3,7,7,0.0
34136,LT_Wind_Offshore,2050,3,8,8,0.0
34137,LT_Wind_Offshore,2050,3,9,9,0.0
34138,LT_Wind_Offshore,2050,3,10,10,0.0
34139,LT_Wind_Offshore,2050,3,11,11,0.0
34140,LT_Wind_Offshore,2050,3,12,12,0.0
34141,LT_Wind_Offshore,2050,3,13,13,0.0
34142,LT_Wind_Offshore,2050,3,14,14,0.0
34143,LT_Wind_Offshore,2050,3,15,15,0.0
34144,LT_Wind_Offshore,2050,3,16,16,0.0
34145,LT_Wind_Offshore,2050,3,17,17,0.0
34146,LT_Wind_Offshore,2050,3,18,18,0.0
34147,LT_Wind_Offshore,2050,3,19,19,0.0
34148,LT_Wind_Offshore,2050,3,20,20,0.0
34149,LT_Wind_Offshore,2050,3,21,21,0.0
34150,LT_Wind_Offshore,2050,3,22,22,0.0
34151,LT_Wind_Offshore,2050,3,23,23,0.0
34152,LT_Wind_Offshore,2050,3,24,24,0.0
34153,LT_Wind_Offshore,2050,4,1,1,0.0
34154,LT_Wind_Offshore,2050,4,2,2,0.0
34155,LT_Wind_Offshore,2050,4,3,3,-0.759
34156,LT_Wind_Offshore,2050,4,4,4,-0.759
34157,LT_Wind_Offshore,2050,4,5,5,-0.759
34158,LT_Wind_Offshore,2050,4,6,6,-0.759
34159,LT_Wind_Offshore,2050,4,7,7,-0.759
34160,LT_Wind_Offshore,2050,4,8,8,-0.759
34161,LT_Wind_Offshore,2050,4,9,9,-0.759
34162,LT_Wind_Offshore,2050,4,10,10,-0.759
34163,LT_Wind_Offshore,2050,4,11,11,-1.1729999999999998
34164,LT_Wind_Offshore,2050,4,12,12,-1.1729999999999998
34165,LT_Wind_Offshore,2050,4,13,13,-1.1729999999999998
34166,LT_Wind_Offshore,2050,4,14,14,-1.1729999999999998
34167,LT_Wind_Offshore,2050,4,15,15,-1.1729999999999998
34168,LT_Wind_Offshore,2050,4,16,16,-1.1729999999999998
34169,LT_Wind_Offshore,2050,4,17,17,-1.1729999999999998
34170,LT_Wind_Offshore,2050,4,18,18,-1.1729999999999998
34171,LT_Wind_Offshore,2050,4,19,19,-1.1729999999999998
34172,LT_Wind_Offshore,2050,4,20,20,-1.1729999999999998
34173,LT_Wind_Offshore,2050,4,21,21,-0.759
34174,LT_Wind_Offshore,2050,4,22,22,-0.759
34175,LT_Wind_Offshore,2050,4,23,23,-0.759
34176,LT_Wind_Offshore,2050,4,24,24,-0.759
34177,LT_Wind_Offshore,2050,5,1,1,0.0
34178,LT_Wind_Offshore,2050,5,2,2,0.0
34179,LT_Wind_Offshore,2050,5,3,3,0.0
34180,LT_Wind_Offshore,2050,5,4,4,0.0
34181,LT_Wind_Offshore,2050,5,5,5,0.0
34182,LT_Wind_Offshore,2050,5,6,6,0.0
34183,LT_Wind_Offshore,2050,5,7,7,0.0
34184,LT_Wind_Offshore,2050,5,8,8,0.0
34185,LT_Wind_Offshore,2050,5,9,9,0.0
34186,LT_Wind_Offshore,2050,5,10,10,0.0
34187,LT_Wind_Offshore,2050,5,11,11,0.0
34188,LT_Wind_Offshore,2050,5,12,12,0.0
34189,LT_Wind_Offshore,2050,5,13,13,0.0
34190,LT_Wind_Offshore,2050,5,14,14,0.0
34191,LT_Wind_Offshore,2050,5,15,15,0.0
34192,LT_Wind_Offshore,2050,5,16,16,0.0
34193,LT_Wind_Offshore,2050,5,17,17,0.0
34194,LT_Wind_Offshore,2050,5,18,18,0.0
34195,LT_Wind_Offshore,2050,5,19,19,0.0
34196,LT_Wind_Offshore,2050,5,20,20,0.0
34197,LT_Wind_Offshore,2050,5,21,21,0.0
34198,LT_Wind_Offshore,2050,5,22,22,0.0
34199,LT_Wind_Offshore,2050,5,23,23,0.0
34200,LT_Wind_Offshore,2050,5,24,24,0.0
34201,LT_Wind_Offshore,2050,6,1,1,0.0
34202,LT_Wind_Offshore,2050,6,2,2,0.0
34203,LT_Wind_Offshore,2050,6,3,3,0.0
34204,LT_Wind_Offshore,2050,6,4,4,0.0
34205,LT_Wind_Offshore,2050,6,5,5,0.0
34206,LT_Wind_Offshore,2050,6,6,6,-0.5940000000000001
34207,LT_Wind_Offshore,2050,6,7,7,-0.5940000000000001
34208,LT_Wind_Offshore,2050,6,8,8,-0.5940000000000001
34209,LT_Wind_Offshore,2050,6,9,9,-0.5940000000000001
34210,LT_Wind_Offshore,2050,6,10,10,-0.5940000000000001
34211,LT_Wind_Offshore,2050,6,11,11,-0.5940000000000001
34212,LT_Wind_Offshore,2050,6,12,12,-0.5940000000000001
34213,LT_Wind_Offshore,2050,6,13,13,-0.5940000000000001
34214,LT_Wind_Offshore,2050,6,14,14,-0.5940000000000001
34215,LT_Wind_Offshore,2050,6,15,15,-0.5940000000000001
34216,LT_Wind_Offshore,2050,6,16,16,-0.5940000000000001
34217,LT_Wind_Offshore,2050,6,17,17,-0.5940000000000001
34218,LT_Wind_Offshore,2050,6,18,18,-0.5940000000000001
34219,LT_Wind_Offshore,2050,6,19,19,-0.5940000000000001
34220,LT_Wind_Offshore,2050,6,20,20,-0.5940000000000001
34221,LT_Wind_Offshore,2050,6,21,21,-0.5940000000000001
34222,LT_Wind_Offshore,2050,6,22,22,-0.5940000000000001
34223,LT_Wind_Offshore,2050,6,23,23,0.0
34224,LT_Wind_Offshore,2050,6,24,24,0.0
34225,LT_Wind_Offshore,2050,7,1,1,0.0
34226,LT_Wind_Offshore,2050,7,2,2,0.0
34227,LT_Wind_Offshore,2050,7,3,3,0.0
34228,LT_Wind_Offshore,2050,7,4,4,0.0
34229,LT_Wind_Offshore,2050,7,5,5,0.0
34230,LT_Wind_Offshore,2050,7,6,6,0.0
34231,LT_Wind_Offshore,2050,7,7,7,0.0
34232,LT_Wind_Offshore,2050,7,8,8,0.0
34233,LT_Wind_Offshore,2050,7,9,9,0.0
34234,LT_Wind_Offshore,2050,7,10,10,0.0
34235,LT_Wind_Offshore,2050,7,11,11,0.0
34236,LT_Wind_Offshore,2050,7,12,12,0.0
34237,LT_Wind_Offshore,2050,7,13,13,0.0
34238,LT_Wind_Offshore,2050,7,14,14,0.0
34239,LT_Wind_Offshore,2050,7,15,15,0.0
34240,LT_Wind_Offshore,2050,7,16,16,0.0
34241,LT_Wind_Offshore,2050,7,17,17,0.0
34242,LT_Wind_Offshore,2050,7,18,18,0.0
34243,LT_Wind_Offshore,2050,7,19,19,0.0
34244,LT_Wind_Offshore,2050,7,20,20,0.0
34245,LT_Wind_Offshore,2050,7,21,21,0.0
34246,LT_Wind_Offshore,2050,7,22,22,0.0
34247,LT_Wind_Offshore,2050,7,23,23,0.0
34248,LT_Wind_Offshore,2050,7,24,24,0.0
34249,LT_Wind_Offshore,2050,8,1,1,0.0
34250,LT_Wind_Offshore,2050,8,2,2,0.0
34251,LT_Wind_Offshore,2050,8,3,3,0.0
34252,LT_Wind_Offshore,2050,8,4,4,0.0
34253,LT_Wind_Offshore,2050,8,5,5,0.0
34254,LT_Wind_Offshore,2050,8,6,6,0.0
34255,LT_Wind_Offshore,2050,8,7,7,0.0
34256,LT_Wind_Offshore,2050,8,8,8,0.0
34257,LT_Wind_Offshore,2050,8,9,9,-18.329331411332674
34258,LT_Wind_Offshore,2050,8,10,10,-7.210165705666338
34259,LT_Wind_Offshore,2050,8,11,11,0.0
34260,LT_Wind_Offshore,2050,8,12,12,0.0
34261,LT_Wind_Offshore,2050,8,13,13,0.0
34262,LT_Wind_Offshore,2050,8,14,14,0.0
34263,LT_Wind_Offshore,2050,8,15,15,0.0
34264,LT_Wind_Offshore,2050,8,16,16,0.0
34265,LT_Wind_Offshore,2050,8,17,17,-1.581
34266,LT_Wind_Offshore,2050,8,18,18,-1.581
34267,LT_Wind_Offshore,2050,8,19,19,0.0
34268,LT_Wind_Offshore,2050,8,20,20,0.0
34269,LT_Wind_Offshore,2050,8,21,21,0.0
34270,LT_Wind_Offshore,2050,8,22,22,0.0
34271,LT_Wind_Offshore,2050,8,23,23,0.0
34272,LT_Wind_Offshore,2050,8,24,24,0.0
34273,LT_Wind_Offshore,2050,9,1,1,0.0
34274,LT_Wind_Offshore,2050,9,2,2,0.0
34275,LT_Wind_Offshore,2050,9,3,3,0.0
34276,LT_Wind_Offshore,2050,9,4,4,0.0
34277,LT_Wind_Offshore,2050,9,5,5,0.0
34278,LT_Wind_Offshore,2050,9,6,6,0.0
34279,LT_Wind_Offshore,2050,9,7,7,0.0
34280,LT_Wind_Offshore,2050,9,8,8,0.0
34281,LT_Wind_Offshore,2050,9,9,9,0.0
34282,LT_Wind_Offshore,2050,9,10,10,0.0
34283,LT_Wind_Offshore,2050,9,11,11,0.0
34284,LT_Wind_Offshore,2050,9,12,12,0.0
34285,LT_Wind_Offshore,2050,9,13,13,0.0
34286,LT_Wind_Offshore,2050,9,14,14,0.0
34287,LT_Wind_Offshore,2050,9,15,15,0.0
34288,LT_Wind_Offshore,2050,9,16,16,0.0
34289,LT_Wind_Offshore,2050,9,17,17,0.0
34290,LT_Wind_Offshore,2050,9,18,18,0.0
34291,LT_Wind_Offshore,2050,9,19,19,0.0
34292,LT_Wind_Offshore,2050,9,20,20,0.0
34293,LT_Wind_Offshore,2050,9,21,21,0.0
34294,LT_Wind_Offshore,2050,9,22,22,0.0
34295,LT_Wind_Offshore,2050,9,23,23,0.0
34296,LT_Wind_Offshore,2050,9,24,24,0.0
34297,LT_Wind_Offshore,2050,10,1,1,-1.518
34298,LT_Wind_Offshore,2050,10,2,2,-1.518
34299,LT_Wind_Offshore,2050,10,3,3,-1.518
34300,LT_Wind_Offshore,2050,10,4,4,-1.518
34301,LT_Wind_Offshore,2050,10,5,5,-1.518
34302,LT_Wind_Offshore,2050,10,6,6,-1.518
34303,LT_Wind_Offshore,2050,10,7,7,-1.518
34304,LT_Wind_Offshore,2050,10,8,8,-1.518
34305,LT_Wind_Offshore,2050,10,9,9,-1.518
34306,LT_Wind_Offshore,2050,10,10,10,-1.518
34307,LT_Wind_Offshore,2050,10,11,11,-1.518
34308,LT_Wind_Offshore,2050,10,12,12,-1.518
34309,LT_Wind_Offshore,2050,10,13,13,-1.518
34310,LT_Wind_Offshore,2050,10,14,14,-1.518
34311,LT_Wind_Offshore,2050,10,15,15,-1.518
34312,LT_Wind_Offshore,2050,10,16,16,-1.518
34313,LT_Wind_Offshore,2050,10,17,17,-1.518
34314,LT_Wind_Offshore,2050,10,18,18,-1.518
34315,LT_Wind_Offshore,2050,10,19,19,-1.518
34316,LT_Wind_Offshore,2050,10,20,20,-1.518
34317,LT_Wind_Offshore,2050,10,21,21,-1.518
34318,LT_Wind_Offshore,2050,10,22,22,-1.518
34319,LT_Wind_Offshore,2050,10,23,23,-1.518
34320,LT_Wind_Offshore,2050,10,24,24,-1.518
34321,LT_Wind_Onshore,2050,1,1,1,0.0
34322,LT_Wind_Onshore,2050,1,2,2,0.0
34323,LT_Wind_Onshore,2050,1,3,3,0.0
34324,LT_Wind_Onshore,2050,1,4,4,0.0
34325,LT_Wind_Onshore,2050,1,5,5,-1.749
34326,LT_Wind_Onshore,2050,1,6,6,-1.749
34327,LT_Wind_Onshore,2050,1,7,7,-1.749
34328,LT_Wind_Onshore,2050,1,8,8,-1.749
34329,LT_Wind_Onshore,2050,1,9,9,-1.749
34330,LT_Wind_Onshore,2050,1,10,10,-1.749
34331,LT_Wind_Onshore,2050,1,11,11,-1.749
34332,LT_Wind_Onshore,2050,1,12,12,-1.749
34333,LT_Wind_Onshore,2050,1,13,13,-1.749
34334,LT_Wind_Onshore,2050,1,14,14,-1.749
34335,LT_Wind_Onshore,2050,1,15,15,-1.749
34336,LT_Wind_Onshore,2050,1,16,16,-1.749
34337,LT_Wind_Onshore,2050,1,17,17,-1.749
34338,LT_Wind_Onshore,2050,1,18,18,-1.749
34339,LT_Wind_Onshore,2050,1,19,19,-1.749
34340,LT_Wind_Onshore,2050,1,20,20,-1.749
34341,LT_Wind_Onshore,2050,1,21,21,-1.749
34342,LT_Wind_Onshore,2050,1,22,22,-1.749
34343,LT_Wind_Onshore,2050,1,23,23,-1.749
34344,LT_Wind_Onshore,2050,1,24,24,0.0
34345,LT_Wind_Onshore,2050,2,1,1,0.0
34346,LT_Wind_Onshore,2050,2,2,2,0.0
34347,LT_Wind_Onshore,2050,2,3,3,0.0
34348,LT_Wind_Onshore,2050,2,4,4,0.0
34349,LT_Wind_Onshore,2050,2,5,5,0.0
34350,LT_Wind_Onshore,2050,2,6,6,0.0
34351,LT_Wind_Onshore,2050,2,7,7,0.0
34352,LT_Wind_Onshore,2050,2,8,8,0.0
34353,LT_Wind_Onshore,2050,2,9,9,0.0
34354,LT_Wind_Onshore,2050,2,10,10,-1.6829999999999998
34355,LT_Wind_Onshore,2050,2,11,11,-1.089
34356,LT_Wind_Onshore,2050,2,12,12,-1.089
34357,LT_Wind_Onshore,2050,2,13,13,-1.089
34358,LT_Wind_Onshore,2050,2,14,14,-1.089
34359,LT_Wind_Onshore,2050,2,15,15,-1.089
34360,LT_Wind_Onshore,2050,2,16,16,0.0
34361,LT_Wind_Onshore,2050,2,17,17,0.0
34362,LT_Wind_Onshore,2050,2,18,18,-1.6829999999999998
34363,LT_Wind_Onshore,2050,2,19,19,0.0
34364,LT_Wind_Onshore,2050,2,20,20,0.0
34365,LT_Wind_Onshore,2050,2,21,21,0.0
34366,LT_Wind_Onshore,2050,2,22,22,0.0
34367,LT_Wind_Onshore,2050,2,23,23,0.0
34368,LT_Wind_Onshore,2050,2,24,24,0.0
34369,LT_Wind_Onshore,2050,3,1,1,0.0
34370,LT_Wind_Onshore,2050,3,2,2,0.0
34371,LT_Wind_Onshore,2050,3,3,3,0.0
34372,LT_Wind_Onshore,2050,3,4,4,0.0
34373,LT_Wind_Onshore,2050,3,5,5,0.0
34374,LT_Wind_Onshore,2050,3,6,6,0.0
34375,LT_Wind_Onshore,2050,3,7,7,0.0
34376,LT_Wind_Onshore,2050,3,8,8,0.0
34377,LT_Wind_Onshore,2050,3,9,9,0.0
34378,LT_Wind_Onshore,2050,3,10,10,0.0
34379,LT_Wind_Onshore,2050,3,11,11,0.0
34380,LT_Wind_Onshore,2050,3,12,12,0.0
34381,LT_Wind_Onshore,2050,3,13,13,0.0
34382,LT_Wind_Onshore,2050,3,14,14,0.0
34383,LT_Wind_Onshore,2050,3,15,15,0.0
34384,LT_Wind_Onshore,2050,3,16,16,0.0
34385,LT_Wind_Onshore,2050,3,17,17,0.0
34386,LT_Wind_Onshore,2050,3,18,18,0.0
34387,LT_Wind_Onshore,2050,3,19,19,0.0
34388,LT_Wind_Onshore,2050,3,20,20,0.0
34389,LT_Wind_Onshore,2050,3,21,21,0.0
34390,LT_Wind_Onshore,2050,3,22,22,0.0
34391,LT_Wind_Onshore,2050,3,23,23,0.0
34392,LT_Wind_Onshore,2050,3,24,24,0.0
34393,LT_Wind_Onshore,2050,4,1,1,0.0
34394,LT_Wind_Onshore,2050,4,2,2,0.0
34395,LT_Wind_Onshore,2050,4,3,3,-0.759
34396,LT_Wind_Onshore,2050,4,4,4,-0.759
34397,LT_Wind_Onshore,2050,4,5,5,-0.759
34398,LT_Wind_Onshore,2050,4,6,6,-0.759
34399,LT_Wind_Onshore,2050,4,7,7,-0.759
34400,LT_Wind_Onshore,2050,4,8,8,-0.759
34401,LT_Wind_Onshore,2050,4,9,9,-0.759
34402,LT_Wind_Onshore,2050,4,10,10,-0.759
34403,LT_Wind_Onshore,2050,4,11,11,-1.1729999999999998
34404,LT_Wind_Onshore,2050,4,12,12,-1.1729999999999998
34405,LT_Wind_Onshore,2050,4,13,13,-1.1729999999999998
34406,LT_Wind_Onshore,2050,4,14,14,-1.1729999999999998
34407,LT_Wind_Onshore,2050,4,15,15,-1.1729999999999998
34408,LT_Wind_Onshore,2050,4,16,16,-1.1729999999999998
34409,LT_Wind_Onshore,2050,4,17,17,-1.1729999999999998
34410,LT_Wind_Onshore,2050,4,18,18,-1.1729999999999998
34411,LT_Wind_Onshore,2050,4,19,19,-1.1729999999999998
34412,LT_Wind_Onshore,2050,4,20,20,-1.1729999999999998
34413,LT_Wind_Onshore,2050,4,21,21,-0.759
34414,LT_Wind_Onshore,2050,4,22,22,-0.759
34415,LT_Wind_Onshore,2050,4,23,23,-0.759
34416,LT_Wind_Onshore,2050,4,24,24,-0.759
34417,LT_Wind_Onshore,2050,5,1,1,0.0
34418,LT_Wind_Onshore,2050,5,2,2,0.0
34419,LT_Wind_Onshore,2050,5,3,3,0.0
34420,LT_Wind_Onshore,2050,5,4,4,0.0
34421,LT_Wind_Onshore,2050,5,5,5,0.0
34422,LT_Wind_Onshore,2050,5,6,6,0.0
34423,LT_Wind_Onshore,2050,5,7,7,0.0
34424,LT_Wind_Onshore,2050,5,8,8,0.0
34425,LT_Wind_Onshore,2050,5,9,9,0.0
34426,LT_Wind_Onshore,2050,5,10,10,0.0
34427,LT_Wind_Onshore,2050,5,11,11,0.0
34428,LT_Wind_Onshore,2050,5,12,12,0.0
34429,LT_Wind_Onshore,2050,5,13,13,0.0
34430,LT_Wind_Onshore,2050,5,14,14,0.0
34431,LT_Wind_Onshore,2050,5,15,15,0.0
34432,LT_Wind_Onshore,2050,5,16,16,0.0
34433,LT_Wind_Onshore,2050,5,17,17,0.0
34434,LT_Wind_Onshore,2050,5,18,18,0.0
34435,LT_Wind_Onshore,2050,5,19,19,0.0
34436,LT_Wind_Onshore,2050,5,20,20,0.0
34437,LT_Wind_Onshore,2050,5,21,21,0.0
34438,LT_Wind_Onshore,2050,5,22,22,0.0
34439,LT_Wind_Onshore,2050,5,23,23,0.0
34440,LT_Wind_Onshore,2050,5,24,24,0.0
34441,LT_Wind_Onshore,2050,6,1,1,0.0
34442,LT_Wind_Onshore,2050,6,2,2,0.0
34443,LT_Wind_Onshore,2050,6,3,3,0.0
34444,LT_Wind_Onshore,2050,6,4,4,0.0
34445,LT_Wind_Onshore,2050,6,5,5,0.0
34446,LT_Wind_Onshore,2050,6,6,6,-0.5940000000000001
34447,LT_Wind_Onshore,2050,6,7,7,-0.5940000000000001
34448,LT_Wind_Onshore,2050,6,8,8,-0.5940000000000001
34449,LT_Wind_Onshore,2050,6,9,9,-0.5940000000000001
34450,LT_Wind_Onshore,2050,6,10,10,-0.5940000000000001
34451,LT_Wind_Onshore,2050,6,11,11,-0.5940000000000001
34452,LT_Wind_Onshore,2050,6,12,12,-0.5940000000000001
34453,LT_Wind_Onshore,2050,6,13,13,-0.5940000000000001
34454,LT_Wind_Onshore,2050,6,14,14,-0.5940000000000001
34455,LT_Wind_Onshore,2050,6,15,15,-0.5940000000000001
34456,LT_Wind_Onshore,2050,6,16,16,-0.5940000000000001
34457,LT_Wind_Onshore,2050,6,17,17,-0.5940000000000001
34458,LT_Wind_Onshore,2050,6,18,18,-0.5940000000000001
34459,LT_Wind_Onshore,2050,6,19,19,-0.5940000000000001
34460,LT_Wind_Onshore,2050,6,20,20,-0.5940000000000001
34461,LT_Wind_Onshore,2050,6,21,21,-0.5940000000000001
34462,LT_Wind_Onshore,2050,6,22,22,-0.5940000000000001
34463,LT_Wind_Onshore,2050,6,23,23,0.0
34464,LT_Wind_Onshore,2050,6,24,24,0.0
34465,LT_Wind_Onshore,2050,7,1,1,0.0
34466,LT_Wind_Onshore,2050,7,2,2,0.0
34467,LT_Wind_Onshore,2050,7,3,3,0.0
34468,LT_Wind_Onshore,2050,7,4,4,0.0
34469,LT_Wind_Onshore,2050,7,5,5,0.0
34470,LT_Wind_Onshore,2050,7,6,6,0.0
34471,LT_Wind_Onshore,2050,7,7,7,0.0
34472,LT_Wind_Onshore,2050,7,8,8,0.0
34473,LT_Wind_Onshore,2050,7,9,9,0.0
34474,LT_Wind_Onshore,2050,7,10,10,0.0
34475,LT_Wind_Onshore,2050,7,11,11,0.0
34476,LT_Wind_Onshore,2050,7,12,12,0.0
34477,LT_Wind_Onshore,2050,7,13,13,0.0
34478,LT_Wind_Onshore,2050,7,14,14,0.0
34479,LT_Wind_Onshore,2050,7,15,15,0.0
34480,LT_Wind_Onshore,2050,7,16,16,0.0
34481,LT_Wind_Onshore,2050,7,17,17,0.0
34482,LT_Wind_Onshore,2050,7,18,18,0.0
34483,LT_Wind_Onshore,2050,7,19,19,0.0
34484,LT_Wind_Onshore,2050,7,20,20,0.0
34485,LT_Wind_Onshore,2050,7,21,21,0.0
34486,LT_Wind_Onshore,2050,7,22,22,0.0
34487,LT_Wind_Onshore,2050,7,23,23,0.0
34488,LT_Wind_Onshore,2050,7,24,24,0.0
34489,LT_Wind_Onshore,2050,8,1,1,0.0
34490,LT_Wind_Onshore,2050,8,2,2,0.0
34491,LT_Wind_Onshore,2050,8,3,3,0.0
34492,LT_Wind_Onshore,2050,8,4,4,0.0
34493,LT_Wind_Onshore,2050,8,5,5,0.0
34494,LT_Wind_Onshore,2050,8,6,6,0.0
34495,LT_Wind_Onshore,2050,8,7,7,0.0
34496,LT_Wind_Onshore,2050,8,8,8,0.0
34497,LT_Wind_Onshore,2050,8,9,9,-18.329331411332674
34498,LT_Wind_Onshore,2050,8,10,10,-7.210165705666338
34499,LT_Wind_Onshore,2050,8,11,11,0.0
34500,LT_Wind_Onshore,2050,8,12,12,0.0
34501,LT_Wind_Onshore,2050,8,13,13,0.0
34502,LT_Wind_Onshore,2050,8,14,14,0.0
34503,LT_Wind_Onshore,2050,8,15,15,0.0
34504,LT_Wind_Onshore,2050,8,16,16,0.0
34505,LT_Wind_Onshore,2050,8,17,17,-1.581
34506,LT_Wind_Onshore,2050,8,18,18,-1.581
34507,LT_Wind_Onshore,2050,8,19,19,0.0
34508,LT_Wind_Onshore,2050,8,20,20,0.0
34509,LT_Wind_Onshore,2050,8,21,21,0.0
34510,LT_Wind_Onshore,2050,8,22,22,0.0
34511,LT_Wind_Onshore,2050,8,23,23,0.0
34512,LT_Wind_Onshore,2050,8,24,24,0.0
34513,LT_Wind_Onshore,2050,9,1,1,0.0
34514,LT_Wind_Onshore,2050,9,2,2,0.0
34515,LT_Wind_Onshore,2050,9,3,3,0.0
34516,LT_Wind_Onshore,2050,9,4,4,0.0
34517,LT_Wind_Onshore,2050,9,5,5,0.0
34518,LT_Wind_Onshore,2050,9,6,6,0.0
34519,LT_Wind_Onshore,2050,9,7,7,0.0
34520,LT_Wind_Onshore,2050,9,8,8,0.0
34521,LT_Wind_Onshore,2050,9,9,9,0.0
34522,LT_Wind_Onshore,2050,9,10,10,0.0
34523,LT_Wind_Onshore,2050,9,11,11,0.0
34524,LT_Wind_Onshore,2050,9,12,12,0.0
34525,LT_Wind_Onshore,2050,9,13,13,0.0
34526,LT_Wind_Onshore,2050,9,14,14,0.0
34527,LT_Wind_Onshore,2050,9,15,15,0.0
34528,LT_Wind_Onshore,2050,9,16,16,0.0
34529,LT_Wind_Onshore,2050,9,17,17,0.0
34530,LT_Wind_Onshore,2050,9,18,18,0.0
34531,LT_Wind_Onshore,2050,9,19,19,0.0
34532,LT_Wind_Onshore,2050,9,20,20,0.0
34533,LT_Wind_Onshore,2050,9,21,21,0.0
34534,LT_Wind_Onshore,2050,9,22,22,0.0
34535,LT_Wind_Onshore,2050,9,23,23,0.0
34536,LT_Wind_Onshore,2050,9,24,24,0.0
34537,LT_Wind_Onshore,2050,10,1,1,-1.518
34538,LT_Wind_Onshore,2050,10,2,2,-1.518
34539,LT_Wind_Onshore,2050,10,3,3,-1.518
34540,LT_Wind_Onshore,2050,10,4,4,-1.518
34541,LT_Wind_Onshore,2050,10,5,5,-1.518
34542,LT_Wind_Onshore,2050,10,6,6,-1.518
34543,LT_Wind_Onshore,2050,10,7,7,-1.518
34544,LT_Wind_Onshore,2050,10,8,8,-1.518
34545,LT_Wind_Onshore,2050,10,9,9,-1.518
34546,LT_Wind_Onshore,2050,10,10,10,-1.518
34547,LT_Wind_Onshore,2050,10,11,11,-1.518
34548,LT_Wind_Onshore,2050,10,12,12,-1.518
34549,LT_Wind_Onshore,2050,10,13,13,-1.518
34550,LT_Wind_Onshore,2050,10,14,14,-1.518
34551,LT_Wind_Onshore,2050,10,15,15,-1.518
34552,LT_Wind_Onshore,2050,10,16,16,-1.518
34553,LT_Wind_Onshore,2050,10,17,17,-1.518
34554,LT_Wind_Onshore,2050,10,18,18,-1.518
34555,LT_Wind_Onshore,2050,10,19,19,-1.518
34556,LT_Wind_Onshore,2050,10,20,20,-1.518
34557,LT_Wind_Onshore,2050,10,21,21,-1.518
34558,LT_Wind_Onshore,2050,10,22,22,-1.518
34559,LT_Wind_Onshore,2050,10,23,23,-1.518
34560,LT_Wind_Onshore,2050,10,24,24,-1.518
34561,LU_Battery,2050,1,1,1,0.0
34562,LU_Battery,2050,1,2,2,0.0
34563,LU_Battery,2050,1,3,3,0.0
34564,LU_Battery,2050,1,4,4,0.0
34565,LU_Battery,2050,1,5,5,0.0
34566,LU_Battery,2050,1,6,6,0.0
34567,LU_Battery,2050,1,7,7,0.0
34568,LU_Battery,2050,1,8,8,0.0
34569,LU_Battery,2050,1,9,9,0.0
34570,LU_Battery,2050,1,10,10,0.0
34571,LU_Battery,2050,1,11,11,0.0
34572,LU_Battery,2050,1,12,12,0.0
34573,LU_Battery,2050,1,13,13,0.0
34574,LU_Battery,2050,1,14,14,0.0
34575,LU_Battery,2050,1,15,15,0.0
34576,LU_Battery,2050,1,16,16,0.0
34577,LU_Battery,2050,1,17,17,0.0
34578,LU_Battery,2050,1,18,18,0.0
34579,LU_Battery,2050,1,19,19,-13.396165705666336
34580,LU_Battery,2050,1,20,20,0.0
34581,LU_Battery,2050,1,21,21,0.0
34582,LU_Battery,2050,1,22,22,0.0
34583,LU_Battery,2050,1,23,23,0.0
34584,LU_Battery,2050,1,24,24,0.0
34585,LU_Battery,2050,2,1,1,0.0
34586,LU_Battery,2050,2,2,2,0.0
34587,LU_Battery,2050,2,3,3,0.0
34588,LU_Battery,2050,2,4,4,0.0
34589,LU_Battery,2050,2,5,5,0.0
34590,LU_Battery,2050,2,6,6,0.0
34591,LU_Battery,2050,2,7,7,0.0
34592,LU_Battery,2050,2,8,8,0.0
34593,LU_Battery,2050,2,9,9,0.0
34594,LU_Battery,2050,2,10,10,0.0
34595,LU_Battery,2050,2,11,11,0.0
34596,LU_Battery,2050,2,12,12,0.0
34597,LU_Battery,2050,2,13,13,0.0
34598,LU_Battery,2050,2,14,14,0.0
34599,LU_Battery,2050,2,15,15,0.0
34600,LU_Battery,2050,2,16,16,0.0
34601,LU_Battery,2050,2,17,17,0.0
34602,LU_Battery,2050,2,18,18,0.0
34603,LU_Battery,2050,2,19,19,0.0
34604,LU_Battery,2050,2,20,20,0.0
34605,LU_Battery,2050,2,21,21,0.0
34606,LU_Battery,2050,2,22,22,0.0
34607,LU_Battery,2050,2,23,23,0.0
34608,LU_Battery,2050,2,24,24,0.0
34609,LU_Battery,2050,3,1,1,0.0
34610,LU_Battery,2050,3,2,2,0.0
34611,LU_Battery,2050,3,3,3,0.0
34612,LU_Battery,2050,3,4,4,0.0
34613,LU_Battery,2050,3,5,5,0.0
34614,LU_Battery,2050,3,6,6,0.0
34615,LU_Battery,2050,3,7,7,0.0
34616,LU_Battery,2050,3,8,8,0.0
34617,LU_Battery,2050,3,9,9,0.0
34618,LU_Battery,2050,3,10,10,0.0
34619,LU_Battery,2050,3,11,11,0.0
34620,LU_Battery,2050,3,12,12,0.0
34621,LU_Battery,2050,3,13,13,0.0
34622,LU_Battery,2050,3,14,14,0.0
34623,LU_Battery,2050,3,15,15,0.0
34624,LU_Battery,2050,3,16,16,0.0
34625,LU_Battery,2050,3,17,17,0.0
34626,LU_Battery,2050,3,18,18,0.0
34627,LU_Battery,2050,3,19,19,0.0
34628,LU_Battery,2050,3,20,20,0.0
34629,LU_Battery,2050,3,21,21,0.0
34630,LU_Battery,2050,3,22,22,0.0
34631,LU_Battery,2050,3,23,23,0.0
34632,LU_Battery,2050,3,24,24,0.0
34633,LU_Battery,2050,4,1,1,0.0
34634,LU_Battery,2050,4,2,2,0.0
34635,LU_Battery,2050,4,3,3,0.0
34636,LU_Battery,2050,4,4,4,0.0
34637,LU_Battery,2050,4,5,5,0.0
34638,LU_Battery,2050,4,6,6,0.0
34639,LU_Battery,2050,4,7,7,0.0
34640,LU_Battery,2050,4,8,8,0.0
34641,LU_Battery,2050,4,9,9,0.0
34642,LU_Battery,2050,4,10,10,0.0
34643,LU_Battery,2050,4,11,11,0.0
34644,LU_Battery,2050,4,12,12,0.0
34645,LU_Battery,2050,4,13,13,0.0
34646,LU_Battery,2050,4,14,14,0.0
34647,LU_Battery,2050,4,15,15,0.0
34648,LU_Battery,2050,4,16,16,0.0
34649,LU_Battery,2050,4,17,17,0.0
34650,LU_Battery,2050,4,18,18,0.0
34651,LU_Battery,2050,4,19,19,0.0
34652,LU_Battery,2050,4,20,20,0.0
34653,LU_Battery,2050,4,21,21,0.0
34654,LU_Battery,2050,4,22,22,0.0
34655,LU_Battery,2050,4,23,23,0.0
34656,LU_Battery,2050,4,24,24,0.0
34657,LU_Battery,2050,5,1,1,0.0
34658,LU_Battery,2050,5,2,2,0.0
34659,LU_Battery,2050,5,3,3,0.0
34660,LU_Battery,2050,5,4,4,0.0
34661,LU_Battery,2050,5,5,5,0.0
34662,LU_Battery,2050,5,6,6,0.0
34663,LU_Battery,2050,5,7,7,0.0
34664,LU_Battery,2050,5,8,8,0.0
34665,LU_Battery,2050,5,9,9,0.0
34666,LU_Battery,2050,5,10,10,0.0
34667,LU_Battery,2050,5,11,11,0.0
34668,LU_Battery,2050,5,12,12,0.0
34669,LU_Battery,2050,5,13,13,0.0
34670,LU_Battery,2050,5,14,14,0.0
34671,LU_Battery,2050,5,15,15,0.0
34672,LU_Battery,2050,5,16,16,0.0
34673,LU_Battery,2050,5,17,17,0.0
34674,LU_Battery,2050,5,18,18,0.0
34675,LU_Battery,2050,5,19,19,0.0
34676,LU_Battery,2050,5,20,20,0.0
34677,LU_Battery,2050,5,21,21,0.0
34678,LU_Battery,2050,5,22,22,0.0
34679,LU_Battery,2050,5,23,23,0.0
34680,LU_Battery,2050,5,24,24,0.0
34681,LU_Battery,2050,6,1,1,0.0
34682,LU_Battery,2050,6,2,2,0.0
34683,LU_Battery,2050,6,3,3,0.0
34684,LU_Battery,2050,6,4,4,0.0
34685,LU_Battery,2050,6,5,5,0.0
34686,LU_Battery,2050,6,6,6,0.0
34687,LU_Battery,2050,6,7,7,0.0
34688,LU_Battery,2050,6,8,8,0.0
34689,LU_Battery,2050,6,9,9,0.0
34690,LU_Battery,2050,6,10,10,0.0
34691,LU_Battery,2050,6,11,11,0.0
34692,LU_Battery,2050,6,12,12,0.0
34693,LU_Battery,2050,6,13,13,0.0
34694,LU_Battery,2050,6,14,14,0.0
34695,LU_Battery,2050,6,15,15,0.0
34696,LU_Battery,2050,6,16,16,0.0
34697,LU_Battery,2050,6,17,17,0.0
34698,LU_Battery,2050,6,18,18,0.0
34699,LU_Battery,2050,6,19,19,0.0
34700,LU_Battery,2050,6,20,20,0.0
34701,LU_Battery,2050,6,21,21,0.0
34702,LU_Battery,2050,6,22,22,0.0
34703,LU_Battery,2050,6,23,23,0.0
34704,LU_Battery,2050,6,24,24,0.0
34705,LU_Battery,2050,7,1,1,0.0
34706,LU_Battery,2050,7,2,2,0.0
34707,LU_Battery,2050,7,3,3,0.0
34708,LU_Battery,2050,7,4,4,0.0
34709,LU_Battery,2050,7,5,5,0.0
34710,LU_Battery,2050,7,6,6,0.0
34711,LU_Battery,2050,7,7,7,0.0
34712,LU_Battery,2050,7,8,8,0.0
34713,LU_Battery,2050,7,9,9,0.0
34714,LU_Battery,2050,7,10,10,0.0
34715,LU_Battery,2050,7,11,11,0.0
34716,LU_Battery,2050,7,12,12,0.0
34717,LU_Battery,2050,7,13,13,0.0
34718,LU_Battery,2050,7,14,14,0.0
34719,LU_Battery,2050,7,15,15,0.0
34720,LU_Battery,2050,7,16,16,0.0
34721,LU_Battery,2050,7,17,17,0.0
34722,LU_Battery,2050,7,18,18,0.0
34723,LU_Battery,2050,7,19,19,0.0
34724,LU_Battery,2050,7,20,20,0.0
34725,LU_Battery,2050,7,21,21,0.0
34726,LU_Battery,2050,7,22,22,0.0
34727,LU_Battery,2050,7,23,23,0.0
34728,LU_Battery,2050,7,24,24,0.0
34729,LU_Battery,2050,8,1,1,0.0
34730,LU_Battery,2050,8,2,2,0.0
34731,LU_Battery,2050,8,3,3,0.0
34732,LU_Battery,2050,8,4,4,0.0
34733,LU_Battery,2050,8,5,5,0.0
34734,LU_Battery,2050,8,6,6,0.0
34735,LU_Battery,2050,8,7,7,0.0
34736,LU_Battery,2050,8,8,8,0.0
34737,LU_Battery,2050,8,9,9,0.0
34738,LU_Battery,2050,8,10,10,0.0
34739,LU_Battery,2050,8,11,11,0.0
34740,LU_Battery,2050,8,12,12,0.0
34741,LU_Battery,2050,8,13,13,0.0
34742,LU_Battery,2050,8,14,14,0.0
34743,LU_Battery,2050,8,15,15,0.0
34744,LU_Battery,2050,8,16,16,0.0
34745,LU_Battery,2050,8,17,17,0.0
34746,LU_Battery,2050,8,18,18,0.0
34747,LU_Battery,2050,8,19,19,0.0
34748,LU_Battery,2050,8,20,20,0.0
34749,LU_Battery,2050,8,21,21,0.0
34750,LU_Battery,2050,8,22,22,0.0
34751,LU_Battery,2050,8,23,23,0.0
34752,LU_Battery,2050,8,24,24,0.0
34753,LU_Battery,2050,9,1,1,0.0
34754,LU_Battery,2050,9,2,2,0.0
34755,LU_Battery,2050,9,3,3,0.0
34756,LU_Battery,2050,9,4,4,0.0
34757,LU_Battery,2050,9,5,5,0.0
34758,LU_Battery,2050,9,6,6,0.0
34759,LU_Battery,2050,9,7,7,0.0
34760,LU_Battery,2050,9,8,8,0.0
34761,LU_Battery,2050,9,9,9,0.0
34762,LU_Battery,2050,9,10,10,0.0
34763,LU_Battery,2050,9,11,11,0.0
34764,LU_Battery,2050,9,12,12,0.0
34765,LU_Battery,2050,9,13,13,0.0
34766,LU_Battery,2050,9,14,14,0.0
34767,LU_Battery,2050,9,15,15,0.0
34768,LU_Battery,2050,9,16,16,0.0
34769,LU_Battery,2050,9,17,17,0.0
34770,LU_Battery,2050,9,18,18,0.0
34771,LU_Battery,2050,9,19,19,0.0
34772,LU_Battery,2050,9,20,20,0.0
34773,LU_Battery,2050,9,21,21,0.0
34774,LU_Battery,2050,9,22,22,0.0
34775,LU_Battery,2050,9,23,23,0.0
34776,LU_Battery,2050,9,24,24,0.0
34777,LU_Battery,2050,10,1,1,0.0
34778,LU_Battery,2050,10,2,2,0.0
34779,LU_Battery,2050,10,3,3,0.0
34780,LU_Battery,2050,10,4,4,0.0
34781,LU_Battery,2050,10,5,5,0.0
34782,LU_Battery,2050,10,6,6,0.0
34783,LU_Battery,2050,10,7,7,0.0
34784,LU_Battery,2050,10,8,8,0.0
34785,LU_Battery,2050,10,9,9,0.0
34786,LU_Battery,2050,10,10,10,0.0
34787,LU_Battery,2050,10,11,11,0.0
34788,LU_Battery,2050,10,12,12,0.0
34789,LU_Battery,2050,10,13,13,0.0
34790,LU_Battery,2050,10,14,14,0.0
34791,LU_Battery,2050,10,15,15,0.0
34792,LU_Battery,2050,10,16,16,0.0
34793,LU_Battery,2050,10,17,17,0.0
34794,LU_Battery,2050,10,18,18,0.0
34795,LU_Battery,2050,10,19,19,0.0
34796,LU_Battery,2050,10,20,20,0.0
34797,LU_Battery,2050,10,21,21,0.0
34798,LU_Battery,2050,10,22,22,0.0
34799,LU_Battery,2050,10,23,23,0.0
34800,LU_Battery,2050,10,24,24,0.0
34801,LU_CCGT,2050,1,1,1,0.0
34802,LU_CCGT,2050,1,2,2,0.0
34803,LU_CCGT,2050,1,3,3,0.0
34804,LU_CCGT,2050,1,4,4,0.0
34805,LU_CCGT,2050,1,5,5,0.0
34806,LU_CCGT,2050,1,6,6,0.0
34807,LU_CCGT,2050,1,7,7,0.0
34808,LU_CCGT,2050,1,8,8,0.0
34809,LU_CCGT,2050,1,9,9,0.0
34810,LU_CCGT,2050,1,10,10,0.0
34811,LU_CCGT,2050,1,11,11,0.0
34812,LU_CCGT,2050,1,12,12,0.0
34813,LU_CCGT,2050,1,13,13,0.0
34814,LU_CCGT,2050,1,14,14,0.0
34815,LU_CCGT,2050,1,15,15,0.0
34816,LU_CCGT,2050,1,16,16,0.0
34817,LU_CCGT,2050,1,17,17,0.0
34818,LU_CCGT,2050,1,18,18,0.0
34819,LU_CCGT,2050,1,19,19,0.0
34820,LU_CCGT,2050,1,20,20,0.0
34821,LU_CCGT,2050,1,21,21,0.0
34822,LU_CCGT,2050,1,22,22,0.0
34823,LU_CCGT,2050,1,23,23,0.0
34824,LU_CCGT,2050,1,24,24,0.0
34825,LU_CCGT,2050,2,1,1,0.0
34826,LU_CCGT,2050,2,2,2,0.0
34827,LU_CCGT,2050,2,3,3,0.0
34828,LU_CCGT,2050,2,4,4,0.0
34829,LU_CCGT,2050,2,5,5,0.0
34830,LU_CCGT,2050,2,6,6,0.0
34831,LU_CCGT,2050,2,7,7,0.0
34832,LU_CCGT,2050,2,8,8,0.0
34833,LU_CCGT,2050,2,9,9,0.0
34834,LU_CCGT,2050,2,10,10,0.0
34835,LU_CCGT,2050,2,11,11,0.0
34836,LU_CCGT,2050,2,12,12,0.0
34837,LU_CCGT,2050,2,13,13,0.0
34838,LU_CCGT,2050,2,14,14,0.0
34839,LU_CCGT,2050,2,15,15,0.0
34840,LU_CCGT,2050,2,16,16,0.0
34841,LU_CCGT,2050,2,17,17,0.0
34842,LU_CCGT,2050,2,18,18,0.0
34843,LU_CCGT,2050,2,19,19,0.0
34844,LU_CCGT,2050,2,20,20,0.0
34845,LU_CCGT,2050,2,21,21,0.0
34846,LU_CCGT,2050,2,22,22,0.0
34847,LU_CCGT,2050,2,23,23,0.0
34848,LU_CCGT,2050,2,24,24,0.0
34849,LU_CCGT,2050,3,1,1,0.0
34850,LU_CCGT,2050,3,2,2,0.0
34851,LU_CCGT,2050,3,3,3,0.0
34852,LU_CCGT,2050,3,4,4,0.0
34853,LU_CCGT,2050,3,5,5,0.0
34854,LU_CCGT,2050,3,6,6,0.0
34855,LU_CCGT,2050,3,7,7,0.0
34856,LU_CCGT,2050,3,8,8,0.0
34857,LU_CCGT,2050,3,9,9,0.0
34858,LU_CCGT,2050,3,10,10,0.0
34859,LU_CCGT,2050,3,11,11,0.0
34860,LU_CCGT,2050,3,12,12,0.0
34861,LU_CCGT,2050,3,13,13,0.0
34862,LU_CCGT,2050,3,14,14,0.0
34863,LU_CCGT,2050,3,15,15,0.0
34864,LU_CCGT,2050,3,16,16,0.0
34865,LU_CCGT,2050,3,17,17,0.0
34866,LU_CCGT,2050,3,18,18,0.0
34867,LU_CCGT,2050,3,19,19,0.0
34868,LU_CCGT,2050,3,20,20,0.0
34869,LU_CCGT,2050,3,21,21,0.0
34870,LU_CCGT,2050,3,22,22,0.0
34871,LU_CCGT,2050,3,23,23,0.0
34872,LU_CCGT,2050,3,24,24,0.0
34873,LU_CCGT,2050,4,1,1,0.0
34874,LU_CCGT,2050,4,2,2,0.0
34875,LU_CCGT,2050,4,3,3,0.0
34876,LU_CCGT,2050,4,4,4,0.0
34877,LU_CCGT,2050,4,5,5,0.0
34878,LU_CCGT,2050,4,6,6,0.0
34879,LU_CCGT,2050,4,7,7,0.0
34880,LU_CCGT,2050,4,8,8,0.0
34881,LU_CCGT,2050,4,9,9,0.0
34882,LU_CCGT,2050,4,10,10,0.0
34883,LU_CCGT,2050,4,11,11,0.0
34884,LU_CCGT,2050,4,12,12,0.0
34885,LU_CCGT,2050,4,13,13,0.0
34886,LU_CCGT,2050,4,14,14,0.0
34887,LU_CCGT,2050,4,15,15,0.0
34888,LU_CCGT,2050,4,16,16,0.0
34889,LU_CCGT,2050,4,17,17,0.0
34890,LU_CCGT,2050,4,18,18,0.0
34891,LU_CCGT,2050,4,19,19,0.0
34892,LU_CCGT,2050,4,20,20,0.0
34893,LU_CCGT,2050,4,21,21,0.0
34894,LU_CCGT,2050,4,22,22,0.0
34895,LU_CCGT,2050,4,23,23,0.0
34896,LU_CCGT,2050,4,24,24,0.0
34897,LU_CCGT,2050,5,1,1,0.0
34898,LU_CCGT,2050,5,2,2,0.0
34899,LU_CCGT,2050,5,3,3,0.0
34900,LU_CCGT,2050,5,4,4,0.0
34901,LU_CCGT,2050,5,5,5,0.0
34902,LU_CCGT,2050,5,6,6,0.0
34903,LU_CCGT,2050,5,7,7,0.0
34904,LU_CCGT,2050,5,8,8,0.0
34905,LU_CCGT,2050,5,9,9,0.0
34906,LU_CCGT,2050,5,10,10,0.0
34907,LU_CCGT,2050,5,11,11,0.0
34908,LU_CCGT,2050,5,12,12,0.0
34909,LU_CCGT,2050,5,13,13,0.0
34910,LU_CCGT,2050,5,14,14,0.0
34911,LU_CCGT,2050,5,15,15,0.0
34912,LU_CCGT,2050,5,16,16,0.0
34913,LU_CCGT,2050,5,17,17,0.0
34914,LU_CCGT,2050,5,18,18,0.0
34915,LU_CCGT,2050,5,19,19,0.0
34916,LU_CCGT,2050,5,20,20,0.0
34917,LU_CCGT,2050,5,21,21,0.0
34918,LU_CCGT,2050,5,22,22,0.0
34919,LU_CCGT,2050,5,23,23,0.0
34920,LU_CCGT,2050,5,24,24,0.0
34921,LU_CCGT,2050,6,1,1,0.0
34922,LU_CCGT,2050,6,2,2,0.0
34923,LU_CCGT,2050,6,3,3,0.0
34924,LU_CCGT,2050,6,4,4,0.0
34925,LU_CCGT,2050,6,5,5,0.0
34926,LU_CCGT,2050,6,6,6,0.0
34927,LU_CCGT,2050,6,7,7,0.0
34928,LU_CCGT,2050,6,8,8,0.0
34929,LU_CCGT,2050,6,9,9,0.0
34930,LU_CCGT,2050,6,10,10,0.0
34931,LU_CCGT,2050,6,11,11,0.0
34932,LU_CCGT,2050,6,12,12,0.0
34933,LU_CCGT,2050,6,13,13,0.0
34934,LU_CCGT,2050,6,14,14,0.0
34935,LU_CCGT,2050,6,15,15,0.0
34936,LU_CCGT,2050,6,16,16,0.0
34937,LU_CCGT,2050,6,17,17,0.0
34938,LU_CCGT,2050,6,18,18,0.0
34939,LU_CCGT,2050,6,19,19,0.0
34940,LU_CCGT,2050,6,20,20,0.0
34941,LU_CCGT,2050,6,21,21,0.0
34942,LU_CCGT,2050,6,22,22,0.0
34943,LU_CCGT,2050,6,23,23,0.0
34944,LU_CCGT,2050,6,24,24,0.0
34945,LU_CCGT,2050,7,1,1,0.0
34946,LU_CCGT,2050,7,2,2,0.0
34947,LU_CCGT,2050,7,3,3,0.0
34948,LU_CCGT,2050,7,4,4,0.0
34949,LU_CCGT,2050,7,5,5,0.0
34950,LU_CCGT,2050,7,6,6,0.0
34951,LU_CCGT,2050,7,7,7,-11.548165705666337
34952,LU_CCGT,2050,7,8,8,-11.548165705666337
34953,LU_CCGT,2050,7,9,9,-11.548165705666337
34954,LU_CCGT,2050,7,10,10,-11.548165705666337
34955,LU_CCGT,2050,7,11,11,0.0
34956,LU_CCGT,2050,7,12,12,0.0
34957,LU_CCGT,2050,7,13,13,0.0
34958,LU_CCGT,2050,7,14,14,0.0
34959,LU_CCGT,2050,7,15,15,0.0
34960,LU_CCGT,2050,7,16,16,0.0
34961,LU_CCGT,2050,7,17,17,0.0
34962,LU_CCGT,2050,7,18,18,0.0
34963,LU_CCGT,2050,7,19,19,0.0
34964,LU_CCGT,2050,7,20,20,0.0
34965,LU_CCGT,2050,7,21,21,0.0
34966,LU_CCGT,2050,7,22,22,0.0
34967,LU_CCGT,2050,7,23,23,0.0
34968,LU_CCGT,2050,7,24,24,0.0
34969,LU_CCGT,2050,8,1,1,0.0
34970,LU_CCGT,2050,8,2,2,0.0
34971,LU_CCGT,2050,8,3,3,0.0
34972,LU_CCGT,2050,8,4,4,0.0
34973,LU_CCGT,2050,8,5,5,0.0
34974,LU_CCGT,2050,8,6,6,0.0
34975,LU_CCGT,2050,8,7,7,0.0
34976,LU_CCGT,2050,8,8,8,0.0
34977,LU_CCGT,2050,8,9,9,0.0
34978,LU_CCGT,2050,8,10,10,0.0
34979,LU_CCGT,2050,8,11,11,0.0
34980,LU_CCGT,2050,8,12,12,0.0
34981,LU_CCGT,2050,8,13,13,0.0
34982,LU_CCGT,2050,8,14,14,0.0
34983,LU_CCGT,2050,8,15,15,0.0
34984,LU_CCGT,2050,8,16,16,0.0
34985,LU_CCGT,2050,8,17,17,0.0
34986,LU_CCGT,2050,8,18,18,0.0
34987,LU_CCGT,2050,8,19,19,0.0
34988,LU_CCGT,2050,8,20,20,0.0
34989,LU_CCGT,2050,8,21,21,0.0
34990,LU_CCGT,2050,8,22,22,0.0
34991,LU_CCGT,2050,8,23,23,0.0
34992,LU_CCGT,2050,8,24,24,0.0
34993,LU_CCGT,2050,9,1,1,0.0
34994,LU_CCGT,2050,9,2,2,0.0
34995,LU_CCGT,2050,9,3,3,0.0
34996,LU_CCGT,2050,9,4,4,0.0
34997,LU_CCGT,2050,9,5,5,0.0
34998,LU_CCGT,2050,9,6,6,0.0
34999,LU_CCGT,2050,9,7,7,0.0
35000,LU_CCGT,2050,9,8,8,0.0
35001,LU_CCGT,2050,9,9,9,0.0
35002,LU_CCGT,2050,9,10,10,0.0
35003,LU_CCGT,2050,9,11,11,0.0
35004,LU_CCGT,2050,9,12,12,0.0
35005,LU_CCGT,2050,9,13,13,0.0
35006,LU_CCGT,2050,9,14,14,0.0
35007,LU_CCGT,2050,9,15,15,0.0
35008,LU_CCGT,2050,9,16,16,0.0
35009,LU_CCGT,2050,9,17,17,0.0
35010,LU_CCGT,2050,9,18,18,0.0
35011,LU_CCGT,2050,9,19,19,0.0
35012,LU_CCGT,2050,9,20,20,0.0
35013,LU_CCGT,2050,9,21,21,0.0
35014,LU_CCGT,2050,9,22,22,0.0
35015,LU_CCGT,2050,9,23,23,0.0
35016,LU_CCGT,2050,9,24,24,0.0
35017,LU_CCGT,2050,10,1,1,0.0
35018,LU_CCGT,2050,10,2,2,0.0
35019,LU_CCGT,2050,10,3,3,0.0
35020,LU_CCGT,2050,10,4,4,0.0
35021,LU_CCGT,2050,10,5,5,0.0
35022,LU_CCGT,2050,10,6,6,0.0
35023,LU_CCGT,2050,10,7,7,0.0
35024,LU_CCGT,2050,10,8,8,0.0
35025,LU_CCGT,2050,10,9,9,0.0
35026,LU_CCGT,2050,10,10,10,0.0
35027,LU_CCGT,2050,10,11,11,0.0
35028,LU_CCGT,2050,10,12,12,0.0
35029,LU_CCGT,2050,10,13,13,0.0
35030,LU_CCGT,2050,10,14,14,0.0
35031,LU_CCGT,2050,10,15,15,0.0
35032,LU_CCGT,2050,10,16,16,0.0
35033,LU_CCGT,2050,10,17,17,0.0
35034,LU_CCGT,2050,10,18,18,0.0
35035,LU_CCGT,2050,10,19,19,0.0
35036,LU_CCGT,2050,10,20,20,0.0
35037,LU_CCGT,2050,10,21,21,0.0
35038,LU_CCGT,2050,10,22,22,0.0
35039,LU_CCGT,2050,10,23,23,0.0
35040,LU_CCGT,2050,10,24,24,0.0
35041,LU_Coal,2050,1,1,1,0.0
35042,LU_Coal,2050,1,2,2,0.0
35043,LU_Coal,2050,1,3,3,0.0
35044,LU_Coal,2050,1,4,4,0.0
35045,LU_Coal,2050,1,5,5,0.0
35046,LU_Coal,2050,1,6,6,0.0
35047,LU_Coal,2050,1,7,7,0.0
35048,LU_Coal,2050,1,8,8,0.0
35049,LU_Coal,2050,1,9,9,0.0
35050,LU_Coal,2050,1,10,10,0.0
35051,LU_Coal,2050,1,11,11,0.0
35052,LU_Coal,2050,1,12,12,0.0
35053,LU_Coal,2050,1,13,13,0.0
35054,LU_Coal,2050,1,14,14,0.0
35055,LU_Coal,2050,1,15,15,0.0
35056,LU_Coal,2050,1,16,16,0.0
35057,LU_Coal,2050,1,17,17,0.0
35058,LU_Coal,2050,1,18,18,0.0
35059,LU_Coal,2050,1,19,19,-12.458065705666336
35060,LU_Coal,2050,1,20,20,0.0
35061,LU_Coal,2050,1,21,21,0.0
35062,LU_Coal,2050,1,22,22,0.0
35063,LU_Coal,2050,1,23,23,0.0
35064,LU_Coal,2050,1,24,24,0.0
35065,LU_Coal,2050,2,1,1,0.0
35066,LU_Coal,2050,2,2,2,0.0
35067,LU_Coal,2050,2,3,3,0.0
35068,LU_Coal,2050,2,4,4,0.0
35069,LU_Coal,2050,2,5,5,0.0
35070,LU_Coal,2050,2,6,6,0.0
35071,LU_Coal,2050,2,7,7,0.0
35072,LU_Coal,2050,2,8,8,0.0
35073,LU_Coal,2050,2,9,9,0.0
35074,LU_Coal,2050,2,10,10,0.0
35075,LU_Coal,2050,2,11,11,0.0
35076,LU_Coal,2050,2,12,12,0.0
35077,LU_Coal,2050,2,13,13,0.0
35078,LU_Coal,2050,2,14,14,0.0
35079,LU_Coal,2050,2,15,15,0.0
35080,LU_Coal,2050,2,16,16,0.0
35081,LU_Coal,2050,2,17,17,0.0
35082,LU_Coal,2050,2,18,18,-0.5048999999999999
35083,LU_Coal,2050,2,19,19,-0.5048999999999999
35084,LU_Coal,2050,2,20,20,-0.5048999999999999
35085,LU_Coal,2050,2,21,21,-0.5048999999999999
35086,LU_Coal,2050,2,22,22,-0.5048999999999999
35087,LU_Coal,2050,2,23,23,-0.5048999999999999
35088,LU_Coal,2050,2,24,24,-0.5048999999999999
35089,LU_Coal,2050,3,1,1,0.0
35090,LU_Coal,2050,3,2,2,0.0
35091,LU_Coal,2050,3,3,3,0.0
35092,LU_Coal,2050,3,4,4,0.0
35093,LU_Coal,2050,3,5,5,0.0
35094,LU_Coal,2050,3,6,6,0.0
35095,LU_Coal,2050,3,7,7,0.0
35096,LU_Coal,2050,3,8,8,0.0
35097,LU_Coal,2050,3,9,9,0.0
35098,LU_Coal,2050,3,10,10,0.0
35099,LU_Coal,2050,3,11,11,0.0
35100,LU_Coal,2050,3,12,12,0.0
35101,LU_Coal,2050,3,13,13,0.0
35102,LU_Coal,2050,3,14,14,0.0
35103,LU_Coal,2050,3,15,15,0.0
35104,LU_Coal,2050,3,16,16,0.0
35105,LU_Coal,2050,3,17,17,0.0
35106,LU_Coal,2050,3,18,18,0.0
35107,LU_Coal,2050,3,19,19,0.0
35108,LU_Coal,2050,3,20,20,0.0
35109,LU_Coal,2050,3,21,21,0.0
35110,LU_Coal,2050,3,22,22,0.0
35111,LU_Coal,2050,3,23,23,0.0
35112,LU_Coal,2050,3,24,24,0.0
35113,LU_Coal,2050,4,1,1,-0.3519
35114,LU_Coal,2050,4,2,2,-0.3519
35115,LU_Coal,2050,4,3,3,-0.3519
35116,LU_Coal,2050,4,4,4,0.0
35117,LU_Coal,2050,4,5,5,0.0
35118,LU_Coal,2050,4,6,6,0.0
35119,LU_Coal,2050,4,7,7,0.0
35120,LU_Coal,2050,4,8,8,0.0
35121,LU_Coal,2050,4,9,9,0.0
35122,LU_Coal,2050,4,10,10,0.0
35123,LU_Coal,2050,4,11,11,0.0
35124,LU_Coal,2050,4,12,12,-0.3519
35125,LU_Coal,2050,4,13,13,-0.3519
35126,LU_Coal,2050,4,14,14,-0.3519
35127,LU_Coal,2050,4,15,15,-0.3519
35128,LU_Coal,2050,4,16,16,-0.3519
35129,LU_Coal,2050,4,17,17,-0.3519
35130,LU_Coal,2050,4,18,18,-0.3519
35131,LU_Coal,2050,4,19,19,-0.3519
35132,LU_Coal,2050,4,20,20,-0.3519
35133,LU_Coal,2050,4,21,21,-0.3519
35134,LU_Coal,2050,4,22,22,-0.3519
35135,LU_Coal,2050,4,23,23,-0.3519
35136,LU_Coal,2050,4,24,24,-0.3519
35137,LU_Coal,2050,5,1,1,0.0
35138,LU_Coal,2050,5,2,2,0.0
35139,LU_Coal,2050,5,3,3,0.0
35140,LU_Coal,2050,5,4,4,0.0
35141,LU_Coal,2050,5,5,5,0.0
35142,LU_Coal,2050,5,6,6,0.0
35143,LU_Coal,2050,5,7,7,0.0
35144,LU_Coal,2050,5,8,8,0.0
35145,LU_Coal,2050,5,9,9,0.0
35146,LU_Coal,2050,5,10,10,0.0
35147,LU_Coal,2050,5,11,11,0.0
35148,LU_Coal,2050,5,12,12,0.0
35149,LU_Coal,2050,5,13,13,0.0
35150,LU_Coal,2050,5,14,14,0.0
35151,LU_Coal,2050,5,15,15,0.0
35152,LU_Coal,2050,5,16,16,0.0
35153,LU_Coal,2050,5,17,17,0.0
35154,LU_Coal,2050,5,18,18,0.0
35155,LU_Coal,2050,5,19,19,0.0
35156,LU_Coal,2050,5,20,20,0.0
35157,LU_Coal,2050,5,21,21,0.0
35158,LU_Coal,2050,5,22,22,0.0
35159,LU_Coal,2050,5,23,23,0.0
35160,LU_Coal,2050,5,24,24,0.0
35161,LU_Coal,2050,6,1,1,0.0
35162,LU_Coal,2050,6,2,2,0.0
35163,LU_Coal,2050,6,3,3,0.0
35164,LU_Coal,2050,6,4,4,0.0
35165,LU_Coal,2050,6,5,5,0.0
35166,LU_Coal,2050,6,6,6,0.0
35167,LU_Coal,2050,6,7,7,0.0
35168,LU_Coal,2050,6,8,8,0.0
35169,LU_Coal,2050,6,9,9,0.0
35170,LU_Coal,2050,6,10,10,0.0
35171,LU_Coal,2050,6,11,11,0.0
35172,LU_Coal,2050,6,12,12,0.0
35173,LU_Coal,2050,6,13,13,0.0
35174,LU_Coal,2050,6,14,14,0.0
35175,LU_Coal,2050,6,15,15,0.0
35176,LU_Coal,2050,6,16,16,0.0
35177,LU_Coal,2050,6,17,17,0.0
35178,LU_Coal,2050,6,18,18,0.0
35179,LU_Coal,2050,6,19,19,0.0
35180,LU_Coal,2050,6,20,20,0.0
35181,LU_Coal,2050,6,21,21,0.0
35182,LU_Coal,2050,6,22,22,0.0
35183,LU_Coal,2050,6,23,23,0.0
35184,LU_Coal,2050,6,24,24,0.0
35185,LU_Coal,2050,7,1,1,-0.5661
35186,LU_Coal,2050,7,2,2,-0.5661
35187,LU_Coal,2050,7,3,3,-0.5661
35188,LU_Coal,2050,7,4,4,-0.5661
35189,LU_Coal,2050,7,5,5,-0.5661
35190,LU_Coal,2050,7,6,6,-0.5661
35191,LU_Coal,2050,7,7,7,-12.114265705666337
35192,LU_Coal,2050,7,8,8,-12.114265705666337
35193,LU_Coal,2050,7,9,9,-12.114265705666337
35194,LU_Coal,2050,7,10,10,-12.114265705666337
35195,LU_Coal,2050,7,11,11,-0.5661
35196,LU_Coal,2050,7,12,12,-0.5661
35197,LU_Coal,2050,7,13,13,-0.5661
35198,LU_Coal,2050,7,14,14,-0.5661
35199,LU_Coal,2050,7,15,15,-0.5661
35200,LU_Coal,2050,7,16,16,-0.5661
35201,LU_Coal,2050,7,17,17,-0.5661
35202,LU_Coal,2050,7,18,18,-0.5661
35203,LU_Coal,2050,7,19,19,-0.5661
35204,LU_Coal,2050,7,20,20,-0.5661
35205,LU_Coal,2050,7,21,21,-0.5661
35206,LU_Coal,2050,7,22,22,-0.5661
35207,LU_Coal,2050,7,23,23,-0.5661
35208,LU_Coal,2050,7,24,24,-0.5661
35209,LU_Coal,2050,8,1,1,0.0
35210,LU_Coal,2050,8,2,2,0.0
35211,LU_Coal,2050,8,3,3,0.0
35212,LU_Coal,2050,8,4,4,0.0
35213,LU_Coal,2050,8,5,5,0.0
35214,LU_Coal,2050,8,6,6,0.0
35215,LU_Coal,2050,8,7,7,0.0
35216,LU_Coal,2050,8,8,8,0.0
35217,LU_Coal,2050,8,9,9,0.0
35218,LU_Coal,2050,8,10,10,0.0
35219,LU_Coal,2050,8,11,11,0.0
35220,LU_Coal,2050,8,12,12,0.0
35221,LU_Coal,2050,8,13,13,0.0
35222,LU_Coal,2050,8,14,14,0.0
35223,LU_Coal,2050,8,15,15,0.0
35224,LU_Coal,2050,8,16,16,0.0
35225,LU_Coal,2050,8,17,17,0.0
35226,LU_Coal,2050,8,18,18,0.0
35227,LU_Coal,2050,8,19,19,0.0
35228,LU_Coal,2050,8,20,20,0.0
35229,LU_Coal,2050,8,21,21,0.0
35230,LU_Coal,2050,8,22,22,0.0
35231,LU_Coal,2050,8,23,23,0.0
35232,LU_Coal,2050,8,24,24,0.0
35233,LU_Coal,2050,9,1,1,0.0
35234,LU_Coal,2050,9,2,2,0.0
35235,LU_Coal,2050,9,3,3,0.0
35236,LU_Coal,2050,9,4,4,0.0
35237,LU_Coal,2050,9,5,5,0.0
35238,LU_Coal,2050,9,6,6,0.0
35239,LU_Coal,2050,9,7,7,0.0
35240,LU_Coal,2050,9,8,8,0.0
35241,LU_Coal,2050,9,9,9,0.0
35242,LU_Coal,2050,9,10,10,0.0
35243,LU_Coal,2050,9,11,11,0.0
35244,LU_Coal,2050,9,12,12,0.0
35245,LU_Coal,2050,9,13,13,0.0
35246,LU_Coal,2050,9,14,14,0.0
35247,LU_Coal,2050,9,15,15,0.0
35248,LU_Coal,2050,9,16,16,0.0
35249,LU_Coal,2050,9,17,17,0.0
35250,LU_Coal,2050,9,18,18,0.0
35251,LU_Coal,2050,9,19,19,0.0
35252,LU_Coal,2050,9,20,20,0.0
35253,LU_Coal,2050,9,21,21,0.0
35254,LU_Coal,2050,9,22,22,0.0
35255,LU_Coal,2050,9,23,23,0.0
35256,LU_Coal,2050,9,24,24,0.0
35257,LU_Coal,2050,10,1,1,-0.7038
35258,LU_Coal,2050,10,2,2,-0.7038
35259,LU_Coal,2050,10,3,3,-0.7038
35260,LU_Coal,2050,10,4,4,-0.7038
35261,LU_Coal,2050,10,5,5,-0.7038
35262,LU_Coal,2050,10,6,6,-0.7038
35263,LU_Coal,2050,10,7,7,-0.7038
35264,LU_Coal,2050,10,8,8,-0.7038
35265,LU_Coal,2050,10,9,9,-0.7038
35266,LU_Coal,2050,10,10,10,-0.7038
35267,LU_Coal,2050,10,11,11,-0.7038
35268,LU_Coal,2050,10,12,12,-0.7038
35269,LU_Coal,2050,10,13,13,-0.7038
35270,LU_Coal,2050,10,14,14,-0.7038
35271,LU_Coal,2050,10,15,15,-0.7038
35272,LU_Coal,2050,10,16,16,-0.7038
35273,LU_Coal,2050,10,17,17,-0.7038
35274,LU_Coal,2050,10,18,18,-0.7038
35275,LU_Coal,2050,10,19,19,-0.7038
35276,LU_Coal,2050,10,20,20,-0.7038
35277,LU_Coal,2050,10,21,21,-0.7038
35278,LU_Coal,2050,10,22,22,-0.7038
35279,LU_Coal,2050,10,23,23,-0.7038
35280,LU_Coal,2050,10,24,24,-0.7038
35281,LU_Nuclear,2050,1,1,1,0.0
35282,LU_Nuclear,2050,1,2,2,0.0
35283,LU_Nuclear,2050,1,3,3,0.0
35284,LU_Nuclear,2050,1,4,4,0.0
35285,LU_Nuclear,2050,1,5,5,0.0
35286,LU_Nuclear,2050,1,6,6,0.0
35287,LU_Nuclear,2050,1,7,7,0.0
35288,LU_Nuclear,2050,1,8,8,0.0
35289,LU_Nuclear,2050,1,9,9,0.0
35290,LU_Nuclear,2050,1,10,10,0.0
35291,LU_Nuclear,2050,1,11,11,0.0
35292,LU_Nuclear,2050,1,12,12,0.0
35293,LU_Nuclear,2050,1,13,13,0.0
35294,LU_Nuclear,2050,1,14,14,0.0
35295,LU_Nuclear,2050,1,15,15,0.0
35296,LU_Nuclear,2050,1,16,16,0.0
35297,LU_Nuclear,2050,1,17,17,0.0
35298,LU_Nuclear,2050,1,18,18,0.0
35299,LU_Nuclear,2050,1,19,19,-12.950965705666336
35300,LU_Nuclear,2050,1,20,20,0.0
35301,LU_Nuclear,2050,1,21,21,0.0
35302,LU_Nuclear,2050,1,22,22,0.0
35303,LU_Nuclear,2050,1,23,23,0.0
35304,LU_Nuclear,2050,1,24,24,0.0
35305,LU_Nuclear,2050,2,1,1,0.0
35306,LU_Nuclear,2050,2,2,2,0.0
35307,LU_Nuclear,2050,2,3,3,0.0
35308,LU_Nuclear,2050,2,4,4,0.0
35309,LU_Nuclear,2050,2,5,5,0.0
35310,LU_Nuclear,2050,2,6,6,0.0
35311,LU_Nuclear,2050,2,7,7,0.0
35312,LU_Nuclear,2050,2,8,8,0.0
35313,LU_Nuclear,2050,2,9,9,0.0
35314,LU_Nuclear,2050,2,10,10,0.0
35315,LU_Nuclear,2050,2,11,11,0.0
35316,LU_Nuclear,2050,2,12,12,0.0
35317,LU_Nuclear,2050,2,13,13,0.0
35318,LU_Nuclear,2050,2,14,14,0.0
35319,LU_Nuclear,2050,2,15,15,0.0
35320,LU_Nuclear,2050,2,16,16,0.0
35321,LU_Nuclear,2050,2,17,17,0.0
35322,LU_Nuclear,2050,2,18,18,-0.8118
35323,LU_Nuclear,2050,2,19,19,-0.8118
35324,LU_Nuclear,2050,2,20,20,-0.8118
35325,LU_Nuclear,2050,2,21,21,-0.8118
35326,LU_Nuclear,2050,2,22,22,-0.8118
35327,LU_Nuclear,2050,2,23,23,-0.8118
35328,LU_Nuclear,2050,2,24,24,-0.8118
35329,LU_Nuclear,2050,3,1,1,0.0
35330,LU_Nuclear,2050,3,2,2,0.0
35331,LU_Nuclear,2050,3,3,3,0.0
35332,LU_Nuclear,2050,3,4,4,0.0
35333,LU_Nuclear,2050,3,5,5,0.0
35334,LU_Nuclear,2050,3,6,6,0.0
35335,LU_Nuclear,2050,3,7,7,0.0
35336,LU_Nuclear,2050,3,8,8,0.0
35337,LU_Nuclear,2050,3,9,9,0.0
35338,LU_Nuclear,2050,3,10,10,0.0
35339,LU_Nuclear,2050,3,11,11,0.0
35340,LU_Nuclear,2050,3,12,12,0.0
35341,LU_Nuclear,2050,3,13,13,0.0
35342,LU_Nuclear,2050,3,14,14,0.0
35343,LU_Nuclear,2050,3,15,15,0.0
35344,LU_Nuclear,2050,3,16,16,0.0
35345,LU_Nuclear,2050,3,17,17,0.0
35346,LU_Nuclear,2050,3,18,18,0.0
35347,LU_Nuclear,2050,3,19,19,0.0
35348,LU_Nuclear,2050,3,20,20,0.0
35349,LU_Nuclear,2050,3,21,21,0.0
35350,LU_Nuclear,2050,3,22,22,0.0
35351,LU_Nuclear,2050,3,23,23,0.0
35352,LU_Nuclear,2050,3,24,24,0.0
35353,LU_Nuclear,2050,4,1,1,-0.5658000000000001
35354,LU_Nuclear,2050,4,2,2,-0.5658000000000001
35355,LU_Nuclear,2050,4,3,3,-0.5658000000000001
35356,LU_Nuclear,2050,4,4,4,0.0
35357,LU_Nuclear,2050,4,5,5,0.0
35358,LU_Nuclear,2050,4,6,6,0.0
35359,LU_Nuclear,2050,4,7,7,0.0
35360,LU_Nuclear,2050,4,8,8,0.0
35361,LU_Nuclear,2050,4,9,9,0.0
35362,LU_Nuclear,2050,4,10,10,0.0
35363,LU_Nuclear,2050,4,11,11,0.0
35364,LU_Nuclear,2050,4,12,12,-0.5658000000000001
35365,LU_Nuclear,2050,4,13,13,-0.5658000000000001
35366,LU_Nuclear,2050,4,14,14,-0.5658000000000001
35367,LU_Nuclear,2050,4,15,15,-0.5658000000000001
35368,LU_Nuclear,2050,4,16,16,-0.5658000000000001
35369,LU_Nuclear,2050,4,17,17,-0.5658000000000001
35370,LU_Nuclear,2050,4,18,18,-0.5658000000000001
35371,LU_Nuclear,2050,4,19,19,-0.5658000000000001
35372,LU_Nuclear,2050,4,20,20,-0.5658000000000001
35373,LU_Nuclear,2050,4,21,21,-0.5658000000000001
35374,LU_Nuclear,2050,4,22,22,-0.5658000000000001
35375,LU_Nuclear,2050,4,23,23,-0.5658000000000001
35376,LU_Nuclear,2050,4,24,24,-0.5658000000000001
35377,LU_Nuclear,2050,5,1,1,0.0
35378,LU_Nuclear,2050,5,2,2,0.0
35379,LU_Nuclear,2050,5,3,3,0.0
35380,LU_Nuclear,2050,5,4,4,0.0
35381,LU_Nuclear,2050,5,5,5,0.0
35382,LU_Nuclear,2050,5,6,6,0.0
35383,LU_Nuclear,2050,5,7,7,0.0
35384,LU_Nuclear,2050,5,8,8,0.0
35385,LU_Nuclear,2050,5,9,9,0.0
35386,LU_Nuclear,2050,5,10,10,0.0
35387,LU_Nuclear,2050,5,11,11,0.0
35388,LU_Nuclear,2050,5,12,12,0.0
35389,LU_Nuclear,2050,5,13,13,0.0
35390,LU_Nuclear,2050,5,14,14,0.0
35391,LU_Nuclear,2050,5,15,15,0.0
35392,LU_Nuclear,2050,5,16,16,0.0
35393,LU_Nuclear,2050,5,17,17,0.0
35394,LU_Nuclear,2050,5,18,18,0.0
35395,LU_Nuclear,2050,5,19,19,0.0
35396,LU_Nuclear,2050,5,20,20,0.0
35397,LU_Nuclear,2050,5,21,21,0.0
35398,LU_Nuclear,2050,5,22,22,0.0
35399,LU_Nuclear,2050,5,23,23,0.0
35400,LU_Nuclear,2050,5,24,24,0.0
35401,LU_Nuclear,2050,6,1,1,0.0
35402,LU_Nuclear,2050,6,2,2,0.0
35403,LU_Nuclear,2050,6,3,3,0.0
35404,LU_Nuclear,2050,6,4,4,0.0
35405,LU_Nuclear,2050,6,5,5,0.0
35406,LU_Nuclear,2050,6,6,6,0.0
35407,LU_Nuclear,2050,6,7,7,0.0
35408,LU_Nuclear,2050,6,8,8,0.0
35409,LU_Nuclear,2050,6,9,9,0.0
35410,LU_Nuclear,2050,6,10,10,0.0
35411,LU_Nuclear,2050,6,11,11,0.0
35412,LU_Nuclear,2050,6,12,12,0.0
35413,LU_Nuclear,2050,6,13,13,0.0
35414,LU_Nuclear,2050,6,14,14,0.0
35415,LU_Nuclear,2050,6,15,15,0.0
35416,LU_Nuclear,2050,6,16,16,0.0
35417,LU_Nuclear,2050,6,17,17,0.0
35418,LU_Nuclear,2050,6,18,18,0.0
35419,LU_Nuclear,2050,6,19,19,0.0
35420,LU_Nuclear,2050,6,20,20,0.0
35421,LU_Nuclear,2050,6,21,21,0.0
35422,LU_Nuclear,2050,6,22,22,0.0
35423,LU_Nuclear,2050,6,23,23,0.0
35424,LU_Nuclear,2050,6,24,24,0.0
35425,LU_Nuclear,2050,7,1,1,-0.9102000000000001
35426,LU_Nuclear,2050,7,2,2,-0.9102000000000001
35427,LU_Nuclear,2050,7,3,3,-0.9102000000000001
35428,LU_Nuclear,2050,7,4,4,-0.9102000000000001
35429,LU_Nuclear,2050,7,5,5,-0.9102000000000001
35430,LU_Nuclear,2050,7,6,6,-0.9102000000000001
35431,LU_Nuclear,2050,7,7,7,-12.458365705666337
35432,LU_Nuclear,2050,7,8,8,-12.458365705666337
35433,LU_Nuclear,2050,7,9,9,-12.458365705666337
35434,LU_Nuclear,2050,7,10,10,-12.458365705666337
35435,LU_Nuclear,2050,7,11,11,-0.9102000000000001
35436,LU_Nuclear,2050,7,12,12,-0.9102000000000001
35437,LU_Nuclear,2050,7,13,13,-0.9102000000000001
35438,LU_Nuclear,2050,7,14,14,-0.9102000000000001
35439,LU_Nuclear,2050,7,15,15,-0.9102000000000001
35440,LU_Nuclear,2050,7,16,16,-0.9102000000000001
35441,LU_Nuclear,2050,7,17,17,-0.9102000000000001
35442,LU_Nuclear,2050,7,18,18,-0.9102000000000001
35443,LU_Nuclear,2050,7,19,19,-0.9102000000000001
35444,LU_Nuclear,2050,7,20,20,-0.9102000000000001
35445,LU_Nuclear,2050,7,21,21,-0.9102000000000001
35446,LU_Nuclear,2050,7,22,22,-0.9102000000000001
35447,LU_Nuclear,2050,7,23,23,-0.9102000000000001
35448,LU_Nuclear,2050,7,24,24,-0.9102000000000001
35449,LU_Nuclear,2050,8,1,1,0.0
35450,LU_Nuclear,2050,8,2,2,0.0
35451,LU_Nuclear,2050,8,3,3,0.0
35452,LU_Nuclear,2050,8,4,4,0.0
35453,LU_Nuclear,2050,8,5,5,0.0
35454,LU_Nuclear,2050,8,6,6,0.0
35455,LU_Nuclear,2050,8,7,7,0.0
35456,LU_Nuclear,2050,8,8,8,0.0
35457,LU_Nuclear,2050,8,9,9,0.0
35458,LU_Nuclear,2050,8,10,10,0.0
35459,LU_Nuclear,2050,8,11,11,0.0
35460,LU_Nuclear,2050,8,12,12,0.0
35461,LU_Nuclear,2050,8,13,13,0.0
35462,LU_Nuclear,2050,8,14,14,0.0
35463,LU_Nuclear,2050,8,15,15,0.0
35464,LU_Nuclear,2050,8,16,16,0.0
35465,LU_Nuclear,2050,8,17,17,0.0
35466,LU_Nuclear,2050,8,18,18,0.0
35467,LU_Nuclear,2050,8,19,19,0.0
35468,LU_Nuclear,2050,8,20,20,0.0
35469,LU_Nuclear,2050,8,21,21,0.0
35470,LU_Nuclear,2050,8,22,22,0.0
35471,LU_Nuclear,2050,8,23,23,0.0
35472,LU_Nuclear,2050,8,24,24,0.0
35473,LU_Nuclear,2050,9,1,1,0.0
35474,LU_Nuclear,2050,9,2,2,0.0
35475,LU_Nuclear,2050,9,3,3,0.0
35476,LU_Nuclear,2050,9,4,4,0.0
35477,LU_Nuclear,2050,9,5,5,0.0
35478,LU_Nuclear,2050,9,6,6,0.0
35479,LU_Nuclear,2050,9,7,7,0.0
35480,LU_Nuclear,2050,9,8,8,0.0
35481,LU_Nuclear,2050,9,9,9,0.0
35482,LU_Nuclear,2050,9,10,10,0.0
35483,LU_Nuclear,2050,9,11,11,0.0
35484,LU_Nuclear,2050,9,12,12,0.0
35485,LU_Nuclear,2050,9,13,13,0.0
35486,LU_Nuclear,2050,9,14,14,0.0
35487,LU_Nuclear,2050,9,15,15,0.0
35488,LU_Nuclear,2050,9,16,16,0.0
35489,LU_Nuclear,2050,9,17,17,0.0
35490,LU_Nuclear,2050,9,18,18,0.0
35491,LU_Nuclear,2050,9,19,19,0.0
35492,LU_Nuclear,2050,9,20,20,0.0
35493,LU_Nuclear,2050,9,21,21,0.0
35494,LU_Nuclear,2050,9,22,22,0.0
35495,LU_Nuclear,2050,9,23,23,0.0
35496,LU_Nuclear,2050,9,24,24,0.0
35497,LU_Nuclear,2050,10,1,1,-1.1316000000000002
35498,LU_Nuclear,2050,10,2,2,-1.1316000000000002
35499,LU_Nuclear,2050,10,3,3,-1.1316000000000002
35500,LU_Nuclear,2050,10,4,4,-1.1316000000000002
35501,LU_Nuclear,2050,10,5,5,-1.1316000000000002
35502,LU_Nuclear,2050,10,6,6,-1.1316000000000002
35503,LU_Nuclear,2050,10,7,7,-1.1316000000000002
35504,LU_Nuclear,2050,10,8,8,-1.1316000000000002
35505,LU_Nuclear,2050,10,9,9,-1.1316000000000002
35506,LU_Nuclear,2050,10,10,10,-1.1316000000000002
35507,LU_Nuclear,2050,10,11,11,-1.1316000000000002
35508,LU_Nuclear,2050,10,12,12,-1.1316000000000002
35509,LU_Nuclear,2050,10,13,13,-1.1316000000000002
35510,LU_Nuclear,2050,10,14,14,-1.1316000000000002
35511,LU_Nuclear,2050,10,15,15,-1.1316000000000002
35512,LU_Nuclear,2050,10,16,16,-1.1316000000000002
35513,LU_Nuclear,2050,10,17,17,-1.1316000000000002
35514,LU_Nuclear,2050,10,18,18,-1.1316000000000002
35515,LU_Nuclear,2050,10,19,19,-1.1316000000000002
35516,LU_Nuclear,2050,10,20,20,-1.1316000000000002
35517,LU_Nuclear,2050,10,21,21,-1.1316000000000002
35518,LU_Nuclear,2050,10,22,22,-1.1316000000000002
35519,LU_Nuclear,2050,10,23,23,-1.1316000000000002
35520,LU_Nuclear,2050,10,24,24,-1.1316000000000002
35521,LU_OCGT,2050,1,1,1,0.0
35522,LU_OCGT,2050,1,2,2,0.0
35523,LU_OCGT,2050,1,3,3,0.0
35524,LU_OCGT,2050,1,4,4,0.0
35525,LU_OCGT,2050,1,5,5,0.0
35526,LU_OCGT,2050,1,6,6,0.0
35527,LU_OCGT,2050,1,7,7,0.0
35528,LU_OCGT,2050,1,8,8,0.0
35529,LU_OCGT,2050,1,9,9,0.0
35530,LU_OCGT,2050,1,10,10,0.0
35531,LU_OCGT,2050,1,11,11,0.0
35532,LU_OCGT,2050,1,12,12,0.0
35533,LU_OCGT,2050,1,13,13,0.0
35534,LU_OCGT,2050,1,14,14,0.0
35535,LU_OCGT,2050,1,15,15,0.0
35536,LU_OCGT,2050,1,16,16,0.0
35537,LU_OCGT,2050,1,17,17,0.0
35538,LU_OCGT,2050,1,18,18,0.0
35539,LU_OCGT,2050,1,19,19,-10.693165705666337
35540,LU_OCGT,2050,1,20,20,0.0
35541,LU_OCGT,2050,1,21,21,0.0
35542,LU_OCGT,2050,1,22,22,0.0
35543,LU_OCGT,2050,1,23,23,0.0
35544,LU_OCGT,2050,1,24,24,0.0
35545,LU_OCGT,2050,2,1,1,0.0
35546,LU_OCGT,2050,2,2,2,0.0
35547,LU_OCGT,2050,2,3,3,0.0
35548,LU_OCGT,2050,2,4,4,0.0
35549,LU_OCGT,2050,2,5,5,0.0
35550,LU_OCGT,2050,2,6,6,0.0
35551,LU_OCGT,2050,2,7,7,0.0
35552,LU_OCGT,2050,2,8,8,0.0
35553,LU_OCGT,2050,2,9,9,0.0
35554,LU_OCGT,2050,2,10,10,0.0
35555,LU_OCGT,2050,2,11,11,0.0
35556,LU_OCGT,2050,2,12,12,0.0
35557,LU_OCGT,2050,2,13,13,0.0
35558,LU_OCGT,2050,2,14,14,0.0
35559,LU_OCGT,2050,2,15,15,0.0
35560,LU_OCGT,2050,2,16,16,0.0
35561,LU_OCGT,2050,2,17,17,0.0
35562,LU_OCGT,2050,2,18,18,0.0
35563,LU_OCGT,2050,2,19,19,0.0
35564,LU_OCGT,2050,2,20,20,0.0
35565,LU_OCGT,2050,2,21,21,0.0
35566,LU_OCGT,2050,2,22,22,0.0
35567,LU_OCGT,2050,2,23,23,0.0
35568,LU_OCGT,2050,2,24,24,0.0
35569,LU_OCGT,2050,3,1,1,0.0
35570,LU_OCGT,2050,3,2,2,0.0
35571,LU_OCGT,2050,3,3,3,0.0
35572,LU_OCGT,2050,3,4,4,0.0
35573,LU_OCGT,2050,3,5,5,0.0
35574,LU_OCGT,2050,3,6,6,0.0
35575,LU_OCGT,2050,3,7,7,0.0
35576,LU_OCGT,2050,3,8,8,0.0
35577,LU_OCGT,2050,3,9,9,0.0
35578,LU_OCGT,2050,3,10,10,0.0
35579,LU_OCGT,2050,3,11,11,0.0
35580,LU_OCGT,2050,3,12,12,0.0
35581,LU_OCGT,2050,3,13,13,0.0
35582,LU_OCGT,2050,3,14,14,0.0
35583,LU_OCGT,2050,3,15,15,0.0
35584,LU_OCGT,2050,3,16,16,0.0
35585,LU_OCGT,2050,3,17,17,0.0
35586,LU_OCGT,2050,3,18,18,0.0
35587,LU_OCGT,2050,3,19,19,0.0
35588,LU_OCGT,2050,3,20,20,0.0
35589,LU_OCGT,2050,3,21,21,0.0
35590,LU_OCGT,2050,3,22,22,0.0
35591,LU_OCGT,2050,3,23,23,0.0
35592,LU_OCGT,2050,3,24,24,0.0
35593,LU_OCGT,2050,4,1,1,0.0
35594,LU_OCGT,2050,4,2,2,0.0
35595,LU_OCGT,2050,4,3,3,0.0
35596,LU_OCGT,2050,4,4,4,0.0
35597,LU_OCGT,2050,4,5,5,0.0
35598,LU_OCGT,2050,4,6,6,0.0
35599,LU_OCGT,2050,4,7,7,0.0
35600,LU_OCGT,2050,4,8,8,0.0
35601,LU_OCGT,2050,4,9,9,0.0
35602,LU_OCGT,2050,4,10,10,0.0
35603,LU_OCGT,2050,4,11,11,0.0
35604,LU_OCGT,2050,4,12,12,0.0
35605,LU_OCGT,2050,4,13,13,0.0
35606,LU_OCGT,2050,4,14,14,0.0
35607,LU_OCGT,2050,4,15,15,0.0
35608,LU_OCGT,2050,4,16,16,0.0
35609,LU_OCGT,2050,4,17,17,0.0
35610,LU_OCGT,2050,4,18,18,0.0
35611,LU_OCGT,2050,4,19,19,0.0
35612,LU_OCGT,2050,4,20,20,0.0
35613,LU_OCGT,2050,4,21,21,0.0
35614,LU_OCGT,2050,4,22,22,0.0
35615,LU_OCGT,2050,4,23,23,0.0
35616,LU_OCGT,2050,4,24,24,0.0
35617,LU_OCGT,2050,5,1,1,0.0
35618,LU_OCGT,2050,5,2,2,0.0
35619,LU_OCGT,2050,5,3,3,0.0
35620,LU_OCGT,2050,5,4,4,0.0
35621,LU_OCGT,2050,5,5,5,0.0
35622,LU_OCGT,2050,5,6,6,0.0
35623,LU_OCGT,2050,5,7,7,0.0
35624,LU_OCGT,2050,5,8,8,0.0
35625,LU_OCGT,2050,5,9,9,0.0
35626,LU_OCGT,2050,5,10,10,0.0
35627,LU_OCGT,2050,5,11,11,0.0
35628,LU_OCGT,2050,5,12,12,0.0
35629,LU_OCGT,2050,5,13,13,0.0
35630,LU_OCGT,2050,5,14,14,0.0
35631,LU_OCGT,2050,5,15,15,0.0
35632,LU_OCGT,2050,5,16,16,0.0
35633,LU_OCGT,2050,5,17,17,0.0
35634,LU_OCGT,2050,5,18,18,0.0
35635,LU_OCGT,2050,5,19,19,0.0
35636,LU_OCGT,2050,5,20,20,0.0
35637,LU_OCGT,2050,5,21,21,0.0
35638,LU_OCGT,2050,5,22,22,0.0
35639,LU_OCGT,2050,5,23,23,0.0
35640,LU_OCGT,2050,5,24,24,0.0
35641,LU_OCGT,2050,6,1,1,0.0
35642,LU_OCGT,2050,6,2,2,0.0
35643,LU_OCGT,2050,6,3,3,0.0
35644,LU_OCGT,2050,6,4,4,0.0
35645,LU_OCGT,2050,6,5,5,0.0
35646,LU_OCGT,2050,6,6,6,0.0
35647,LU_OCGT,2050,6,7,7,0.0
35648,LU_OCGT,2050,6,8,8,0.0
35649,LU_OCGT,2050,6,9,9,0.0
35650,LU_OCGT,2050,6,10,10,0.0
35651,LU_OCGT,2050,6,11,11,0.0
35652,LU_OCGT,2050,6,12,12,0.0
35653,LU_OCGT,2050,6,13,13,0.0
35654,LU_OCGT,2050,6,14,14,0.0
35655,LU_OCGT,2050,6,15,15,0.0
35656,LU_OCGT,2050,6,16,16,0.0
35657,LU_OCGT,2050,6,17,17,0.0
35658,LU_OCGT,2050,6,18,18,0.0
35659,LU_OCGT,2050,6,19,19,0.0
35660,LU_OCGT,2050,6,20,20,0.0
35661,LU_OCGT,2050,6,21,21,0.0
35662,LU_OCGT,2050,6,22,22,0.0
35663,LU_OCGT,2050,6,23,23,0.0
35664,LU_OCGT,2050,6,24,24,0.0
35665,LU_OCGT,2050,7,1,1,0.0
35666,LU_OCGT,2050,7,2,2,0.0
35667,LU_OCGT,2050,7,3,3,0.0
35668,LU_OCGT,2050,7,4,4,0.0
35669,LU_OCGT,2050,7,5,5,0.0
35670,LU_OCGT,2050,7,6,6,0.0
35671,LU_OCGT,2050,7,7,7,-10.882165705666337
35672,LU_OCGT,2050,7,8,8,-10.882165705666337
35673,LU_OCGT,2050,7,9,9,-10.882165705666337
35674,LU_OCGT,2050,7,10,10,-10.882165705666337
35675,LU_OCGT,2050,7,11,11,0.0
35676,LU_OCGT,2050,7,12,12,0.0
35677,LU_OCGT,2050,7,13,13,0.0
35678,LU_OCGT,2050,7,14,14,0.0
35679,LU_OCGT,2050,7,15,15,0.0
35680,LU_OCGT,2050,7,16,16,0.0
35681,LU_OCGT,2050,7,17,17,0.0
35682,LU_OCGT,2050,7,18,18,0.0
35683,LU_OCGT,2050,7,19,19,0.0
35684,LU_OCGT,2050,7,20,20,0.0
35685,LU_OCGT,2050,7,21,21,0.0
35686,LU_OCGT,2050,7,22,22,0.0
35687,LU_OCGT,2050,7,23,23,0.0
35688,LU_OCGT,2050,7,24,24,0.0
35689,LU_OCGT,2050,8,1,1,0.0
35690,LU_OCGT,2050,8,2,2,0.0
35691,LU_OCGT,2050,8,3,3,0.0
35692,LU_OCGT,2050,8,4,4,0.0
35693,LU_OCGT,2050,8,5,5,0.0
35694,LU_OCGT,2050,8,6,6,0.0
35695,LU_OCGT,2050,8,7,7,0.0
35696,LU_OCGT,2050,8,8,8,0.0
35697,LU_OCGT,2050,8,9,9,0.0
35698,LU_OCGT,2050,8,10,10,0.0
35699,LU_OCGT,2050,8,11,11,0.0
35700,LU_OCGT,2050,8,12,12,0.0
35701,LU_OCGT,2050,8,13,13,0.0
35702,LU_OCGT,2050,8,14,14,0.0
35703,LU_OCGT,2050,8,15,15,0.0
35704,LU_OCGT,2050,8,16,16,0.0
35705,LU_OCGT,2050,8,17,17,0.0
35706,LU_OCGT,2050,8,18,18,0.0
35707,LU_OCGT,2050,8,19,19,0.0
35708,LU_OCGT,2050,8,20,20,0.0
35709,LU_OCGT,2050,8,21,21,0.0
35710,LU_OCGT,2050,8,22,22,0.0
35711,LU_OCGT,2050,8,23,23,0.0
35712,LU_OCGT,2050,8,24,24,0.0
35713,LU_OCGT,2050,9,1,1,0.0
35714,LU_OCGT,2050,9,2,2,0.0
35715,LU_OCGT,2050,9,3,3,0.0
35716,LU_OCGT,2050,9,4,4,0.0
35717,LU_OCGT,2050,9,5,5,0.0
35718,LU_OCGT,2050,9,6,6,0.0
35719,LU_OCGT,2050,9,7,7,0.0
35720,LU_OCGT,2050,9,8,8,0.0
35721,LU_OCGT,2050,9,9,9,0.0
35722,LU_OCGT,2050,9,10,10,0.0
35723,LU_OCGT,2050,9,11,11,0.0
35724,LU_OCGT,2050,9,12,12,0.0
35725,LU_OCGT,2050,9,13,13,0.0
35726,LU_OCGT,2050,9,14,14,0.0
35727,LU_OCGT,2050,9,15,15,0.0
35728,LU_OCGT,2050,9,16,16,0.0
35729,LU_OCGT,2050,9,17,17,0.0
35730,LU_OCGT,2050,9,18,18,0.0
35731,LU_OCGT,2050,9,19,19,0.0
35732,LU_OCGT,2050,9,20,20,0.0
35733,LU_OCGT,2050,9,21,21,0.0
35734,LU_OCGT,2050,9,22,22,0.0
35735,LU_OCGT,2050,9,23,23,0.0
35736,LU_OCGT,2050,9,24,24,0.0
35737,LU_OCGT,2050,10,1,1,0.0
35738,LU_OCGT,2050,10,2,2,0.0
35739,LU_OCGT,2050,10,3,3,0.0
35740,LU_OCGT,2050,10,4,4,0.0
35741,LU_OCGT,2050,10,5,5,0.0
35742,LU_OCGT,2050,10,6,6,0.0
35743,LU_OCGT,2050,10,7,7,0.0
35744,LU_OCGT,2050,10,8,8,0.0
35745,LU_OCGT,2050,10,9,9,0.0
35746,LU_OCGT,2050,10,10,10,0.0
35747,LU_OCGT,2050,10,11,11,0.0
35748,LU_OCGT,2050,10,12,12,0.0
35749,LU_OCGT,2050,10,13,13,0.0
35750,LU_OCGT,2050,10,14,14,0.0
35751,LU_OCGT,2050,10,15,15,0.0
35752,LU_OCGT,2050,10,16,16,0.0
35753,LU_OCGT,2050,10,17,17,0.0
35754,LU_OCGT,2050,10,18,18,0.0
35755,LU_OCGT,2050,10,19,19,0.0
35756,LU_OCGT,2050,10,20,20,0.0
35757,LU_OCGT,2050,10,21,21,0.0
35758,LU_OCGT,2050,10,22,22,0.0
35759,LU_OCGT,2050,10,23,23,0.0
35760,LU_OCGT,2050,10,24,24,0.0
35761,LU_Solar,2050,1,1,1,0.0
35762,LU_Solar,2050,1,2,2,0.0
35763,LU_Solar,2050,1,3,3,0.0
35764,LU_Solar,2050,1,4,4,0.0
35765,LU_Solar,2050,1,5,5,0.0
35766,LU_Solar,2050,1,6,6,0.0
35767,LU_Solar,2050,1,7,7,0.0
35768,LU_Solar,2050,1,8,8,0.0
35769,LU_Solar,2050,1,9,9,0.0
35770,LU_Solar,2050,1,10,10,0.0
35771,LU_Solar,2050,1,11,11,0.0
35772,LU_Solar,2050,1,12,12,0.0
35773,LU_Solar,2050,1,13,13,0.0
35774,LU_Solar,2050,1,14,14,0.0
35775,LU_Solar,2050,1,15,15,0.0
35776,LU_Solar,2050,1,16,16,0.0
35777,LU_Solar,2050,1,17,17,0.0
35778,LU_Solar,2050,1,18,18,0.0
35779,LU_Solar,2050,1,19,19,-13.396165705666336
35780,LU_Solar,2050,1,20,20,0.0
35781,LU_Solar,2050,1,21,21,0.0
35782,LU_Solar,2050,1,22,22,0.0
35783,LU_Solar,2050,1,23,23,0.0
35784,LU_Solar,2050,1,24,24,0.0
35785,LU_Solar,2050,2,1,1,0.0
35786,LU_Solar,2050,2,2,2,0.0
35787,LU_Solar,2050,2,3,3,0.0
35788,LU_Solar,2050,2,4,4,0.0
35789,LU_Solar,2050,2,5,5,0.0
35790,LU_Solar,2050,2,6,6,0.0
35791,LU_Solar,2050,2,7,7,0.0
35792,LU_Solar,2050,2,8,8,0.0
35793,LU_Solar,2050,2,9,9,0.0
35794,LU_Solar,2050,2,10,10,0.0
35795,LU_Solar,2050,2,11,11,0.0
35796,LU_Solar,2050,2,12,12,0.0
35797,LU_Solar,2050,2,13,13,0.0
35798,LU_Solar,2050,2,14,14,0.0
35799,LU_Solar,2050,2,15,15,0.0
35800,LU_Solar,2050,2,16,16,0.0
35801,LU_Solar,2050,2,17,17,0.0
35802,LU_Solar,2050,2,18,18,-1.089
35803,LU_Solar,2050,2,19,19,-1.089
35804,LU_Solar,2050,2,20,20,-1.089
35805,LU_Solar,2050,2,21,21,-1.089
35806,LU_Solar,2050,2,22,22,-1.089
35807,LU_Solar,2050,2,23,23,-1.089
35808,LU_Solar,2050,2,24,24,-1.089
35809,LU_Solar,2050,3,1,1,0.0
35810,LU_Solar,2050,3,2,2,0.0
35811,LU_Solar,2050,3,3,3,0.0
35812,LU_Solar,2050,3,4,4,0.0
35813,LU_Solar,2050,3,5,5,0.0
35814,LU_Solar,2050,3,6,6,0.0
35815,LU_Solar,2050,3,7,7,0.0
35816,LU_Solar,2050,3,8,8,0.0
35817,LU_Solar,2050,3,9,9,0.0
35818,LU_Solar,2050,3,10,10,0.0
35819,LU_Solar,2050,3,11,11,0.0
35820,LU_Solar,2050,3,12,12,0.0
35821,LU_Solar,2050,3,13,13,0.0
35822,LU_Solar,2050,3,14,14,0.0
35823,LU_Solar,2050,3,15,15,0.0
35824,LU_Solar,2050,3,16,16,0.0
35825,LU_Solar,2050,3,17,17,0.0
35826,LU_Solar,2050,3,18,18,0.0
35827,LU_Solar,2050,3,19,19,0.0
35828,LU_Solar,2050,3,20,20,0.0
35829,LU_Solar,2050,3,21,21,0.0
35830,LU_Solar,2050,3,22,22,0.0
35831,LU_Solar,2050,3,23,23,0.0
35832,LU_Solar,2050,3,24,24,0.0
35833,LU_Solar,2050,4,1,1,-0.759
35834,LU_Solar,2050,4,2,2,-0.759
35835,LU_Solar,2050,4,3,3,-0.759
35836,LU_Solar,2050,4,4,4,0.0
35837,LU_Solar,2050,4,5,5,0.0
35838,LU_Solar,2050,4,6,6,0.0
35839,LU_Solar,2050,4,7,7,0.0
35840,LU_Solar,2050,4,8,8,0.0
35841,LU_Solar,2050,4,9,9,0.0
35842,LU_Solar,2050,4,10,10,0.0
35843,LU_Solar,2050,4,11,11,0.0
35844,LU_Solar,2050,4,12,12,-0.759
35845,LU_Solar,2050,4,13,13,-0.759
35846,LU_Solar,2050,4,14,14,-0.759
35847,LU_Solar,2050,4,15,15,-0.759
35848,LU_Solar,2050,4,16,16,-0.759
35849,LU_Solar,2050,4,17,17,-0.759
35850,LU_Solar,2050,4,18,18,-0.759
35851,LU_Solar,2050,4,19,19,-0.759
35852,LU_Solar,2050,4,20,20,-0.759
35853,LU_Solar,2050,4,21,21,-0.759
35854,LU_Solar,2050,4,22,22,-0.759
35855,LU_Solar,2050,4,23,23,-0.759
35856,LU_Solar,2050,4,24,24,-0.759
35857,LU_Solar,2050,5,1,1,0.0
35858,LU_Solar,2050,5,2,2,0.0
35859,LU_Solar,2050,5,3,3,0.0
35860,LU_Solar,2050,5,4,4,0.0
35861,LU_Solar,2050,5,5,5,0.0
35862,LU_Solar,2050,5,6,6,0.0
35863,LU_Solar,2050,5,7,7,0.0
35864,LU_Solar,2050,5,8,8,0.0
35865,LU_Solar,2050,5,9,9,0.0
35866,LU_Solar,2050,5,10,10,0.0
35867,LU_Solar,2050,5,11,11,0.0
35868,LU_Solar,2050,5,12,12,0.0
35869,LU_Solar,2050,5,13,13,0.0
35870,LU_Solar,2050,5,14,14,0.0
35871,LU_Solar,2050,5,15,15,0.0
35872,LU_Solar,2050,5,16,16,0.0
35873,LU_Solar,2050,5,17,17,0.0
35874,LU_Solar,2050,5,18,18,0.0
35875,LU_Solar,2050,5,19,19,0.0
35876,LU_Solar,2050,5,20,20,0.0
35877,LU_Solar,2050,5,21,21,0.0
35878,LU_Solar,2050,5,22,22,0.0
35879,LU_Solar,2050,5,23,23,0.0
35880,LU_Solar,2050,5,24,24,0.0
35881,LU_Solar,2050,6,1,1,0.0
35882,LU_Solar,2050,6,2,2,0.0
35883,LU_Solar,2050,6,3,3,0.0
35884,LU_Solar,2050,6,4,4,0.0
35885,LU_Solar,2050,6,5,5,0.0
35886,LU_Solar,2050,6,6,6,0.0
35887,LU_Solar,2050,6,7,7,0.0
35888,LU_Solar,2050,6,8,8,0.0
35889,LU_Solar,2050,6,9,9,0.0
35890,LU_Solar,2050,6,10,10,0.0
35891,LU_Solar,2050,6,11,11,0.0
35892,LU_Solar,2050,6,12,12,0.0
35893,LU_Solar,2050,6,13,13,0.0
35894,LU_Solar,2050,6,14,14,0.0
35895,LU_Solar,2050,6,15,15,0.0
35896,LU_Solar,2050,6,16,16,0.0
35897,LU_Solar,2050,6,17,17,0.0
35898,LU_Solar,2050,6,18,18,0.0
35899,LU_Solar,2050,6,19,19,0.0
35900,LU_Solar,2050,6,20,20,0.0
35901,LU_Solar,2050,6,21,21,0.0
35902,LU_Solar,2050,6,22,22,0.0
35903,LU_Solar,2050,6,23,23,0.0
35904,LU_Solar,2050,6,24,24,0.0
35905,LU_Solar,2050,7,1,1,-1.221
35906,LU_Solar,2050,7,2,2,-1.221
35907,LU_Solar,2050,7,3,3,-1.221
35908,LU_Solar,2050,7,4,4,-1.221
35909,LU_Solar,2050,7,5,5,-1.221
35910,LU_Solar,2050,7,6,6,-1.221
35911,LU_Solar,2050,7,7,7,-12.769165705666337
35912,LU_Solar,2050,7,8,8,-12.769165705666337
35913,LU_Solar,2050,7,9,9,-12.769165705666337
35914,LU_Solar,2050,7,10,10,-12.769165705666337
35915,LU_Solar,2050,7,11,11,-1.221
35916,LU_Solar,2050,7,12,12,-1.221
35917,LU_Solar,2050,7,13,13,-1.221
35918,LU_Solar,2050,7,14,14,-1.221
35919,LU_Solar,2050,7,15,15,-1.221
35920,LU_Solar,2050,7,16,16,-1.221
35921,LU_Solar,2050,7,17,17,-1.221
35922,LU_Solar,2050,7,18,18,-1.221
35923,LU_Solar,2050,7,19,19,-1.221
35924,LU_Solar,2050,7,20,20,-1.221
35925,LU_Solar,2050,7,21,21,-1.221
35926,LU_Solar,2050,7,22,22,-1.221
35927,LU_Solar,2050,7,23,23,-1.221
35928,LU_Solar,2050,7,24,24,-1.221
35929,LU_Solar,2050,8,1,1,0.0
35930,LU_Solar,2050,8,2,2,0.0
35931,LU_Solar,2050,8,3,3,0.0
35932,LU_Solar,2050,8,4,4,0.0
35933,LU_Solar,2050,8,5,5,0.0
35934,LU_Solar,2050,8,6,6,0.0
35935,LU_Solar,2050,8,7,7,0.0
35936,LU_Solar,2050,8,8,8,0.0
35937,LU_Solar,2050,8,9,9,0.0
35938,LU_Solar,2050,8,10,10,0.0
35939,LU_Solar,2050,8,11,11,0.0
35940,LU_Solar,2050,8,12,12,0.0
35941,LU_Solar,2050,8,13,13,0.0
35942,LU_Solar,2050,8,14,14,0.0
35943,LU_Solar,2050,8,15,15,0.0
35944,LU_Solar,2050,8,16,16,0.0
35945,LU_Solar,2050,8,17,17,0.0
35946,LU_Solar,2050,8,18,18,0.0
35947,LU_Solar,2050,8,19,19,0.0
35948,LU_Solar,2050,8,20,20,0.0
35949,LU_Solar,2050,8,21,21,0.0
35950,LU_Solar,2050,8,22,22,0.0
35951,LU_Solar,2050,8,23,23,0.0
35952,LU_Solar,2050,8,24,24,0.0
35953,LU_Solar,2050,9,1,1,0.0
35954,LU_Solar,2050,9,2,2,0.0
35955,LU_Solar,2050,9,3,3,0.0
35956,LU_Solar,2050,9,4,4,0.0
35957,LU_Solar,2050,9,5,5,0.0
35958,LU_Solar,2050,9,6,6,0.0
35959,LU_Solar,2050,9,7,7,0.0
35960,LU_Solar,2050,9,8,8,0.0
35961,LU_Solar,2050,9,9,9,0.0
35962,LU_Solar,2050,9,10,10,0.0
35963,LU_Solar,2050,9,11,11,0.0
35964,LU_Solar,2050,9,12,12,0.0
35965,LU_Solar,2050,9,13,13,0.0
35966,LU_Solar,2050,9,14,14,0.0
35967,LU_Solar,2050,9,15,15,0.0
35968,LU_Solar,2050,9,16,16,0.0
35969,LU_Solar,2050,9,17,17,0.0
35970,LU_Solar,2050,9,18,18,0.0
35971,LU_Solar,2050,9,19,19,0.0
35972,LU_Solar,2050,9,20,20,0.0
35973,LU_Solar,2050,9,21,21,0.0
35974,LU_Solar,2050,9,22,22,0.0
35975,LU_Solar,2050,9,23,23,0.0
35976,LU_Solar,2050,9,24,24,0.0
35977,LU_Solar,2050,10,1,1,-1.518
35978,LU_Solar,2050,10,2,2,-1.518
35979,LU_Solar,2050,10,3,3,-1.518
35980,LU_Solar,2050,10,4,4,-1.518
35981,LU_Solar,2050,10,5,5,-1.518
35982,LU_Solar,2050,10,6,6,-1.518
35983,LU_Solar,2050,10,7,7,-1.518
35984,LU_Solar,2050,10,8,8,-1.518
35985,LU_Solar,2050,10,9,9,-1.518
35986,LU_Solar,2050,10,10,10,-1.518
35987,LU_Solar,2050,10,11,11,-1.518
35988,LU_Solar,2050,10,12,12,-1.518
35989,LU_Solar,2050,10,13,13,-1.518
35990,LU_Solar,2050,10,14,14,-1.518
35991,LU_Solar,2050,10,15,15,-1.518
35992,LU_Solar,2050,10,16,16,-1.518
35993,LU_Solar,2050,10,17,17,-1.518
35994,LU_Solar,2050,10,18,18,-1.518
35995,LU_Solar,2050,10,19,19,-1.518
35996,LU_Solar,2050,10,20,20,-1.518
35997,LU_Solar,2050,10,21,21,-1.518
35998,LU_Solar,2050,10,22,22,-1.518
35999,LU_Solar,2050,10,23,23,-1.518
36000,LU_Solar,2050,10,24,24,-1.518
36001,LU_Wind_Offshore,2050,1,1,1,0.0
36002,LU_Wind_Offshore,2050,1,2,2,0.0
36003,LU_Wind_Offshore,2050,1,3,3,0.0
36004,LU_Wind_Offshore,2050,1,4,4,0.0
36005,LU_Wind_Offshore,2050,1,5,5,0.0
36006,LU_Wind_Offshore,2050,1,6,6,0.0
36007,LU_Wind_Offshore,2050,1,7,7,0.0
36008,LU_Wind_Offshore,2050,1,8,8,0.0
36009,LU_Wind_Offshore,2050,1,9,9,0.0
36010,LU_Wind_Offshore,2050,1,10,10,0.0
36011,LU_Wind_Offshore,2050,1,11,11,0.0
36012,LU_Wind_Offshore,2050,1,12,12,0.0
36013,LU_Wind_Offshore,2050,1,13,13,0.0
36014,LU_Wind_Offshore,2050,1,14,14,0.0
36015,LU_Wind_Offshore,2050,1,15,15,0.0
36016,LU_Wind_Offshore,2050,1,16,16,0.0
36017,LU_Wind_Offshore,2050,1,17,17,0.0
36018,LU_Wind_Offshore,2050,1,18,18,0.0
36019,LU_Wind_Offshore,2050,1,19,19,-13.396165705666336
36020,LU_Wind_Offshore,2050,1,20,20,0.0
36021,LU_Wind_Offshore,2050,1,21,21,0.0
36022,LU_Wind_Offshore,2050,1,22,22,0.0
36023,LU_Wind_Offshore,2050,1,23,23,0.0
36024,LU_Wind_Offshore,2050,1,24,24,0.0
36025,LU_Wind_Offshore,2050,2,1,1,0.0
36026,LU_Wind_Offshore,2050,2,2,2,0.0
36027,LU_Wind_Offshore,2050,2,3,3,0.0
36028,LU_Wind_Offshore,2050,2,4,4,0.0
36029,LU_Wind_Offshore,2050,2,5,5,0.0
36030,LU_Wind_Offshore,2050,2,6,6,0.0
36031,LU_Wind_Offshore,2050,2,7,7,0.0
36032,LU_Wind_Offshore,2050,2,8,8,0.0
36033,LU_Wind_Offshore,2050,2,9,9,0.0
36034,LU_Wind_Offshore,2050,2,10,10,0.0
36035,LU_Wind_Offshore,2050,2,11,11,0.0
36036,LU_Wind_Offshore,2050,2,12,12,0.0
36037,LU_Wind_Offshore,2050,2,13,13,0.0
36038,LU_Wind_Offshore,2050,2,14,14,0.0
36039,LU_Wind_Offshore,2050,2,15,15,0.0
36040,LU_Wind_Offshore,2050,2,16,16,0.0
36041,LU_Wind_Offshore,2050,2,17,17,0.0
36042,LU_Wind_Offshore,2050,2,18,18,-1.089
36043,LU_Wind_Offshore,2050,2,19,19,-1.089
36044,LU_Wind_Offshore,2050,2,20,20,-1.089
36045,LU_Wind_Offshore,2050,2,21,21,-1.089
36046,LU_Wind_Offshore,2050,2,22,22,-1.089
36047,LU_Wind_Offshore,2050,2,23,23,-1.089
36048,LU_Wind_Offshore,2050,2,24,24,-1.089
36049,LU_Wind_Offshore,2050,3,1,1,0.0
36050,LU_Wind_Offshore,2050,3,2,2,0.0
36051,LU_Wind_Offshore,2050,3,3,3,0.0
36052,LU_Wind_Offshore,2050,3,4,4,0.0
36053,LU_Wind_Offshore,2050,3,5,5,0.0
36054,LU_Wind_Offshore,2050,3,6,6,0.0
36055,LU_Wind_Offshore,2050,3,7,7,0.0
36056,LU_Wind_Offshore,2050,3,8,8,0.0
36057,LU_Wind_Offshore,2050,3,9,9,0.0
36058,LU_Wind_Offshore,2050,3,10,10,0.0
36059,LU_Wind_Offshore,2050,3,11,11,0.0
36060,LU_Wind_Offshore,2050,3,12,12,0.0
36061,LU_Wind_Offshore,2050,3,13,13,0.0
36062,LU_Wind_Offshore,2050,3,14,14,0.0
36063,LU_Wind_Offshore,2050,3,15,15,0.0
36064,LU_Wind_Offshore,2050,3,16,16,0.0
36065,LU_Wind_Offshore,2050,3,17,17,0.0
36066,LU_Wind_Offshore,2050,3,18,18,0.0
36067,LU_Wind_Offshore,2050,3,19,19,0.0
36068,LU_Wind_Offshore,2050,3,20,20,0.0
36069,LU_Wind_Offshore,2050,3,21,21,0.0
36070,LU_Wind_Offshore,2050,3,22,22,0.0
36071,LU_Wind_Offshore,2050,3,23,23,0.0
36072,LU_Wind_Offshore,2050,3,24,24,0.0
36073,LU_Wind_Offshore,2050,4,1,1,-0.759
36074,LU_Wind_Offshore,2050,4,2,2,-0.759
36075,LU_Wind_Offshore,2050,4,3,3,-0.759
36076,LU_Wind_Offshore,2050,4,4,4,0.0
36077,LU_Wind_Offshore,2050,4,5,5,0.0
36078,LU_Wind_Offshore,2050,4,6,6,0.0
36079,LU_Wind_Offshore,2050,4,7,7,0.0
36080,LU_Wind_Offshore,2050,4,8,8,0.0
36081,LU_Wind_Offshore,2050,4,9,9,0.0
36082,LU_Wind_Offshore,2050,4,10,10,0.0
36083,LU_Wind_Offshore,2050,4,11,11,0.0
36084,LU_Wind_Offshore,2050,4,12,12,-0.759
36085,LU_Wind_Offshore,2050,4,13,13,-0.759
36086,LU_Wind_Offshore,2050,4,14,14,-0.759
36087,LU_Wind_Offshore,2050,4,15,15,-0.759
36088,LU_Wind_Offshore,2050,4,16,16,-0.759
36089,LU_Wind_Offshore,2050,4,17,17,-0.759
36090,LU_Wind_Offshore,2050,4,18,18,-0.759
36091,LU_Wind_Offshore,2050,4,19,19,-0.759
36092,LU_Wind_Offshore,2050,4,20,20,-0.759
36093,LU_Wind_Offshore,2050,4,21,21,-0.759
36094,LU_Wind_Offshore,2050,4,22,22,-0.759
36095,LU_Wind_Offshore,2050,4,23,23,-0.759
36096,LU_Wind_Offshore,2050,4,24,24,-0.759
36097,LU_Wind_Offshore,2050,5,1,1,0.0
36098,LU_Wind_Offshore,2050,5,2,2,0.0
36099,LU_Wind_Offshore,2050,5,3,3,0.0
36100,LU_Wind_Offshore,2050,5,4,4,0.0
36101,LU_Wind_Offshore,2050,5,5,5,0.0
36102,LU_Wind_Offshore,2050,5,6,6,0.0
36103,LU_Wind_Offshore,2050,5,7,7,0.0
36104,LU_Wind_Offshore,2050,5,8,8,0.0
36105,LU_Wind_Offshore,2050,5,9,9,0.0
36106,LU_Wind_Offshore,2050,5,10,10,0.0
36107,LU_Wind_Offshore,2050,5,11,11,0.0
36108,LU_Wind_Offshore,2050,5,12,12,0.0
36109,LU_Wind_Offshore,2050,5,13,13,0.0
36110,LU_Wind_Offshore,2050,5,14,14,0.0
36111,LU_Wind_Offshore,2050,5,15,15,0.0
36112,LU_Wind_Offshore,2050,5,16,16,0.0
36113,LU_Wind_Offshore,2050,5,17,17,0.0
36114,LU_Wind_Offshore,2050,5,18,18,0.0
36115,LU_Wind_Offshore,2050,5,19,19,0.0
36116,LU_Wind_Offshore,2050,5,20,20,0.0
36117,LU_Wind_Offshore,2050,5,21,21,0.0
36118,LU_Wind_Offshore,2050,5,22,22,0.0
36119,LU_Wind_Offshore,2050,5,23,23,0.0
36120,LU_Wind_Offshore,2050,5,24,24,0.0
36121,LU_Wind_Offshore,2050,6,1,1,0.0
36122,LU_Wind_Offshore,2050,6,2,2,0.0
36123,LU_Wind_Offshore,2050,6,3,3,0.0
36124,LU_Wind_Offshore,2050,6,4,4,0.0
36125,LU_Wind_Offshore,2050,6,5,5,0.0
36126,LU_Wind_Offshore,2050,6,6,6,0.0
36127,LU_Wind_Offshore,2050,6,7,7,0.0
36128,LU_Wind_Offshore,2050,6,8,8,0.0
36129,LU_Wind_Offshore,2050,6,9,9,0.0
36130,LU_Wind_Offshore,2050,6,10,10,0.0
36131,LU_Wind_Offshore,2050,6,11,11,0.0
36132,LU_Wind_Offshore,2050,6,12,12,0.0
36133,LU_Wind_Offshore,2050,6,13,13,0.0
36134,LU_Wind_Offshore,2050,6,14,14,0.0
36135,LU_Wind_Offshore,2050,6,15,15,0.0
36136,LU_Wind_Offshore,2050,6,16,16,0.0
36137,LU_Wind_Offshore,2050,6,17,17,0.0
36138,LU_Wind_Offshore,2050,6,18,18,0.0
36139,LU_Wind_Offshore,2050,6,19,19,0.0
36140,LU_Wind_Offshore,2050,6,20,20,0.0
36141,LU_Wind_Offshore,2050,6,21,21,0.0
36142,LU_Wind_Offshore,2050,6,22,22,0.0
36143,LU_Wind_Offshore,2050,6,23,23,0.0
36144,LU_Wind_Offshore,2050,6,24,24,0.0
36145,LU_Wind_Offshore,2050,7,1,1,-1.221
36146,LU_Wind_Offshore,2050,7,2,2,-1.221
36147,LU_Wind_Offshore,2050,7,3,3,-1.221
36148,LU_Wind_Offshore,2050,7,4,4,-1.221
36149,LU_Wind_Offshore,2050,7,5,5,-1.221
36150,LU_Wind_Offshore,2050,7,6,6,-1.221
36151,LU_Wind_Offshore,2050,7,7,7,-12.769165705666337
36152,LU_Wind_Offshore,2050,7,8,8,-12.769165705666337
36153,LU_Wind_Offshore,2050,7,9,9,-12.769165705666337
36154,LU_Wind_Offshore,2050,7,10,10,-12.769165705666337
36155,LU_Wind_Offshore,2050,7,11,11,-1.221
36156,LU_Wind_Offshore,2050,7,12,12,-1.221
36157,LU_Wind_Offshore,2050,7,13,13,-1.221
36158,LU_Wind_Offshore,2050,7,14,14,-1.221
36159,LU_Wind_Offshore,2050,7,15,15,-1.221
36160,LU_Wind_Offshore,2050,7,16,16,-1.221
36161,LU_Wind_Offshore,2050,7,17,17,-1.221
36162,LU_Wind_Offshore,2050,7,18,18,-1.221
36163,LU_Wind_Offshore,2050,7,19,19,-1.221
36164,LU_Wind_Offshore,2050,7,20,20,-1.221
36165,LU_Wind_Offshore,2050,7,21,21,-1.221
36166,LU_Wind_Offshore,2050,7,22,22,-1.221
36167,LU_Wind_Offshore,2050,7,23,23,-1.221
36168,LU_Wind_Offshore,2050,7,24,24,-1.221
36169,LU_Wind_Offshore,2050,8,1,1,0.0
36170,LU_Wind_Offshore,2050,8,2,2,0.0
36171,LU_Wind_Offshore,2050,8,3,3,0.0
36172,LU_Wind_Offshore,2050,8,4,4,0.0
36173,LU_Wind_Offshore,2050,8,5,5,0.0
36174,LU_Wind_Offshore,2050,8,6,6,0.0
36175,LU_Wind_Offshore,2050,8,7,7,0.0
36176,LU_Wind_Offshore,2050,8,8,8,0.0
36177,LU_Wind_Offshore,2050,8,9,9,0.0
36178,LU_Wind_Offshore,2050,8,10,10,0.0
36179,LU_Wind_Offshore,2050,8,11,11,0.0
36180,LU_Wind_Offshore,2050,8,12,12,0.0
36181,LU_Wind_Offshore,2050,8,13,13,0.0
36182,LU_Wind_Offshore,2050,8,14,14,0.0
36183,LU_Wind_Offshore,2050,8,15,15,0.0
36184,LU_Wind_Offshore,2050,8,16,16,0.0
36185,LU_Wind_Offshore,2050,8,17,17,0.0
36186,LU_Wind_Offshore,2050,8,18,18,0.0
36187,LU_Wind_Offshore,2050,8,19,19,0.0
36188,LU_Wind_Offshore,2050,8,20,20,0.0
36189,LU_Wind_Offshore,2050,8,21,21,0.0
36190,LU_Wind_Offshore,2050,8,22,22,0.0
36191,LU_Wind_Offshore,2050,8,23,23,0.0
36192,LU_Wind_Offshore,2050,8,24,24,0.0
36193,LU_Wind_Offshore,2050,9,1,1,0.0
36194,LU_Wind_Offshore,2050,9,2,2,0.0
36195,LU_Wind_Offshore,2050,9,3,3,0.0
36196,LU_Wind_Offshore,2050,9,4,4,0.0
36197,LU_Wind_Offshore,2050,9,5,5,0.0
36198,LU_Wind_Offshore,2050,9,6,6,0.0
36199,LU_Wind_Offshore,2050,9,7,7,0.0
36200,LU_Wind_Offshore,2050,9,8,8,0.0
36201,LU_Wind_Offshore,2050,9,9,9,0.0
36202,LU_Wind_Offshore,2050,9,10,10,0.0
36203,LU_Wind_Offshore,2050,9,11,11,0.0
36204,LU_Wind_Offshore,2050,9,12,12,0.0
36205,LU_Wind_Offshore,2050,9,13,13,0.0
36206,LU_Wind_Offshore,2050,9,14,14,0.0
36207,LU_Wind_Offshore,2050,9,15,15,0.0
36208,LU_Wind_Offshore,2050,9,16,16,0.0
36209,LU_Wind_Offshore,2050,9,17,17,0.0
36210,LU_Wind_Offshore,2050,9,18,18,0.0
36211,LU_Wind_Offshore,2050,9,19,19,0.0
36212,LU_Wind_Offshore,2050,9,20,20,0.0
36213,LU_Wind_Offshore,2050,9,21,21,0.0
36214,LU_Wind_Offshore,2050,9,22,22,0.0
36215,LU_Wind_Offshore,2050,9,23,23,0.0
36216,LU_Wind_Offshore,2050,9,24,24,0.0
36217,LU_Wind_Offshore,2050,10,1,1,-1.518
36218,LU_Wind_Offshore,2050,10,2,2,-1.518
36219,LU_Wind_Offshore,2050,10,3,3,-1.518
36220,LU_Wind_Offshore,2050,10,4,4,-1.518
36221,LU_Wind_Offshore,2050,10,5,5,-1.518
36222,LU_Wind_Offshore,2050,10,6,6,-1.518
36223,LU_Wind_Offshore,2050,10,7,7,-1.518
36224,LU_Wind_Offshore,2050,10,8,8,-1.518
36225,LU_Wind_Offshore,2050,10,9,9,-1.518
36226,LU_Wind_Offshore,2050,10,10,10,-1.518
36227,LU_Wind_Offshore,2050,10,11,11,-1.518
36228,LU_Wind_Offshore,2050,10,12,12,-1.518
36229,LU_Wind_Offshore,2050,10,13,13,-1.518
36230,LU_Wind_Offshore,2050,10,14,14,-1.518
36231,LU_Wind_Offshore,2050,10,15,15,-1.518
36232,LU_Wind_Offshore,2050,10,16,16,-1.518
36233,LU_Wind_Offshore,2050,10,17,17,-1.518
36234,LU_Wind_Offshore,2050,10,18,18,-1.518
36235,LU_Wind_Offshore,2050,10,19,19,-1.518
36236,LU_Wind_Offshore,2050,10,20,20,-1.518
36237,LU_Wind_Offshore,2050,10,21,21,-1.518
36238,LU_Wind_Offshore,2050,10,22,22,-1.518
36239,LU_Wind_Offshore,2050,10,23,23,-1.518
36240,LU_Wind_Offshore,2050,10,24,24,-1.518
36241,LU_Wind_Onshore,2050,1,1,1,0.0
36242,LU_Wind_Onshore,2050,1,2,2,0.0
36243,LU_Wind_Onshore,2050,1,3,3,0.0
36244,LU_Wind_Onshore,2050,1,4,4,0.0
36245,LU_Wind_Onshore,2050,1,5,5,0.0
36246,LU_Wind_Onshore,2050,1,6,6,0.0
36247,LU_Wind_Onshore,2050,1,7,7,0.0
36248,LU_Wind_Onshore,2050,1,8,8,0.0
36249,LU_Wind_Onshore,2050,1,9,9,0.0
36250,LU_Wind_Onshore,2050,1,10,10,0.0
36251,LU_Wind_Onshore,2050,1,11,11,0.0
36252,LU_Wind_Onshore,2050,1,12,12,0.0
36253,LU_Wind_Onshore,2050,1,13,13,0.0
36254,LU_Wind_Onshore,2050,1,14,14,0.0
36255,LU_Wind_Onshore,2050,1,15,15,0.0
36256,LU_Wind_Onshore,2050,1,16,16,0.0
36257,LU_Wind_Onshore,2050,1,17,17,0.0
36258,LU_Wind_Onshore,2050,1,18,18,0.0
36259,LU_Wind_Onshore,2050,1,19,19,-13.396165705666336
36260,LU_Wind_Onshore,2050,1,20,20,0.0
36261,LU_Wind_Onshore,2050,1,21,21,0.0
36262,LU_Wind_Onshore,2050,1,22,22,0.0
36263,LU_Wind_Onshore,2050,1,23,23,0.0
36264,LU_Wind_Onshore,2050,1,24,24,0.0
36265,LU_Wind_Onshore,2050,2,1,1,0.0
36266,LU_Wind_Onshore,2050,2,2,2,0.0
36267,LU_Wind_Onshore,2050,2,3,3,0.0
36268,LU_Wind_Onshore,2050,2,4,4,0.0
36269,LU_Wind_Onshore,2050,2,5,5,0.0
36270,LU_Wind_Onshore,2050,2,6,6,0.0
36271,LU_Wind_Onshore,2050,2,7,7,0.0
36272,LU_Wind_Onshore,2050,2,8,8,0.0
36273,LU_Wind_Onshore,2050,2,9,9,0.0
36274,LU_Wind_Onshore,2050,2,10,10,0.0
36275,LU_Wind_Onshore,2050,2,11,11,0.0
36276,LU_Wind_Onshore,2050,2,12,12,0.0
36277,LU_Wind_Onshore,2050,2,13,13,0.0
36278,LU_Wind_Onshore,2050,2,14,14,0.0
36279,LU_Wind_Onshore,2050,2,15,15,0.0
36280,LU_Wind_Onshore,2050,2,16,16,0.0
36281,LU_Wind_Onshore,2050,2,17,17,0.0
36282,LU_Wind_Onshore,2050,2,18,18,-1.089
36283,LU_Wind_Onshore,2050,2,19,19,-1.089
36284,LU_Wind_Onshore,2050,2,20,20,-1.089
36285,LU_Wind_Onshore,2050,2,21,21,-1.089
36286,LU_Wind_Onshore,2050,2,22,22,-1.089
36287,LU_Wind_Onshore,2050,2,23,23,-1.089
36288,LU_Wind_Onshore,2050,2,24,24,-1.089
36289,LU_Wind_Onshore,2050,3,1,1,0.0
36290,LU_Wind_Onshore,2050,3,2,2,0.0
36291,LU_Wind_Onshore,2050,3,3,3,0.0
36292,LU_Wind_Onshore,2050,3,4,4,0.0
36293,LU_Wind_Onshore,2050,3,5,5,0.0
36294,LU_Wind_Onshore,2050,3,6,6,0.0
36295,LU_Wind_Onshore,2050,3,7,7,0.0
36296,LU_Wind_Onshore,2050,3,8,8,0.0
36297,LU_Wind_Onshore,2050,3,9,9,0.0
36298,LU_Wind_Onshore,2050,3,10,10,0.0
36299,LU_Wind_Onshore,2050,3,11,11,0.0
36300,LU_Wind_Onshore,2050,3,12,12,0.0
36301,LU_Wind_Onshore,2050,3,13,13,0.0
36302,LU_Wind_Onshore,2050,3,14,14,0.0
36303,LU_Wind_Onshore,2050,3,15,15,0.0
36304,LU_Wind_Onshore,2050,3,16,16,0.0
36305,LU_Wind_Onshore,2050,3,17,17,0.0
36306,LU_Wind_Onshore,2050,3,18,18,0.0
36307,LU_Wind_Onshore,2050,3,19,19,0.0
36308,LU_Wind_Onshore,2050,3,20,20,0.0
36309,LU_Wind_Onshore,2050,3,21,21,0.0
36310,LU_Wind_Onshore,2050,3,22,22,0.0
36311,LU_Wind_Onshore,2050,3,23,23,0.0
36312,LU_Wind_Onshore,2050,3,24,24,0.0
36313,LU_Wind_Onshore,2050,4,1,1,-0.759
36314,LU_Wind_Onshore,2050,4,2,2,-0.759
36315,LU_Wind_Onshore,2050,4,3,3,-0.759
36316,LU_Wind_Onshore,2050,4,4,4,0.0
36317,LU_Wind_Onshore,2050,4,5,5,0.0
36318,LU_Wind_Onshore,2050,4,6,6,0.0
36319,LU_Wind_Onshore,2050,4,7,7,0.0
36320,LU_Wind_Onshore,2050,4,8,8,0.0
36321,LU_Wind_Onshore,2050,4,9,9,0.0
36322,LU_Wind_Onshore,2050,4,10,10,0.0
36323,LU_Wind_Onshore,2050,4,11,11,0.0
36324,LU_Wind_Onshore,2050,4,12,12,-0.759
36325,LU_Wind_Onshore,2050,4,13,13,-0.759
36326,LU_Wind_Onshore,2050,4,14,14,-0.759
36327,LU_Wind_Onshore,2050,4,15,15,-0.759
36328,LU_Wind_Onshore,2050,4,16,16,-0.759
36329,LU_Wind_Onshore,2050,4,17,17,-0.759
36330,LU_Wind_Onshore,2050,4,18,18,-0.759
36331,LU_Wind_Onshore,2050,4,19,19,-0.759
36332,LU_Wind_Onshore,2050,4,20,20,-0.759
36333,LU_Wind_Onshore,2050,4,21,21,-0.759
36334,LU_Wind_Onshore,2050,4,22,22,-0.759
36335,LU_Wind_Onshore,2050,4,23,23,-0.759
36336,LU_Wind_Onshore,2050,4,24,24,-0.759
36337,LU_Wind_Onshore,2050,5,1,1,0.0
36338,LU_Wind_Onshore,2050,5,2,2,0.0
36339,LU_Wind_Onshore,2050,5,3,3,0.0
36340,LU_Wind_Onshore,2050,5,4,4,0.0
36341,LU_Wind_Onshore,2050,5,5,5,0.0
36342,LU_Wind_Onshore,2050,5,6,6,0.0
36343,LU_Wind_Onshore,2050,5,7,7,0.0
36344,LU_Wind_Onshore,2050,5,8,8,0.0
36345,LU_Wind_Onshore,2050,5,9,9,0.0
36346,LU_Wind_Onshore,2050,5,10,10,0.0
36347,LU_Wind_Onshore,2050,5,11,11,0.0
36348,LU_Wind_Onshore,2050,5,12,12,0.0
36349,LU_Wind_Onshore,2050,5,13,13,0.0
36350,LU_Wind_Onshore,2050,5,14,14,0.0
36351,LU_Wind_Onshore,2050,5,15,15,0.0
36352,LU_Wind_Onshore,2050,5,16,16,0.0
36353,LU_Wind_Onshore,2050,5,17,17,0.0
36354,LU_Wind_Onshore,2050,5,18,18,0.0
36355,LU_Wind_Onshore,2050,5,19,19,0.0
36356,LU_Wind_Onshore,2050,5,20,20,0.0
36357,LU_Wind_Onshore,2050,5,21,21,0.0
36358,LU_Wind_Onshore,2050,5,22,22,0.0
36359,LU_Wind_Onshore,2050,5,23,23,0.0
36360,LU_Wind_Onshore,2050,5,24,24,0.0
36361,LU_Wind_Onshore,2050,6,1,1,0.0
36362,LU_Wind_Onshore,2050,6,2,2,0.0
36363,LU_Wind_Onshore,2050,6,3,3,0.0
36364,LU_Wind_Onshore,2050,6,4,4,0.0
36365,LU_Wind_Onshore,2050,6,5,5,0.0
36366,LU_Wind_Onshore,2050,6,6,6,0.0
36367,LU_Wind_Onshore,2050,6,7,7,0.0
36368,LU_Wind_Onshore,2050,6,8,8,0.0
36369,LU_Wind_Onshore,2050,6,9,9,0.0
36370,LU_Wind_Onshore,2050,6,10,10,0.0
36371,LU_Wind_Onshore,2050,6,11,11,0.0
36372,LU_Wind_Onshore,2050,6,12,12,0.0
36373,LU_Wind_Onshore,2050,6,13,13,0.0
36374,LU_Wind_Onshore,2050,6,14,14,0.0
36375,LU_Wind_Onshore,2050,6,15,15,0.0
36376,LU_Wind_Onshore,2050,6,16,16,0.0
36377,LU_Wind_Onshore,2050,6,17,17,0.0
36378,LU_Wind_Onshore,2050,6,18,18,0.0
36379,LU_Wind_Onshore,2050,6,19,19,0.0
36380,LU_Wind_Onshore,2050,6,20,20,0.0
36381,LU_Wind_Onshore,2050,6,21,21,0.0
36382,LU_Wind_Onshore,2050,6,22,22,0.0
36383,LU_Wind_Onshore,2050,6,23,23,0.0
36384,LU_Wind_Onshore,2050,6,24,24,0.0
36385,LU_Wind_Onshore,2050,7,1,1,-1.221
36386,LU_Wind_Onshore,2050,7,2,2,-1.221
36387,LU_Wind_Onshore,2050,7,3,3,-1.221
36388,LU_Wind_Onshore,2050,7,4,4,-1.221
36389,LU_Wind_Onshore,2050,7,5,5,-1.221
36390,LU_Wind_Onshore,2050,7,6,6,-1.221
36391,LU_Wind_Onshore,2050,7,7,7,-12.769165705666337
36392,LU_Wind_Onshore,2050,7,8,8,-12.769165705666337
36393,LU_Wind_Onshore,2050,7,9,9,-12.769165705666337
36394,LU_Wind_Onshore,2050,7,10,10,-12.769165705666337
36395,LU_Wind_Onshore,2050,7,11,11,-1.221
36396,LU_Wind_Onshore,2050,7,12,12,-1.221
36397,LU_Wind_Onshore,2050,7,13,13,-1.221
36398,LU_Wind_Onshore,2050,7,14,14,-1.221
36399,LU_Wind_Onshore,2050,7,15,15,-1.221
36400,LU_Wind_Onshore,2050,7,16,16,-1.221
36401,LU_Wind_Onshore,2050,7,17,17,-1.221
36402,LU_Wind_Onshore,2050,7,18,18,-1.221
36403,LU_Wind_Onshore,2050,7,19,19,-1.221
36404,LU_Wind_Onshore,2050,7,20,20,-1.221
36405,LU_Wind_Onshore,2050,7,21,21,-1.221
36406,LU_Wind_Onshore,2050,7,22,22,-1.221
36407,LU_Wind_Onshore,2050,7,23,23,-1.221
36408,LU_Wind_Onshore,2050,7,24,24,-1.221
36409,LU_Wind_Onshore,2050,8,1,1,0.0
36410,LU_Wind_Onshore,2050,8,2,2,0.0
36411,LU_Wind_Onshore,2050,8,3,3,0.0
36412,LU_Wind_Onshore,2050,8,4,4,0.0
36413,LU_Wind_Onshore,2050,8,5,5,0.0
36414,LU_Wind_Onshore,2050,8,6,6,0.0
36415,LU_Wind_Onshore,2050,8,7,7,0.0
36416,LU_Wind_Onshore,2050,8,8,8,0.0
36417,LU_Wind_Onshore,2050,8,9,9,0.0
36418,LU_Wind_Onshore,2050,8,10,10,0.0
36419,LU_Wind_Onshore,2050,8,11,11,0.0
36420,LU_Wind_Onshore,2050,8,12,12,0.0
36421,LU_Wind_Onshore,2050,8,13,13,0.0
36422,LU_Wind_Onshore,2050,8,14,14,0.0
36423,LU_Wind_Onshore,2050,8,15,15,0.0
36424,LU_Wind_Onshore,2050,8,16,16,0.0
36425,LU_Wind_Onshore,2050,8,17,17,0.0
36426,LU_Wind_Onshore,2050,8,18,18,0.0
36427,LU_Wind_Onshore,2050,8,19,19,0.0
36428,LU_Wind_Onshore,2050,8,20,20,0.0
36429,LU_Wind_Onshore,2050,8,21,21,0.0
36430,LU_Wind_Onshore,2050,8,22,22,0.0
36431,LU_Wind_Onshore,2050,8,23,23,0.0
36432,LU_Wind_Onshore,2050,8,24,24,0.0
36433,LU_Wind_Onshore,2050,9,1,1,0.0
36434,LU_Wind_Onshore,2050,9,2,2,0.0
36435,LU_Wind_Onshore,2050,9,3,3,0.0
36436,LU_Wind_Onshore,2050,9,4,4,0.0
36437,LU_Wind_Onshore,2050,9,5,5,0.0
36438,LU_Wind_Onshore,2050,9,6,6,0.0
36439,LU_Wind_Onshore,2050,9,7,7,0.0
36440,LU_Wind_Onshore,2050,9,8,8,0.0
36441,LU_Wind_Onshore,2050,9,9,9,0.0
36442,LU_Wind_Onshore,2050,9,10,10,0.0
36443,LU_Wind_Onshore,2050,9,11,11,0.0
36444,LU_Wind_Onshore,2050,9,12,12,0.0
36445,LU_Wind_Onshore,2050,9,13,13,0.0
36446,LU_Wind_Onshore,2050,9,14,14,0.0
36447,LU_Wind_Onshore,2050,9,15,15,0.0
36448,LU_Wind_Onshore,2050,9,16,16,0.0
36449,LU_Wind_Onshore,2050,9,17,17,0.0
36450,LU_Wind_Onshore,2050,9,18,18,0.0
36451,LU_Wind_Onshore,2050,9,19,19,0.0
36452,LU_Wind_Onshore,2050,9,20,20,0.0
36453,LU_Wind_Onshore,2050,9,21,21,0.0
36454,LU_Wind_Onshore,2050,9,22,22,0.0
36455,LU_Wind_Onshore,2050,9,23,23,0.0
36456,LU_Wind_Onshore,2050,9,24,24,0.0
36457,LU_Wind_Onshore,2050,10,1,1,-1.518
36458,LU_Wind_Onshore,2050,10,2,2,-1.518
36459,LU_Wind_Onshore,2050,10,3,3,-1.518
36460,LU_Wind_Onshore,2050,10,4,4,-1.518
36461,LU_Wind_Onshore,2050,10,5,5,-1.518
36462,LU_Wind_Onshore,2050,10,6,6,-1.518
36463,LU_Wind_Onshore,2050,10,7,7,-1.518
36464,LU_Wind_Onshore,2050,10,8,8,-1.518
36465,LU_Wind_Onshore,2050,10,9,9,-1.518
36466,LU_Wind_Onshore,2050,10,10,10,-1.518
36467,LU_Wind_Onshore,2050,10,11,11,-1.518
36468,LU_Wind_Onshore,2050,10,12,12,-1.518
36469,LU_Wind_Onshore,2050,10,13,13,-1.518
36470,LU_Wind_Onshore,2050,10,14,14,-1.518
36471,LU_Wind_Onshore,2050,10,15,15,-1.518
36472,LU_Wind_Onshore,2050,10,16,16,-1.518
36473,LU_Wind_Onshore,2050,10,17,17,-1.518
36474,LU_Wind_Onshore,2050,10,18,18,-1.518
36475,LU_Wind_Onshore,2050,10,19,19,-1.518
36476,LU_Wind_Onshore,2050,10,20,20,-1.518
36477,LU_Wind_Onshore,2050,10,21,21,-1.518
36478,LU_Wind_Onshore,2050,10,22,22,-1.518
36479,LU_Wind_Onshore,2050,10,23,23,-1.518
36480,LU_Wind_Onshore,2050,10,24,24,-1.518
36481,LV_Battery,2050,1,1,1,0.0
36482,LV_Battery,2050,1,2,2,0.0
36483,LV_Battery,2050,1,3,3,0.0
36484,LV_Battery,2050,1,4,4,0.0
36485,LV_Battery,2050,1,5,5,0.0
36486,LV_Battery,2050,1,6,6,0.0
36487,LV_Battery,2050,1,7,7,0.0
36488,LV_Battery,2050,1,8,8,0.0
36489,LV_Battery,2050,1,9,9,0.0
36490,LV_Battery,2050,1,10,10,0.0
36491,LV_Battery,2050,1,11,11,0.0
36492,LV_Battery,2050,1,12,12,0.0
36493,LV_Battery,2050,1,13,13,0.0
36494,LV_Battery,2050,1,14,14,0.0
36495,LV_Battery,2050,1,15,15,0.0
36496,LV_Battery,2050,1,16,16,0.0
36497,LV_Battery,2050,1,17,17,0.0
36498,LV_Battery,2050,1,18,18,0.0
36499,LV_Battery,2050,1,19,19,0.0
36500,LV_Battery,2050,1,20,20,0.0
36501,LV_Battery,2050,1,21,21,0.0
36502,LV_Battery,2050,1,22,22,0.0
36503,LV_Battery,2050,1,23,23,0.0
36504,LV_Battery,2050,1,24,24,0.0
36505,LV_Battery,2050,2,1,1,0.0
36506,LV_Battery,2050,2,2,2,0.0
36507,LV_Battery,2050,2,3,3,0.0
36508,LV_Battery,2050,2,4,4,0.0
36509,LV_Battery,2050,2,5,5,0.0
36510,LV_Battery,2050,2,6,6,0.0
36511,LV_Battery,2050,2,7,7,0.0
36512,LV_Battery,2050,2,8,8,0.0
36513,LV_Battery,2050,2,9,9,0.0
36514,LV_Battery,2050,2,10,10,0.0
36515,LV_Battery,2050,2,11,11,0.0
36516,LV_Battery,2050,2,12,12,0.0
36517,LV_Battery,2050,2,13,13,0.0
36518,LV_Battery,2050,2,14,14,0.0
36519,LV_Battery,2050,2,15,15,0.0
36520,LV_Battery,2050,2,16,16,0.0
36521,LV_Battery,2050,2,17,17,0.0
36522,LV_Battery,2050,2,18,18,0.0
36523,LV_Battery,2050,2,19,19,-13.396165705666336
36524,LV_Battery,2050,2,20,20,0.0
36525,LV_Battery,2050,2,21,21,0.0
36526,LV_Battery,2050,2,22,22,0.0
36527,LV_Battery,2050,2,23,23,0.0
36528,LV_Battery,2050,2,24,24,0.0
36529,LV_Battery,2050,3,1,1,0.0
36530,LV_Battery,2050,3,2,2,0.0
36531,LV_Battery,2050,3,3,3,0.0
36532,LV_Battery,2050,3,4,4,0.0
36533,LV_Battery,2050,3,5,5,0.0
36534,LV_Battery,2050,3,6,6,0.0
36535,LV_Battery,2050,3,7,7,0.0
36536,LV_Battery,2050,3,8,8,0.0
36537,LV_Battery,2050,3,9,9,0.0
36538,LV_Battery,2050,3,10,10,0.0
36539,LV_Battery,2050,3,11,11,0.0
36540,LV_Battery,2050,3,12,12,0.0
36541,LV_Battery,2050,3,13,13,0.0
36542,LV_Battery,2050,3,14,14,0.0
36543,LV_Battery,2050,3,15,15,0.0
36544,LV_Battery,2050,3,16,16,0.0
36545,LV_Battery,2050,3,17,17,0.0
36546,LV_Battery,2050,3,18,18,0.0
36547,LV_Battery,2050,3,19,19,0.0
36548,LV_Battery,2050,3,20,20,0.0
36549,LV_Battery,2050,3,21,21,0.0
36550,LV_Battery,2050,3,22,22,0.0
36551,LV_Battery,2050,3,23,23,0.0
36552,LV_Battery,2050,3,24,24,0.0
36553,LV_Battery,2050,4,1,1,0.0
36554,LV_Battery,2050,4,2,2,0.0
36555,LV_Battery,2050,4,3,3,0.0
36556,LV_Battery,2050,4,4,4,0.0
36557,LV_Battery,2050,4,5,5,0.0
36558,LV_Battery,2050,4,6,6,0.0
36559,LV_Battery,2050,4,7,7,0.0
36560,LV_Battery,2050,4,8,8,0.0
36561,LV_Battery,2050,4,9,9,0.0
36562,LV_Battery,2050,4,10,10,0.0
36563,LV_Battery,2050,4,11,11,0.0
36564,LV_Battery,2050,4,12,12,0.0
36565,LV_Battery,2050,4,13,13,0.0
36566,LV_Battery,2050,4,14,14,0.0
36567,LV_Battery,2050,4,15,15,0.0
36568,LV_Battery,2050,4,16,16,0.0
36569,LV_Battery,2050,4,17,17,0.0
36570,LV_Battery,2050,4,18,18,0.0
36571,LV_Battery,2050,4,19,19,0.0
36572,LV_Battery,2050,4,20,20,0.0
36573,LV_Battery,2050,4,21,21,0.0
36574,LV_Battery,2050,4,22,22,0.0
36575,LV_Battery,2050,4,23,23,0.0
36576,LV_Battery,2050,4,24,24,0.0
36577,LV_Battery,2050,5,1,1,0.0
36578,LV_Battery,2050,5,2,2,0.0
36579,LV_Battery,2050,5,3,3,0.0
36580,LV_Battery,2050,5,4,4,0.0
36581,LV_Battery,2050,5,5,5,0.0
36582,LV_Battery,2050,5,6,6,0.0
36583,LV_Battery,2050,5,7,7,0.0
36584,LV_Battery,2050,5,8,8,0.0
36585,LV_Battery,2050,5,9,9,0.0
36586,LV_Battery,2050,5,10,10,0.0
36587,LV_Battery,2050,5,11,11,0.0
36588,LV_Battery,2050,5,12,12,0.0
36589,LV_Battery,2050,5,13,13,0.0
36590,LV_Battery,2050,5,14,14,0.0
36591,LV_Battery,2050,5,15,15,0.0
36592,LV_Battery,2050,5,16,16,0.0
36593,LV_Battery,2050,5,17,17,0.0
36594,LV_Battery,2050,5,18,18,0.0
36595,LV_Battery,2050,5,19,19,0.0
36596,LV_Battery,2050,5,20,20,0.0
36597,LV_Battery,2050,5,21,21,0.0
36598,LV_Battery,2050,5,22,22,0.0
36599,LV_Battery,2050,5,23,23,0.0
36600,LV_Battery,2050,5,24,24,0.0
36601,LV_Battery,2050,6,1,1,0.0
36602,LV_Battery,2050,6,2,2,0.0
36603,LV_Battery,2050,6,3,3,0.0
36604,LV_Battery,2050,6,4,4,0.0
36605,LV_Battery,2050,6,5,5,0.0
36606,LV_Battery,2050,6,6,6,0.0
36607,LV_Battery,2050,6,7,7,0.0
36608,LV_Battery,2050,6,8,8,0.0
36609,LV_Battery,2050,6,9,9,0.0
36610,LV_Battery,2050,6,10,10,0.0
36611,LV_Battery,2050,6,11,11,0.0
36612,LV_Battery,2050,6,12,12,0.0
36613,LV_Battery,2050,6,13,13,0.0
36614,LV_Battery,2050,6,14,14,0.0
36615,LV_Battery,2050,6,15,15,0.0
36616,LV_Battery,2050,6,16,16,0.0
36617,LV_Battery,2050,6,17,17,0.0
36618,LV_Battery,2050,6,18,18,0.0
36619,LV_Battery,2050,6,19,19,0.0
36620,LV_Battery,2050,6,20,20,0.0
36621,LV_Battery,2050,6,21,21,0.0
36622,LV_Battery,2050,6,22,22,0.0
36623,LV_Battery,2050,6,23,23,0.0
36624,LV_Battery,2050,6,24,24,0.0
36625,LV_Battery,2050,7,1,1,0.0
36626,LV_Battery,2050,7,2,2,0.0
36627,LV_Battery,2050,7,3,3,0.0
36628,LV_Battery,2050,7,4,4,0.0
36629,LV_Battery,2050,7,5,5,0.0
36630,LV_Battery,2050,7,6,6,0.0
36631,LV_Battery,2050,7,7,7,0.0
36632,LV_Battery,2050,7,8,8,0.0
36633,LV_Battery,2050,7,9,9,0.0
36634,LV_Battery,2050,7,10,10,0.0
36635,LV_Battery,2050,7,11,11,0.0
36636,LV_Battery,2050,7,12,12,0.0
36637,LV_Battery,2050,7,13,13,0.0
36638,LV_Battery,2050,7,14,14,0.0
36639,LV_Battery,2050,7,15,15,0.0
36640,LV_Battery,2050,7,16,16,0.0
36641,LV_Battery,2050,7,17,17,0.0
36642,LV_Battery,2050,7,18,18,0.0
36643,LV_Battery,2050,7,19,19,0.0
36644,LV_Battery,2050,7,20,20,0.0
36645,LV_Battery,2050,7,21,21,0.0
36646,LV_Battery,2050,7,22,22,0.0
36647,LV_Battery,2050,7,23,23,0.0
36648,LV_Battery,2050,7,24,24,0.0
36649,LV_Battery,2050,8,1,1,0.0
36650,LV_Battery,2050,8,2,2,0.0
36651,LV_Battery,2050,8,3,3,0.0
36652,LV_Battery,2050,8,4,4,0.0
36653,LV_Battery,2050,8,5,5,0.0
36654,LV_Battery,2050,8,6,6,0.0
36655,LV_Battery,2050,8,7,7,0.0
36656,LV_Battery,2050,8,8,8,0.0
36657,LV_Battery,2050,8,9,9,0.0
36658,LV_Battery,2050,8,10,10,0.0
36659,LV_Battery,2050,8,11,11,0.0
36660,LV_Battery,2050,8,12,12,0.0
36661,LV_Battery,2050,8,13,13,0.0
36662,LV_Battery,2050,8,14,14,0.0
36663,LV_Battery,2050,8,15,15,0.0
36664,LV_Battery,2050,8,16,16,0.0
36665,LV_Battery,2050,8,17,17,0.0
36666,LV_Battery,2050,8,18,18,0.0
36667,LV_Battery,2050,8,19,19,0.0
36668,LV_Battery,2050,8,20,20,0.0
36669,LV_Battery,2050,8,21,21,0.0
36670,LV_Battery,2050,8,22,22,0.0
36671,LV_Battery,2050,8,23,23,0.0
36672,LV_Battery,2050,8,24,24,0.0
36673,LV_Battery,2050,9,1,1,0.0
36674,LV_Battery,2050,9,2,2,0.0
36675,LV_Battery,2050,9,3,3,0.0
36676,LV_Battery,2050,9,4,4,0.0
36677,LV_Battery,2050,9,5,5,0.0
36678,LV_Battery,2050,9,6,6,0.0
36679,LV_Battery,2050,9,7,7,0.0
36680,LV_Battery,2050,9,8,8,0.0
36681,LV_Battery,2050,9,9,9,0.0
36682,LV_Battery,2050,9,10,10,0.0
36683,LV_Battery,2050,9,11,11,0.0
36684,LV_Battery,2050,9,12,12,0.0
36685,LV_Battery,2050,9,13,13,0.0
36686,LV_Battery,2050,9,14,14,0.0
36687,LV_Battery,2050,9,15,15,0.0
36688,LV_Battery,2050,9,16,16,0.0
36689,LV_Battery,2050,9,17,17,0.0
36690,LV_Battery,2050,9,18,18,0.0
36691,LV_Battery,2050,9,19,19,0.0
36692,LV_Battery,2050,9,20,20,0.0
36693,LV_Battery,2050,9,21,21,0.0
36694,LV_Battery,2050,9,22,22,0.0
36695,LV_Battery,2050,9,23,23,0.0
36696,LV_Battery,2050,9,24,24,0.0
36697,LV_Battery,2050,10,1,1,0.0
36698,LV_Battery,2050,10,2,2,0.0
36699,LV_Battery,2050,10,3,3,0.0
36700,LV_Battery,2050,10,4,4,0.0
36701,LV_Battery,2050,10,5,5,0.0
36702,LV_Battery,2050,10,6,6,0.0
36703,LV_Battery,2050,10,7,7,0.0
36704,LV_Battery,2050,10,8,8,0.0
36705,LV_Battery,2050,10,9,9,0.0
36706,LV_Battery,2050,10,10,10,0.0
36707,LV_Battery,2050,10,11,11,0.0
36708,LV_Battery,2050,10,12,12,0.0
36709,LV_Battery,2050,10,13,13,0.0
36710,LV_Battery,2050,10,14,14,0.0
36711,LV_Battery,2050,10,15,15,0.0
36712,LV_Battery,2050,10,16,16,0.0
36713,LV_Battery,2050,10,17,17,0.0
36714,LV_Battery,2050,10,18,18,0.0
36715,LV_Battery,2050,10,19,19,0.0
36716,LV_Battery,2050,10,20,20,0.0
36717,LV_Battery,2050,10,21,21,0.0
36718,LV_Battery,2050,10,22,22,0.0
36719,LV_Battery,2050,10,23,23,0.0
36720,LV_Battery,2050,10,24,24,0.0
36721,LV_CCGT,2050,1,1,1,0.0
36722,LV_CCGT,2050,1,2,2,0.0
36723,LV_CCGT,2050,1,3,3,0.0
36724,LV_CCGT,2050,1,4,4,0.0
36725,LV_CCGT,2050,1,5,5,0.0
36726,LV_CCGT,2050,1,6,6,0.0
36727,LV_CCGT,2050,1,7,7,0.0
36728,LV_CCGT,2050,1,8,8,0.0
36729,LV_CCGT,2050,1,9,9,0.0
36730,LV_CCGT,2050,1,10,10,0.0
36731,LV_CCGT,2050,1,11,11,0.0
36732,LV_CCGT,2050,1,12,12,0.0
36733,LV_CCGT,2050,1,13,13,0.0
36734,LV_CCGT,2050,1,14,14,0.0
36735,LV_CCGT,2050,1,15,15,0.0
36736,LV_CCGT,2050,1,16,16,0.0
36737,LV_CCGT,2050,1,17,17,0.0
36738,LV_CCGT,2050,1,18,18,0.0
36739,LV_CCGT,2050,1,19,19,0.0
36740,LV_CCGT,2050,1,20,20,0.0
36741,LV_CCGT,2050,1,21,21,0.0
36742,LV_CCGT,2050,1,22,22,0.0
36743,LV_CCGT,2050,1,23,23,0.0
36744,LV_CCGT,2050,1,24,24,0.0
36745,LV_CCGT,2050,2,1,1,0.0
36746,LV_CCGT,2050,2,2,2,0.0
36747,LV_CCGT,2050,2,3,3,0.0
36748,LV_CCGT,2050,2,4,4,0.0
36749,LV_CCGT,2050,2,5,5,0.0
36750,LV_CCGT,2050,2,6,6,0.0
36751,LV_CCGT,2050,2,7,7,0.0
36752,LV_CCGT,2050,2,8,8,0.0
36753,LV_CCGT,2050,2,9,9,0.0
36754,LV_CCGT,2050,2,10,10,0.0
36755,LV_CCGT,2050,2,11,11,0.0
36756,LV_CCGT,2050,2,12,12,0.0
36757,LV_CCGT,2050,2,13,13,0.0
36758,LV_CCGT,2050,2,14,14,0.0
36759,LV_CCGT,2050,2,15,15,0.0
36760,LV_CCGT,2050,2,16,16,0.0
36761,LV_CCGT,2050,2,17,17,0.0
36762,LV_CCGT,2050,2,18,18,0.0
36763,LV_CCGT,2050,2,19,19,0.0
36764,LV_CCGT,2050,2,20,20,0.0
36765,LV_CCGT,2050,2,21,21,0.0
36766,LV_CCGT,2050,2,22,22,0.0
36767,LV_CCGT,2050,2,23,23,0.0
36768,LV_CCGT,2050,2,24,24,0.0
36769,LV_CCGT,2050,3,1,1,0.0
36770,LV_CCGT,2050,3,2,2,0.0
36771,LV_CCGT,2050,3,3,3,0.0
36772,LV_CCGT,2050,3,4,4,0.0
36773,LV_CCGT,2050,3,5,5,0.0
36774,LV_CCGT,2050,3,6,6,0.0
36775,LV_CCGT,2050,3,7,7,0.0
36776,LV_CCGT,2050,3,8,8,0.0
36777,LV_CCGT,2050,3,9,9,0.0
36778,LV_CCGT,2050,3,10,10,0.0
36779,LV_CCGT,2050,3,11,11,0.0
36780,LV_CCGT,2050,3,12,12,0.0
36781,LV_CCGT,2050,3,13,13,0.0
36782,LV_CCGT,2050,3,14,14,0.0
36783,LV_CCGT,2050,3,15,15,0.0
36784,LV_CCGT,2050,3,16,16,0.0
36785,LV_CCGT,2050,3,17,17,0.0
36786,LV_CCGT,2050,3,18,18,0.0
36787,LV_CCGT,2050,3,19,19,0.0
36788,LV_CCGT,2050,3,20,20,0.0
36789,LV_CCGT,2050,3,21,21,0.0
36790,LV_CCGT,2050,3,22,22,0.0
36791,LV_CCGT,2050,3,23,23,0.0
36792,LV_CCGT,2050,3,24,24,0.0
36793,LV_CCGT,2050,4,1,1,0.0
36794,LV_CCGT,2050,4,2,2,0.0
36795,LV_CCGT,2050,4,3,3,0.0
36796,LV_CCGT,2050,4,4,4,0.0
36797,LV_CCGT,2050,4,5,5,0.0
36798,LV_CCGT,2050,4,6,6,0.0
36799,LV_CCGT,2050,4,7,7,0.0
36800,LV_CCGT,2050,4,8,8,0.0
36801,LV_CCGT,2050,4,9,9,0.0
36802,LV_CCGT,2050,4,10,10,-0.4139999999999998
36803,LV_CCGT,2050,4,11,11,-0.4139999999999998
36804,LV_CCGT,2050,4,12,12,-0.4139999999999998
36805,LV_CCGT,2050,4,13,13,-0.4139999999999998
36806,LV_CCGT,2050,4,14,14,-0.4139999999999998
36807,LV_CCGT,2050,4,15,15,-0.4139999999999998
36808,LV_CCGT,2050,4,16,16,-0.4139999999999998
36809,LV_CCGT,2050,4,17,17,-0.4139999999999998
36810,LV_CCGT,2050,4,18,18,-0.4139999999999998
36811,LV_CCGT,2050,4,19,19,-0.4139999999999998
36812,LV_CCGT,2050,4,20,20,-0.4139999999999998
36813,LV_CCGT,2050,4,21,21,-0.4139999999999998
36814,LV_CCGT,2050,4,22,22,-0.4139999999999998
36815,LV_CCGT,2050,4,23,23,-0.4139999999999998
36816,LV_CCGT,2050,4,24,24,0.0
36817,LV_CCGT,2050,5,1,1,0.0
36818,LV_CCGT,2050,5,2,2,0.0
36819,LV_CCGT,2050,5,3,3,0.0
36820,LV_CCGT,2050,5,4,4,0.0
36821,LV_CCGT,2050,5,5,5,0.0
36822,LV_CCGT,2050,5,6,6,0.0
36823,LV_CCGT,2050,5,7,7,0.0
36824,LV_CCGT,2050,5,8,8,0.0
36825,LV_CCGT,2050,5,9,9,0.0
36826,LV_CCGT,2050,5,10,10,0.0
36827,LV_CCGT,2050,5,11,11,0.0
36828,LV_CCGT,2050,5,12,12,0.0
36829,LV_CCGT,2050,5,13,13,0.0
36830,LV_CCGT,2050,5,14,14,0.0
36831,LV_CCGT,2050,5,15,15,0.0
36832,LV_CCGT,2050,5,16,16,0.0
36833,LV_CCGT,2050,5,17,17,0.0
36834,LV_CCGT,2050,5,18,18,0.0
36835,LV_CCGT,2050,5,19,19,0.0
36836,LV_CCGT,2050,5,20,20,0.0
36837,LV_CCGT,2050,5,21,21,0.0
36838,LV_CCGT,2050,5,22,22,0.0
36839,LV_CCGT,2050,5,23,23,0.0
36840,LV_CCGT,2050,5,24,24,0.0
36841,LV_CCGT,2050,6,1,1,0.0
36842,LV_CCGT,2050,6,2,2,0.0
36843,LV_CCGT,2050,6,3,3,0.0
36844,LV_CCGT,2050,6,4,4,0.0
36845,LV_CCGT,2050,6,5,5,0.0
36846,LV_CCGT,2050,6,6,6,0.0
36847,LV_CCGT,2050,6,7,7,0.0
36848,LV_CCGT,2050,6,8,8,0.0
36849,LV_CCGT,2050,6,9,9,0.0
36850,LV_CCGT,2050,6,10,10,0.0
36851,LV_CCGT,2050,6,11,11,0.0
36852,LV_CCGT,2050,6,12,12,0.0
36853,LV_CCGT,2050,6,13,13,0.0
36854,LV_CCGT,2050,6,14,14,0.0
36855,LV_CCGT,2050,6,15,15,0.0
36856,LV_CCGT,2050,6,16,16,0.0
36857,LV_CCGT,2050,6,17,17,0.0
36858,LV_CCGT,2050,6,18,18,0.0
36859,LV_CCGT,2050,6,19,19,0.0
36860,LV_CCGT,2050,6,20,20,0.0
36861,LV_CCGT,2050,6,21,21,0.0
36862,LV_CCGT,2050,6,22,22,0.0
36863,LV_CCGT,2050,6,23,23,0.0
36864,LV_CCGT,2050,6,24,24,0.0
36865,LV_CCGT,2050,7,1,1,0.0
36866,LV_CCGT,2050,7,2,2,0.0
36867,LV_CCGT,2050,7,3,3,0.0
36868,LV_CCGT,2050,7,4,4,0.0
36869,LV_CCGT,2050,7,5,5,0.0
36870,LV_CCGT,2050,7,6,6,0.0
36871,LV_CCGT,2050,7,7,7,0.0
36872,LV_CCGT,2050,7,8,8,0.0
36873,LV_CCGT,2050,7,9,9,0.0
36874,LV_CCGT,2050,7,10,10,0.0
36875,LV_CCGT,2050,7,11,11,0.0
36876,LV_CCGT,2050,7,12,12,0.0
36877,LV_CCGT,2050,7,13,13,0.0
36878,LV_CCGT,2050,7,14,14,0.0
36879,LV_CCGT,2050,7,15,15,0.0
36880,LV_CCGT,2050,7,16,16,0.0
36881,LV_CCGT,2050,7,17,17,0.0
36882,LV_CCGT,2050,7,18,18,0.0
36883,LV_CCGT,2050,7,19,19,0.0
36884,LV_CCGT,2050,7,20,20,0.0
36885,LV_CCGT,2050,7,21,21,0.0
36886,LV_CCGT,2050,7,22,22,0.0
36887,LV_CCGT,2050,7,23,23,0.0
36888,LV_CCGT,2050,7,24,24,0.0
36889,LV_CCGT,2050,8,1,1,0.0
36890,LV_CCGT,2050,8,2,2,0.0
36891,LV_CCGT,2050,8,3,3,0.0
36892,LV_CCGT,2050,8,4,4,0.0
36893,LV_CCGT,2050,8,5,5,0.0
36894,LV_CCGT,2050,8,6,6,0.0
36895,LV_CCGT,2050,8,7,7,0.0
36896,LV_CCGT,2050,8,8,8,0.0
36897,LV_CCGT,2050,8,9,9,0.0
36898,LV_CCGT,2050,8,10,10,0.0
36899,LV_CCGT,2050,8,11,11,0.0
36900,LV_CCGT,2050,8,12,12,0.0
36901,LV_CCGT,2050,8,13,13,0.0
36902,LV_CCGT,2050,8,14,14,0.0
36903,LV_CCGT,2050,8,15,15,0.0
36904,LV_CCGT,2050,8,16,16,0.0
36905,LV_CCGT,2050,8,17,17,0.0
36906,LV_CCGT,2050,8,18,18,0.0
36907,LV_CCGT,2050,8,19,19,0.0
36908,LV_CCGT,2050,8,20,20,0.0
36909,LV_CCGT,2050,8,21,21,0.0
36910,LV_CCGT,2050,8,22,22,0.0
36911,LV_CCGT,2050,8,23,23,0.0
36912,LV_CCGT,2050,8,24,24,0.0
36913,LV_CCGT,2050,9,1,1,0.0
36914,LV_CCGT,2050,9,2,2,0.0
36915,LV_CCGT,2050,9,3,3,0.0
36916,LV_CCGT,2050,9,4,4,0.0
36917,LV_CCGT,2050,9,5,5,0.0
36918,LV_CCGT,2050,9,6,6,0.0
36919,LV_CCGT,2050,9,7,7,0.0
36920,LV_CCGT,2050,9,8,8,0.0
36921,LV_CCGT,2050,9,9,9,0.0
36922,LV_CCGT,2050,9,10,10,0.0
36923,LV_CCGT,2050,9,11,11,0.0
36924,LV_CCGT,2050,9,12,12,0.0
36925,LV_CCGT,2050,9,13,13,0.0
36926,LV_CCGT,2050,9,14,14,0.0
36927,LV_CCGT,2050,9,15,15,0.0
36928,LV_CCGT,2050,9,16,16,0.0
36929,LV_CCGT,2050,9,17,17,0.0
36930,LV_CCGT,2050,9,18,18,0.0
36931,LV_CCGT,2050,9,19,19,0.0
36932,LV_CCGT,2050,9,20,20,0.0
36933,LV_CCGT,2050,9,21,21,0.0
36934,LV_CCGT,2050,9,22,22,0.0
36935,LV_CCGT,2050,9,23,23,0.0
36936,LV_CCGT,2050,9,24,24,0.0
36937,LV_CCGT,2050,10,1,1,0.0
36938,LV_CCGT,2050,10,2,2,0.0
36939,LV_CCGT,2050,10,3,3,0.0
36940,LV_CCGT,2050,10,4,4,0.0
36941,LV_CCGT,2050,10,5,5,0.0
36942,LV_CCGT,2050,10,6,6,0.0
36943,LV_CCGT,2050,10,7,7,0.0
36944,LV_CCGT,2050,10,8,8,0.0
36945,LV_CCGT,2050,10,9,9,0.0
36946,LV_CCGT,2050,10,10,10,0.0
36947,LV_CCGT,2050,10,11,11,0.0
36948,LV_CCGT,2050,10,12,12,0.0
36949,LV_CCGT,2050,10,13,13,0.0
36950,LV_CCGT,2050,10,14,14,0.0
36951,LV_CCGT,2050,10,15,15,0.0
36952,LV_CCGT,2050,10,16,16,0.0
36953,LV_CCGT,2050,10,17,17,0.0
36954,LV_CCGT,2050,10,18,18,0.0
36955,LV_CCGT,2050,10,19,19,0.0
36956,LV_CCGT,2050,10,20,20,0.0
36957,LV_CCGT,2050,10,21,21,0.0
36958,LV_CCGT,2050,10,22,22,0.0
36959,LV_CCGT,2050,10,23,23,0.0
36960,LV_CCGT,2050,10,24,24,0.0
36961,LV_Nuclear,2050,1,1,1,0.0
36962,LV_Nuclear,2050,1,2,2,0.0
36963,LV_Nuclear,2050,1,3,3,0.0
36964,LV_Nuclear,2050,1,4,4,0.0
36965,LV_Nuclear,2050,1,5,5,0.0
36966,LV_Nuclear,2050,1,6,6,0.0
36967,LV_Nuclear,2050,1,7,7,0.0
36968,LV_Nuclear,2050,1,8,8,-1.3038
36969,LV_Nuclear,2050,1,9,9,-1.3038
36970,LV_Nuclear,2050,1,10,10,-1.3038
36971,LV_Nuclear,2050,1,11,11,-1.3038
36972,LV_Nuclear,2050,1,12,12,-1.3038
36973,LV_Nuclear,2050,1,13,13,-1.3038
36974,LV_Nuclear,2050,1,14,14,-1.3038
36975,LV_Nuclear,2050,1,15,15,-1.3038
36976,LV_Nuclear,2050,1,16,16,-1.3038
36977,LV_Nuclear,2050,1,17,17,-1.3038
36978,LV_Nuclear,2050,1,18,18,-1.3038
36979,LV_Nuclear,2050,1,19,19,-1.3038
36980,LV_Nuclear,2050,1,20,20,-1.3038
36981,LV_Nuclear,2050,1,21,21,-1.3038
36982,LV_Nuclear,2050,1,22,22,-1.3038
36983,LV_Nuclear,2050,1,23,23,0.0
36984,LV_Nuclear,2050,1,24,24,0.0
36985,LV_Nuclear,2050,2,1,1,0.0
36986,LV_Nuclear,2050,2,2,2,0.0
36987,LV_Nuclear,2050,2,3,3,0.0
36988,LV_Nuclear,2050,2,4,4,0.0
36989,LV_Nuclear,2050,2,5,5,0.0
36990,LV_Nuclear,2050,2,6,6,0.0
36991,LV_Nuclear,2050,2,7,7,0.0
36992,LV_Nuclear,2050,2,8,8,0.0
36993,LV_Nuclear,2050,2,9,9,-1.4057999999999997
36994,LV_Nuclear,2050,2,10,10,-1.4057999999999997
36995,LV_Nuclear,2050,2,11,11,-1.4057999999999997
36996,LV_Nuclear,2050,2,12,12,-0.8118
36997,LV_Nuclear,2050,2,13,13,-0.8118
36998,LV_Nuclear,2050,2,14,14,0.0
36999,LV_Nuclear,2050,2,15,15,0.0
37000,LV_Nuclear,2050,2,16,16,0.0
37001,LV_Nuclear,2050,2,17,17,0.0
37002,LV_Nuclear,2050,2,18,18,0.0
37003,LV_Nuclear,2050,2,19,19,-13.118965705666335
37004,LV_Nuclear,2050,2,20,20,0.0
37005,LV_Nuclear,2050,2,21,21,0.0
37006,LV_Nuclear,2050,2,22,22,0.0
37007,LV_Nuclear,2050,2,23,23,0.0
37008,LV_Nuclear,2050,2,24,24,0.0
37009,LV_Nuclear,2050,3,1,1,0.0
37010,LV_Nuclear,2050,3,2,2,0.0
37011,LV_Nuclear,2050,3,3,3,0.0
37012,LV_Nuclear,2050,3,4,4,0.0
37013,LV_Nuclear,2050,3,5,5,0.0
37014,LV_Nuclear,2050,3,6,6,0.0
37015,LV_Nuclear,2050,3,7,7,0.0
37016,LV_Nuclear,2050,3,8,8,0.0
37017,LV_Nuclear,2050,3,9,9,0.0
37018,LV_Nuclear,2050,3,10,10,0.0
37019,LV_Nuclear,2050,3,11,11,0.0
37020,LV_Nuclear,2050,3,12,12,0.0
37021,LV_Nuclear,2050,3,13,13,0.0
37022,LV_Nuclear,2050,3,14,14,-6.276565705666339
37023,LV_Nuclear,2050,3,15,15,-6.276565705666339
37024,LV_Nuclear,2050,3,16,16,-6.276565705666339
37025,LV_Nuclear,2050,3,17,17,-6.276565705666339
37026,LV_Nuclear,2050,3,18,18,0.0
37027,LV_Nuclear,2050,3,19,19,0.0
37028,LV_Nuclear,2050,3,20,20,0.0
37029,LV_Nuclear,2050,3,21,21,0.0
37030,LV_Nuclear,2050,3,22,22,0.0
37031,LV_Nuclear,2050,3,23,23,0.0
37032,LV_Nuclear,2050,3,24,24,0.0
37033,LV_Nuclear,2050,4,1,1,-0.5658000000000001
37034,LV_Nuclear,2050,4,2,2,-0.5658000000000001
37035,LV_Nuclear,2050,4,3,3,-0.5658000000000001
37036,LV_Nuclear,2050,4,4,4,-0.5658000000000001
37037,LV_Nuclear,2050,4,5,5,-0.5658000000000001
37038,LV_Nuclear,2050,4,6,6,-0.5658000000000001
37039,LV_Nuclear,2050,4,7,7,-0.5658000000000001
37040,LV_Nuclear,2050,4,8,8,-0.5658000000000001
37041,LV_Nuclear,2050,4,9,9,-0.5658000000000001
37042,LV_Nuclear,2050,4,10,10,-0.9797999999999998
37043,LV_Nuclear,2050,4,11,11,-0.9797999999999998
37044,LV_Nuclear,2050,4,12,12,-0.9797999999999998
37045,LV_Nuclear,2050,4,13,13,-0.9797999999999998
37046,LV_Nuclear,2050,4,14,14,-0.9797999999999998
37047,LV_Nuclear,2050,4,15,15,-0.9797999999999998
37048,LV_Nuclear,2050,4,16,16,-0.9797999999999998
37049,LV_Nuclear,2050,4,17,17,-0.9797999999999998
37050,LV_Nuclear,2050,4,18,18,-0.9797999999999998
37051,LV_Nuclear,2050,4,19,19,-0.9797999999999998
37052,LV_Nuclear,2050,4,20,20,-0.9797999999999998
37053,LV_Nuclear,2050,4,21,21,-0.9797999999999998
37054,LV_Nuclear,2050,4,22,22,-0.9797999999999998
37055,LV_Nuclear,2050,4,23,23,-0.9797999999999998
37056,LV_Nuclear,2050,4,24,24,-0.5658000000000001
37057,LV_Nuclear,2050,5,1,1,0.0
37058,LV_Nuclear,2050,5,2,2,0.0
37059,LV_Nuclear,2050,5,3,3,0.0
37060,LV_Nuclear,2050,5,4,4,0.0
37061,LV_Nuclear,2050,5,5,5,0.0
37062,LV_Nuclear,2050,5,6,6,0.0
37063,LV_Nuclear,2050,5,7,7,0.0
37064,LV_Nuclear,2050,5,8,8,0.0
37065,LV_Nuclear,2050,5,9,9,0.0
37066,LV_Nuclear,2050,5,10,10,0.0
37067,LV_Nuclear,2050,5,11,11,0.0
37068,LV_Nuclear,2050,5,12,12,0.0
37069,LV_Nuclear,2050,5,13,13,0.0
37070,LV_Nuclear,2050,5,14,14,0.0
37071,LV_Nuclear,2050,5,15,15,0.0
37072,LV_Nuclear,2050,5,16,16,0.0
37073,LV_Nuclear,2050,5,17,17,0.0
37074,LV_Nuclear,2050,5,18,18,0.0
37075,LV_Nuclear,2050,5,19,19,0.0
37076,LV_Nuclear,2050,5,20,20,0.0
37077,LV_Nuclear,2050,5,21,21,0.0
37078,LV_Nuclear,2050,5,22,22,0.0
37079,LV_Nuclear,2050,5,23,23,0.0
37080,LV_Nuclear,2050,5,24,24,0.0
37081,LV_Nuclear,2050,6,1,1,0.0
37082,LV_Nuclear,2050,6,2,2,0.0
37083,LV_Nuclear,2050,6,3,3,0.0
37084,LV_Nuclear,2050,6,4,4,0.0
37085,LV_Nuclear,2050,6,5,5,0.0
37086,LV_Nuclear,2050,6,6,6,0.0
37087,LV_Nuclear,2050,6,7,7,0.0
37088,LV_Nuclear,2050,6,8,8,0.0
37089,LV_Nuclear,2050,6,9,9,-0.4428000000000001
37090,LV_Nuclear,2050,6,10,10,-0.4428000000000001
37091,LV_Nuclear,2050,6,11,11,-0.4428000000000001
37092,LV_Nuclear,2050,6,12,12,-0.4428000000000001
37093,LV_Nuclear,2050,6,13,13,-0.4428000000000001
37094,LV_Nuclear,2050,6,14,14,0.0
37095,LV_Nuclear,2050,6,15,15,0.0
37096,LV_Nuclear,2050,6,16,16,0.0
37097,LV_Nuclear,2050,6,17,17,0.0
37098,LV_Nuclear,2050,6,18,18,0.0
37099,LV_Nuclear,2050,6,19,19,-0.7667999999999999
37100,LV_Nuclear,2050,6,20,20,-0.7667999999999999
37101,LV_Nuclear,2050,6,21,21,-0.7667999999999999
37102,LV_Nuclear,2050,6,22,22,0.0
37103,LV_Nuclear,2050,6,23,23,0.0
37104,LV_Nuclear,2050,6,24,24,0.0
37105,LV_Nuclear,2050,7,1,1,0.0
37106,LV_Nuclear,2050,7,2,2,0.0
37107,LV_Nuclear,2050,7,3,3,0.0
37108,LV_Nuclear,2050,7,4,4,0.0
37109,LV_Nuclear,2050,7,5,5,0.0
37110,LV_Nuclear,2050,7,6,6,0.0
37111,LV_Nuclear,2050,7,7,7,0.0
37112,LV_Nuclear,2050,7,8,8,0.0
37113,LV_Nuclear,2050,7,9,9,0.0
37114,LV_Nuclear,2050,7,10,10,0.0
37115,LV_Nuclear,2050,7,11,11,0.0
37116,LV_Nuclear,2050,7,12,12,0.0
37117,LV_Nuclear,2050,7,13,13,0.0
37118,LV_Nuclear,2050,7,14,14,0.0
37119,LV_Nuclear,2050,7,15,15,0.0
37120,LV_Nuclear,2050,7,16,16,0.0
37121,LV_Nuclear,2050,7,17,17,0.0
37122,LV_Nuclear,2050,7,18,18,0.0
37123,LV_Nuclear,2050,7,19,19,0.0
37124,LV_Nuclear,2050,7,20,20,0.0
37125,LV_Nuclear,2050,7,21,21,0.0
37126,LV_Nuclear,2050,7,22,22,0.0
37127,LV_Nuclear,2050,7,23,23,0.0
37128,LV_Nuclear,2050,7,24,24,0.0
37129,LV_Nuclear,2050,8,1,1,0.0
37130,LV_Nuclear,2050,8,2,2,0.0
37131,LV_Nuclear,2050,8,3,3,0.0
37132,LV_Nuclear,2050,8,4,4,0.0
37133,LV_Nuclear,2050,8,5,5,0.0
37134,LV_Nuclear,2050,8,6,6,0.0
37135,LV_Nuclear,2050,8,7,7,0.0
37136,LV_Nuclear,2050,8,8,8,0.0
37137,LV_Nuclear,2050,8,9,9,0.0
37138,LV_Nuclear,2050,8,10,10,0.0
37139,LV_Nuclear,2050,8,11,11,0.0
37140,LV_Nuclear,2050,8,12,12,0.0
37141,LV_Nuclear,2050,8,13,13,0.0
37142,LV_Nuclear,2050,8,14,14,0.0
37143,LV_Nuclear,2050,8,15,15,0.0
37144,LV_Nuclear,2050,8,16,16,0.0
37145,LV_Nuclear,2050,8,17,17,0.0
37146,LV_Nuclear,2050,8,18,18,0.0
37147,LV_Nuclear,2050,8,19,19,0.0
37148,LV_Nuclear,2050,8,20,20,0.0
37149,LV_Nuclear,2050,8,21,21,0.0
37150,LV_Nuclear,2050,8,22,22,0.0
37151,LV_Nuclear,2050,8,23,23,0.0
37152,LV_Nuclear,2050,8,24,24,0.0
37153,LV_Nuclear,2050,9,1,1,0.0
37154,LV_Nuclear,2050,9,2,2,0.0
37155,LV_Nuclear,2050,9,3,3,0.0
37156,LV_Nuclear,2050,9,4,4,0.0
37157,LV_Nuclear,2050,9,5,5,0.0
37158,LV_Nuclear,2050,9,6,6,0.0
37159,LV_Nuclear,2050,9,7,7,0.0
37160,LV_Nuclear,2050,9,8,8,0.0
37161,LV_Nuclear,2050,9,9,9,0.0
37162,LV_Nuclear,2050,9,10,10,0.0
37163,LV_Nuclear,2050,9,11,11,0.0
37164,LV_Nuclear,2050,9,12,12,0.0
37165,LV_Nuclear,2050,9,13,13,0.0
37166,LV_Nuclear,2050,9,14,14,0.0
37167,LV_Nuclear,2050,9,15,15,0.0
37168,LV_Nuclear,2050,9,16,16,0.0
37169,LV_Nuclear,2050,9,17,17,0.0
37170,LV_Nuclear,2050,9,18,18,0.0
37171,LV_Nuclear,2050,9,19,19,0.0
37172,LV_Nuclear,2050,9,20,20,0.0
37173,LV_Nuclear,2050,9,21,21,0.0
37174,LV_Nuclear,2050,9,22,22,0.0
37175,LV_Nuclear,2050,9,23,23,0.0
37176,LV_Nuclear,2050,9,24,24,0.0
37177,LV_Nuclear,2050,10,1,1,0.0
37178,LV_Nuclear,2050,10,2,2,0.0
37179,LV_Nuclear,2050,10,3,3,0.0
37180,LV_Nuclear,2050,10,4,4,-1.1316000000000002
37181,LV_Nuclear,2050,10,5,5,-1.1316000000000002
37182,LV_Nuclear,2050,10,6,6,-1.1316000000000002
37183,LV_Nuclear,2050,10,7,7,-1.1316000000000002
37184,LV_Nuclear,2050,10,8,8,-1.1316000000000002
37185,LV_Nuclear,2050,10,9,9,-1.1316000000000002
37186,LV_Nuclear,2050,10,10,10,-1.1316000000000002
37187,LV_Nuclear,2050,10,11,11,-1.1316000000000002
37188,LV_Nuclear,2050,10,12,12,-1.1316000000000002
37189,LV_Nuclear,2050,10,13,13,-1.1316000000000002
37190,LV_Nuclear,2050,10,14,14,-1.1316000000000002
37191,LV_Nuclear,2050,10,15,15,-1.1316000000000002
37192,LV_Nuclear,2050,10,16,16,-1.1316000000000002
37193,LV_Nuclear,2050,10,17,17,-1.1316000000000002
37194,LV_Nuclear,2050,10,18,18,-1.1316000000000002
37195,LV_Nuclear,2050,10,19,19,-1.1316000000000002
37196,LV_Nuclear,2050,10,20,20,-1.1316000000000002
37197,LV_Nuclear,2050,10,21,21,-1.1316000000000002
37198,LV_Nuclear,2050,10,22,22,-1.1316000000000002
37199,LV_Nuclear,2050,10,23,23,-1.1316000000000002
37200,LV_Nuclear,2050,10,24,24,-1.1316000000000002
37201,LV_OCGT,2050,1,1,1,0.0
37202,LV_OCGT,2050,1,2,2,0.0
37203,LV_OCGT,2050,1,3,3,0.0
37204,LV_OCGT,2050,1,4,4,0.0
37205,LV_OCGT,2050,1,5,5,0.0
37206,LV_OCGT,2050,1,6,6,0.0
37207,LV_OCGT,2050,1,7,7,0.0
37208,LV_OCGT,2050,1,8,8,0.0
37209,LV_OCGT,2050,1,9,9,0.0
37210,LV_OCGT,2050,1,10,10,0.0
37211,LV_OCGT,2050,1,11,11,0.0
37212,LV_OCGT,2050,1,12,12,0.0
37213,LV_OCGT,2050,1,13,13,0.0
37214,LV_OCGT,2050,1,14,14,0.0
37215,LV_OCGT,2050,1,15,15,0.0
37216,LV_OCGT,2050,1,16,16,0.0
37217,LV_OCGT,2050,1,17,17,0.0
37218,LV_OCGT,2050,1,18,18,0.0
37219,LV_OCGT,2050,1,19,19,0.0
37220,LV_OCGT,2050,1,20,20,0.0
37221,LV_OCGT,2050,1,21,21,0.0
37222,LV_OCGT,2050,1,22,22,0.0
37223,LV_OCGT,2050,1,23,23,0.0
37224,LV_OCGT,2050,1,24,24,0.0
37225,LV_OCGT,2050,2,1,1,0.0
37226,LV_OCGT,2050,2,2,2,0.0
37227,LV_OCGT,2050,2,3,3,0.0
37228,LV_OCGT,2050,2,4,4,0.0
37229,LV_OCGT,2050,2,5,5,0.0
37230,LV_OCGT,2050,2,6,6,0.0
37231,LV_OCGT,2050,2,7,7,0.0
37232,LV_OCGT,2050,2,8,8,0.0
37233,LV_OCGT,2050,2,9,9,0.0
37234,LV_OCGT,2050,2,10,10,0.0
37235,LV_OCGT,2050,2,11,11,0.0
37236,LV_OCGT,2050,2,12,12,0.0
37237,LV_OCGT,2050,2,13,13,0.0
37238,LV_OCGT,2050,2,14,14,0.0
37239,LV_OCGT,2050,2,15,15,0.0
37240,LV_OCGT,2050,2,16,16,0.0
37241,LV_OCGT,2050,2,17,17,0.0
37242,LV_OCGT,2050,2,18,18,0.0
37243,LV_OCGT,2050,2,19,19,0.0
37244,LV_OCGT,2050,2,20,20,0.0
37245,LV_OCGT,2050,2,21,21,0.0
37246,LV_OCGT,2050,2,22,22,0.0
37247,LV_OCGT,2050,2,23,23,0.0
37248,LV_OCGT,2050,2,24,24,0.0
37249,LV_OCGT,2050,3,1,1,0.0
37250,LV_OCGT,2050,3,2,2,0.0
37251,LV_OCGT,2050,3,3,3,0.0
37252,LV_OCGT,2050,3,4,4,0.0
37253,LV_OCGT,2050,3,5,5,0.0
37254,LV_OCGT,2050,3,6,6,0.0
37255,LV_OCGT,2050,3,7,7,0.0
37256,LV_OCGT,2050,3,8,8,0.0
37257,LV_OCGT,2050,3,9,9,0.0
37258,LV_OCGT,2050,3,10,10,0.0
37259,LV_OCGT,2050,3,11,11,0.0
37260,LV_OCGT,2050,3,12,12,0.0
37261,LV_OCGT,2050,3,13,13,0.0
37262,LV_OCGT,2050,3,14,14,0.0
37263,LV_OCGT,2050,3,15,15,0.0
37264,LV_OCGT,2050,3,16,16,0.0
37265,LV_OCGT,2050,3,17,17,0.0
37266,LV_OCGT,2050,3,18,18,0.0
37267,LV_OCGT,2050,3,19,19,0.0
37268,LV_OCGT,2050,3,20,20,0.0
37269,LV_OCGT,2050,3,21,21,0.0
37270,LV_OCGT,2050,3,22,22,0.0
37271,LV_OCGT,2050,3,23,23,0.0
37272,LV_OCGT,2050,3,24,24,0.0
37273,LV_OCGT,2050,4,1,1,0.0
37274,LV_OCGT,2050,4,2,2,0.0
37275,LV_OCGT,2050,4,3,3,0.0
37276,LV_OCGT,2050,4,4,4,0.0
37277,LV_OCGT,2050,4,5,5,0.0
37278,LV_OCGT,2050,4,6,6,0.0
37279,LV_OCGT,2050,4,7,7,0.0
37280,LV_OCGT,2050,4,8,8,0.0
37281,LV_OCGT,2050,4,9,9,0.0
37282,LV_OCGT,2050,4,10,10,0.0
37283,LV_OCGT,2050,4,11,11,0.0
37284,LV_OCGT,2050,4,12,12,0.0
37285,LV_OCGT,2050,4,13,13,0.0
37286,LV_OCGT,2050,4,14,14,0.0
37287,LV_OCGT,2050,4,15,15,0.0
37288,LV_OCGT,2050,4,16,16,0.0
37289,LV_OCGT,2050,4,17,17,0.0
37290,LV_OCGT,2050,4,18,18,0.0
37291,LV_OCGT,2050,4,19,19,0.0
37292,LV_OCGT,2050,4,20,20,0.0
37293,LV_OCGT,2050,4,21,21,0.0
37294,LV_OCGT,2050,4,22,22,0.0
37295,LV_OCGT,2050,4,23,23,0.0
37296,LV_OCGT,2050,4,24,24,0.0
37297,LV_OCGT,2050,5,1,1,0.0
37298,LV_OCGT,2050,5,2,2,0.0
37299,LV_OCGT,2050,5,3,3,0.0
37300,LV_OCGT,2050,5,4,4,0.0
37301,LV_OCGT,2050,5,5,5,0.0
37302,LV_OCGT,2050,5,6,6,0.0
37303,LV_OCGT,2050,5,7,7,0.0
37304,LV_OCGT,2050,5,8,8,0.0
37305,LV_OCGT,2050,5,9,9,0.0
37306,LV_OCGT,2050,5,10,10,0.0
37307,LV_OCGT,2050,5,11,11,0.0
37308,LV_OCGT,2050,5,12,12,0.0
37309,LV_OCGT,2050,5,13,13,0.0
37310,LV_OCGT,2050,5,14,14,0.0
37311,LV_OCGT,2050,5,15,15,0.0
37312,LV_OCGT,2050,5,16,16,0.0
37313,LV_OCGT,2050,5,17,17,0.0
37314,LV_OCGT,2050,5,18,18,0.0
37315,LV_OCGT,2050,5,19,19,0.0
37316,LV_OCGT,2050,5,20,20,0.0
37317,LV_OCGT,2050,5,21,21,0.0
37318,LV_OCGT,2050,5,22,22,0.0
37319,LV_OCGT,2050,5,23,23,0.0
37320,LV_OCGT,2050,5,24,24,0.0
37321,LV_OCGT,2050,6,1,1,0.0
37322,LV_OCGT,2050,6,2,2,0.0
37323,LV_OCGT,2050,6,3,3,0.0
37324,LV_OCGT,2050,6,4,4,0.0
37325,LV_OCGT,2050,6,5,5,0.0
37326,LV_OCGT,2050,6,6,6,0.0
37327,LV_OCGT,2050,6,7,7,0.0
37328,LV_OCGT,2050,6,8,8,0.0
37329,LV_OCGT,2050,6,9,9,0.0
37330,LV_OCGT,2050,6,10,10,0.0
37331,LV_OCGT,2050,6,11,11,0.0
37332,LV_OCGT,2050,6,12,12,0.0
37333,LV_OCGT,2050,6,13,13,0.0
37334,LV_OCGT,2050,6,14,14,0.0
37335,LV_OCGT,2050,6,15,15,0.0
37336,LV_OCGT,2050,6,16,16,0.0
37337,LV_OCGT,2050,6,17,17,0.0
37338,LV_OCGT,2050,6,18,18,0.0
37339,LV_OCGT,2050,6,19,19,0.0
37340,LV_OCGT,2050,6,20,20,0.0
37341,LV_OCGT,2050,6,21,21,0.0
37342,LV_OCGT,2050,6,22,22,0.0
37343,LV_OCGT,2050,6,23,23,0.0
37344,LV_OCGT,2050,6,24,24,0.0
37345,LV_OCGT,2050,7,1,1,0.0
37346,LV_OCGT,2050,7,2,2,0.0
37347,LV_OCGT,2050,7,3,3,0.0
37348,LV_OCGT,2050,7,4,4,0.0
37349,LV_OCGT,2050,7,5,5,0.0
37350,LV_OCGT,2050,7,6,6,0.0
37351,LV_OCGT,2050,7,7,7,0.0
37352,LV_OCGT,2050,7,8,8,0.0
37353,LV_OCGT,2050,7,9,9,0.0
37354,LV_OCGT,2050,7,10,10,0.0
37355,LV_OCGT,2050,7,11,11,0.0
37356,LV_OCGT,2050,7,12,12,0.0
37357,LV_OCGT,2050,7,13,13,0.0
37358,LV_OCGT,2050,7,14,14,0.0
37359,LV_OCGT,2050,7,15,15,0.0
37360,LV_OCGT,2050,7,16,16,0.0
37361,LV_OCGT,2050,7,17,17,0.0
37362,LV_OCGT,2050,7,18,18,0.0
37363,LV_OCGT,2050,7,19,19,0.0
37364,LV_OCGT,2050,7,20,20,0.0
37365,LV_OCGT,2050,7,21,21,0.0
37366,LV_OCGT,2050,7,22,22,0.0
37367,LV_OCGT,2050,7,23,23,0.0
37368,LV_OCGT,2050,7,24,24,0.0
37369,LV_OCGT,2050,8,1,1,0.0
37370,LV_OCGT,2050,8,2,2,0.0
37371,LV_OCGT,2050,8,3,3,0.0
37372,LV_OCGT,2050,8,4,4,0.0
37373,LV_OCGT,2050,8,5,5,0.0
37374,LV_OCGT,2050,8,6,6,0.0
37375,LV_OCGT,2050,8,7,7,0.0
37376,LV_OCGT,2050,8,8,8,0.0
37377,LV_OCGT,2050,8,9,9,0.0
37378,LV_OCGT,2050,8,10,10,0.0
37379,LV_OCGT,2050,8,11,11,0.0
37380,LV_OCGT,2050,8,12,12,0.0
37381,LV_OCGT,2050,8,13,13,0.0
37382,LV_OCGT,2050,8,14,14,0.0
37383,LV_OCGT,2050,8,15,15,0.0
37384,LV_OCGT,2050,8,16,16,0.0
37385,LV_OCGT,2050,8,17,17,0.0
37386,LV_OCGT,2050,8,18,18,0.0
37387,LV_OCGT,2050,8,19,19,0.0
37388,LV_OCGT,2050,8,20,20,0.0
37389,LV_OCGT,2050,8,21,21,0.0
37390,LV_OCGT,2050,8,22,22,0.0
37391,LV_OCGT,2050,8,23,23,0.0
37392,LV_OCGT,2050,8,24,24,0.0
37393,LV_OCGT,2050,9,1,1,0.0
37394,LV_OCGT,2050,9,2,2,0.0
37395,LV_OCGT,2050,9,3,3,0.0
37396,LV_OCGT,2050,9,4,4,0.0
37397,LV_OCGT,2050,9,5,5,0.0
37398,LV_OCGT,2050,9,6,6,0.0
37399,LV_OCGT,2050,9,7,7,0.0
37400,LV_OCGT,2050,9,8,8,0.0
37401,LV_OCGT,2050,9,9,9,0.0
37402,LV_OCGT,2050,9,10,10,0.0
37403,LV_OCGT,2050,9,11,11,0.0
37404,LV_OCGT,2050,9,12,12,0.0
37405,LV_OCGT,2050,9,13,13,0.0
37406,LV_OCGT,2050,9,14,14,0.0
37407,LV_OCGT,2050,9,15,15,0.0
37408,LV_OCGT,2050,9,16,16,0.0
37409,LV_OCGT,2050,9,17,17,0.0
37410,LV_OCGT,2050,9,18,18,0.0
37411,LV_OCGT,2050,9,19,19,0.0
37412,LV_OCGT,2050,9,20,20,0.0
37413,LV_OCGT,2050,9,21,21,0.0
37414,LV_OCGT,2050,9,22,22,0.0
37415,LV_OCGT,2050,9,23,23,0.0
37416,LV_OCGT,2050,9,24,24,0.0
37417,LV_OCGT,2050,10,1,1,0.0
37418,LV_OCGT,2050,10,2,2,0.0
37419,LV_OCGT,2050,10,3,3,0.0
37420,LV_OCGT,2050,10,4,4,0.0
37421,LV_OCGT,2050,10,5,5,0.0
37422,LV_OCGT,2050,10,6,6,0.0
37423,LV_OCGT,2050,10,7,7,0.0
37424,LV_OCGT,2050,10,8,8,0.0
37425,LV_OCGT,2050,10,9,9,0.0
37426,LV_OCGT,2050,10,10,10,0.0
37427,LV_OCGT,2050,10,11,11,0.0
37428,LV_OCGT,2050,10,12,12,0.0
37429,LV_OCGT,2050,10,13,13,0.0
37430,LV_OCGT,2050,10,14,14,0.0
37431,LV_OCGT,2050,10,15,15,0.0
37432,LV_OCGT,2050,10,16,16,0.0
37433,LV_OCGT,2050,10,17,17,0.0
37434,LV_OCGT,2050,10,18,18,0.0
37435,LV_OCGT,2050,10,19,19,0.0
37436,LV_OCGT,2050,10,20,20,0.0
37437,LV_OCGT,2050,10,21,21,0.0
37438,LV_OCGT,2050,10,22,22,0.0
37439,LV_OCGT,2050,10,23,23,0.0
37440,LV_OCGT,2050,10,24,24,0.0
37441,LV_Solar,2050,1,1,1,0.0
37442,LV_Solar,2050,1,2,2,0.0
37443,LV_Solar,2050,1,3,3,0.0
37444,LV_Solar,2050,1,4,4,0.0
37445,LV_Solar,2050,1,5,5,0.0
37446,LV_Solar,2050,1,6,6,0.0
37447,LV_Solar,2050,1,7,7,0.0
37448,LV_Solar,2050,1,8,8,-1.749
37449,LV_Solar,2050,1,9,9,-1.749
37450,LV_Solar,2050,1,10,10,-1.749
37451,LV_Solar,2050,1,11,11,-1.749
37452,LV_Solar,2050,1,12,12,-1.749
37453,LV_Solar,2050,1,13,13,-1.749
37454,LV_Solar,2050,1,14,14,-1.749
37455,LV_Solar,2050,1,15,15,-1.749
37456,LV_Solar,2050,1,16,16,-1.749
37457,LV_Solar,2050,1,17,17,-1.749
37458,LV_Solar,2050,1,18,18,-1.749
37459,LV_Solar,2050,1,19,19,-1.749
37460,LV_Solar,2050,1,20,20,-1.749
37461,LV_Solar,2050,1,21,21,-1.749
37462,LV_Solar,2050,1,22,22,-1.749
37463,LV_Solar,2050,1,23,23,0.0
37464,LV_Solar,2050,1,24,24,0.0
37465,LV_Solar,2050,2,1,1,0.0
37466,LV_Solar,2050,2,2,2,0.0
37467,LV_Solar,2050,2,3,3,0.0
37468,LV_Solar,2050,2,4,4,0.0
37469,LV_Solar,2050,2,5,5,0.0
37470,LV_Solar,2050,2,6,6,0.0
37471,LV_Solar,2050,2,7,7,0.0
37472,LV_Solar,2050,2,8,8,0.0
37473,LV_Solar,2050,2,9,9,-1.6829999999999998
37474,LV_Solar,2050,2,10,10,-1.6829999999999998
37475,LV_Solar,2050,2,11,11,-1.6829999999999998
37476,LV_Solar,2050,2,12,12,-1.089
37477,LV_Solar,2050,2,13,13,-1.089
37478,LV_Solar,2050,2,14,14,0.0
37479,LV_Solar,2050,2,15,15,0.0
37480,LV_Solar,2050,2,16,16,0.0
37481,LV_Solar,2050,2,17,17,0.0
37482,LV_Solar,2050,2,18,18,0.0
37483,LV_Solar,2050,2,19,19,-13.396165705666336
37484,LV_Solar,2050,2,20,20,0.0
37485,LV_Solar,2050,2,21,21,0.0
37486,LV_Solar,2050,2,22,22,0.0
37487,LV_Solar,2050,2,23,23,0.0
37488,LV_Solar,2050,2,24,24,0.0
37489,LV_Solar,2050,3,1,1,0.0
37490,LV_Solar,2050,3,2,2,0.0
37491,LV_Solar,2050,3,3,3,0.0
37492,LV_Solar,2050,3,4,4,0.0
37493,LV_Solar,2050,3,5,5,0.0
37494,LV_Solar,2050,3,6,6,0.0
37495,LV_Solar,2050,3,7,7,0.0
37496,LV_Solar,2050,3,8,8,0.0
37497,LV_Solar,2050,3,9,9,0.0
37498,LV_Solar,2050,3,10,10,0.0
37499,LV_Solar,2050,3,11,11,0.0
37500,LV_Solar,2050,3,12,12,0.0
37501,LV_Solar,2050,3,13,13,0.0
37502,LV_Solar,2050,3,14,14,-6.520165705666339
37503,LV_Solar,2050,3,15,15,-6.520165705666339
37504,LV_Solar,2050,3,16,16,-6.520165705666339
37505,LV_Solar,2050,3,17,17,-6.520165705666339
37506,LV_Solar,2050,3,18,18,0.0
37507,LV_Solar,2050,3,19,19,0.0
37508,LV_Solar,2050,3,20,20,0.0
37509,LV_Solar,2050,3,21,21,0.0
37510,LV_Solar,2050,3,22,22,0.0
37511,LV_Solar,2050,3,23,23,0.0
37512,LV_Solar,2050,3,24,24,0.0
37513,LV_Solar,2050,4,1,1,-0.759
37514,LV_Solar,2050,4,2,2,-0.759
37515,LV_Solar,2050,4,3,3,-0.759
37516,LV_Solar,2050,4,4,4,-0.759
37517,LV_Solar,2050,4,5,5,-0.759
37518,LV_Solar,2050,4,6,6,-0.759
37519,LV_Solar,2050,4,7,7,-0.759
37520,LV_Solar,2050,4,8,8,-0.759
37521,LV_Solar,2050,4,9,9,-0.759
37522,LV_Solar,2050,4,10,10,-1.1729999999999998
37523,LV_Solar,2050,4,11,11,-1.1729999999999998
37524,LV_Solar,2050,4,12,12,-1.1729999999999998
37525,LV_Solar,2050,4,13,13,-1.1729999999999998
37526,LV_Solar,2050,4,14,14,-1.1729999999999998
37527,LV_Solar,2050,4,15,15,-1.1729999999999998
37528,LV_Solar,2050,4,16,16,-1.1729999999999998
37529,LV_Solar,2050,4,17,17,-1.1729999999999998
37530,LV_Solar,2050,4,18,18,-1.1729999999999998
37531,LV_Solar,2050,4,19,19,-1.1729999999999998
37532,LV_Solar,2050,4,20,20,-1.1729999999999998
37533,LV_Solar,2050,4,21,21,-1.1729999999999998
37534,LV_Solar,2050,4,22,22,-1.1729999999999998
37535,LV_Solar,2050,4,23,23,-1.1729999999999998
37536,LV_Solar,2050,4,24,24,-0.759
37537,LV_Solar,2050,5,1,1,0.0
37538,LV_Solar,2050,5,2,2,0.0
37539,LV_Solar,2050,5,3,3,0.0
37540,LV_Solar,2050,5,4,4,0.0
37541,LV_Solar,2050,5,5,5,0.0
37542,LV_Solar,2050,5,6,6,0.0
37543,LV_Solar,2050,5,7,7,0.0
37544,LV_Solar,2050,5,8,8,0.0
37545,LV_Solar,2050,5,9,9,0.0
37546,LV_Solar,2050,5,10,10,0.0
37547,LV_Solar,2050,5,11,11,0.0
37548,LV_Solar,2050,5,12,12,0.0
37549,LV_Solar,2050,5,13,13,0.0
37550,LV_Solar,2050,5,14,14,0.0
37551,LV_Solar,2050,5,15,15,0.0
37552,LV_Solar,2050,5,16,16,0.0
37553,LV_Solar,2050,5,17,17,0.0
37554,LV_Solar,2050,5,18,18,0.0
37555,LV_Solar,2050,5,19,19,0.0
37556,LV_Solar,2050,5,20,20,0.0
37557,LV_Solar,2050,5,21,21,0.0
37558,LV_Solar,2050,5,22,22,0.0
37559,LV_Solar,2050,5,23,23,0.0
37560,LV_Solar,2050,5,24,24,0.0
37561,LV_Solar,2050,6,1,1,0.0
37562,LV_Solar,2050,6,2,2,0.0
37563,LV_Solar,2050,6,3,3,0.0
37564,LV_Solar,2050,6,4,4,0.0
37565,LV_Solar,2050,6,5,5,0.0
37566,LV_Solar,2050,6,6,6,0.0
37567,LV_Solar,2050,6,7,7,0.0
37568,LV_Solar,2050,6,8,8,0.0
37569,LV_Solar,2050,6,9,9,-0.5940000000000001
37570,LV_Solar,2050,6,10,10,-0.5940000000000001
37571,LV_Solar,2050,6,11,11,-0.5940000000000001
37572,LV_Solar,2050,6,12,12,-0.5940000000000001
37573,LV_Solar,2050,6,13,13,-0.5940000000000001
37574,LV_Solar,2050,6,14,14,0.0
37575,LV_Solar,2050,6,15,15,0.0
37576,LV_Solar,2050,6,16,16,0.0
37577,LV_Solar,2050,6,17,17,0.0
37578,LV_Solar,2050,6,18,18,0.0
37579,LV_Solar,2050,6,19,19,-0.9179999999999999
37580,LV_Solar,2050,6,20,20,-0.9179999999999999
37581,LV_Solar,2050,6,21,21,-0.9179999999999999
37582,LV_Solar,2050,6,22,22,0.0
37583,LV_Solar,2050,6,23,23,0.0
37584,LV_Solar,2050,6,24,24,0.0
37585,LV_Solar,2050,7,1,1,0.0
37586,LV_Solar,2050,7,2,2,0.0
37587,LV_Solar,2050,7,3,3,0.0
37588,LV_Solar,2050,7,4,4,0.0
37589,LV_Solar,2050,7,5,5,0.0
37590,LV_Solar,2050,7,6,6,0.0
37591,LV_Solar,2050,7,7,7,0.0
37592,LV_Solar,2050,7,8,8,0.0
37593,LV_Solar,2050,7,9,9,0.0
37594,LV_Solar,2050,7,10,10,0.0
37595,LV_Solar,2050,7,11,11,0.0
37596,LV_Solar,2050,7,12,12,0.0
37597,LV_Solar,2050,7,13,13,0.0
37598,LV_Solar,2050,7,14,14,0.0
37599,LV_Solar,2050,7,15,15,0.0
37600,LV_Solar,2050,7,16,16,0.0
37601,LV_Solar,2050,7,17,17,0.0
37602,LV_Solar,2050,7,18,18,0.0
37603,LV_Solar,2050,7,19,19,0.0
37604,LV_Solar,2050,7,20,20,0.0
37605,LV_Solar,2050,7,21,21,0.0
37606,LV_Solar,2050,7,22,22,0.0
37607,LV_Solar,2050,7,23,23,0.0
37608,LV_Solar,2050,7,24,24,0.0
37609,LV_Solar,2050,8,1,1,0.0
37610,LV_Solar,2050,8,2,2,0.0
37611,LV_Solar,2050,8,3,3,0.0
37612,LV_Solar,2050,8,4,4,0.0
37613,LV_Solar,2050,8,5,5,0.0
37614,LV_Solar,2050,8,6,6,0.0
37615,LV_Solar,2050,8,7,7,0.0
37616,LV_Solar,2050,8,8,8,0.0
37617,LV_Solar,2050,8,9,9,0.0
37618,LV_Solar,2050,8,10,10,0.0
37619,LV_Solar,2050,8,11,11,0.0
37620,LV_Solar,2050,8,12,12,0.0
37621,LV_Solar,2050,8,13,13,0.0
37622,LV_Solar,2050,8,14,14,0.0
37623,LV_Solar,2050,8,15,15,0.0
37624,LV_Solar,2050,8,16,16,0.0
37625,LV_Solar,2050,8,17,17,0.0
37626,LV_Solar,2050,8,18,18,0.0
37627,LV_Solar,2050,8,19,19,0.0
37628,LV_Solar,2050,8,20,20,0.0
37629,LV_Solar,2050,8,21,21,0.0
37630,LV_Solar,2050,8,22,22,0.0
37631,LV_Solar,2050,8,23,23,0.0
37632,LV_Solar,2050,8,24,24,0.0
37633,LV_Solar,2050,9,1,1,0.0
37634,LV_Solar,2050,9,2,2,0.0
37635,LV_Solar,2050,9,3,3,0.0
37636,LV_Solar,2050,9,4,4,0.0
37637,LV_Solar,2050,9,5,5,0.0
37638,LV_Solar,2050,9,6,6,0.0
37639,LV_Solar,2050,9,7,7,0.0
37640,LV_Solar,2050,9,8,8,0.0
37641,LV_Solar,2050,9,9,9,0.0
37642,LV_Solar,2050,9,10,10,0.0
37643,LV_Solar,2050,9,11,11,0.0
37644,LV_Solar,2050,9,12,12,0.0
37645,LV_Solar,2050,9,13,13,0.0
37646,LV_Solar,2050,9,14,14,0.0
37647,LV_Solar,2050,9,15,15,0.0
37648,LV_Solar,2050,9,16,16,0.0
37649,LV_Solar,2050,9,17,17,0.0
37650,LV_Solar,2050,9,18,18,0.0
37651,LV_Solar,2050,9,19,19,0.0
37652,LV_Solar,2050,9,20,20,0.0
37653,LV_Solar,2050,9,21,21,0.0
37654,LV_Solar,2050,9,22,22,0.0
37655,LV_Solar,2050,9,23,23,0.0
37656,LV_Solar,2050,9,24,24,0.0
37657,LV_Solar,2050,10,1,1,0.0
37658,LV_Solar,2050,10,2,2,0.0
37659,LV_Solar,2050,10,3,3,0.0
37660,LV_Solar,2050,10,4,4,-1.518
37661,LV_Solar,2050,10,5,5,-1.518
37662,LV_Solar,2050,10,6,6,-1.518
37663,LV_Solar,2050,10,7,7,-1.518
37664,LV_Solar,2050,10,8,8,-1.518
37665,LV_Solar,2050,10,9,9,-1.518
37666,LV_Solar,2050,10,10,10,-1.518
37667,LV_Solar,2050,10,11,11,-1.518
37668,LV_Solar,2050,10,12,12,-1.518
37669,LV_Solar,2050,10,13,13,-1.518
37670,LV_Solar,2050,10,14,14,-1.518
37671,LV_Solar,2050,10,15,15,-1.518
37672,LV_Solar,2050,10,16,16,-1.518
37673,LV_Solar,2050,10,17,17,-1.518
37674,LV_Solar,2050,10,18,18,-1.518
37675,LV_Solar,2050,10,19,19,-1.518
37676,LV_Solar,2050,10,20,20,-1.518
37677,LV_Solar,2050,10,21,21,-1.518
37678,LV_Solar,2050,10,22,22,-1.518
37679,LV_Solar,2050,10,23,23,-1.518
37680,LV_Solar,2050,10,24,24,-1.518
37681,LV_Wind_Offshore,2050,1,1,1,0.0
37682,LV_Wind_Offshore,2050,1,2,2,0.0
37683,LV_Wind_Offshore,2050,1,3,3,0.0
37684,LV_Wind_Offshore,2050,1,4,4,0.0
37685,LV_Wind_Offshore,2050,1,5,5,0.0
37686,LV_Wind_Offshore,2050,1,6,6,0.0
37687,LV_Wind_Offshore,2050,1,7,7,0.0
37688,LV_Wind_Offshore,2050,1,8,8,-1.749
37689,LV_Wind_Offshore,2050,1,9,9,-1.749
37690,LV_Wind_Offshore,2050,1,10,10,-1.749
37691,LV_Wind_Offshore,2050,1,11,11,-1.749
37692,LV_Wind_Offshore,2050,1,12,12,-1.749
37693,LV_Wind_Offshore,2050,1,13,13,-1.749
37694,LV_Wind_Offshore,2050,1,14,14,-1.749
37695,LV_Wind_Offshore,2050,1,15,15,-1.749
37696,LV_Wind_Offshore,2050,1,16,16,-1.749
37697,LV_Wind_Offshore,2050,1,17,17,-1.749
37698,LV_Wind_Offshore,2050,1,18,18,-1.749
37699,LV_Wind_Offshore,2050,1,19,19,-1.749
37700,LV_Wind_Offshore,2050,1,20,20,-1.749
37701,LV_Wind_Offshore,2050,1,21,21,-1.749
37702,LV_Wind_Offshore,2050,1,22,22,-1.749
37703,LV_Wind_Offshore,2050,1,23,23,0.0
37704,LV_Wind_Offshore,2050,1,24,24,0.0
37705,LV_Wind_Offshore,2050,2,1,1,0.0
37706,LV_Wind_Offshore,2050,2,2,2,0.0
37707,LV_Wind_Offshore,2050,2,3,3,0.0
37708,LV_Wind_Offshore,2050,2,4,4,0.0
37709,LV_Wind_Offshore,2050,2,5,5,0.0
37710,LV_Wind_Offshore,2050,2,6,6,0.0
37711,LV_Wind_Offshore,2050,2,7,7,0.0
37712,LV_Wind_Offshore,2050,2,8,8,0.0
37713,LV_Wind_Offshore,2050,2,9,9,-1.6829999999999998
37714,LV_Wind_Offshore,2050,2,10,10,-1.6829999999999998
37715,LV_Wind_Offshore,2050,2,11,11,-1.6829999999999998
37716,LV_Wind_Offshore,2050,2,12,12,-1.089
37717,LV_Wind_Offshore,2050,2,13,13,-1.089
37718,LV_Wind_Offshore,2050,2,14,14,0.0
37719,LV_Wind_Offshore,2050,2,15,15,0.0
37720,LV_Wind_Offshore,2050,2,16,16,0.0
37721,LV_Wind_Offshore,2050,2,17,17,0.0
37722,LV_Wind_Offshore,2050,2,18,18,0.0
37723,LV_Wind_Offshore,2050,2,19,19,-13.396165705666336
37724,LV_Wind_Offshore,2050,2,20,20,0.0
37725,LV_Wind_Offshore,2050,2,21,21,0.0
37726,LV_Wind_Offshore,2050,2,22,22,0.0
37727,LV_Wind_Offshore,2050,2,23,23,0.0
37728,LV_Wind_Offshore,2050,2,24,24,0.0
37729,LV_Wind_Offshore,2050,3,1,1,0.0
37730,LV_Wind_Offshore,2050,3,2,2,0.0
37731,LV_Wind_Offshore,2050,3,3,3,0.0
37732,LV_Wind_Offshore,2050,3,4,4,0.0
37733,LV_Wind_Offshore,2050,3,5,5,0.0
37734,LV_Wind_Offshore,2050,3,6,6,0.0
37735,LV_Wind_Offshore,2050,3,7,7,0.0
37736,LV_Wind_Offshore,2050,3,8,8,0.0
37737,LV_Wind_Offshore,2050,3,9,9,0.0
37738,LV_Wind_Offshore,2050,3,10,10,0.0
37739,LV_Wind_Offshore,2050,3,11,11,0.0
37740,LV_Wind_Offshore,2050,3,12,12,0.0
37741,LV_Wind_Offshore,2050,3,13,13,0.0
37742,LV_Wind_Offshore,2050,3,14,14,-6.520165705666339
37743,LV_Wind_Offshore,2050,3,15,15,-6.520165705666339
37744,LV_Wind_Offshore,2050,3,16,16,-6.520165705666339
37745,LV_Wind_Offshore,2050,3,17,17,-6.520165705666339
37746,LV_Wind_Offshore,2050,3,18,18,0.0
37747,LV_Wind_Offshore,2050,3,19,19,0.0
37748,LV_Wind_Offshore,2050,3,20,20,0.0
37749,LV_Wind_Offshore,2050,3,21,21,0.0
37750,LV_Wind_Offshore,2050,3,22,22,0.0
37751,LV_Wind_Offshore,2050,3,23,23,0.0
37752,LV_Wind_Offshore,2050,3,24,24,0.0
37753,LV_Wind_Offshore,2050,4,1,1,-0.759
37754,LV_Wind_Offshore,2050,4,2,2,-0.759
37755,LV_Wind_Offshore,2050,4,3,3,-0.759
37756,LV_Wind_Offshore,2050,4,4,4,-0.759
37757,LV_Wind_Offshore,2050,4,5,5,-0.759
37758,LV_Wind_Offshore,2050,4,6,6,-0.759
37759,LV_Wind_Offshore,2050,4,7,7,-0.759
37760,LV_Wind_Offshore,2050,4,8,8,-0.759
37761,LV_Wind_Offshore,2050,4,9,9,-0.759
37762,LV_Wind_Offshore,2050,4,10,10,-1.1729999999999998
37763,LV_Wind_Offshore,2050,4,11,11,-1.1729999999999998
37764,LV_Wind_Offshore,2050,4,12,12,-1.1729999999999998
37765,LV_Wind_Offshore,2050,4,13,13,-1.1729999999999998
37766,LV_Wind_Offshore,2050,4,14,14,-1.1729999999999998
37767,LV_Wind_Offshore,2050,4,15,15,-1.1729999999999998
37768,LV_Wind_Offshore,2050,4,16,16,-1.1729999999999998
37769,LV_Wind_Offshore,2050,4,17,17,-1.1729999999999998
37770,LV_Wind_Offshore,2050,4,18,18,-1.1729999999999998
37771,LV_Wind_Offshore,2050,4,19,19,-1.1729999999999998
37772,LV_Wind_Offshore,2050,4,20,20,-1.1729999999999998
37773,LV_Wind_Offshore,2050,4,21,21,-1.1729999999999998
37774,LV_Wind_Offshore,2050,4,22,22,-1.1729999999999998
37775,LV_Wind_Offshore,2050,4,23,23,-1.1729999999999998
37776,LV_Wind_Offshore,2050,4,24,24,-0.759
37777,LV_Wind_Offshore,2050,5,1,1,0.0
37778,LV_Wind_Offshore,2050,5,2,2,0.0
37779,LV_Wind_Offshore,2050,5,3,3,0.0
37780,LV_Wind_Offshore,2050,5,4,4,0.0
37781,LV_Wind_Offshore,2050,5,5,5,0.0
37782,LV_Wind_Offshore,2050,5,6,6,0.0
37783,LV_Wind_Offshore,2050,5,7,7,0.0
37784,LV_Wind_Offshore,2050,5,8,8,0.0
37785,LV_Wind_Offshore,2050,5,9,9,0.0
37786,LV_Wind_Offshore,2050,5,10,10,0.0
37787,LV_Wind_Offshore,2050,5,11,11,0.0
37788,LV_Wind_Offshore,2050,5,12,12,0.0
37789,LV_Wind_Offshore,2050,5,13,13,0.0
37790,LV_Wind_Offshore,2050,5,14,14,0.0
37791,LV_Wind_Offshore,2050,5,15,15,0.0
37792,LV_Wind_Offshore,2050,5,16,16,0.0
37793,LV_Wind_Offshore,2050,5,17,17,0.0
37794,LV_Wind_Offshore,2050,5,18,18,0.0
37795,LV_Wind_Offshore,2050,5,19,19,0.0
37796,LV_Wind_Offshore,2050,5,20,20,0.0
37797,LV_Wind_Offshore,2050,5,21,21,0.0
37798,LV_Wind_Offshore,2050,5,22,22,0.0
37799,LV_Wind_Offshore,2050,5,23,23,0.0
37800,LV_Wind_Offshore,2050,5,24,24,0.0
37801,LV_Wind_Offshore,2050,6,1,1,0.0
37802,LV_Wind_Offshore,2050,6,2,2,0.0
37803,LV_Wind_Offshore,2050,6,3,3,0.0
37804,LV_Wind_Offshore,2050,6,4,4,0.0
37805,LV_Wind_Offshore,2050,6,5,5,0.0
37806,LV_Wind_Offshore,2050,6,6,6,0.0
37807,LV_Wind_Offshore,2050,6,7,7,0.0
37808,LV_Wind_Offshore,2050,6,8,8,0.0
37809,LV_Wind_Offshore,2050,6,9,9,-0.5940000000000001
37810,LV_Wind_Offshore,2050,6,10,10,-0.5940000000000001
37811,LV_Wind_Offshore,2050,6,11,11,-0.5940000000000001
37812,LV_Wind_Offshore,2050,6,12,12,-0.5940000000000001
37813,LV_Wind_Offshore,2050,6,13,13,-0.5940000000000001
37814,LV_Wind_Offshore,2050,6,14,14,0.0
37815,LV_Wind_Offshore,2050,6,15,15,0.0
37816,LV_Wind_Offshore,2050,6,16,16,0.0
37817,LV_Wind_Offshore,2050,6,17,17,0.0
37818,LV_Wind_Offshore,2050,6,18,18,0.0
37819,LV_Wind_Offshore,2050,6,19,19,-0.9179999999999999
37820,LV_Wind_Offshore,2050,6,20,20,-0.9179999999999999
37821,LV_Wind_Offshore,2050,6,21,21,-0.9179999999999999
37822,LV_Wind_Offshore,2050,6,22,22,0.0
37823,LV_Wind_Offshore,2050,6,23,23,0.0
37824,LV_Wind_Offshore,2050,6,24,24,0.0
37825,LV_Wind_Offshore,2050,7,1,1,0.0
37826,LV_Wind_Offshore,2050,7,2,2,0.0
37827,LV_Wind_Offshore,2050,7,3,3,0.0
37828,LV_Wind_Offshore,2050,7,4,4,0.0
37829,LV_Wind_Offshore,2050,7,5,5,0.0
37830,LV_Wind_Offshore,2050,7,6,6,0.0
37831,LV_Wind_Offshore,2050,7,7,7,0.0
37832,LV_Wind_Offshore,2050,7,8,8,0.0
37833,LV_Wind_Offshore,2050,7,9,9,0.0
37834,LV_Wind_Offshore,2050,7,10,10,0.0
37835,LV_Wind_Offshore,2050,7,11,11,0.0
37836,LV_Wind_Offshore,2050,7,12,12,0.0
37837,LV_Wind_Offshore,2050,7,13,13,0.0
37838,LV_Wind_Offshore,2050,7,14,14,0.0
37839,LV_Wind_Offshore,2050,7,15,15,0.0
37840,LV_Wind_Offshore,2050,7,16,16,0.0
37841,LV_Wind_Offshore,2050,7,17,17,0.0
37842,LV_Wind_Offshore,2050,7,18,18,0.0
37843,LV_Wind_Offshore,2050,7,19,19,0.0
37844,LV_Wind_Offshore,2050,7,20,20,0.0
37845,LV_Wind_Offshore,2050,7,21,21,0.0
37846,LV_Wind_Offshore,2050,7,22,22,0.0
37847,LV_Wind_Offshore,2050,7,23,23,0.0
37848,LV_Wind_Offshore,2050,7,24,24,0.0
37849,LV_Wind_Offshore,2050,8,1,1,0.0
37850,LV_Wind_Offshore,2050,8,2,2,0.0
37851,LV_Wind_Offshore,2050,8,3,3,0.0
37852,LV_Wind_Offshore,2050,8,4,4,0.0
37853,LV_Wind_Offshore,2050,8,5,5,0.0
37854,LV_Wind_Offshore,2050,8,6,6,0.0
37855,LV_Wind_Offshore,2050,8,7,7,0.0
37856,LV_Wind_Offshore,2050,8,8,8,0.0
37857,LV_Wind_Offshore,2050,8,9,9,0.0
37858,LV_Wind_Offshore,2050,8,10,10,0.0
37859,LV_Wind_Offshore,2050,8,11,11,0.0
37860,LV_Wind_Offshore,2050,8,12,12,0.0
37861,LV_Wind_Offshore,2050,8,13,13,0.0
37862,LV_Wind_Offshore,2050,8,14,14,0.0
37863,LV_Wind_Offshore,2050,8,15,15,0.0
37864,LV_Wind_Offshore,2050,8,16,16,0.0
37865,LV_Wind_Offshore,2050,8,17,17,0.0
37866,LV_Wind_Offshore,2050,8,18,18,0.0
37867,LV_Wind_Offshore,2050,8,19,19,0.0
37868,LV_Wind_Offshore,2050,8,20,20,0.0
37869,LV_Wind_Offshore,2050,8,21,21,0.0
37870,LV_Wind_Offshore,2050,8,22,22,0.0
37871,LV_Wind_Offshore,2050,8,23,23,0.0
37872,LV_Wind_Offshore,2050,8,24,24,0.0
37873,LV_Wind_Offshore,2050,9,1,1,0.0
37874,LV_Wind_Offshore,2050,9,2,2,0.0
37875,LV_Wind_Offshore,2050,9,3,3,0.0
37876,LV_Wind_Offshore,2050,9,4,4,0.0
37877,LV_Wind_Offshore,2050,9,5,5,0.0
37878,LV_Wind_Offshore,2050,9,6,6,0.0
37879,LV_Wind_Offshore,2050,9,7,7,0.0
37880,LV_Wind_Offshore,2050,9,8,8,0.0
37881,LV_Wind_Offshore,2050,9,9,9,0.0
37882,LV_Wind_Offshore,2050,9,10,10,0.0
37883,LV_Wind_Offshore,2050,9,11,11,0.0
37884,LV_Wind_Offshore,2050,9,12,12,0.0
37885,LV_Wind_Offshore,2050,9,13,13,0.0
37886,LV_Wind_Offshore,2050,9,14,14,0.0
37887,LV_Wind_Offshore,2050,9,15,15,0.0
37888,LV_Wind_Offshore,2050,9,16,16,0.0
37889,LV_Wind_Offshore,2050,9,17,17,0.0
37890,LV_Wind_Offshore,2050,9,18,18,0.0
37891,LV_Wind_Offshore,2050,9,19,19,0.0
37892,LV_Wind_Offshore,2050,9,20,20,0.0
37893,LV_Wind_Offshore,2050,9,21,21,0.0
37894,LV_Wind_Offshore,2050,9,22,22,0.0
37895,LV_Wind_Offshore,2050,9,23,23,0.0
37896,LV_Wind_Offshore,2050,9,24,24,0.0
37897,LV_Wind_Offshore,2050,10,1,1,0.0
37898,LV_Wind_Offshore,2050,10,2,2,0.0
37899,LV_Wind_Offshore,2050,10,3,3,0.0
37900,LV_Wind_Offshore,2050,10,4,4,-1.518
37901,LV_Wind_Offshore,2050,10,5,5,-1.518
37902,LV_Wind_Offshore,2050,10,6,6,-1.518
37903,LV_Wind_Offshore,2050,10,7,7,-1.518
37904,LV_Wind_Offshore,2050,10,8,8,-1.518
37905,LV_Wind_Offshore,2050,10,9,9,-1.518
37906,LV_Wind_Offshore,2050,10,10,10,-1.518
37907,LV_Wind_Offshore,2050,10,11,11,-1.518
37908,LV_Wind_Offshore,2050,10,12,12,-1.518
37909,LV_Wind_Offshore,2050,10,13,13,-1.518
37910,LV_Wind_Offshore,2050,10,14,14,-1.518
37911,LV_Wind_Offshore,2050,10,15,15,-1.518
37912,LV_Wind_Offshore,2050,10,16,16,-1.518
37913,LV_Wind_Offshore,2050,10,17,17,-1.518
37914,LV_Wind_Offshore,2050,10,18,18,-1.518
37915,LV_Wind_Offshore,2050,10,19,19,-1.518
37916,LV_Wind_Offshore,2050,10,20,20,-1.518
37917,LV_Wind_Offshore,2050,10,21,21,-1.518
37918,LV_Wind_Offshore,2050,10,22,22,-1.518
37919,LV_Wind_Offshore,2050,10,23,23,-1.518
37920,LV_Wind_Offshore,2050,10,24,24,-1.518
37921,LV_Wind_Onshore,2050,1,1,1,0.0
37922,LV_Wind_Onshore,2050,1,2,2,0.0
37923,LV_Wind_Onshore,2050,1,3,3,0.0
37924,LV_Wind_Onshore,2050,1,4,4,0.0
37925,LV_Wind_Onshore,2050,1,5,5,0.0
37926,LV_Wind_Onshore,2050,1,6,6,0.0
37927,LV_Wind_Onshore,2050,1,7,7,0.0
37928,LV_Wind_Onshore,2050,1,8,8,-1.749
37929,LV_Wind_Onshore,2050,1,9,9,-1.749
37930,LV_Wind_Onshore,2050,1,10,10,-1.749
37931,LV_Wind_Onshore,2050,1,11,11,-1.749
37932,LV_Wind_Onshore,2050,1,12,12,-1.749
37933,LV_Wind_Onshore,2050,1,13,13,-1.749
37934,LV_Wind_Onshore,2050,1,14,14,-1.749
37935,LV_Wind_Onshore,2050,1,15,15,-1.749
37936,LV_Wind_Onshore,2050,1,16,16,-1.749
37937,LV_Wind_Onshore,2050,1,17,17,-1.749
37938,LV_Wind_Onshore,2050,1,18,18,-1.749
37939,LV_Wind_Onshore,2050,1,19,19,-1.749
37940,LV_Wind_Onshore,2050,1,20,20,-1.749
37941,LV_Wind_Onshore,2050,1,21,21,-1.749
37942,LV_Wind_Onshore,2050,1,22,22,-1.749
37943,LV_Wind_Onshore,2050,1,23,23,0.0
37944,LV_Wind_Onshore,2050,1,24,24,0.0
37945,LV_Wind_Onshore,2050,2,1,1,0.0
37946,LV_Wind_Onshore,2050,2,2,2,0.0
37947,LV_Wind_Onshore,2050,2,3,3,0.0
37948,LV_Wind_Onshore,2050,2,4,4,0.0
37949,LV_Wind_Onshore,2050,2,5,5,0.0
37950,LV_Wind_Onshore,2050,2,6,6,0.0
37951,LV_Wind_Onshore,2050,2,7,7,0.0
37952,LV_Wind_Onshore,2050,2,8,8,0.0
37953,LV_Wind_Onshore,2050,2,9,9,-1.6829999999999998
37954,LV_Wind_Onshore,2050,2,10,10,-1.6829999999999998
37955,LV_Wind_Onshore,2050,2,11,11,-1.6829999999999998
37956,LV_Wind_Onshore,2050,2,12,12,-1.089
37957,LV_Wind_Onshore,2050,2,13,13,-1.089
37958,LV_Wind_Onshore,2050,2,14,14,0.0
37959,LV_Wind_Onshore,2050,2,15,15,0.0
37960,LV_Wind_Onshore,2050,2,16,16,0.0
37961,LV_Wind_Onshore,2050,2,17,17,0.0
37962,LV_Wind_Onshore,2050,2,18,18,0.0
37963,LV_Wind_Onshore,2050,2,19,19,-13.396165705666336
37964,LV_Wind_Onshore,2050,2,20,20,0.0
37965,LV_Wind_Onshore,2050,2,21,21,0.0
37966,LV_Wind_Onshore,2050,2,22,22,0.0
37967,LV_Wind_Onshore,2050,2,23,23,0.0
37968,LV_Wind_Onshore,2050,2,24,24,0.0
37969,LV_Coal,2050,1,1,1,0.0
37970,LV_Coal,2050,1,2,2,0.0
37971,LV_Coal,2050,1,3,3,0.0
37972,LV_Coal,2050,1,4,4,0.0
37973,LV_Coal,2050,1,5,5,0.0
37974,LV_Coal,2050,1,6,6,0.0
37975,LV_Coal,2050,1,7,7,0.0
37976,LV_Coal,2050,1,8,8,-0.8109000000000001
37977,LV_Coal,2050,1,9,9,-0.8109000000000001
37978,LV_Coal,2050,1,10,10,-0.8109000000000001
37979,LV_Coal,2050,1,11,11,-0.8109000000000001
37980,LV_Coal,2050,1,12,12,-0.8109000000000001
37981,LV_Coal,2050,1,13,13,-0.8109000000000001
37982,LV_Coal,2050,1,14,14,-0.8109000000000001
37983,LV_Coal,2050,1,15,15,-0.8109000000000001
37984,LV_Coal,2050,1,16,16,-0.8109000000000001
37985,LV_Coal,2050,1,17,17,-0.8109000000000001
37986,LV_Coal,2050,1,18,18,-0.8109000000000001
37987,LV_Coal,2050,1,19,19,-0.8109000000000001
37988,LV_Coal,2050,1,20,20,-0.8109000000000001
37989,LV_Coal,2050,1,21,21,-0.8109000000000001
37990,LV_Coal,2050,1,22,22,-0.8109000000000001
37991,LV_Coal,2050,1,23,23,0.0
37992,LV_Coal,2050,1,24,24,0.0
37993,LV_Coal,2050,2,1,1,0.0
37994,LV_Coal,2050,2,2,2,0.0
37995,LV_Coal,2050,2,3,3,0.0
37996,LV_Coal,2050,2,4,4,0.0
37997,LV_Coal,2050,2,5,5,0.0
37998,LV_Coal,2050,2,6,6,0.0
37999,LV_Coal,2050,2,7,7,0.0
38000,LV_Coal,2050,2,8,8,0.0
38001,LV_Coal,2050,2,9,9,-1.0988999999999998
38002,LV_Coal,2050,2,10,10,-1.0988999999999998
38003,LV_Coal,2050,2,11,11,-1.0988999999999998
38004,LV_Coal,2050,2,12,12,-0.5048999999999999
38005,LV_Coal,2050,2,13,13,-0.5048999999999999
38006,LV_Coal,2050,2,14,14,0.0
38007,LV_Coal,2050,2,15,15,0.0
38008,LV_Coal,2050,2,16,16,0.0
38009,LV_Coal,2050,2,17,17,0.0
38010,LV_Coal,2050,2,18,18,0.0
38011,LV_Coal,2050,2,19,19,-12.812065705666337
38012,LV_Coal,2050,2,20,20,0.0
38013,LV_Coal,2050,2,21,21,0.0
38014,LV_Coal,2050,2,22,22,0.0
38015,LV_Coal,2050,2,23,23,0.0
38016,LV_Coal,2050,2,24,24,0.0
38017,LV_Coal,2050,3,1,1,0.0
38018,LV_Coal,2050,3,2,2,0.0
38019,LV_Coal,2050,3,3,3,0.0
38020,LV_Coal,2050,3,4,4,0.0
38021,LV_Coal,2050,3,5,5,0.0
38022,LV_Coal,2050,3,6,6,0.0
38023,LV_Coal,2050,3,7,7,0.0
38024,LV_Coal,2050,3,8,8,0.0
38025,LV_Coal,2050,3,9,9,0.0
38026,LV_Coal,2050,3,10,10,0.0
38027,LV_Coal,2050,3,11,11,0.0
38028,LV_Coal,2050,3,12,12,0.0
38029,LV_Coal,2050,3,13,13,0.0
38030,LV_Coal,2050,3,14,14,-6.006865705666339
38031,LV_Coal,2050,3,15,15,-6.006865705666339
38032,LV_Coal,2050,3,16,16,-6.006865705666339
38033,LV_Coal,2050,3,17,17,-6.006865705666339
38034,LV_Coal,2050,3,18,18,0.0
38035,LV_Coal,2050,3,19,19,0.0
38036,LV_Coal,2050,3,20,20,0.0
38037,LV_Coal,2050,3,21,21,0.0
38038,LV_Coal,2050,3,22,22,0.0
38039,LV_Coal,2050,3,23,23,0.0
38040,LV_Coal,2050,3,24,24,0.0
38041,LV_Coal,2050,4,1,1,-0.3519
38042,LV_Coal,2050,4,2,2,-0.3519
38043,LV_Coal,2050,4,3,3,-0.3519
38044,LV_Coal,2050,4,4,4,-0.3519
38045,LV_Coal,2050,4,5,5,-0.3519
38046,LV_Coal,2050,4,6,6,-0.3519
38047,LV_Coal,2050,4,7,7,-0.3519
38048,LV_Coal,2050,4,8,8,-0.3519
38049,LV_Coal,2050,4,9,9,-0.3519
38050,LV_Coal,2050,4,10,10,-0.7658999999999998
38051,LV_Coal,2050,4,11,11,-0.7658999999999998
38052,LV_Coal,2050,4,12,12,-0.7658999999999998
38053,LV_Coal,2050,4,13,13,-0.7658999999999998
38054,LV_Coal,2050,4,14,14,-0.7658999999999998
38055,LV_Coal,2050,4,15,15,-0.7658999999999998
38056,LV_Coal,2050,4,16,16,-0.7658999999999998
38057,LV_Coal,2050,4,17,17,-0.7658999999999998
38058,LV_Coal,2050,4,18,18,-0.7658999999999998
38059,LV_Coal,2050,4,19,19,-0.7658999999999998
38060,LV_Coal,2050,4,20,20,-0.7658999999999998
38061,LV_Coal,2050,4,21,21,-0.7658999999999998
38062,LV_Coal,2050,4,22,22,-0.7658999999999998
38063,LV_Coal,2050,4,23,23,-0.7658999999999998
38064,LV_Coal,2050,4,24,24,-0.3519
38065,LV_Coal,2050,5,1,1,0.0
38066,LV_Coal,2050,5,2,2,0.0
38067,LV_Coal,2050,5,3,3,0.0
38068,LV_Coal,2050,5,4,4,0.0
38069,LV_Coal,2050,5,5,5,0.0
38070,LV_Coal,2050,5,6,6,0.0
38071,LV_Coal,2050,5,7,7,0.0
38072,LV_Coal,2050,5,8,8,0.0
38073,LV_Coal,2050,5,9,9,0.0
38074,LV_Coal,2050,5,10,10,0.0
38075,LV_Coal,2050,5,11,11,0.0
38076,LV_Coal,2050,5,12,12,0.0
38077,LV_Coal,2050,5,13,13,0.0
38078,LV_Coal,2050,5,14,14,0.0
38079,LV_Coal,2050,5,15,15,0.0
38080,LV_Coal,2050,5,16,16,0.0
38081,LV_Coal,2050,5,17,17,0.0
38082,LV_Coal,2050,5,18,18,0.0
38083,LV_Coal,2050,5,19,19,0.0
38084,LV_Coal,2050,5,20,20,0.0
38085,LV_Coal,2050,5,21,21,0.0
38086,LV_Coal,2050,5,22,22,0.0
38087,LV_Coal,2050,5,23,23,0.0
38088,LV_Coal,2050,5,24,24,0.0
38089,LV_Coal,2050,6,1,1,0.0
38090,LV_Coal,2050,6,2,2,0.0
38091,LV_Coal,2050,6,3,3,0.0
38092,LV_Coal,2050,6,4,4,0.0
38093,LV_Coal,2050,6,5,5,0.0
38094,LV_Coal,2050,6,6,6,0.0
38095,LV_Coal,2050,6,7,7,0.0
38096,LV_Coal,2050,6,8,8,0.0
38097,LV_Coal,2050,6,9,9,-0.2754000000000001
38098,LV_Coal,2050,6,10,10,-0.2754000000000001
38099,LV_Coal,2050,6,11,11,-0.2754000000000001
38100,LV_Coal,2050,6,12,12,-0.2754000000000001
38101,LV_Coal,2050,6,13,13,-0.2754000000000001
38102,LV_Coal,2050,6,14,14,0.0
38103,LV_Coal,2050,6,15,15,0.0
38104,LV_Coal,2050,6,16,16,0.0
38105,LV_Coal,2050,6,17,17,0.0
38106,LV_Coal,2050,6,18,18,0.0
38107,LV_Coal,2050,6,19,19,-0.5993999999999999
38108,LV_Coal,2050,6,20,20,-0.5993999999999999
38109,LV_Coal,2050,6,21,21,-0.5993999999999999
38110,LV_Coal,2050,6,22,22,0.0
38111,LV_Coal,2050,6,23,23,0.0
38112,LV_Coal,2050,6,24,24,0.0
38113,LV_Coal,2050,7,1,1,0.0
38114,LV_Coal,2050,7,2,2,0.0
38115,LV_Coal,2050,7,3,3,0.0
38116,LV_Coal,2050,7,4,4,0.0
38117,LV_Coal,2050,7,5,5,0.0
38118,LV_Coal,2050,7,6,6,0.0
38119,LV_Coal,2050,7,7,7,0.0
38120,LV_Coal,2050,7,8,8,0.0
38121,LV_Coal,2050,7,9,9,0.0
38122,LV_Coal,2050,7,10,10,0.0
38123,LV_Coal,2050,7,11,11,0.0
38124,LV_Coal,2050,7,12,12,0.0
38125,LV_Coal,2050,7,13,13,0.0
38126,LV_Coal,2050,7,14,14,0.0
38127,LV_Coal,2050,7,15,15,0.0
38128,LV_Coal,2050,7,16,16,0.0
38129,LV_Coal,2050,7,17,17,0.0
38130,LV_Coal,2050,7,18,18,0.0
38131,LV_Coal,2050,7,19,19,0.0
38132,LV_Coal,2050,7,20,20,0.0
38133,LV_Coal,2050,7,21,21,0.0
38134,LV_Coal,2050,7,22,22,0.0
38135,LV_Coal,2050,7,23,23,0.0
38136,LV_Coal,2050,7,24,24,0.0
38137,LV_Coal,2050,8,1,1,0.0
38138,LV_Coal,2050,8,2,2,0.0
38139,LV_Coal,2050,8,3,3,0.0
38140,LV_Coal,2050,8,4,4,0.0
38141,LV_Coal,2050,8,5,5,0.0
38142,LV_Coal,2050,8,6,6,0.0
38143,LV_Coal,2050,8,7,7,0.0
38144,LV_Coal,2050,8,8,8,0.0
38145,LV_Coal,2050,8,9,9,0.0
38146,LV_Coal,2050,8,10,10,0.0
38147,LV_Coal,2050,8,11,11,0.0
38148,LV_Coal,2050,8,12,12,0.0
38149,LV_Coal,2050,8,13,13,0.0
38150,LV_Coal,2050,8,14,14,0.0
38151,LV_Coal,2050,8,15,15,0.0
38152,LV_Coal,2050,8,16,16,0.0
38153,LV_Coal,2050,8,17,17,0.0
38154,LV_Coal,2050,8,18,18,0.0
38155,LV_Coal,2050,8,19,19,0.0
38156,LV_Coal,2050,8,20,20,0.0
38157,LV_Coal,2050,8,21,21,0.0
38158,LV_Coal,2050,8,22,22,0.0
38159,LV_Coal,2050,8,23,23,0.0
38160,LV_Coal,2050,8,24,24,0.0
38161,LV_Coal,2050,9,1,1,0.0
38162,LV_Coal,2050,9,2,2,0.0
38163,LV_Coal,2050,9,3,3,0.0
38164,LV_Coal,2050,9,4,4,0.0
38165,LV_Coal,2050,9,5,5,0.0
38166,LV_Coal,2050,9,6,6,0.0
38167,LV_Coal,2050,9,7,7,0.0
38168,LV_Coal,2050,9,8,8,0.0
38169,LV_Coal,2050,9,9,9,0.0
38170,LV_Coal,2050,9,10,10,0.0
38171,LV_Coal,2050,9,11,11,0.0
38172,LV_Coal,2050,9,12,12,0.0
38173,LV_Coal,2050,9,13,13,0.0
38174,LV_Coal,2050,9,14,14,0.0
38175,LV_Coal,2050,9,15,15,0.0
38176,LV_Coal,2050,9,16,16,0.0
38177,LV_Coal,2050,9,17,17,0.0
38178,LV_Coal,2050,9,18,18,0.0
38179,LV_Coal,2050,9,19,19,0.0
38180,LV_Coal,2050,9,20,20,0.0
38181,LV_Coal,2050,9,21,21,0.0
38182,LV_Coal,2050,9,22,22,0.0
38183,LV_Coal,2050,9,23,23,0.0
38184,LV_Coal,2050,9,24,24,0.0
38185,LV_Coal,2050,10,1,1,0.0
38186,LV_Coal,2050,10,2,2,0.0
38187,LV_Coal,2050,10,3,3,0.0
38188,LV_Coal,2050,10,4,4,-0.7038
38189,LV_Coal,2050,10,5,5,-0.7038
38190,LV_Coal,2050,10,6,6,-0.7038
38191,LV_Coal,2050,10,7,7,-0.7038
38192,LV_Coal,2050,10,8,8,-0.7038
38193,LV_Coal,2050,10,9,9,-0.7038
38194,LV_Coal,2050,10,10,10,-0.7038
38195,LV_Coal,2050,10,11,11,-0.7038
38196,LV_Coal,2050,10,12,12,-0.7038
38197,LV_Coal,2050,10,13,13,-0.7038
38198,LV_Coal,2050,10,14,14,-0.7038
38199,LV_Coal,2050,10,15,15,-0.7038
38200,LV_Coal,2050,10,16,16,-0.7038
38201,LV_Coal,2050,10,17,17,-0.7038
38202,LV_Coal,2050,10,18,18,-0.7038
38203,LV_Coal,2050,10,19,19,-0.7038
38204,LV_Coal,2050,10,20,20,-0.7038
38205,LV_Coal,2050,10,21,21,-0.7038
38206,LV_Coal,2050,10,22,22,-0.7038
38207,LV_Coal,2050,10,23,23,-0.7038
38208,LV_Coal,2050,10,24,24,-0.7038
38209,LV_Wind_Onshore,2050,3,1,1,0.0
38210,LV_Wind_Onshore,2050,3,2,2,0.0
38211,LV_Wind_Onshore,2050,3,3,3,0.0
38212,LV_Wind_Onshore,2050,3,4,4,0.0
38213,LV_Wind_Onshore,2050,3,5,5,0.0
38214,LV_Wind_Onshore,2050,3,6,6,0.0
38215,LV_Wind_Onshore,2050,3,7,7,0.0
38216,LV_Wind_Onshore,2050,3,8,8,0.0
38217,LV_Wind_Onshore,2050,3,9,9,0.0
38218,LV_Wind_Onshore,2050,3,10,10,0.0
38219,LV_Wind_Onshore,2050,3,11,11,0.0
38220,LV_Wind_Onshore,2050,3,12,12,0.0
38221,LV_Wind_Onshore,2050,3,13,13,0.0
38222,LV_Wind_Onshore,2050,3,14,14,-6.520165705666339
38223,LV_Wind_Onshore,2050,3,15,15,-6.520165705666339
38224,LV_Wind_Onshore,2050,3,16,16,-6.520165705666339
38225,LV_Wind_Onshore,2050,3,17,17,-6.520165705666339
38226,LV_Wind_Onshore,2050,3,18,18,0.0
38227,LV_Wind_Onshore,2050,3,19,19,0.0
38228,LV_Wind_Onshore,2050,3,20,20,0.0
38229,LV_Wind_Onshore,2050,3,21,21,0.0
38230,LV_Wind_Onshore,2050,3,22,22,0.0
38231,LV_Wind_Onshore,2050,3,23,23,0.0
38232,LV_Wind_Onshore,2050,3,24,24,0.0
38233,LV_Wind_Onshore,2050,4,1,1,-0.759
38234,LV_Wind_Onshore,2050,4,2,2,-0.759
38235,LV_Wind_Onshore,2050,4,3,3,-0.759
38236,LV_Wind_Onshore,2050,4,4,4,-0.759
38237,LV_Wind_Onshore,2050,4,5,5,-0.759
38238,LV_Wind_Onshore,2050,4,6,6,-0.759
38239,LV_Wind_Onshore,2050,4,7,7,-0.759
38240,LV_Wind_Onshore,2050,4,8,8,-0.759
38241,LV_Wind_Onshore,2050,4,9,9,-0.759
38242,LV_Wind_Onshore,2050,4,10,10,-1.1729999999999998
38243,LV_Wind_Onshore,2050,4,11,11,-1.1729999999999998
38244,LV_Wind_Onshore,2050,4,12,12,-1.1729999999999998
38245,LV_Wind_Onshore,2050,4,13,13,-1.1729999999999998
38246,LV_Wind_Onshore,2050,4,14,14,-1.1729999999999998
38247,LV_Wind_Onshore,2050,4,15,15,-1.1729999999999998
38248,LV_Wind_Onshore,2050,4,16,16,-1.1729999999999998
38249,LV_Wind_Onshore,2050,4,17,17,-1.1729999999999998
38250,LV_Wind_Onshore,2050,4,18,18,-1.1729999999999998
38251,LV_Wind_Onshore,2050,4,19,19,-1.1729999999999998
38252,LV_Wind_Onshore,2050,4,20,20,-1.1729999999999998
38253,LV_Wind_Onshore,2050,4,21,21,-1.1729999999999998
38254,LV_Wind_Onshore,2050,4,22,22,-1.1729999999999998
38255,LV_Wind_Onshore,2050,4,23,23,-1.1729999999999998
38256,LV_Wind_Onshore,2050,4,24,24,-0.759
38257,LV_Wind_Onshore,2050,5,1,1,0.0
38258,LV_Wind_Onshore,2050,5,2,2,0.0
38259,LV_Wind_Onshore,2050,5,3,3,0.0
38260,LV_Wind_Onshore,2050,5,4,4,0.0
38261,LV_Wind_Onshore,2050,5,5,5,0.0
38262,LV_Wind_Onshore,2050,5,6,6,0.0
38263,LV_Wind_Onshore,2050,5,7,7,0.0
38264,LV_Wind_Onshore,2050,5,8,8,0.0
38265,LV_Wind_Onshore,2050,5,9,9,0.0
38266,LV_Wind_Onshore,2050,5,10,10,0.0
38267,LV_Wind_Onshore,2050,5,11,11,0.0
38268,LV_Wind_Onshore,2050,5,12,12,0.0
38269,LV_Wind_Onshore,2050,5,13,13,0.0
38270,LV_Wind_Onshore,2050,5,14,14,0.0
38271,LV_Wind_Onshore,2050,5,15,15,0.0
38272,LV_Wind_Onshore,2050,5,16,16,0.0
38273,LV_Wind_Onshore,2050,5,17,17,0.0
38274,LV_Wind_Onshore,2050,5,18,18,0.0
38275,LV_Wind_Onshore,2050,5,19,19,0.0
38276,LV_Wind_Onshore,2050,5,20,20,0.0
38277,LV_Wind_Onshore,2050,5,21,21,0.0
38278,LV_Wind_Onshore,2050,5,22,22,0.0
38279,LV_Wind_Onshore,2050,5,23,23,0.0
38280,LV_Wind_Onshore,2050,5,24,24,0.0
38281,LV_Wind_Onshore,2050,6,1,1,0.0
38282,LV_Wind_Onshore,2050,6,2,2,0.0
38283,LV_Wind_Onshore,2050,6,3,3,0.0
38284,LV_Wind_Onshore,2050,6,4,4,0.0
38285,LV_Wind_Onshore,2050,6,5,5,0.0
38286,LV_Wind_Onshore,2050,6,6,6,0.0
38287,LV_Wind_Onshore,2050,6,7,7,0.0
38288,LV_Wind_Onshore,2050,6,8,8,0.0
38289,LV_Wind_Onshore,2050,6,9,9,-0.5940000000000001
38290,LV_Wind_Onshore,2050,6,10,10,-0.5940000000000001
38291,LV_Wind_Onshore,2050,6,11,11,-0.5940000000000001
38292,LV_Wind_Onshore,2050,6,12,12,-0.5940000000000001
38293,LV_Wind_Onshore,2050,6,13,13,-0.5940000000000001
38294,LV_Wind_Onshore,2050,6,14,14,0.0
38295,LV_Wind_Onshore,2050,6,15,15,0.0
38296,LV_Wind_Onshore,2050,6,16,16,0.0
38297,LV_Wind_Onshore,2050,6,17,17,0.0
38298,LV_Wind_Onshore,2050,6,18,18,0.0
38299,LV_Wind_Onshore,2050,6,19,19,-0.9179999999999999
38300,LV_Wind_Onshore,2050,6,20,20,-0.9179999999999999
38301,LV_Wind_Onshore,2050,6,21,21,-0.9179999999999999
38302,LV_Wind_Onshore,2050,6,22,22,0.0
38303,LV_Wind_Onshore,2050,6,23,23,0.0
38304,LV_Wind_Onshore,2050,6,24,24,0.0
38305,LV_Wind_Onshore,2050,7,1,1,0.0
38306,LV_Wind_Onshore,2050,7,2,2,0.0
38307,LV_Wind_Onshore,2050,7,3,3,0.0
38308,LV_Wind_Onshore,2050,7,4,4,0.0
38309,LV_Wind_Onshore,2050,7,5,5,0.0
38310,LV_Wind_Onshore,2050,7,6,6,0.0
38311,LV_Wind_Onshore,2050,7,7,7,0.0
38312,LV_Wind_Onshore,2050,7,8,8,0.0
38313,LV_Wind_Onshore,2050,7,9,9,0.0
38314,LV_Wind_Onshore,2050,7,10,10,0.0
38315,LV_Wind_Onshore,2050,7,11,11,0.0
38316,LV_Wind_Onshore,2050,7,12,12,0.0
38317,LV_Wind_Onshore,2050,7,13,13,0.0
38318,LV_Wind_Onshore,2050,7,14,14,0.0
38319,LV_Wind_Onshore,2050,7,15,15,0.0
38320,LV_Wind_Onshore,2050,7,16,16,0.0
38321,LV_Wind_Onshore,2050,7,17,17,0.0
38322,LV_Wind_Onshore,2050,7,18,18,0.0
38323,LV_Wind_Onshore,2050,7,19,19,0.0
38324,LV_Wind_Onshore,2050,7,20,20,0.0
38325,LV_Wind_Onshore,2050,7,21,21,0.0
38326,LV_Wind_Onshore,2050,7,22,22,0.0
38327,LV_Wind_Onshore,2050,7,23,23,0.0
38328,LV_Wind_Onshore,2050,7,24,24,0.0
38329,LV_Wind_Onshore,2050,8,1,1,0.0
38330,LV_Wind_Onshore,2050,8,2,2,0.0
38331,LV_Wind_Onshore,2050,8,3,3,0.0
38332,LV_Wind_Onshore,2050,8,4,4,0.0
38333,LV_Wind_Onshore,2050,8,5,5,0.0
38334,LV_Wind_Onshore,2050,8,6,6,0.0
38335,LV_Wind_Onshore,2050,8,7,7,0.0
38336,LV_Wind_Onshore,2050,8,8,8,0.0
38337,LV_Wind_Onshore,2050,8,9,9,0.0
38338,LV_Wind_Onshore,2050,8,10,10,0.0
38339,LV_Wind_Onshore,2050,8,11,11,0.0
38340,LV_Wind_Onshore,2050,8,12,12,0.0
38341,LV_Wind_Onshore,2050,8,13,13,0.0
38342,LV_Wind_Onshore,2050,8,14,14,0.0
38343,LV_Wind_Onshore,2050,8,15,15,0.0
38344,LV_Wind_Onshore,2050,8,16,16,0.0
38345,LV_Wind_Onshore,2050,8,17,17,0.0
38346,LV_Wind_Onshore,2050,8,18,18,0.0
38347,LV_Wind_Onshore,2050,8,19,19,0.0
38348,LV_Wind_Onshore,2050,8,20,20,0.0
38349,LV_Wind_Onshore,2050,8,21,21,0.0
38350,LV_Wind_Onshore,2050,8,22,22,0.0
38351,LV_Wind_Onshore,2050,8,23,23,0.0
38352,LV_Wind_Onshore,2050,8,24,24,0.0
38353,LV_Wind_Onshore,2050,9,1,1,0.0
38354,LV_Wind_Onshore,2050,9,2,2,0.0
38355,LV_Wind_Onshore,2050,9,3,3,0.0
38356,LV_Wind_Onshore,2050,9,4,4,0.0
38357,LV_Wind_Onshore,2050,9,5,5,0.0
38358,LV_Wind_Onshore,2050,9,6,6,0.0
38359,LV_Wind_Onshore,2050,9,7,7,0.0
38360,LV_Wind_Onshore,2050,9,8,8,0.0
38361,LV_Wind_Onshore,2050,9,9,9,0.0
38362,LV_Wind_Onshore,2050,9,10,10,0.0
38363,LV_Wind_Onshore,2050,9,11,11,0.0
38364,LV_Wind_Onshore,2050,9,12,12,0.0
38365,LV_Wind_Onshore,2050,9,13,13,0.0
38366,LV_Wind_Onshore,2050,9,14,14,0.0
38367,LV_Wind_Onshore,2050,9,15,15,0.0
38368,LV_Wind_Onshore,2050,9,16,16,0.0
38369,LV_Wind_Onshore,2050,9,17,17,0.0
38370,LV_Wind_Onshore,2050,9,18,18,0.0
38371,LV_Wind_Onshore,2050,9,19,19,0.0
38372,LV_Wind_Onshore,2050,9,20,20,0.0
38373,LV_Wind_Onshore,2050,9,21,21,0.0
38374,LV_Wind_Onshore,2050,9,22,22,0.0
38375,LV_Wind_Onshore,2050,9,23,23,0.0
38376,LV_Wind_Onshore,2050,9,24,24,0.0
38377,LV_Wind_Onshore,2050,10,1,1,0.0
38378,LV_Wind_Onshore,2050,10,2,2,0.0
38379,LV_Wind_Onshore,2050,10,3,3,0.0
38380,LV_Wind_Onshore,2050,10,4,4,-1.518
38381,LV_Wind_Onshore,2050,10,5,5,-1.518
38382,LV_Wind_Onshore,2050,10,6,6,-1.518
38383,LV_Wind_Onshore,2050,10,7,7,-1.518
38384,LV_Wind_Onshore,2050,10,8,8,-1.518
38385,LV_Wind_Onshore,2050,10,9,9,-1.518
38386,LV_Wind_Onshore,2050,10,10,10,-1.518
38387,LV_Wind_Onshore,2050,10,11,11,-1.518
38388,LV_Wind_Onshore,2050,10,12,12,-1.518
38389,LV_Wind_Onshore,2050,10,13,13,-1.518
38390,LV_Wind_Onshore,2050,10,14,14,-1.518
38391,LV_Wind_Onshore,2050,10,15,15,-1.518
38392,LV_Wind_Onshore,2050,10,16,16,-1.518
38393,LV_Wind_Onshore,2050,10,17,17,-1.518
38394,LV_Wind_Onshore,2050,10,18,18,-1.518
38395,LV_Wind_Onshore,2050,10,19,19,-1.518
38396,LV_Wind_Onshore,2050,10,20,20,-1.518
38397,LV_Wind_Onshore,2050,10,21,21,-1.518
38398,LV_Wind_Onshore,2050,10,22,22,-1.518
38399,LV_Wind_Onshore,2050,10,23,23,-1.518
38400,LV_Wind_Onshore,2050,10,24,24,-1.518
38401,MT_Battery,2050,1,1,1,0.0
38402,MT_Battery,2050,1,2,2,0.0
38403,MT_Battery,2050,1,3,3,0.0
38404,MT_Battery,2050,1,4,4,0.0
38405,MT_Battery,2050,1,5,5,0.0
38406,MT_Battery,2050,1,6,6,0.0
38407,MT_Battery,2050,1,7,7,0.0
38408,MT_Battery,2050,1,8,8,0.0
38409,MT_Battery,2050,1,9,9,0.0
38410,MT_Battery,2050,1,10,10,0.0
38411,MT_Battery,2050,1,11,11,0.0
38412,MT_Battery,2050,1,12,12,0.0
38413,MT_Battery,2050,1,13,13,0.0
38414,MT_Battery,2050,1,14,14,0.0
38415,MT_Battery,2050,1,15,15,0.0
38416,MT_Battery,2050,1,16,16,0.0
38417,MT_Battery,2050,1,17,17,0.0
38418,MT_Battery,2050,1,18,18,0.0
38419,MT_Battery,2050,1,19,19,0.0
38420,MT_Battery,2050,1,20,20,0.0
38421,MT_Battery,2050,1,21,21,0.0
38422,MT_Battery,2050,1,22,22,0.0
38423,MT_Battery,2050,1,23,23,0.0
38424,MT_Battery,2050,1,24,24,0.0
38425,MT_Battery,2050,2,1,1,0.0
38426,MT_Battery,2050,2,2,2,0.0
38427,MT_Battery,2050,2,3,3,0.0
38428,MT_Battery,2050,2,4,4,0.0
38429,MT_Battery,2050,2,5,5,0.0
38430,MT_Battery,2050,2,6,6,0.0
38431,MT_Battery,2050,2,7,7,0.0
38432,MT_Battery,2050,2,8,8,0.0
38433,MT_Battery,2050,2,9,9,0.0
38434,MT_Battery,2050,2,10,10,0.0
38435,MT_Battery,2050,2,11,11,0.0
38436,MT_Battery,2050,2,12,12,0.0
38437,MT_Battery,2050,2,13,13,0.0
38438,MT_Battery,2050,2,14,14,0.0
38439,MT_Battery,2050,2,15,15,0.0
38440,MT_Battery,2050,2,16,16,0.0
38441,MT_Battery,2050,2,17,17,0.0
38442,MT_Battery,2050,2,18,18,0.0
38443,MT_Battery,2050,2,19,19,0.0
38444,MT_Battery,2050,2,20,20,0.0
38445,MT_Battery,2050,2,21,21,0.0
38446,MT_Battery,2050,2,22,22,0.0
38447,MT_Battery,2050,2,23,23,0.0
38448,MT_Battery,2050,2,24,24,0.0
38449,MT_Battery,2050,3,1,1,0.0
38450,MT_Battery,2050,3,2,2,0.0
38451,MT_Battery,2050,3,3,3,0.0
38452,MT_Battery,2050,3,4,4,0.0
38453,MT_Battery,2050,3,5,5,0.0
38454,MT_Battery,2050,3,6,6,0.0
38455,MT_Battery,2050,3,7,7,0.0
38456,MT_Battery,2050,3,8,8,0.0
38457,MT_Battery,2050,3,9,9,0.0
38458,MT_Battery,2050,3,10,10,0.0
38459,MT_Battery,2050,3,11,11,0.0
38460,MT_Battery,2050,3,12,12,0.0
38461,MT_Battery,2050,3,13,13,0.0
38462,MT_Battery,2050,3,14,14,0.0
38463,MT_Battery,2050,3,15,15,0.0
38464,MT_Battery,2050,3,16,16,0.0
38465,MT_Battery,2050,3,17,17,0.0
38466,MT_Battery,2050,3,18,18,0.0
38467,MT_Battery,2050,3,19,19,0.0
38468,MT_Battery,2050,3,20,20,0.0
38469,MT_Battery,2050,3,21,21,0.0
38470,MT_Battery,2050,3,22,22,0.0
38471,MT_Battery,2050,3,23,23,0.0
38472,MT_Battery,2050,3,24,24,0.0
38473,MT_Battery,2050,4,1,1,0.0
38474,MT_Battery,2050,4,2,2,0.0
38475,MT_Battery,2050,4,3,3,0.0
38476,MT_Battery,2050,4,4,4,0.0
38477,MT_Battery,2050,4,5,5,0.0
38478,MT_Battery,2050,4,6,6,0.0
38479,MT_Battery,2050,4,7,7,0.0
38480,MT_Battery,2050,4,8,8,0.0
38481,MT_Battery,2050,4,9,9,0.0
38482,MT_Battery,2050,4,10,10,-13.396165705666336
38483,MT_Battery,2050,4,11,11,0.0
38484,MT_Battery,2050,4,12,12,0.0
38485,MT_Battery,2050,4,13,13,0.0
38486,MT_Battery,2050,4,14,14,0.0
38487,MT_Battery,2050,4,15,15,0.0
38488,MT_Battery,2050,4,16,16,0.0
38489,MT_Battery,2050,4,17,17,0.0
38490,MT_Battery,2050,4,18,18,0.0
38491,MT_Battery,2050,4,19,19,0.0
38492,MT_Battery,2050,4,20,20,0.0
38493,MT_Battery,2050,4,21,21,0.0
38494,MT_Battery,2050,4,22,22,0.0
38495,MT_Battery,2050,4,23,23,0.0
38496,MT_Battery,2050,4,24,24,0.0
38497,MT_Battery,2050,5,1,1,0.0
38498,MT_Battery,2050,5,2,2,0.0
38499,MT_Battery,2050,5,3,3,0.0
38500,MT_Battery,2050,5,4,4,0.0
38501,MT_Battery,2050,5,5,5,0.0
38502,MT_Battery,2050,5,6,6,0.0
38503,MT_Battery,2050,5,7,7,0.0
38504,MT_Battery,2050,5,8,8,0.0
38505,MT_Battery,2050,5,9,9,0.0
38506,MT_Battery,2050,5,10,10,0.0
38507,MT_Battery,2050,5,11,11,0.0
38508,MT_Battery,2050,5,12,12,0.0
38509,MT_Battery,2050,5,13,13,0.0
38510,MT_Battery,2050,5,14,14,0.0
38511,MT_Battery,2050,5,15,15,0.0
38512,MT_Battery,2050,5,16,16,0.0
38513,MT_Battery,2050,5,17,17,0.0
38514,MT_Battery,2050,5,18,18,0.0
38515,MT_Battery,2050,5,19,19,0.0
38516,MT_Battery,2050,5,20,20,0.0
38517,MT_Battery,2050,5,21,21,0.0
38518,MT_Battery,2050,5,22,22,0.0
38519,MT_Battery,2050,5,23,23,0.0
38520,MT_Battery,2050,5,24,24,0.0
38521,MT_Battery,2050,6,1,1,0.0
38522,MT_Battery,2050,6,2,2,0.0
38523,MT_Battery,2050,6,3,3,0.0
38524,MT_Battery,2050,6,4,4,0.0
38525,MT_Battery,2050,6,5,5,0.0
38526,MT_Battery,2050,6,6,6,0.0
38527,MT_Battery,2050,6,7,7,0.0
38528,MT_Battery,2050,6,8,8,0.0
38529,MT_Battery,2050,6,9,9,0.0
38530,MT_Battery,2050,6,10,10,0.0
38531,MT_Battery,2050,6,11,11,0.0
38532,MT_Battery,2050,6,12,12,0.0
38533,MT_Battery,2050,6,13,13,0.0
38534,MT_Battery,2050,6,14,14,0.0
38535,MT_Battery,2050,6,15,15,0.0
38536,MT_Battery,2050,6,16,16,0.0
38537,MT_Battery,2050,6,17,17,0.0
38538,MT_Battery,2050,6,18,18,0.0
38539,MT_Battery,2050,6,19,19,0.0
38540,MT_Battery,2050,6,20,20,0.0
38541,MT_Battery,2050,6,21,21,0.0
38542,MT_Battery,2050,6,22,22,0.0
38543,MT_Battery,2050,6,23,23,0.0
38544,MT_Battery,2050,6,24,24,0.0
38545,MT_Battery,2050,7,1,1,0.0
38546,MT_Battery,2050,7,2,2,0.0
38547,MT_Battery,2050,7,3,3,0.0
38548,MT_Battery,2050,7,4,4,0.0
38549,MT_Battery,2050,7,5,5,0.0
38550,MT_Battery,2050,7,6,6,0.0
38551,MT_Battery,2050,7,7,7,0.0
38552,MT_Battery,2050,7,8,8,0.0
38553,MT_Battery,2050,7,9,9,0.0
38554,MT_Battery,2050,7,10,10,0.0
38555,MT_Battery,2050,7,11,11,0.0
38556,MT_Battery,2050,7,12,12,0.0
38557,MT_Battery,2050,7,13,13,0.0
38558,MT_Battery,2050,7,14,14,0.0
38559,MT_Battery,2050,7,15,15,0.0
38560,MT_Battery,2050,7,16,16,0.0
38561,MT_Battery,2050,7,17,17,0.0
38562,MT_Battery,2050,7,18,18,0.0
38563,MT_Battery,2050,7,19,19,0.0
38564,MT_Battery,2050,7,20,20,0.0
38565,MT_Battery,2050,7,21,21,0.0
38566,MT_Battery,2050,7,22,22,0.0
38567,MT_Battery,2050,7,23,23,0.0
38568,MT_Battery,2050,7,24,24,0.0
38569,MT_Battery,2050,8,1,1,0.0
38570,MT_Battery,2050,8,2,2,0.0
38571,MT_Battery,2050,8,3,3,0.0
38572,MT_Battery,2050,8,4,4,0.0
38573,MT_Battery,2050,8,5,5,0.0
38574,MT_Battery,2050,8,6,6,0.0
38575,MT_Battery,2050,8,7,7,0.0
38576,MT_Battery,2050,8,8,8,0.0
38577,MT_Battery,2050,8,9,9,0.0
38578,MT_Battery,2050,8,10,10,0.0
38579,MT_Battery,2050,8,11,11,0.0
38580,MT_Battery,2050,8,12,12,0.0
38581,MT_Battery,2050,8,13,13,0.0
38582,MT_Battery,2050,8,14,14,0.0
38583,MT_Battery,2050,8,15,15,0.0
38584,MT_Battery,2050,8,16,16,0.0
38585,MT_Battery,2050,8,17,17,0.0
38586,MT_Battery,2050,8,18,18,0.0
38587,MT_Battery,2050,8,19,19,0.0
38588,MT_Battery,2050,8,20,20,0.0
38589,MT_Battery,2050,8,21,21,0.0
38590,MT_Battery,2050,8,22,22,0.0
38591,MT_Battery,2050,8,23,23,0.0
38592,MT_Battery,2050,8,24,24,0.0
38593,MT_Battery,2050,9,1,1,0.0
38594,MT_Battery,2050,9,2,2,0.0
38595,MT_Battery,2050,9,3,3,0.0
38596,MT_Battery,2050,9,4,4,0.0
38597,MT_Battery,2050,9,5,5,0.0
38598,MT_Battery,2050,9,6,6,0.0
38599,MT_Battery,2050,9,7,7,0.0
38600,MT_Battery,2050,9,8,8,0.0
38601,MT_Battery,2050,9,9,9,0.0
38602,MT_Battery,2050,9,10,10,0.0
38603,MT_Battery,2050,9,11,11,0.0
38604,MT_Battery,2050,9,12,12,0.0
38605,MT_Battery,2050,9,13,13,0.0
38606,MT_Battery,2050,9,14,14,0.0
38607,MT_Battery,2050,9,15,15,0.0
38608,MT_Battery,2050,9,16,16,0.0
38609,MT_Battery,2050,9,17,17,0.0
38610,MT_Battery,2050,9,18,18,0.0
38611,MT_Battery,2050,9,19,19,0.0
38612,MT_Battery,2050,9,20,20,0.0
38613,MT_Battery,2050,9,21,21,0.0
38614,MT_Battery,2050,9,22,22,0.0
38615,MT_Battery,2050,9,23,23,0.0
38616,MT_Battery,2050,9,24,24,0.0
38617,MT_Battery,2050,10,1,1,0.0
38618,MT_Battery,2050,10,2,2,0.0
38619,MT_Battery,2050,10,3,3,0.0
38620,MT_Battery,2050,10,4,4,0.0
38621,MT_Battery,2050,10,5,5,0.0
38622,MT_Battery,2050,10,6,6,0.0
38623,MT_Battery,2050,10,7,7,0.0
38624,MT_Battery,2050,10,8,8,0.0
38625,MT_Battery,2050,10,9,9,0.0
38626,MT_Battery,2050,10,10,10,0.0
38627,MT_Battery,2050,10,11,11,0.0
38628,MT_Battery,2050,10,12,12,0.0
38629,MT_Battery,2050,10,13,13,0.0
38630,MT_Battery,2050,10,14,14,0.0
38631,MT_Battery,2050,10,15,15,0.0
38632,MT_Battery,2050,10,16,16,0.0
38633,MT_Battery,2050,10,17,17,0.0
38634,MT_Battery,2050,10,18,18,0.0
38635,MT_Battery,2050,10,19,19,0.0
38636,MT_Battery,2050,10,20,20,0.0
38637,MT_Battery,2050,10,21,21,0.0
38638,MT_Battery,2050,10,22,22,0.0
38639,MT_Battery,2050,10,23,23,0.0
38640,MT_Battery,2050,10,24,24,0.0
38641,MT_CCGT,2050,1,1,1,0.0
38642,MT_CCGT,2050,1,2,2,0.0
38643,MT_CCGT,2050,1,3,3,0.0
38644,MT_CCGT,2050,1,4,4,0.0
38645,MT_CCGT,2050,1,5,5,0.0
38646,MT_CCGT,2050,1,6,6,0.0
38647,MT_CCGT,2050,1,7,7,0.0
38648,MT_CCGT,2050,1,8,8,0.0
38649,MT_CCGT,2050,1,9,9,0.0
38650,MT_CCGT,2050,1,10,10,0.0
38651,MT_CCGT,2050,1,11,11,0.0
38652,MT_CCGT,2050,1,12,12,0.0
38653,MT_CCGT,2050,1,13,13,0.0
38654,MT_CCGT,2050,1,14,14,0.0
38655,MT_CCGT,2050,1,15,15,0.0
38656,MT_CCGT,2050,1,16,16,0.0
38657,MT_CCGT,2050,1,17,17,0.0
38658,MT_CCGT,2050,1,18,18,0.0
38659,MT_CCGT,2050,1,19,19,0.0
38660,MT_CCGT,2050,1,20,20,0.0
38661,MT_CCGT,2050,1,21,21,0.0
38662,MT_CCGT,2050,1,22,22,0.0
38663,MT_CCGT,2050,1,23,23,0.0
38664,MT_CCGT,2050,1,24,24,0.0
38665,MT_CCGT,2050,2,1,1,0.0
38666,MT_CCGT,2050,2,2,2,0.0
38667,MT_CCGT,2050,2,3,3,0.0
38668,MT_CCGT,2050,2,4,4,0.0
38669,MT_CCGT,2050,2,5,5,0.0
38670,MT_CCGT,2050,2,6,6,0.0
38671,MT_CCGT,2050,2,7,7,0.0
38672,MT_CCGT,2050,2,8,8,0.0
38673,MT_CCGT,2050,2,9,9,0.0
38674,MT_CCGT,2050,2,10,10,0.0
38675,MT_CCGT,2050,2,11,11,0.0
38676,MT_CCGT,2050,2,12,12,0.0
38677,MT_CCGT,2050,2,13,13,0.0
38678,MT_CCGT,2050,2,14,14,0.0
38679,MT_CCGT,2050,2,15,15,0.0
38680,MT_CCGT,2050,2,16,16,0.0
38681,MT_CCGT,2050,2,17,17,0.0
38682,MT_CCGT,2050,2,18,18,0.0
38683,MT_CCGT,2050,2,19,19,0.0
38684,MT_CCGT,2050,2,20,20,0.0
38685,MT_CCGT,2050,2,21,21,0.0
38686,MT_CCGT,2050,2,22,22,0.0
38687,MT_CCGT,2050,2,23,23,0.0
38688,MT_CCGT,2050,2,24,24,0.0
38689,MT_CCGT,2050,3,1,1,0.0
38690,MT_CCGT,2050,3,2,2,0.0
38691,MT_CCGT,2050,3,3,3,0.0
38692,MT_CCGT,2050,3,4,4,0.0
38693,MT_CCGT,2050,3,5,5,0.0
38694,MT_CCGT,2050,3,6,6,0.0
38695,MT_CCGT,2050,3,7,7,0.0
38696,MT_CCGT,2050,3,8,8,0.0
38697,MT_CCGT,2050,3,9,9,0.0
38698,MT_CCGT,2050,3,10,10,0.0
38699,MT_CCGT,2050,3,11,11,0.0
38700,MT_CCGT,2050,3,12,12,0.0
38701,MT_CCGT,2050,3,13,13,0.0
38702,MT_CCGT,2050,3,14,14,0.0
38703,MT_CCGT,2050,3,15,15,0.0
38704,MT_CCGT,2050,3,16,16,0.0
38705,MT_CCGT,2050,3,17,17,0.0
38706,MT_CCGT,2050,3,18,18,0.0
38707,MT_CCGT,2050,3,19,19,0.0
38708,MT_CCGT,2050,3,20,20,0.0
38709,MT_CCGT,2050,3,21,21,0.0
38710,MT_CCGT,2050,3,22,22,0.0
38711,MT_CCGT,2050,3,23,23,0.0
38712,MT_CCGT,2050,3,24,24,0.0
38713,MT_CCGT,2050,4,1,1,0.0
38714,MT_CCGT,2050,4,2,2,0.0
38715,MT_CCGT,2050,4,3,3,0.0
38716,MT_CCGT,2050,4,4,4,0.0
38717,MT_CCGT,2050,4,5,5,0.0
38718,MT_CCGT,2050,4,6,6,0.0
38719,MT_CCGT,2050,4,7,7,0.0
38720,MT_CCGT,2050,4,8,8,0.0
38721,MT_CCGT,2050,4,9,9,0.0
38722,MT_CCGT,2050,4,10,10,0.0
38723,MT_CCGT,2050,4,11,11,0.0
38724,MT_CCGT,2050,4,12,12,0.0
38725,MT_CCGT,2050,4,13,13,0.0
38726,MT_CCGT,2050,4,14,14,0.0
38727,MT_CCGT,2050,4,15,15,0.0
38728,MT_CCGT,2050,4,16,16,0.0
38729,MT_CCGT,2050,4,17,17,0.0
38730,MT_CCGT,2050,4,18,18,0.0
38731,MT_CCGT,2050,4,19,19,0.0
38732,MT_CCGT,2050,4,20,20,0.0
38733,MT_CCGT,2050,4,21,21,0.0
38734,MT_CCGT,2050,4,22,22,0.0
38735,MT_CCGT,2050,4,23,23,0.0
38736,MT_CCGT,2050,4,24,24,0.0
38737,MT_CCGT,2050,5,1,1,0.0
38738,MT_CCGT,2050,5,2,2,0.0
38739,MT_CCGT,2050,5,3,3,0.0
38740,MT_CCGT,2050,5,4,4,0.0
38741,MT_CCGT,2050,5,5,5,0.0
38742,MT_CCGT,2050,5,6,6,0.0
38743,MT_CCGT,2050,5,7,7,0.0
38744,MT_CCGT,2050,5,8,8,0.0
38745,MT_CCGT,2050,5,9,9,0.0
38746,MT_CCGT,2050,5,10,10,0.0
38747,MT_CCGT,2050,5,11,11,0.0
38748,MT_CCGT,2050,5,12,12,0.0
38749,MT_CCGT,2050,5,13,13,0.0
38750,MT_CCGT,2050,5,14,14,0.0
38751,MT_CCGT,2050,5,15,15,0.0
38752,MT_CCGT,2050,5,16,16,0.0
38753,MT_CCGT,2050,5,17,17,0.0
38754,MT_CCGT,2050,5,18,18,0.0
38755,MT_CCGT,2050,5,19,19,0.0
38756,MT_CCGT,2050,5,20,20,0.0
38757,MT_CCGT,2050,5,21,21,0.0
38758,MT_CCGT,2050,5,22,22,0.0
38759,MT_CCGT,2050,5,23,23,0.0
38760,MT_CCGT,2050,5,24,24,0.0
38761,MT_CCGT,2050,6,1,1,0.0
38762,MT_CCGT,2050,6,2,2,0.0
38763,MT_CCGT,2050,6,3,3,0.0
38764,MT_CCGT,2050,6,4,4,0.0
38765,MT_CCGT,2050,6,5,5,0.0
38766,MT_CCGT,2050,6,6,6,0.0
38767,MT_CCGT,2050,6,7,7,0.0
38768,MT_CCGT,2050,6,8,8,0.0
38769,MT_CCGT,2050,6,9,9,0.0
38770,MT_CCGT,2050,6,10,10,0.0
38771,MT_CCGT,2050,6,11,11,0.0
38772,MT_CCGT,2050,6,12,12,0.0
38773,MT_CCGT,2050,6,13,13,0.0
38774,MT_CCGT,2050,6,14,14,0.0
38775,MT_CCGT,2050,6,15,15,0.0
38776,MT_CCGT,2050,6,16,16,0.0
38777,MT_CCGT,2050,6,17,17,0.0
38778,MT_CCGT,2050,6,18,18,0.0
38779,MT_CCGT,2050,6,19,19,0.0
38780,MT_CCGT,2050,6,20,20,0.0
38781,MT_CCGT,2050,6,21,21,0.0
38782,MT_CCGT,2050,6,22,22,0.0
38783,MT_CCGT,2050,6,23,23,0.0
38784,MT_CCGT,2050,6,24,24,0.0
38785,MT_CCGT,2050,7,1,1,0.0
38786,MT_CCGT,2050,7,2,2,0.0
38787,MT_CCGT,2050,7,3,3,0.0
38788,MT_CCGT,2050,7,4,4,0.0
38789,MT_CCGT,2050,7,5,5,0.0
38790,MT_CCGT,2050,7,6,6,0.0
38791,MT_CCGT,2050,7,7,7,0.0
38792,MT_CCGT,2050,7,8,8,0.0
38793,MT_CCGT,2050,7,9,9,0.0
38794,MT_CCGT,2050,7,10,10,0.0
38795,MT_CCGT,2050,7,11,11,0.0
38796,MT_CCGT,2050,7,12,12,0.0
38797,MT_CCGT,2050,7,13,13,0.0
38798,MT_CCGT,2050,7,14,14,0.0
38799,MT_CCGT,2050,7,15,15,0.0
38800,MT_CCGT,2050,7,16,16,0.0
38801,MT_CCGT,2050,7,17,17,0.0
38802,MT_CCGT,2050,7,18,18,0.0
38803,MT_CCGT,2050,7,19,19,0.0
38804,MT_CCGT,2050,7,20,20,0.0
38805,MT_CCGT,2050,7,21,21,0.0
38806,MT_CCGT,2050,7,22,22,0.0
38807,MT_CCGT,2050,7,23,23,0.0
38808,MT_CCGT,2050,7,24,24,0.0
38809,MT_CCGT,2050,8,1,1,0.0
38810,MT_CCGT,2050,8,2,2,0.0
38811,MT_CCGT,2050,8,3,3,0.0
38812,MT_CCGT,2050,8,4,4,0.0
38813,MT_CCGT,2050,8,5,5,0.0
38814,MT_CCGT,2050,8,6,6,0.0
38815,MT_CCGT,2050,8,7,7,0.0
38816,MT_CCGT,2050,8,8,8,0.0
38817,MT_CCGT,2050,8,9,9,0.0
38818,MT_CCGT,2050,8,10,10,0.0
38819,MT_CCGT,2050,8,11,11,0.0
38820,MT_CCGT,2050,8,12,12,0.0
38821,MT_CCGT,2050,8,13,13,0.0
38822,MT_CCGT,2050,8,14,14,0.0
38823,MT_CCGT,2050,8,15,15,0.0
38824,MT_CCGT,2050,8,16,16,0.0
38825,MT_CCGT,2050,8,17,17,0.0
38826,MT_CCGT,2050,8,18,18,0.0
38827,MT_CCGT,2050,8,19,19,0.0
38828,MT_CCGT,2050,8,20,20,0.0
38829,MT_CCGT,2050,8,21,21,0.0
38830,MT_CCGT,2050,8,22,22,0.0
38831,MT_CCGT,2050,8,23,23,0.0
38832,MT_CCGT,2050,8,24,24,0.0
38833,MT_CCGT,2050,9,1,1,0.0
38834,MT_CCGT,2050,9,2,2,0.0
38835,MT_CCGT,2050,9,3,3,0.0
38836,MT_CCGT,2050,9,4,4,0.0
38837,MT_CCGT,2050,9,5,5,0.0
38838,MT_CCGT,2050,9,6,6,0.0
38839,MT_CCGT,2050,9,7,7,0.0
38840,MT_CCGT,2050,9,8,8,0.0
38841,MT_CCGT,2050,9,9,9,0.0
38842,MT_CCGT,2050,9,10,10,0.0
38843,MT_CCGT,2050,9,11,11,0.0
38844,MT_CCGT,2050,9,12,12,0.0
38845,MT_CCGT,2050,9,13,13,0.0
38846,MT_CCGT,2050,9,14,14,0.0
38847,MT_CCGT,2050,9,15,15,0.0
38848,MT_CCGT,2050,9,16,16,0.0
38849,MT_CCGT,2050,9,17,17,0.0
38850,MT_CCGT,2050,9,18,18,0.0
38851,MT_CCGT,2050,9,19,19,0.0
38852,MT_CCGT,2050,9,20,20,0.0
38853,MT_CCGT,2050,9,21,21,0.0
38854,MT_CCGT,2050,9,22,22,0.0
38855,MT_CCGT,2050,9,23,23,0.0
38856,MT_CCGT,2050,9,24,24,0.0
38857,MT_CCGT,2050,10,1,1,0.0
38858,MT_CCGT,2050,10,2,2,0.0
38859,MT_CCGT,2050,10,3,3,0.0
38860,MT_CCGT,2050,10,4,4,0.0
38861,MT_CCGT,2050,10,5,5,0.0
38862,MT_CCGT,2050,10,6,6,0.0
38863,MT_CCGT,2050,10,7,7,0.0
38864,MT_CCGT,2050,10,8,8,0.0
38865,MT_CCGT,2050,10,9,9,0.0
38866,MT_CCGT,2050,10,10,10,0.0
38867,MT_CCGT,2050,10,11,11,0.0
38868,MT_CCGT,2050,10,12,12,0.0
38869,MT_CCGT,2050,10,13,13,0.0
38870,MT_CCGT,2050,10,14,14,0.0
38871,MT_CCGT,2050,10,15,15,0.0
38872,MT_CCGT,2050,10,16,16,0.0
38873,MT_CCGT,2050,10,17,17,0.0
38874,MT_CCGT,2050,10,18,18,0.0
38875,MT_CCGT,2050,10,19,19,0.0
38876,MT_CCGT,2050,10,20,20,0.0
38877,MT_CCGT,2050,10,21,21,0.0
38878,MT_CCGT,2050,10,22,22,0.0
38879,MT_CCGT,2050,10,23,23,0.0
38880,MT_CCGT,2050,10,24,24,0.0
38881,MT_Nuclear,2050,1,1,1,-1.3038
38882,MT_Nuclear,2050,1,2,2,-1.3038
38883,MT_Nuclear,2050,1,3,3,-1.3038
38884,MT_Nuclear,2050,1,4,4,-1.3038
38885,MT_Nuclear,2050,1,5,5,-1.3038
38886,MT_Nuclear,2050,1,6,6,-1.3038
38887,MT_Nuclear,2050,1,7,7,-1.3038
38888,MT_Nuclear,2050,1,8,8,-1.3038
38889,MT_Nuclear,2050,1,9,9,-1.3038
38890,MT_Nuclear,2050,1,10,10,-1.3038
38891,MT_Nuclear,2050,1,11,11,-1.3038
38892,MT_Nuclear,2050,1,12,12,-1.3038
38893,MT_Nuclear,2050,1,13,13,-1.3038
38894,MT_Nuclear,2050,1,14,14,-1.3038
38895,MT_Nuclear,2050,1,15,15,-1.3038
38896,MT_Nuclear,2050,1,16,16,-1.3038
38897,MT_Nuclear,2050,1,17,17,-1.3038
38898,MT_Nuclear,2050,1,18,18,-1.3038
38899,MT_Nuclear,2050,1,19,19,-1.3038
38900,MT_Nuclear,2050,1,20,20,-1.3038
38901,MT_Nuclear,2050,1,21,21,-1.3038
38902,MT_Nuclear,2050,1,22,22,-1.3038
38903,MT_Nuclear,2050,1,23,23,-1.3038
38904,MT_Nuclear,2050,1,24,24,-1.3038
38905,MT_Nuclear,2050,2,1,1,-0.8118
38906,MT_Nuclear,2050,2,2,2,-0.8118
38907,MT_Nuclear,2050,2,3,3,-0.8118
38908,MT_Nuclear,2050,2,4,4,-0.8118
38909,MT_Nuclear,2050,2,5,5,-0.8118
38910,MT_Nuclear,2050,2,6,6,-0.8118
38911,MT_Nuclear,2050,2,7,7,-0.8118
38912,MT_Nuclear,2050,2,8,8,-0.8118
38913,MT_Nuclear,2050,2,9,9,0.0
38914,MT_Nuclear,2050,2,10,10,0.0
38915,MT_Nuclear,2050,2,11,11,0.0
38916,MT_Nuclear,2050,2,12,12,0.0
38917,MT_Nuclear,2050,2,13,13,0.0
38918,MT_Nuclear,2050,2,14,14,0.0
38919,MT_Nuclear,2050,2,15,15,0.0
38920,MT_Nuclear,2050,2,16,16,-0.8118
38921,MT_Nuclear,2050,2,17,17,-0.8118
38922,MT_Nuclear,2050,2,18,18,-0.8118
38923,MT_Nuclear,2050,2,19,19,-0.8118
38924,MT_Nuclear,2050,2,20,20,-0.8118
38925,MT_Nuclear,2050,2,21,21,-0.8118
38926,MT_Nuclear,2050,2,22,22,-0.8118
38927,MT_Nuclear,2050,2,23,23,-0.8118
38928,MT_Nuclear,2050,2,24,24,-0.8118
38929,MT_Nuclear,2050,3,1,1,-0.7134
38930,MT_Nuclear,2050,3,2,2,-0.7134
38931,MT_Nuclear,2050,3,3,3,-0.7134
38932,MT_Nuclear,2050,3,4,4,-0.7134
38933,MT_Nuclear,2050,3,5,5,-0.7134
38934,MT_Nuclear,2050,3,6,6,-0.7134
38935,MT_Nuclear,2050,3,7,7,-0.7134
38936,MT_Nuclear,2050,3,8,8,-0.7134
38937,MT_Nuclear,2050,3,9,9,-0.7134
38938,MT_Nuclear,2050,3,10,10,-0.7134
38939,MT_Nuclear,2050,3,11,11,-0.7134
38940,MT_Nuclear,2050,3,12,12,-0.7134
38941,MT_Nuclear,2050,3,13,13,-0.7134
38942,MT_Nuclear,2050,3,14,14,-0.7134
38943,MT_Nuclear,2050,3,15,15,-0.7134
38944,MT_Nuclear,2050,3,16,16,-0.7134
38945,MT_Nuclear,2050,3,17,17,-0.7134
38946,MT_Nuclear,2050,3,18,18,-0.7134
38947,MT_Nuclear,2050,3,19,19,-0.7134
38948,MT_Nuclear,2050,3,20,20,-0.7134
38949,MT_Nuclear,2050,3,21,21,-0.7134
38950,MT_Nuclear,2050,3,22,22,-0.7134
38951,MT_Nuclear,2050,3,23,23,-0.7134
38952,MT_Nuclear,2050,3,24,24,-0.7134
38953,MT_Nuclear,2050,4,1,1,-0.5658000000000001
38954,MT_Nuclear,2050,4,2,2,-0.5658000000000001
38955,MT_Nuclear,2050,4,3,3,-0.5658000000000001
38956,MT_Nuclear,2050,4,4,4,-0.5658000000000001
38957,MT_Nuclear,2050,4,5,5,-0.5658000000000001
38958,MT_Nuclear,2050,4,6,6,-0.5658000000000001
38959,MT_Nuclear,2050,4,7,7,-0.5658000000000001
38960,MT_Nuclear,2050,4,8,8,-0.5658000000000001
38961,MT_Nuclear,2050,4,9,9,-0.5658000000000001
38962,MT_Nuclear,2050,4,10,10,-18.019131411332673
38963,MT_Nuclear,2050,4,11,11,-4.6229657056663385
38964,MT_Nuclear,2050,4,12,12,0.0
38965,MT_Nuclear,2050,4,13,13,0.0
38966,MT_Nuclear,2050,4,14,14,0.0
38967,MT_Nuclear,2050,4,15,15,0.0
38968,MT_Nuclear,2050,4,16,16,-0.5658000000000001
38969,MT_Nuclear,2050,4,17,17,-0.5658000000000001
38970,MT_Nuclear,2050,4,18,18,-0.5658000000000001
38971,MT_Nuclear,2050,4,19,19,-0.5658000000000001
38972,MT_Nuclear,2050,4,20,20,-0.5658000000000001
38973,MT_Nuclear,2050,4,21,21,-0.5658000000000001
38974,MT_Nuclear,2050,4,22,22,-0.5658000000000001
38975,MT_Nuclear,2050,4,23,23,-0.5658000000000001
38976,MT_Nuclear,2050,4,24,24,-0.5658000000000001
38977,MT_Nuclear,2050,5,1,1,-1.2792000000000003
38978,MT_Nuclear,2050,5,2,2,-1.2792000000000003
38979,MT_Nuclear,2050,5,3,3,-1.2792000000000003
38980,MT_Nuclear,2050,5,4,4,-1.2792000000000003
38981,MT_Nuclear,2050,5,5,5,-1.2792000000000003
38982,MT_Nuclear,2050,5,6,6,-1.2792000000000003
38983,MT_Nuclear,2050,5,7,7,-1.2792000000000003
38984,MT_Nuclear,2050,5,8,8,-1.2792000000000003
38985,MT_Nuclear,2050,5,9,9,-1.2792000000000003
38986,MT_Nuclear,2050,5,10,10,-1.2792000000000003
38987,MT_Nuclear,2050,5,11,11,0.0
38988,MT_Nuclear,2050,5,12,12,0.0
38989,MT_Nuclear,2050,5,13,13,0.0
38990,MT_Nuclear,2050,5,14,14,0.0
38991,MT_Nuclear,2050,5,15,15,0.0
38992,MT_Nuclear,2050,5,16,16,-1.2792000000000003
38993,MT_Nuclear,2050,5,17,17,-1.2792000000000003
38994,MT_Nuclear,2050,5,18,18,-1.2792000000000003
38995,MT_Nuclear,2050,5,19,19,-1.2792000000000003
38996,MT_Nuclear,2050,5,20,20,-1.2792000000000003
38997,MT_Nuclear,2050,5,21,21,-1.2792000000000003
38998,MT_Nuclear,2050,5,22,22,-1.2792000000000003
38999,MT_Nuclear,2050,5,23,23,-1.2792000000000003
39000,MT_Nuclear,2050,5,24,24,-1.2792000000000003
39001,MT_Nuclear,2050,6,1,1,-0.4428000000000001
39002,MT_Nuclear,2050,6,2,2,-0.4428000000000001
39003,MT_Nuclear,2050,6,3,3,-0.4428000000000001
39004,MT_Nuclear,2050,6,4,4,-0.4428000000000001
39005,MT_Nuclear,2050,6,5,5,-0.4428000000000001
39006,MT_Nuclear,2050,6,6,6,-0.4428000000000001
39007,MT_Nuclear,2050,6,7,7,-0.4428000000000001
39008,MT_Nuclear,2050,6,8,8,0.0
39009,MT_Nuclear,2050,6,9,9,0.0
39010,MT_Nuclear,2050,6,10,10,0.0
39011,MT_Nuclear,2050,6,11,11,0.0
39012,MT_Nuclear,2050,6,12,12,0.0
39013,MT_Nuclear,2050,6,13,13,0.0
39014,MT_Nuclear,2050,6,14,14,0.0
39015,MT_Nuclear,2050,6,15,15,0.0
39016,MT_Nuclear,2050,6,16,16,0.0
39017,MT_Nuclear,2050,6,17,17,-0.4428000000000001
39018,MT_Nuclear,2050,6,18,18,-0.4428000000000001
39019,MT_Nuclear,2050,6,19,19,-0.4428000000000001
39020,MT_Nuclear,2050,6,20,20,-0.4428000000000001
39021,MT_Nuclear,2050,6,21,21,-0.4428000000000001
39022,MT_Nuclear,2050,6,22,22,-0.4428000000000001
39023,MT_Nuclear,2050,6,23,23,-0.4428000000000001
39024,MT_Nuclear,2050,6,24,24,-0.4428000000000001
39025,MT_Nuclear,2050,7,1,1,-0.9102000000000001
39026,MT_Nuclear,2050,7,2,2,-0.9102000000000001
39027,MT_Nuclear,2050,7,3,3,-0.9102000000000001
39028,MT_Nuclear,2050,7,4,4,-0.9102000000000001
39029,MT_Nuclear,2050,7,5,5,-0.9102000000000001
39030,MT_Nuclear,2050,7,6,6,-0.9102000000000001
39031,MT_Nuclear,2050,7,7,7,-0.9102000000000001
39032,MT_Nuclear,2050,7,8,8,-0.9102000000000001
39033,MT_Nuclear,2050,7,9,9,0.0
39034,MT_Nuclear,2050,7,10,10,0.0
39035,MT_Nuclear,2050,7,11,11,0.0
39036,MT_Nuclear,2050,7,12,12,0.0
39037,MT_Nuclear,2050,7,13,13,0.0
39038,MT_Nuclear,2050,7,14,14,0.0
39039,MT_Nuclear,2050,7,15,15,0.0
39040,MT_Nuclear,2050,7,16,16,0.0
39041,MT_Nuclear,2050,7,17,17,0.0
39042,MT_Nuclear,2050,7,18,18,-0.9102000000000001
39043,MT_Nuclear,2050,7,19,19,-0.9102000000000001
39044,MT_Nuclear,2050,7,20,20,-0.9102000000000001
39045,MT_Nuclear,2050,7,21,21,-0.9102000000000001
39046,MT_Nuclear,2050,7,22,22,-0.9102000000000001
39047,MT_Nuclear,2050,7,23,23,-0.9102000000000001
39048,MT_Nuclear,2050,7,24,24,-0.9102000000000001
39049,MT_Nuclear,2050,8,1,1,-0.7626000000000002
39050,MT_Nuclear,2050,8,2,2,-0.7626000000000002
39051,MT_Nuclear,2050,8,3,3,-0.7626000000000002
39052,MT_Nuclear,2050,8,4,4,-0.7626000000000002
39053,MT_Nuclear,2050,8,5,5,-0.7626000000000002
39054,MT_Nuclear,2050,8,6,6,-0.7626000000000002
39055,MT_Nuclear,2050,8,7,7,-0.7626000000000002
39056,MT_Nuclear,2050,8,8,8,0.0
39057,MT_Nuclear,2050,8,9,9,0.0
39058,MT_Nuclear,2050,8,10,10,0.0
39059,MT_Nuclear,2050,8,11,11,0.0
39060,MT_Nuclear,2050,8,12,12,0.0
39061,MT_Nuclear,2050,8,13,13,0.0
39062,MT_Nuclear,2050,8,14,14,0.0
39063,MT_Nuclear,2050,8,15,15,0.0
39064,MT_Nuclear,2050,8,16,16,0.0
39065,MT_Nuclear,2050,8,17,17,-0.7626000000000002
39066,MT_Nuclear,2050,8,18,18,-0.7626000000000002
39067,MT_Nuclear,2050,8,19,19,-0.7626000000000002
39068,MT_Nuclear,2050,8,20,20,-0.7626000000000002
39069,MT_Nuclear,2050,8,21,21,-0.7626000000000002
39070,MT_Nuclear,2050,8,22,22,-0.7626000000000002
39071,MT_Nuclear,2050,8,23,23,-0.7626000000000002
39072,MT_Nuclear,2050,8,24,24,-0.7626000000000002
39073,MT_Nuclear,2050,9,1,1,-1.0578
39074,MT_Nuclear,2050,9,2,2,-1.0578
39075,MT_Nuclear,2050,9,3,3,-1.0578
39076,MT_Nuclear,2050,9,4,4,-1.0578
39077,MT_Nuclear,2050,9,5,5,-1.0578
39078,MT_Nuclear,2050,9,6,6,-1.0578
39079,MT_Nuclear,2050,9,7,7,-1.0578
39080,MT_Nuclear,2050,9,8,8,-1.0578
39081,MT_Nuclear,2050,9,9,9,0.0
39082,MT_Nuclear,2050,9,10,10,0.0
39083,MT_Nuclear,2050,9,11,11,0.0
39084,MT_Nuclear,2050,9,12,12,0.0
39085,MT_Nuclear,2050,9,13,13,0.0
39086,MT_Nuclear,2050,9,14,14,0.0
39087,MT_Nuclear,2050,9,15,15,0.0
39088,MT_Nuclear,2050,9,16,16,-1.0578
39089,MT_Nuclear,2050,9,17,17,-1.0578
39090,MT_Nuclear,2050,9,18,18,-1.0578
39091,MT_Nuclear,2050,9,19,19,-1.0578
39092,MT_Nuclear,2050,9,20,20,-1.0578
39093,MT_Nuclear,2050,9,21,21,-1.0578
39094,MT_Nuclear,2050,9,22,22,-1.0578
39095,MT_Nuclear,2050,9,23,23,-1.0578
39096,MT_Nuclear,2050,9,24,24,-1.0578
39097,MT_Nuclear,2050,10,1,1,-1.1316000000000002
39098,MT_Nuclear,2050,10,2,2,-1.1316000000000002
39099,MT_Nuclear,2050,10,3,3,-1.1316000000000002
39100,MT_Nuclear,2050,10,4,4,-1.1316000000000002
39101,MT_Nuclear,2050,10,5,5,-1.1316000000000002
39102,MT_Nuclear,2050,10,6,6,-1.1316000000000002
39103,MT_Nuclear,2050,10,7,7,-1.1316000000000002
39104,MT_Nuclear,2050,10,8,8,-1.1316000000000002
39105,MT_Nuclear,2050,10,9,9,-1.1316000000000002
39106,MT_Nuclear,2050,10,10,10,-1.1316000000000002
39107,MT_Nuclear,2050,10,11,11,0.0
39108,MT_Nuclear,2050,10,12,12,0.0
39109,MT_Nuclear,2050,10,13,13,0.0
39110,MT_Nuclear,2050,10,14,14,0.0
39111,MT_Nuclear,2050,10,15,15,0.0
39112,MT_Nuclear,2050,10,16,16,-1.1316000000000002
39113,MT_Nuclear,2050,10,17,17,-1.1316000000000002
39114,MT_Nuclear,2050,10,18,18,-1.1316000000000002
39115,MT_Nuclear,2050,10,19,19,-1.1316000000000002
39116,MT_Nuclear,2050,10,20,20,-1.1316000000000002
39117,MT_Nuclear,2050,10,21,21,-1.1316000000000002
39118,MT_Nuclear,2050,10,22,22,-1.1316000000000002
39119,MT_Nuclear,2050,10,23,23,-1.1316000000000002
39120,MT_Nuclear,2050,10,24,24,-1.1316000000000002
39121,MT_OCGT,2050,1,1,1,0.0
39122,MT_OCGT,2050,1,2,2,0.0
39123,MT_OCGT,2050,1,3,3,0.0
39124,MT_OCGT,2050,1,4,4,0.0
39125,MT_OCGT,2050,1,5,5,0.0
39126,MT_OCGT,2050,1,6,6,0.0
39127,MT_OCGT,2050,1,7,7,0.0
39128,MT_OCGT,2050,1,8,8,0.0
39129,MT_OCGT,2050,1,9,9,0.0
39130,MT_OCGT,2050,1,10,10,0.0
39131,MT_OCGT,2050,1,11,11,0.0
39132,MT_OCGT,2050,1,12,12,0.0
39133,MT_OCGT,2050,1,13,13,0.0
39134,MT_OCGT,2050,1,14,14,0.0
39135,MT_OCGT,2050,1,15,15,0.0
39136,MT_OCGT,2050,1,16,16,0.0
39137,MT_OCGT,2050,1,17,17,0.0
39138,MT_OCGT,2050,1,18,18,0.0
39139,MT_OCGT,2050,1,19,19,0.0
39140,MT_OCGT,2050,1,20,20,0.0
39141,MT_OCGT,2050,1,21,21,0.0
39142,MT_OCGT,2050,1,22,22,0.0
39143,MT_OCGT,2050,1,23,23,0.0
39144,MT_OCGT,2050,1,24,24,0.0
39145,MT_OCGT,2050,2,1,1,0.0
39146,MT_OCGT,2050,2,2,2,0.0
39147,MT_OCGT,2050,2,3,3,0.0
39148,MT_OCGT,2050,2,4,4,0.0
39149,MT_OCGT,2050,2,5,5,0.0
39150,MT_OCGT,2050,2,6,6,0.0
39151,MT_OCGT,2050,2,7,7,0.0
39152,MT_OCGT,2050,2,8,8,0.0
39153,MT_OCGT,2050,2,9,9,0.0
39154,MT_OCGT,2050,2,10,10,0.0
39155,MT_OCGT,2050,2,11,11,0.0
39156,MT_OCGT,2050,2,12,12,0.0
39157,MT_OCGT,2050,2,13,13,0.0
39158,MT_OCGT,2050,2,14,14,0.0
39159,MT_OCGT,2050,2,15,15,0.0
39160,MT_OCGT,2050,2,16,16,0.0
39161,MT_OCGT,2050,2,17,17,0.0
39162,MT_OCGT,2050,2,18,18,0.0
39163,MT_OCGT,2050,2,19,19,0.0
39164,MT_OCGT,2050,2,20,20,0.0
39165,MT_OCGT,2050,2,21,21,0.0
39166,MT_OCGT,2050,2,22,22,0.0
39167,MT_OCGT,2050,2,23,23,0.0
39168,MT_OCGT,2050,2,24,24,0.0
39169,MT_OCGT,2050,3,1,1,0.0
39170,MT_OCGT,2050,3,2,2,0.0
39171,MT_OCGT,2050,3,3,3,0.0
39172,MT_OCGT,2050,3,4,4,0.0
39173,MT_OCGT,2050,3,5,5,0.0
39174,MT_OCGT,2050,3,6,6,0.0
39175,MT_OCGT,2050,3,7,7,0.0
39176,MT_OCGT,2050,3,8,8,0.0
39177,MT_OCGT,2050,3,9,9,0.0
39178,MT_OCGT,2050,3,10,10,0.0
39179,MT_OCGT,2050,3,11,11,0.0
39180,MT_OCGT,2050,3,12,12,0.0
39181,MT_OCGT,2050,3,13,13,0.0
39182,MT_OCGT,2050,3,14,14,0.0
39183,MT_OCGT,2050,3,15,15,0.0
39184,MT_OCGT,2050,3,16,16,0.0
39185,MT_OCGT,2050,3,17,17,0.0
39186,MT_OCGT,2050,3,18,18,0.0
39187,MT_OCGT,2050,3,19,19,0.0
39188,MT_OCGT,2050,3,20,20,0.0
39189,MT_OCGT,2050,3,21,21,0.0
39190,MT_OCGT,2050,3,22,22,0.0
39191,MT_OCGT,2050,3,23,23,0.0
39192,MT_OCGT,2050,3,24,24,0.0
39193,MT_OCGT,2050,4,1,1,0.0
39194,MT_OCGT,2050,4,2,2,0.0
39195,MT_OCGT,2050,4,3,3,0.0
39196,MT_OCGT,2050,4,4,4,0.0
39197,MT_OCGT,2050,4,5,5,0.0
39198,MT_OCGT,2050,4,6,6,0.0
39199,MT_OCGT,2050,4,7,7,0.0
39200,MT_OCGT,2050,4,8,8,0.0
39201,MT_OCGT,2050,4,9,9,0.0
39202,MT_OCGT,2050,4,10,10,-17.039331411332675
39203,MT_OCGT,2050,4,11,11,-3.6431657056663385
39204,MT_OCGT,2050,4,12,12,0.0
39205,MT_OCGT,2050,4,13,13,0.0
39206,MT_OCGT,2050,4,14,14,0.0
39207,MT_OCGT,2050,4,15,15,0.0
39208,MT_OCGT,2050,4,16,16,0.0
39209,MT_OCGT,2050,4,17,17,0.0
39210,MT_OCGT,2050,4,18,18,0.0
39211,MT_OCGT,2050,4,19,19,0.0
39212,MT_OCGT,2050,4,20,20,0.0
39213,MT_OCGT,2050,4,21,21,0.0
39214,MT_OCGT,2050,4,22,22,0.0
39215,MT_OCGT,2050,4,23,23,0.0
39216,MT_OCGT,2050,4,24,24,0.0
39217,MT_OCGT,2050,5,1,1,0.0
39218,MT_OCGT,2050,5,2,2,0.0
39219,MT_OCGT,2050,5,3,3,0.0
39220,MT_OCGT,2050,5,4,4,0.0
39221,MT_OCGT,2050,5,5,5,0.0
39222,MT_OCGT,2050,5,6,6,0.0
39223,MT_OCGT,2050,5,7,7,0.0
39224,MT_OCGT,2050,5,8,8,0.0
39225,MT_OCGT,2050,5,9,9,0.0
39226,MT_OCGT,2050,5,10,10,0.0
39227,MT_OCGT,2050,5,11,11,0.0
39228,MT_OCGT,2050,5,12,12,0.0
39229,MT_OCGT,2050,5,13,13,0.0
39230,MT_OCGT,2050,5,14,14,0.0
39231,MT_OCGT,2050,5,15,15,0.0
39232,MT_OCGT,2050,5,16,16,0.0
39233,MT_OCGT,2050,5,17,17,0.0
39234,MT_OCGT,2050,5,18,18,0.0
39235,MT_OCGT,2050,5,19,19,0.0
39236,MT_OCGT,2050,5,20,20,0.0
39237,MT_OCGT,2050,5,21,21,0.0
39238,MT_OCGT,2050,5,22,22,0.0
39239,MT_OCGT,2050,5,23,23,0.0
39240,MT_OCGT,2050,5,24,24,0.0
39241,MT_OCGT,2050,6,1,1,0.0
39242,MT_OCGT,2050,6,2,2,0.0
39243,MT_OCGT,2050,6,3,3,0.0
39244,MT_OCGT,2050,6,4,4,0.0
39245,MT_OCGT,2050,6,5,5,0.0
39246,MT_OCGT,2050,6,6,6,0.0
39247,MT_OCGT,2050,6,7,7,0.0
39248,MT_OCGT,2050,6,8,8,0.0
39249,MT_OCGT,2050,6,9,9,0.0
39250,MT_OCGT,2050,6,10,10,0.0
39251,MT_OCGT,2050,6,11,11,0.0
39252,MT_OCGT,2050,6,12,12,0.0
39253,MT_OCGT,2050,6,13,13,0.0
39254,MT_OCGT,2050,6,14,14,0.0
39255,MT_OCGT,2050,6,15,15,0.0
39256,MT_OCGT,2050,6,16,16,0.0
39257,MT_OCGT,2050,6,17,17,0.0
39258,MT_OCGT,2050,6,18,18,0.0
39259,MT_OCGT,2050,6,19,19,0.0
39260,MT_OCGT,2050,6,20,20,0.0
39261,MT_OCGT,2050,6,21,21,0.0
39262,MT_OCGT,2050,6,22,22,0.0
39263,MT_OCGT,2050,6,23,23,0.0
39264,MT_OCGT,2050,6,24,24,0.0
39265,MT_OCGT,2050,7,1,1,0.0
39266,MT_OCGT,2050,7,2,2,0.0
39267,MT_OCGT,2050,7,3,3,0.0
39268,MT_OCGT,2050,7,4,4,0.0
39269,MT_OCGT,2050,7,5,5,0.0
39270,MT_OCGT,2050,7,6,6,0.0
39271,MT_OCGT,2050,7,7,7,0.0
39272,MT_OCGT,2050,7,8,8,0.0
39273,MT_OCGT,2050,7,9,9,0.0
39274,MT_OCGT,2050,7,10,10,0.0
39275,MT_OCGT,2050,7,11,11,0.0
39276,MT_OCGT,2050,7,12,12,0.0
39277,MT_OCGT,2050,7,13,13,0.0
39278,MT_OCGT,2050,7,14,14,0.0
39279,MT_OCGT,2050,7,15,15,0.0
39280,MT_OCGT,2050,7,16,16,0.0
39281,MT_OCGT,2050,7,17,17,0.0
39282,MT_OCGT,2050,7,18,18,0.0
39283,MT_OCGT,2050,7,19,19,0.0
39284,MT_OCGT,2050,7,20,20,0.0
39285,MT_OCGT,2050,7,21,21,0.0
39286,MT_OCGT,2050,7,22,22,0.0
39287,MT_OCGT,2050,7,23,23,0.0
39288,MT_OCGT,2050,7,24,24,0.0
39289,MT_OCGT,2050,8,1,1,0.0
39290,MT_OCGT,2050,8,2,2,0.0
39291,MT_OCGT,2050,8,3,3,0.0
39292,MT_OCGT,2050,8,4,4,0.0
39293,MT_OCGT,2050,8,5,5,0.0
39294,MT_OCGT,2050,8,6,6,0.0
39295,MT_OCGT,2050,8,7,7,0.0
39296,MT_OCGT,2050,8,8,8,0.0
39297,MT_OCGT,2050,8,9,9,0.0
39298,MT_OCGT,2050,8,10,10,0.0
39299,MT_OCGT,2050,8,11,11,0.0
39300,MT_OCGT,2050,8,12,12,0.0
39301,MT_OCGT,2050,8,13,13,0.0
39302,MT_OCGT,2050,8,14,14,0.0
39303,MT_OCGT,2050,8,15,15,0.0
39304,MT_OCGT,2050,8,16,16,0.0
39305,MT_OCGT,2050,8,17,17,0.0
39306,MT_OCGT,2050,8,18,18,0.0
39307,MT_OCGT,2050,8,19,19,0.0
39308,MT_OCGT,2050,8,20,20,0.0
39309,MT_OCGT,2050,8,21,21,0.0
39310,MT_OCGT,2050,8,22,22,0.0
39311,MT_OCGT,2050,8,23,23,0.0
39312,MT_OCGT,2050,8,24,24,0.0
39313,MT_OCGT,2050,9,1,1,0.0
39314,MT_OCGT,2050,9,2,2,0.0
39315,MT_OCGT,2050,9,3,3,0.0
39316,MT_OCGT,2050,9,4,4,0.0
39317,MT_OCGT,2050,9,5,5,0.0
39318,MT_OCGT,2050,9,6,6,0.0
39319,MT_OCGT,2050,9,7,7,0.0
39320,MT_OCGT,2050,9,8,8,0.0
39321,MT_OCGT,2050,9,9,9,0.0
39322,MT_OCGT,2050,9,10,10,0.0
39323,MT_OCGT,2050,9,11,11,0.0
39324,MT_OCGT,2050,9,12,12,0.0
39325,MT_OCGT,2050,9,13,13,0.0
39326,MT_OCGT,2050,9,14,14,0.0
39327,MT_OCGT,2050,9,15,15,0.0
39328,MT_OCGT,2050,9,16,16,0.0
39329,MT_OCGT,2050,9,17,17,0.0
39330,MT_OCGT,2050,9,18,18,0.0
39331,MT_OCGT,2050,9,19,19,0.0
39332,MT_OCGT,2050,9,20,20,0.0
39333,MT_OCGT,2050,9,21,21,0.0
39334,MT_OCGT,2050,9,22,22,0.0
39335,MT_OCGT,2050,9,23,23,0.0
39336,MT_OCGT,2050,9,24,24,0.0
39337,MT_OCGT,2050,10,1,1,0.0
39338,MT_OCGT,2050,10,2,2,0.0
39339,MT_OCGT,2050,10,3,3,0.0
39340,MT_OCGT,2050,10,4,4,0.0
39341,MT_OCGT,2050,10,5,5,0.0
39342,MT_OCGT,2050,10,6,6,0.0
39343,MT_OCGT,2050,10,7,7,0.0
39344,MT_OCGT,2050,10,8,8,0.0
39345,MT_OCGT,2050,10,9,9,0.0
39346,MT_OCGT,2050,10,10,10,0.0
39347,MT_OCGT,2050,10,11,11,0.0
39348,MT_OCGT,2050,10,12,12,0.0
39349,MT_OCGT,2050,10,13,13,0.0
39350,MT_OCGT,2050,10,14,14,0.0
39351,MT_OCGT,2050,10,15,15,0.0
39352,MT_OCGT,2050,10,16,16,0.0
39353,MT_OCGT,2050,10,17,17,0.0
39354,MT_OCGT,2050,10,18,18,0.0
39355,MT_OCGT,2050,10,19,19,0.0
39356,MT_OCGT,2050,10,20,20,0.0
39357,MT_OCGT,2050,10,21,21,0.0
39358,MT_OCGT,2050,10,22,22,0.0
39359,MT_OCGT,2050,10,23,23,0.0
39360,MT_OCGT,2050,10,24,24,0.0
39361,MT_Solar,2050,1,1,1,-1.749
39362,MT_Solar,2050,1,2,2,-1.749
39363,MT_Solar,2050,1,3,3,-1.749
39364,MT_Solar,2050,1,4,4,-1.749
39365,MT_Solar,2050,1,5,5,-1.749
39366,MT_Solar,2050,1,6,6,-1.749
39367,MT_Solar,2050,1,7,7,-1.749
39368,MT_Solar,2050,1,8,8,-1.749
39369,MT_Solar,2050,1,9,9,-1.749
39370,MT_Solar,2050,1,10,10,-1.749
39371,MT_Solar,2050,1,11,11,-1.749
39372,MT_Solar,2050,1,12,12,-1.749
39373,MT_Solar,2050,1,13,13,-1.749
39374,MT_Solar,2050,1,14,14,-1.749
39375,MT_Solar,2050,1,15,15,-1.749
39376,MT_Solar,2050,1,16,16,-1.749
39377,MT_Solar,2050,1,17,17,-1.749
39378,MT_Solar,2050,1,18,18,-1.749
39379,MT_Solar,2050,1,19,19,-1.749
39380,MT_Solar,2050,1,20,20,-1.749
39381,MT_Solar,2050,1,21,21,-1.749
39382,MT_Solar,2050,1,22,22,-1.749
39383,MT_Solar,2050,1,23,23,-1.749
39384,MT_Solar,2050,1,24,24,-1.749
39385,MT_Solar,2050,2,1,1,-1.089
39386,MT_Solar,2050,2,2,2,-1.089
39387,MT_Solar,2050,2,3,3,-1.089
39388,MT_Solar,2050,2,4,4,-1.089
39389,MT_Solar,2050,2,5,5,-1.089
39390,MT_Solar,2050,2,6,6,-1.089
39391,MT_Solar,2050,2,7,7,-1.089
39392,MT_Solar,2050,2,8,8,-1.089
39393,MT_Solar,2050,2,9,9,0.0
39394,MT_Solar,2050,2,10,10,0.0
39395,MT_Solar,2050,2,11,11,0.0
39396,MT_Solar,2050,2,12,12,0.0
39397,MT_Solar,2050,2,13,13,0.0
39398,MT_Solar,2050,2,14,14,0.0
39399,MT_Solar,2050,2,15,15,0.0
39400,MT_Solar,2050,2,16,16,-1.089
39401,MT_Solar,2050,2,17,17,-1.089
39402,MT_Solar,2050,2,18,18,-1.089
39403,MT_Solar,2050,2,19,19,-1.089
39404,MT_Solar,2050,2,20,20,-1.089
39405,MT_Solar,2050,2,21,21,-1.089
39406,MT_Solar,2050,2,22,22,-1.089
39407,MT_Solar,2050,2,23,23,-1.089
39408,MT_Solar,2050,2,24,24,-1.089
39409,MT_Solar,2050,3,1,1,-0.9570000000000001
39410,MT_Solar,2050,3,2,2,-0.9570000000000001
39411,MT_Solar,2050,3,3,3,-0.9570000000000001
39412,MT_Solar,2050,3,4,4,-0.9570000000000001
39413,MT_Solar,2050,3,5,5,-0.9570000000000001
39414,MT_Solar,2050,3,6,6,-0.9570000000000001
39415,MT_Solar,2050,3,7,7,-0.9570000000000001
39416,MT_Solar,2050,3,8,8,-0.9570000000000001
39417,MT_Solar,2050,3,9,9,-0.9570000000000001
39418,MT_Solar,2050,3,10,10,-0.9570000000000001
39419,MT_Solar,2050,3,11,11,-0.9570000000000001
39420,MT_Solar,2050,3,12,12,-0.9570000000000001
39421,MT_Solar,2050,3,13,13,-0.9570000000000001
39422,MT_Solar,2050,3,14,14,-0.9570000000000001
39423,MT_Solar,2050,3,15,15,-0.9570000000000001
39424,MT_Solar,2050,3,16,16,-0.9570000000000001
39425,MT_Solar,2050,3,17,17,-0.9570000000000001
39426,MT_Solar,2050,3,18,18,-0.9570000000000001
39427,MT_Solar,2050,3,19,19,-0.9570000000000001
39428,MT_Solar,2050,3,20,20,-0.9570000000000001
39429,MT_Solar,2050,3,21,21,-0.9570000000000001
39430,MT_Solar,2050,3,22,22,-0.9570000000000001
39431,MT_Solar,2050,3,23,23,-0.9570000000000001
39432,MT_Solar,2050,3,24,24,-0.9570000000000001
39433,MT_Solar,2050,4,1,1,-0.759
39434,MT_Solar,2050,4,2,2,-0.759
39435,MT_Solar,2050,4,3,3,-0.759
39436,MT_Solar,2050,4,4,4,-0.759
39437,MT_Solar,2050,4,5,5,-0.759
39438,MT_Solar,2050,4,6,6,-0.759
39439,MT_Solar,2050,4,7,7,-0.759
39440,MT_Solar,2050,4,8,8,-0.759
39441,MT_Solar,2050,4,9,9,-0.759
39442,MT_Solar,2050,4,10,10,-18.212331411332674
39443,MT_Solar,2050,4,11,11,-4.8161657056663385
39444,MT_Solar,2050,4,12,12,0.0
39445,MT_Solar,2050,4,13,13,0.0
39446,MT_Solar,2050,4,14,14,0.0
39447,MT_Solar,2050,4,15,15,0.0
39448,MT_Solar,2050,4,16,16,-0.759
39449,MT_Solar,2050,4,17,17,-0.759
39450,MT_Solar,2050,4,18,18,-0.759
39451,MT_Solar,2050,4,19,19,-0.759
39452,MT_Solar,2050,4,20,20,-0.759
39453,MT_Solar,2050,4,21,21,-0.759
39454,MT_Solar,2050,4,22,22,-0.759
39455,MT_Solar,2050,4,23,23,-0.759
39456,MT_Solar,2050,4,24,24,-0.759
39457,MT_Solar,2050,5,1,1,-1.7160000000000002
39458,MT_Solar,2050,5,2,2,-1.7160000000000002
39459,MT_Solar,2050,5,3,3,-1.7160000000000002
39460,MT_Solar,2050,5,4,4,-1.7160000000000002
39461,MT_Solar,2050,5,5,5,-1.7160000000000002
39462,MT_Solar,2050,5,6,6,-1.7160000000000002
39463,MT_Solar,2050,5,7,7,-1.7160000000000002
39464,MT_Solar,2050,5,8,8,-1.7160000000000002
39465,MT_Solar,2050,5,9,9,-1.7160000000000002
39466,MT_Solar,2050,5,10,10,-1.7160000000000002
39467,MT_Solar,2050,5,11,11,0.0
39468,MT_Solar,2050,5,12,12,0.0
39469,MT_Solar,2050,5,13,13,0.0
39470,MT_Solar,2050,5,14,14,0.0
39471,MT_Solar,2050,5,15,15,0.0
39472,MT_Solar,2050,5,16,16,-1.7160000000000002
39473,MT_Solar,2050,5,17,17,-1.7160000000000002
39474,MT_Solar,2050,5,18,18,-1.7160000000000002
39475,MT_Solar,2050,5,19,19,-1.7160000000000002
39476,MT_Solar,2050,5,20,20,-1.7160000000000002
39477,MT_Solar,2050,5,21,21,-1.7160000000000002
39478,MT_Solar,2050,5,22,22,-1.7160000000000002
39479,MT_Solar,2050,5,23,23,-1.7160000000000002
39480,MT_Solar,2050,5,24,24,-1.7160000000000002
39481,MT_Solar,2050,6,1,1,-0.5940000000000001
39482,MT_Solar,2050,6,2,2,-0.5940000000000001
39483,MT_Solar,2050,6,3,3,-0.5940000000000001
39484,MT_Solar,2050,6,4,4,-0.5940000000000001
39485,MT_Solar,2050,6,5,5,-0.5940000000000001
39486,MT_Solar,2050,6,6,6,-0.5940000000000001
39487,MT_Solar,2050,6,7,7,-0.5940000000000001
39488,MT_Solar,2050,6,8,8,0.0
39489,MT_Solar,2050,6,9,9,0.0
39490,MT_Solar,2050,6,10,10,0.0
39491,MT_Solar,2050,6,11,11,0.0
39492,MT_Solar,2050,6,12,12,0.0
39493,MT_Solar,2050,6,13,13,0.0
39494,MT_Solar,2050,6,14,14,0.0
39495,MT_Solar,2050,6,15,15,0.0
39496,MT_Solar,2050,6,16,16,0.0
39497,MT_Solar,2050,6,17,17,-0.5940000000000001
39498,MT_Solar,2050,6,18,18,-0.5940000000000001
39499,MT_Solar,2050,6,19,19,-0.5940000000000001
39500,MT_Solar,2050,6,20,20,-0.5940000000000001
39501,MT_Solar,2050,6,21,21,-0.5940000000000001
39502,MT_Solar,2050,6,22,22,-0.5940000000000001
39503,MT_Solar,2050,6,23,23,-0.5940000000000001
39504,MT_Solar,2050,6,24,24,-0.5940000000000001
39505,MT_Solar,2050,7,1,1,-1.221
39506,MT_Solar,2050,7,2,2,-1.221
39507,MT_Solar,2050,7,3,3,-1.221
39508,MT_Solar,2050,7,4,4,-1.221
39509,MT_Solar,2050,7,5,5,-1.221
39510,MT_Solar,2050,7,6,6,-1.221
39511,MT_Solar,2050,7,7,7,-1.221
39512,MT_Solar,2050,7,8,8,-1.221
39513,MT_Solar,2050,7,9,9,0.0
39514,MT_Solar,2050,7,10,10,0.0
39515,MT_Solar,2050,7,11,11,0.0
39516,MT_Solar,2050,7,12,12,0.0
39517,MT_Solar,2050,7,13,13,0.0
39518,MT_Solar,2050,7,14,14,0.0
39519,MT_Solar,2050,7,15,15,0.0
39520,MT_Solar,2050,7,16,16,0.0
39521,MT_Solar,2050,7,17,17,0.0
39522,MT_Solar,2050,7,18,18,-1.221
39523,MT_Solar,2050,7,19,19,-1.221
39524,MT_Solar,2050,7,20,20,-1.221
39525,MT_Solar,2050,7,21,21,-1.221
39526,MT_Solar,2050,7,22,22,-1.221
39527,MT_Solar,2050,7,23,23,-1.221
39528,MT_Solar,2050,7,24,24,-1.221
39529,MT_Solar,2050,8,1,1,-1.0230000000000001
39530,MT_Solar,2050,8,2,2,-1.0230000000000001
39531,MT_Solar,2050,8,3,3,-1.0230000000000001
39532,MT_Solar,2050,8,4,4,-1.0230000000000001
39533,MT_Solar,2050,8,5,5,-1.0230000000000001
39534,MT_Solar,2050,8,6,6,-1.0230000000000001
39535,MT_Solar,2050,8,7,7,-1.0230000000000001
39536,MT_Solar,2050,8,8,8,0.0
39537,MT_Solar,2050,8,9,9,0.0
39538,MT_Solar,2050,8,10,10,0.0
39539,MT_Solar,2050,8,11,11,0.0
39540,MT_Solar,2050,8,12,12,0.0
39541,MT_Solar,2050,8,13,13,0.0
39542,MT_Solar,2050,8,14,14,0.0
39543,MT_Solar,2050,8,15,15,0.0
39544,MT_Solar,2050,8,16,16,0.0
39545,MT_Solar,2050,8,17,17,-1.0230000000000001
39546,MT_Solar,2050,8,18,18,-1.0230000000000001
39547,MT_Solar,2050,8,19,19,-1.0230000000000001
39548,MT_Solar,2050,8,20,20,-1.0230000000000001
39549,MT_Solar,2050,8,21,21,-1.0230000000000001
39550,MT_Solar,2050,8,22,22,-1.0230000000000001
39551,MT_Solar,2050,8,23,23,-1.0230000000000001
39552,MT_Solar,2050,8,24,24,-1.0230000000000001
39553,MT_Solar,2050,9,1,1,-1.419
39554,MT_Solar,2050,9,2,2,-1.419
39555,MT_Solar,2050,9,3,3,-1.419
39556,MT_Solar,2050,9,4,4,-1.419
39557,MT_Solar,2050,9,5,5,-1.419
39558,MT_Solar,2050,9,6,6,-1.419
39559,MT_Solar,2050,9,7,7,-1.419
39560,MT_Solar,2050,9,8,8,-1.419
39561,MT_Solar,2050,9,9,9,0.0
39562,MT_Solar,2050,9,10,10,0.0
39563,MT_Solar,2050,9,11,11,0.0
39564,MT_Solar,2050,9,12,12,0.0
39565,MT_Solar,2050,9,13,13,0.0
39566,MT_Solar,2050,9,14,14,0.0
39567,MT_Solar,2050,9,15,15,0.0
39568,MT_Solar,2050,9,16,16,-1.419
39569,MT_Solar,2050,9,17,17,-1.419
39570,MT_Solar,2050,9,18,18,-1.419
39571,MT_Solar,2050,9,19,19,-1.419
39572,MT_Solar,2050,9,20,20,-1.419
39573,MT_Solar,2050,9,21,21,-1.419
39574,MT_Solar,2050,9,22,22,-1.419
39575,MT_Solar,2050,9,23,23,-1.419
39576,MT_Solar,2050,9,24,24,-1.419
39577,MT_Solar,2050,10,1,1,-1.518
39578,MT_Solar,2050,10,2,2,-1.518
39579,MT_Solar,2050,10,3,3,-1.518
39580,MT_Solar,2050,10,4,4,-1.518
39581,MT_Solar,2050,10,5,5,-1.518
39582,MT_Solar,2050,10,6,6,-1.518
39583,MT_Solar,2050,10,7,7,-1.518
39584,MT_Solar,2050,10,8,8,-1.518
39585,MT_Solar,2050,10,9,9,-1.518
39586,MT_Solar,2050,10,10,10,-1.518
39587,MT_Solar,2050,10,11,11,0.0
39588,MT_Solar,2050,10,12,12,0.0
39589,MT_Solar,2050,10,13,13,0.0
39590,MT_Solar,2050,10,14,14,0.0
39591,MT_Solar,2050,10,15,15,0.0
39592,MT_Solar,2050,10,16,16,-1.518
39593,MT_Solar,2050,10,17,17,-1.518
39594,MT_Solar,2050,10,18,18,-1.518
39595,MT_Solar,2050,10,19,19,-1.518
39596,MT_Solar,2050,10,20,20,-1.518
39597,MT_Solar,2050,10,21,21,-1.518
39598,MT_Solar,2050,10,22,22,-1.518
39599,MT_Solar,2050,10,23,23,-1.518
39600,MT_Solar,2050,10,24,24,-1.518
39601,MT_Wind_Offshore,2050,1,1,1,-1.749
39602,MT_Wind_Offshore,2050,1,2,2,-1.749
39603,MT_Wind_Offshore,2050,1,3,3,-1.749
39604,MT_Wind_Offshore,2050,1,4,4,-1.749
39605,MT_Wind_Offshore,2050,1,5,5,-1.749
39606,MT_Wind_Offshore,2050,1,6,6,-1.749
39607,MT_Wind_Offshore,2050,1,7,7,-1.749
39608,MT_Wind_Offshore,2050,1,8,8,-1.749
39609,MT_Wind_Offshore,2050,1,9,9,-1.749
39610,MT_Wind_Offshore,2050,1,10,10,-1.749
39611,MT_Wind_Offshore,2050,1,11,11,-1.749
39612,MT_Wind_Offshore,2050,1,12,12,-1.749
39613,MT_Wind_Offshore,2050,1,13,13,-1.749
39614,MT_Wind_Offshore,2050,1,14,14,-1.749
39615,MT_Wind_Offshore,2050,1,15,15,-1.749
39616,MT_Wind_Offshore,2050,1,16,16,-1.749
39617,MT_Wind_Offshore,2050,1,17,17,-1.749
39618,MT_Wind_Offshore,2050,1,18,18,-1.749
39619,MT_Wind_Offshore,2050,1,19,19,-1.749
39620,MT_Wind_Offshore,2050,1,20,20,-1.749
39621,MT_Wind_Offshore,2050,1,21,21,-1.749
39622,MT_Wind_Offshore,2050,1,22,22,-1.749
39623,MT_Wind_Offshore,2050,1,23,23,-1.749
39624,MT_Wind_Offshore,2050,1,24,24,-1.749
39625,MT_Wind_Offshore,2050,2,1,1,-1.089
39626,MT_Wind_Offshore,2050,2,2,2,-1.089
39627,MT_Wind_Offshore,2050,2,3,3,-1.089
39628,MT_Wind_Offshore,2050,2,4,4,-1.089
39629,MT_Wind_Offshore,2050,2,5,5,-1.089
39630,MT_Wind_Offshore,2050,2,6,6,-1.089
39631,MT_Wind_Offshore,2050,2,7,7,-1.089
39632,MT_Wind_Offshore,2050,2,8,8,-1.089
39633,MT_Wind_Offshore,2050,2,9,9,0.0
39634,MT_Wind_Offshore,2050,2,10,10,0.0
39635,MT_Wind_Offshore,2050,2,11,11,0.0
39636,MT_Wind_Offshore,2050,2,12,12,0.0
39637,MT_Wind_Offshore,2050,2,13,13,0.0
39638,MT_Wind_Offshore,2050,2,14,14,0.0
39639,MT_Wind_Offshore,2050,2,15,15,0.0
39640,MT_Wind_Offshore,2050,2,16,16,-1.089
39641,MT_Wind_Offshore,2050,2,17,17,-1.089
39642,MT_Wind_Offshore,2050,2,18,18,-1.089
39643,MT_Wind_Offshore,2050,2,19,19,-1.089
39644,MT_Wind_Offshore,2050,2,20,20,-1.089
39645,MT_Wind_Offshore,2050,2,21,21,-1.089
39646,MT_Wind_Offshore,2050,2,22,22,-1.089
39647,MT_Wind_Offshore,2050,2,23,23,-1.089
39648,MT_Wind_Offshore,2050,2,24,24,-1.089
39649,MT_Wind_Offshore,2050,3,1,1,-0.9570000000000001
39650,MT_Wind_Offshore,2050,3,2,2,-0.9570000000000001
39651,MT_Wind_Offshore,2050,3,3,3,-0.9570000000000001
39652,MT_Wind_Offshore,2050,3,4,4,-0.9570000000000001
39653,MT_Wind_Offshore,2050,3,5,5,-0.9570000000000001
39654,MT_Wind_Offshore,2050,3,6,6,-0.9570000000000001
39655,MT_Wind_Offshore,2050,3,7,7,-0.9570000000000001
39656,MT_Wind_Offshore,2050,3,8,8,-0.9570000000000001
39657,MT_Wind_Offshore,2050,3,9,9,-0.9570000000000001
39658,MT_Wind_Offshore,2050,3,10,10,-0.9570000000000001
39659,MT_Wind_Offshore,2050,3,11,11,-0.9570000000000001
39660,MT_Wind_Offshore,2050,3,12,12,-0.9570000000000001
39661,MT_Wind_Offshore,2050,3,13,13,-0.9570000000000001
39662,MT_Wind_Offshore,2050,3,14,14,-0.9570000000000001
39663,MT_Wind_Offshore,2050,3,15,15,-0.9570000000000001
39664,MT_Wind_Offshore,2050,3,16,16,-0.9570000000000001
39665,MT_Wind_Offshore,2050,3,17,17,-0.9570000000000001
39666,MT_Wind_Offshore,2050,3,18,18,-0.9570000000000001
39667,MT_Wind_Offshore,2050,3,19,19,-0.9570000000000001
39668,MT_Wind_Offshore,2050,3,20,20,-0.9570000000000001
39669,MT_Wind_Offshore,2050,3,21,21,-0.9570000000000001
39670,MT_Wind_Offshore,2050,3,22,22,-0.9570000000000001
39671,MT_Wind_Offshore,2050,3,23,23,-0.9570000000000001
39672,MT_Wind_Offshore,2050,3,24,24,-0.9570000000000001
39673,MT_Wind_Offshore,2050,4,1,1,-0.759
39674,MT_Wind_Offshore,2050,4,2,2,-0.759
39675,MT_Wind_Offshore,2050,4,3,3,-0.759
39676,MT_Wind_Offshore,2050,4,4,4,-0.759
39677,MT_Wind_Offshore,2050,4,5,5,-0.759
39678,MT_Wind_Offshore,2050,4,6,6,-0.759
39679,MT_Wind_Offshore,2050,4,7,7,-0.759
39680,MT_Wind_Offshore,2050,4,8,8,-0.759
39681,MT_Wind_Offshore,2050,4,9,9,-0.759
39682,MT_Wind_Offshore,2050,4,10,10,-18.212331411332674
39683,MT_Wind_Offshore,2050,4,11,11,-4.8161657056663385
39684,MT_Wind_Offshore,2050,4,12,12,0.0
39685,MT_Wind_Offshore,2050,4,13,13,0.0
39686,MT_Wind_Offshore,2050,4,14,14,0.0
39687,MT_Wind_Offshore,2050,4,15,15,0.0
39688,MT_Wind_Offshore,2050,4,16,16,-0.759
39689,MT_Wind_Offshore,2050,4,17,17,-0.759
39690,MT_Wind_Offshore,2050,4,18,18,-0.759
39691,MT_Wind_Offshore,2050,4,19,19,-0.759
39692,MT_Wind_Offshore,2050,4,20,20,-0.759
39693,MT_Wind_Offshore,2050,4,21,21,-0.759
39694,MT_Wind_Offshore,2050,4,22,22,-0.759
39695,MT_Wind_Offshore,2050,4,23,23,-0.759
39696,MT_Wind_Offshore,2050,4,24,24,-0.759
39697,MT_Wind_Offshore,2050,5,1,1,-1.7160000000000002
39698,MT_Wind_Offshore,2050,5,2,2,-1.7160000000000002
39699,MT_Wind_Offshore,2050,5,3,3,-1.7160000000000002
39700,MT_Wind_Offshore,2050,5,4,4,-1.7160000000000002
39701,MT_Wind_Offshore,2050,5,5,5,-1.7160000000000002
39702,MT_Wind_Offshore,2050,5,6,6,-1.7160000000000002
39703,MT_Wind_Offshore,2050,5,7,7,-1.7160000000000002
39704,MT_Wind_Offshore,2050,5,8,8,-1.7160000000000002
39705,MT_Wind_Offshore,2050,5,9,9,-1.7160000000000002
39706,MT_Wind_Offshore,2050,5,10,10,-1.7160000000000002
39707,MT_Wind_Offshore,2050,5,11,11,0.0
39708,MT_Wind_Offshore,2050,5,12,12,0.0
39709,MT_Wind_Offshore,2050,5,13,13,0.0
39710,MT_Wind_Offshore,2050,5,14,14,0.0
39711,MT_Wind_Offshore,2050,5,15,15,0.0
39712,MT_Wind_Offshore,2050,5,16,16,-1.7160000000000002
39713,MT_Wind_Offshore,2050,5,17,17,-1.7160000000000002
39714,MT_Wind_Offshore,2050,5,18,18,-1.7160000000000002
39715,MT_Wind_Offshore,2050,5,19,19,-1.7160000000000002
39716,MT_Wind_Offshore,2050,5,20,20,-1.7160000000000002
39717,MT_Wind_Offshore,2050,5,21,21,-1.7160000000000002
39718,MT_Wind_Offshore,2050,5,22,22,-1.7160000000000002
39719,MT_Wind_Offshore,2050,5,23,23,-1.7160000000000002
39720,MT_Wind_Offshore,2050,5,24,24,-1.7160000000000002
39721,MT_Wind_Offshore,2050,6,1,1,-0.5940000000000001
39722,MT_Wind_Offshore,2050,6,2,2,-0.5940000000000001
39723,MT_Wind_Offshore,2050,6,3,3,-0.5940000000000001
39724,MT_Wind_Offshore,2050,6,4,4,-0.5940000000000001
39725,MT_Wind_Offshore,2050,6,5,5,-0.5940000000000001
39726,MT_Wind_Offshore,2050,6,6,6,-0.5940000000000001
39727,MT_Wind_Offshore,2050,6,7,7,-0.5940000000000001
39728,MT_Wind_Offshore,2050,6,8,8,0.0
39729,MT_Wind_Offshore,2050,6,9,9,0.0
39730,MT_Wind_Offshore,2050,6,10,10,0.0
39731,MT_Wind_Offshore,2050,6,11,11,0.0
39732,MT_Wind_Offshore,2050,6,12,12,0.0
39733,MT_Wind_Offshore,2050,6,13,13,0.0
39734,MT_Wind_Offshore,2050,6,14,14,0.0
39735,MT_Wind_Offshore,2050,6,15,15,0.0
39736,MT_Wind_Offshore,2050,6,16,16,0.0
39737,MT_Wind_Offshore,2050,6,17,17,-0.5940000000000001
39738,MT_Wind_Offshore,2050,6,18,18,-0.5940000000000001
39739,MT_Wind_Offshore,2050,6,19,19,-0.5940000000000001
39740,MT_Wind_Offshore,2050,6,20,20,-0.5940000000000001
39741,MT_Wind_Offshore,2050,6,21,21,-0.5940000000000001
39742,MT_Wind_Offshore,2050,6,22,22,-0.5940000000000001
39743,MT_Wind_Offshore,2050,6,23,23,-0.5940000000000001
39744,MT_Wind_Offshore,2050,6,24,24,-0.5940000000000001
39745,MT_Wind_Offshore,2050,7,1,1,-1.221
39746,MT_Wind_Offshore,2050,7,2,2,-1.221
39747,MT_Wind_Offshore,2050,7,3,3,-1.221
39748,MT_Wind_Offshore,2050,7,4,4,-1.221
39749,MT_Wind_Offshore,2050,7,5,5,-1.221
39750,MT_Wind_Offshore,2050,7,6,6,-1.221
39751,MT_Wind_Offshore,2050,7,7,7,-1.221
39752,MT_Wind_Offshore,2050,7,8,8,-1.221
39753,MT_Wind_Offshore,2050,7,9,9,0.0
39754,MT_Wind_Offshore,2050,7,10,10,0.0
39755,MT_Wind_Offshore,2050,7,11,11,0.0
39756,MT_Wind_Offshore,2050,7,12,12,0.0
39757,MT_Wind_Offshore,2050,7,13,13,0.0
39758,MT_Wind_Offshore,2050,7,14,14,0.0
39759,MT_Wind_Offshore,2050,7,15,15,0.0
39760,MT_Wind_Offshore,2050,7,16,16,0.0
39761,MT_Wind_Offshore,2050,7,17,17,0.0
39762,MT_Wind_Offshore,2050,7,18,18,-1.221
39763,MT_Wind_Offshore,2050,7,19,19,-1.221
39764,MT_Wind_Offshore,2050,7,20,20,-1.221
39765,MT_Wind_Offshore,2050,7,21,21,-1.221
39766,MT_Wind_Offshore,2050,7,22,22,-1.221
39767,MT_Wind_Offshore,2050,7,23,23,-1.221
39768,MT_Wind_Offshore,2050,7,24,24,-1.221
39769,MT_Wind_Offshore,2050,8,1,1,-1.0230000000000001
39770,MT_Wind_Offshore,2050,8,2,2,-1.0230000000000001
39771,MT_Wind_Offshore,2050,8,3,3,-1.0230000000000001
39772,MT_Wind_Offshore,2050,8,4,4,-1.0230000000000001
39773,MT_Wind_Offshore,2050,8,5,5,-1.0230000000000001
39774,MT_Wind_Offshore,2050,8,6,6,-1.0230000000000001
39775,MT_Wind_Offshore,2050,8,7,7,-1.0230000000000001
39776,MT_Wind_Offshore,2050,8,8,8,0.0
39777,MT_Coal,2050,1,1,1,-0.8109000000000001
39778,MT_Coal,2050,1,2,2,-0.8109000000000001
39779,MT_Coal,2050,1,3,3,-0.8109000000000001
39780,MT_Coal,2050,1,4,4,-0.8109000000000001
39781,MT_Coal,2050,1,5,5,-0.8109000000000001
39782,MT_Coal,2050,1,6,6,-0.8109000000000001
39783,MT_Coal,2050,1,7,7,-0.8109000000000001
39784,MT_Coal,2050,1,8,8,-0.8109000000000001
39785,MT_Coal,2050,1,9,9,-0.8109000000000001
39786,MT_Coal,2050,1,10,10,-0.8109000000000001
39787,MT_Coal,2050,1,11,11,-0.8109000000000001
39788,MT_Coal,2050,1,12,12,-0.8109000000000001
39789,MT_Coal,2050,1,13,13,-0.8109000000000001
39790,MT_Coal,2050,1,14,14,-0.8109000000000001
39791,MT_Coal,2050,1,15,15,-0.8109000000000001
39792,MT_Coal,2050,1,16,16,-0.8109000000000001
39793,MT_Coal,2050,1,17,17,-0.8109000000000001
39794,MT_Coal,2050,1,18,18,-0.8109000000000001
39795,MT_Coal,2050,1,19,19,-0.8109000000000001
39796,MT_Coal,2050,1,20,20,-0.8109000000000001
39797,MT_Coal,2050,1,21,21,-0.8109000000000001
39798,MT_Coal,2050,1,22,22,-0.8109000000000001
39799,MT_Coal,2050,1,23,23,-0.8109000000000001
39800,MT_Coal,2050,1,24,24,-0.8109000000000001
39801,MT_Coal,2050,2,1,1,-0.5048999999999999
39802,MT_Coal,2050,2,2,2,-0.5048999999999999
39803,MT_Coal,2050,2,3,3,-0.5048999999999999
39804,MT_Coal,2050,2,4,4,-0.5048999999999999
39805,MT_Coal,2050,2,5,5,-0.5048999999999999
39806,MT_Coal,2050,2,6,6,-0.5048999999999999
39807,MT_Coal,2050,2,7,7,-0.5048999999999999
39808,MT_Coal,2050,2,8,8,-0.5048999999999999
39809,MT_Coal,2050,2,9,9,0.0
39810,MT_Coal,2050,2,10,10,0.0
39811,MT_Coal,2050,2,11,11,0.0
39812,MT_Coal,2050,2,12,12,0.0
39813,MT_Coal,2050,2,13,13,0.0
39814,MT_Coal,2050,2,14,14,0.0
39815,MT_Coal,2050,2,15,15,0.0
39816,MT_Coal,2050,2,16,16,-0.5048999999999999
39817,MT_Coal,2050,2,17,17,-0.5048999999999999
39818,MT_Coal,2050,2,18,18,-0.5048999999999999
39819,MT_Coal,2050,2,19,19,-0.5048999999999999
39820,MT_Coal,2050,2,20,20,-0.5048999999999999
39821,MT_Coal,2050,2,21,21,-0.5048999999999999
39822,MT_Coal,2050,2,22,22,-0.5048999999999999
39823,MT_Coal,2050,2,23,23,-0.5048999999999999
39824,MT_Coal,2050,2,24,24,-0.5048999999999999
39825,MT_Coal,2050,3,1,1,-0.4437000000000001
39826,MT_Coal,2050,3,2,2,-0.4437000000000001
39827,MT_Coal,2050,3,3,3,-0.4437000000000001
39828,MT_Coal,2050,3,4,4,-0.4437000000000001
39829,MT_Coal,2050,3,5,5,-0.4437000000000001
39830,MT_Coal,2050,3,6,6,-0.4437000000000001
39831,MT_Coal,2050,3,7,7,-0.4437000000000001
39832,MT_Coal,2050,3,8,8,-0.4437000000000001
39833,MT_Coal,2050,3,9,9,-0.4437000000000001
39834,MT_Coal,2050,3,10,10,-0.4437000000000001
39835,MT_Coal,2050,3,11,11,-0.4437000000000001
39836,MT_Coal,2050,3,12,12,-0.4437000000000001
39837,MT_Coal,2050,3,13,13,-0.4437000000000001
39838,MT_Coal,2050,3,14,14,-0.4437000000000001
39839,MT_Coal,2050,3,15,15,-0.4437000000000001
39840,MT_Coal,2050,3,16,16,-0.4437000000000001
39841,MT_Coal,2050,3,17,17,-0.4437000000000001
39842,MT_Coal,2050,3,18,18,-0.4437000000000001
39843,MT_Coal,2050,3,19,19,-0.4437000000000001
39844,MT_Coal,2050,3,20,20,-0.4437000000000001
39845,MT_Coal,2050,3,21,21,-0.4437000000000001
39846,MT_Coal,2050,3,22,22,-0.4437000000000001
39847,MT_Coal,2050,3,23,23,-0.4437000000000001
39848,MT_Coal,2050,3,24,24,-0.4437000000000001
39849,MT_Coal,2050,4,1,1,-0.3519
39850,MT_Coal,2050,4,2,2,-0.3519
39851,MT_Coal,2050,4,3,3,-0.3519
39852,MT_Coal,2050,4,4,4,-0.3519
39853,MT_Coal,2050,4,5,5,-0.3519
39854,MT_Coal,2050,4,6,6,-0.3519
39855,MT_Coal,2050,4,7,7,-0.3519
39856,MT_Coal,2050,4,8,8,-0.3519
39857,MT_Coal,2050,4,9,9,-0.3519
39858,MT_Coal,2050,4,10,10,-17.805231411332674
39859,MT_Coal,2050,4,11,11,-4.409065705666339
39860,MT_Coal,2050,4,12,12,0.0
39861,MT_Coal,2050,4,13,13,0.0
39862,MT_Coal,2050,4,14,14,0.0
39863,MT_Coal,2050,4,15,15,0.0
39864,MT_Coal,2050,4,16,16,-0.3519
39865,MT_Coal,2050,4,17,17,-0.3519
39866,MT_Coal,2050,4,18,18,-0.3519
39867,MT_Coal,2050,4,19,19,-0.3519
39868,MT_Coal,2050,4,20,20,-0.3519
39869,MT_Coal,2050,4,21,21,-0.3519
39870,MT_Coal,2050,4,22,22,-0.3519
39871,MT_Coal,2050,4,23,23,-0.3519
39872,MT_Coal,2050,4,24,24,-0.3519
39873,MT_Coal,2050,5,1,1,-0.7956000000000002
39874,MT_Coal,2050,5,2,2,-0.7956000000000002
39875,MT_Coal,2050,5,3,3,-0.7956000000000002
39876,MT_Coal,2050,5,4,4,-0.7956000000000002
39877,MT_Coal,2050,5,5,5,-0.7956000000000002
39878,MT_Coal,2050,5,6,6,-0.7956000000000002
39879,MT_Coal,2050,5,7,7,-0.7956000000000002
39880,MT_Coal,2050,5,8,8,-0.7956000000000002
39881,MT_Coal,2050,5,9,9,-0.7956000000000002
39882,MT_Coal,2050,5,10,10,-0.7956000000000002
39883,MT_Coal,2050,5,11,11,0.0
39884,MT_Coal,2050,5,12,12,0.0
39885,MT_Coal,2050,5,13,13,0.0
39886,MT_Coal,2050,5,14,14,0.0
39887,MT_Coal,2050,5,15,15,0.0
39888,MT_Coal,2050,5,16,16,-0.7956000000000002
39889,MT_Coal,2050,5,17,17,-0.7956000000000002
39890,MT_Coal,2050,5,18,18,-0.7956000000000002
39891,MT_Coal,2050,5,19,19,-0.7956000000000002
39892,MT_Coal,2050,5,20,20,-0.7956000000000002
39893,MT_Coal,2050,5,21,21,-0.7956000000000002
39894,MT_Coal,2050,5,22,22,-0.7956000000000002
39895,MT_Coal,2050,5,23,23,-0.7956000000000002
39896,MT_Coal,2050,5,24,24,-0.7956000000000002
39897,MT_Coal,2050,6,1,1,-0.2754000000000001
39898,MT_Coal,2050,6,2,2,-0.2754000000000001
39899,MT_Coal,2050,6,3,3,-0.2754000000000001
39900,MT_Coal,2050,6,4,4,-0.2754000000000001
39901,MT_Coal,2050,6,5,5,-0.2754000000000001
39902,MT_Coal,2050,6,6,6,-0.2754000000000001
39903,MT_Coal,2050,6,7,7,-0.2754000000000001
39904,MT_Coal,2050,6,8,8,0.0
39905,MT_Coal,2050,6,9,9,0.0
39906,MT_Coal,2050,6,10,10,0.0
39907,MT_Coal,2050,6,11,11,0.0
39908,MT_Coal,2050,6,12,12,0.0
39909,MT_Coal,2050,6,13,13,0.0
39910,MT_Coal,2050,6,14,14,0.0
39911,MT_Coal,2050,6,15,15,0.0
39912,MT_Coal,2050,6,16,16,0.0
39913,MT_Coal,2050,6,17,17,-0.2754000000000001
39914,MT_Coal,2050,6,18,18,-0.2754000000000001
39915,MT_Coal,2050,6,19,19,-0.2754000000000001
39916,MT_Coal,2050,6,20,20,-0.2754000000000001
39917,MT_Coal,2050,6,21,21,-0.2754000000000001
39918,MT_Coal,2050,6,22,22,-0.2754000000000001
39919,MT_Coal,2050,6,23,23,-0.2754000000000001
39920,MT_Coal,2050,6,24,24,-0.2754000000000001
39921,MT_Coal,2050,7,1,1,-0.5661
39922,MT_Coal,2050,7,2,2,-0.5661
39923,MT_Coal,2050,7,3,3,-0.5661
39924,MT_Coal,2050,7,4,4,-0.5661
39925,MT_Coal,2050,7,5,5,-0.5661
39926,MT_Coal,2050,7,6,6,-0.5661
39927,MT_Coal,2050,7,7,7,-0.5661
39928,MT_Coal,2050,7,8,8,-0.5661
39929,MT_Coal,2050,7,9,9,0.0
39930,MT_Coal,2050,7,10,10,0.0
39931,MT_Coal,2050,7,11,11,0.0
39932,MT_Coal,2050,7,12,12,0.0
39933,MT_Coal,2050,7,13,13,0.0
39934,MT_Coal,2050,7,14,14,0.0
39935,MT_Coal,2050,7,15,15,0.0
39936,MT_Coal,2050,7,16,16,0.0
39937,MT_Coal,2050,7,17,17,0.0
39938,MT_Coal,2050,7,18,18,-0.5661
39939,MT_Coal,2050,7,19,19,-0.5661
39940,MT_Coal,2050,7,20,20,-0.5661
39941,MT_Coal,2050,7,21,21,-0.5661
39942,MT_Coal,2050,7,22,22,-0.5661
39943,MT_Coal,2050,7,23,23,-0.5661
39944,MT_Coal,2050,7,24,24,-0.5661
39945,MT_Coal,2050,8,1,1,-0.47430000000000017
39946,MT_Coal,2050,8,2,2,-0.47430000000000017
39947,MT_Coal,2050,8,3,3,-0.47430000000000017
39948,MT_Coal,2050,8,4,4,-0.47430000000000017
39949,MT_Coal,2050,8,5,5,-0.47430000000000017
39950,MT_Coal,2050,8,6,6,-0.47430000000000017
39951,MT_Coal,2050,8,7,7,-0.47430000000000017
39952,MT_Coal,2050,8,8,8,0.0
39953,MT_Coal,2050,8,9,9,0.0
39954,MT_Coal,2050,8,10,10,0.0
39955,MT_Coal,2050,8,11,11,0.0
39956,MT_Coal,2050,8,12,12,0.0
39957,MT_Coal,2050,8,13,13,0.0
39958,MT_Coal,2050,8,14,14,0.0
39959,MT_Coal,2050,8,15,15,0.0
39960,MT_Coal,2050,8,16,16,0.0
39961,MT_Coal,2050,8,17,17,-0.47430000000000017
39962,MT_Coal,2050,8,18,18,-0.47430000000000017
39963,MT_Coal,2050,8,19,19,-0.47430000000000017
39964,MT_Coal,2050,8,20,20,-0.47430000000000017
39965,MT_Coal,2050,8,21,21,-0.47430000000000017
39966,MT_Coal,2050,8,22,22,-0.47430000000000017
39967,MT_Coal,2050,8,23,23,-0.47430000000000017
39968,MT_Coal,2050,8,24,24,-0.47430000000000017
39969,MT_Coal,2050,9,1,1,-0.6579
39970,MT_Coal,2050,9,2,2,-0.6579
39971,MT_Coal,2050,9,3,3,-0.6579
39972,MT_Coal,2050,9,4,4,-0.6579
39973,MT_Coal,2050,9,5,5,-0.6579
39974,MT_Coal,2050,9,6,6,-0.6579
39975,MT_Coal,2050,9,7,7,-0.6579
39976,MT_Coal,2050,9,8,8,-0.6579
39977,MT_Coal,2050,9,9,9,0.0
39978,MT_Coal,2050,9,10,10,0.0
39979,MT_Coal,2050,9,11,11,0.0
39980,MT_Coal,2050,9,12,12,0.0
39981,MT_Coal,2050,9,13,13,0.0
39982,MT_Coal,2050,9,14,14,0.0
39983,MT_Coal,2050,9,15,15,0.0
39984,MT_Coal,2050,9,16,16,-0.6579
39985,MT_Coal,2050,9,17,17,-0.6579
39986,MT_Coal,2050,9,18,18,-0.6579
39987,MT_Coal,2050,9,19,19,-0.6579
39988,MT_Coal,2050,9,20,20,-0.6579
39989,MT_Coal,2050,9,21,21,-0.6579
39990,MT_Coal,2050,9,22,22,-0.6579
39991,MT_Coal,2050,9,23,23,-0.6579
39992,MT_Coal,2050,9,24,24,-0.6579
39993,MT_Coal,2050,10,1,1,-0.7038
39994,MT_Coal,2050,10,2,2,-0.7038
39995,MT_Coal,2050,10,3,3,-0.7038
39996,MT_Coal,2050,10,4,4,-0.7038
39997,MT_Coal,2050,10,5,5,-0.7038
39998,MT_Coal,2050,10,6,6,-0.7038
39999,MT_Coal,2050,10,7,7,-0.7038
40000,MT_Coal,2050,10,8,8,-0.7038
40001,MT_Coal,2050,10,9,9,-0.7038
40002,MT_Coal,2050,10,10,10,-0.7038
40003,MT_Coal,2050,10,11,11,0.0
40004,MT_Coal,2050,10,12,12,0.0
40005,MT_Coal,2050,10,13,13,0.0
40006,MT_Coal,2050,10,14,14,0.0
40007,MT_Coal,2050,10,15,15,0.0
40008,MT_Coal,2050,10,16,16,-0.7038
40009,MT_Coal,2050,10,17,17,-0.7038
40010,MT_Coal,2050,10,18,18,-0.7038
40011,MT_Coal,2050,10,19,19,-0.7038
40012,MT_Coal,2050,10,20,20,-0.7038
40013,MT_Coal,2050,10,21,21,-0.7038
40014,MT_Coal,2050,10,22,22,-0.7038
40015,MT_Coal,2050,10,23,23,-0.7038
40016,MT_Coal,2050,10,24,24,-0.7038
40017,MT_Wind_Offshore,2050,8,9,9,0.0
40018,MT_Wind_Offshore,2050,8,10,10,0.0
40019,MT_Wind_Offshore,2050,8,11,11,0.0
40020,MT_Wind_Offshore,2050,8,12,12,0.0
40021,MT_Wind_Offshore,2050,8,13,13,0.0
40022,MT_Wind_Offshore,2050,8,14,14,0.0
40023,MT_Wind_Offshore,2050,8,15,15,0.0
40024,MT_Wind_Offshore,2050,8,16,16,0.0
40025,MT_Wind_Offshore,2050,8,17,17,-1.0230000000000001
40026,MT_Wind_Offshore,2050,8,18,18,-1.0230000000000001
40027,MT_Wind_Offshore,2050,8,19,19,-1.0230000000000001
40028,MT_Wind_Offshore,2050,8,20,20,-1.0230000000000001
40029,MT_Wind_Offshore,2050,8,21,21,-1.0230000000000001
40030,MT_Wind_Offshore,2050,8,22,22,-1.0230000000000001
40031,MT_Wind_Offshore,2050,8,23,23,-1.0230000000000001
40032,MT_Wind_Offshore,2050,8,24,24,-1.0230000000000001
40033,MT_Wind_Offshore,2050,9,1,1,-1.419
40034,MT_Wind_Offshore,2050,9,2,2,-1.419
40035,MT_Wind_Offshore,2050,9,3,3,-1.419
40036,MT_Wind_Offshore,2050,9,4,4,-1.419
40037,MT_Wind_Offshore,2050,9,5,5,-1.419
40038,MT_Wind_Offshore,2050,9,6,6,-1.419
40039,MT_Wind_Offshore,2050,9,7,7,-1.419
40040,MT_Wind_Offshore,2050,9,8,8,-1.419
40041,MT_Wind_Offshore,2050,9,9,9,0.0
40042,MT_Wind_Offshore,2050,9,10,10,0.0
40043,MT_Wind_Offshore,2050,9,11,11,0.0
40044,MT_Wind_Offshore,2050,9,12,12,0.0
40045,MT_Wind_Offshore,2050,9,13,13,0.0
40046,MT_Wind_Offshore,2050,9,14,14,0.0
40047,MT_Wind_Offshore,2050,9,15,15,0.0
40048,MT_Wind_Offshore,2050,9,16,16,-1.419
40049,MT_Wind_Offshore,2050,9,17,17,-1.419
40050,MT_Wind_Offshore,2050,9,18,18,-1.419
40051,MT_Wind_Offshore,2050,9,19,19,-1.419
40052,MT_Wind_Offshore,2050,9,20,20,-1.419
40053,MT_Wind_Offshore,2050,9,21,21,-1.419
40054,MT_Wind_Offshore,2050,9,22,22,-1.419
40055,MT_Wind_Offshore,2050,9,23,23,-1.419
40056,MT_Wind_Offshore,2050,9,24,24,-1.419
40057,MT_Wind_Offshore,2050,10,1,1,-1.518
40058,MT_Wind_Offshore,2050,10,2,2,-1.518
40059,MT_Wind_Offshore,2050,10,3,3,-1.518
40060,MT_Wind_Offshore,2050,10,4,4,-1.518
40061,MT_Wind_Offshore,2050,10,5,5,-1.518
40062,MT_Wind_Offshore,2050,10,6,6,-1.518
40063,MT_Wind_Offshore,2050,10,7,7,-1.518
40064,MT_Wind_Offshore,2050,10,8,8,-1.518
40065,MT_Wind_Offshore,2050,10,9,9,-1.518
40066,MT_Wind_Offshore,2050,10,10,10,-1.518
40067,MT_Wind_Offshore,2050,10,11,11,0.0
40068,MT_Wind_Offshore,2050,10,12,12,0.0
40069,MT_Wind_Offshore,2050,10,13,13,0.0
40070,MT_Wind_Offshore,2050,10,14,14,0.0
40071,MT_Wind_Offshore,2050,10,15,15,0.0
40072,MT_Wind_Offshore,2050,10,16,16,-1.518
40073,MT_Wind_Offshore,2050,10,17,17,-1.518
40074,MT_Wind_Offshore,2050,10,18,18,-1.518
40075,MT_Wind_Offshore,2050,10,19,19,-1.518
40076,MT_Wind_Offshore,2050,10,20,20,-1.518
40077,MT_Wind_Offshore,2050,10,21,21,-1.518
40078,MT_Wind_Offshore,2050,10,22,22,-1.518
40079,MT_Wind_Offshore,2050,10,23,23,-1.518
40080,MT_Wind_Offshore,2050,10,24,24,-1.518
40081,MT_Wind_Onshore,2050,1,1,1,-1.749
40082,MT_Wind_Onshore,2050,1,2,2,-1.749
40083,MT_Wind_Onshore,2050,1,3,3,-1.749
40084,MT_Wind_Onshore,2050,1,4,4,-1.749
40085,MT_Wind_Onshore,2050,1,5,5,-1.749
40086,MT_Wind_Onshore,2050,1,6,6,-1.749
40087,MT_Wind_Onshore,2050,1,7,7,-1.749
40088,MT_Wind_Onshore,2050,1,8,8,-1.749
40089,MT_Wind_Onshore,2050,1,9,9,-1.749
40090,MT_Wind_Onshore,2050,1,10,10,-1.749
40091,MT_Wind_Onshore,2050,1,11,11,-1.749
40092,MT_Wind_Onshore,2050,1,12,12,-1.749
40093,MT_Wind_Onshore,2050,1,13,13,-1.749
40094,MT_Wind_Onshore,2050,1,14,14,-1.749
40095,MT_Wind_Onshore,2050,1,15,15,-1.749
40096,MT_Wind_Onshore,2050,1,16,16,-1.749
40097,MT_Wind_Onshore,2050,1,17,17,-1.749
40098,MT_Wind_Onshore,2050,1,18,18,-1.749
40099,MT_Wind_Onshore,2050,1,19,19,-1.749
40100,MT_Wind_Onshore,2050,1,20,20,-1.749
40101,MT_Wind_Onshore,2050,1,21,21,-1.749
40102,MT_Wind_Onshore,2050,1,22,22,-1.749
40103,MT_Wind_Onshore,2050,1,23,23,-1.749
40104,MT_Wind_Onshore,2050,1,24,24,-1.749
40105,MT_Wind_Onshore,2050,2,1,1,-1.089
40106,MT_Wind_Onshore,2050,2,2,2,-1.089
40107,MT_Wind_Onshore,2050,2,3,3,-1.089
40108,MT_Wind_Onshore,2050,2,4,4,-1.089
40109,MT_Wind_Onshore,2050,2,5,5,-1.089
40110,MT_Wind_Onshore,2050,2,6,6,-1.089
40111,MT_Wind_Onshore,2050,2,7,7,-1.089
40112,MT_Wind_Onshore,2050,2,8,8,-1.089
40113,MT_Wind_Onshore,2050,2,9,9,0.0
40114,MT_Wind_Onshore,2050,2,10,10,0.0
40115,MT_Wind_Onshore,2050,2,11,11,0.0
40116,MT_Wind_Onshore,2050,2,12,12,0.0
40117,MT_Wind_Onshore,2050,2,13,13,0.0
40118,MT_Wind_Onshore,2050,2,14,14,0.0
40119,MT_Wind_Onshore,2050,2,15,15,0.0
40120,MT_Wind_Onshore,2050,2,16,16,-1.089
40121,MT_Wind_Onshore,2050,2,17,17,-1.089
40122,MT_Wind_Onshore,2050,2,18,18,-1.089
40123,MT_Wind_Onshore,2050,2,19,19,-1.089
40124,MT_Wind_Onshore,2050,2,20,20,-1.089
40125,MT_Wind_Onshore,2050,2,21,21,-1.089
40126,MT_Wind_Onshore,2050,2,22,22,-1.089
40127,MT_Wind_Onshore,2050,2,23,23,-1.089
40128,MT_Wind_Onshore,2050,2,24,24,-1.089
40129,MT_Wind_Onshore,2050,3,1,1,-0.9570000000000001
40130,MT_Wind_Onshore,2050,3,2,2,-0.9570000000000001
40131,MT_Wind_Onshore,2050,3,3,3,-0.9570000000000001
40132,MT_Wind_Onshore,2050,3,4,4,-0.9570000000000001
40133,MT_Wind_Onshore,2050,3,5,5,-0.9570000000000001
40134,MT_Wind_Onshore,2050,3,6,6,-0.9570000000000001
40135,MT_Wind_Onshore,2050,3,7,7,-0.9570000000000001
40136,MT_Wind_Onshore,2050,3,8,8,-0.9570000000000001
40137,MT_Wind_Onshore,2050,3,9,9,-0.9570000000000001
40138,MT_Wind_Onshore,2050,3,10,10,-0.9570000000000001
40139,MT_Wind_Onshore,2050,3,11,11,-0.9570000000000001
40140,MT_Wind_Onshore,2050,3,12,12,-0.9570000000000001
40141,MT_Wind_Onshore,2050,3,13,13,-0.9570000000000001
40142,MT_Wind_Onshore,2050,3,14,14,-0.9570000000000001
40143,MT_Wind_Onshore,2050,3,15,15,-0.9570000000000001
40144,MT_Wind_Onshore,2050,3,16,16,-0.9570000000000001
40145,MT_Wind_Onshore,2050,3,17,17,-0.9570000000000001
40146,MT_Wind_Onshore,2050,3,18,18,-0.9570000000000001
40147,MT_Wind_Onshore,2050,3,19,19,-0.9570000000000001
40148,MT_Wind_Onshore,2050,3,20,20,-0.9570000000000001
40149,MT_Wind_Onshore,2050,3,21,21,-0.9570000000000001
40150,MT_Wind_Onshore,2050,3,22,22,-0.9570000000000001
40151,MT_Wind_Onshore,2050,3,23,23,-0.9570000000000001
40152,MT_Wind_Onshore,2050,3,24,24,-0.9570000000000001
40153,MT_Wind_Onshore,2050,4,1,1,-0.759
40154,MT_Wind_Onshore,2050,4,2,2,-0.759
40155,MT_Wind_Onshore,2050,4,3,3,-0.759
40156,MT_Wind_Onshore,2050,4,4,4,-0.759
40157,MT_Wind_Onshore,2050,4,5,5,-0.759
40158,MT_Wind_Onshore,2050,4,6,6,-0.759
40159,MT_Wind_Onshore,2050,4,7,7,-0.759
40160,MT_Wind_Onshore,2050,4,8,8,-0.759
40161,MT_Wind_Onshore,2050,4,9,9,-0.759
40162,MT_Wind_Onshore,2050,4,10,10,-18.212331411332674
40163,MT_Wind_Onshore,2050,4,11,11,-4.8161657056663385
40164,MT_Wind_Onshore,2050,4,12,12,0.0
40165,MT_Wind_Onshore,2050,4,13,13,0.0
40166,MT_Wind_Onshore,2050,4,14,14,0.0
40167,MT_Wind_Onshore,2050,4,15,15,0.0
40168,MT_Wind_Onshore,2050,4,16,16,-0.759
40169,MT_Wind_Onshore,2050,4,17,17,-0.759
40170,MT_Wind_Onshore,2050,4,18,18,-0.759
40171,MT_Wind_Onshore,2050,4,19,19,-0.759
40172,MT_Wind_Onshore,2050,4,20,20,-0.759
40173,MT_Wind_Onshore,2050,4,21,21,-0.759
40174,MT_Wind_Onshore,2050,4,22,22,-0.759
40175,MT_Wind_Onshore,2050,4,23,23,-0.759
40176,MT_Wind_Onshore,2050,4,24,24,-0.759
40177,MT_Wind_Onshore,2050,5,1,1,-1.7160000000000002
40178,MT_Wind_Onshore,2050,5,2,2,-1.7160000000000002
40179,MT_Wind_Onshore,2050,5,3,3,-1.7160000000000002
40180,MT_Wind_Onshore,2050,5,4,4,-1.7160000000000002
40181,MT_Wind_Onshore,2050,5,5,5,-1.7160000000000002
40182,MT_Wind_Onshore,2050,5,6,6,-1.7160000000000002
40183,MT_Wind_Onshore,2050,5,7,7,-1.7160000000000002
40184,MT_Wind_Onshore,2050,5,8,8,-1.7160000000000002
40185,MT_Wind_Onshore,2050,5,9,9,-1.7160000000000002
40186,MT_Wind_Onshore,2050,5,10,10,-1.7160000000000002
40187,MT_Wind_Onshore,2050,5,11,11,0.0
40188,MT_Wind_Onshore,2050,5,12,12,0.0
40189,MT_Wind_Onshore,2050,5,13,13,0.0
40190,MT_Wind_Onshore,2050,5,14,14,0.0
40191,MT_Wind_Onshore,2050,5,15,15,0.0
40192,MT_Wind_Onshore,2050,5,16,16,-1.7160000000000002
40193,MT_Wind_Onshore,2050,5,17,17,-1.7160000000000002
40194,MT_Wind_Onshore,2050,5,18,18,-1.7160000000000002
40195,MT_Wind_Onshore,2050,5,19,19,-1.7160000000000002
40196,MT_Wind_Onshore,2050,5,20,20,-1.7160000000000002
40197,MT_Wind_Onshore,2050,5,21,21,-1.7160000000000002
40198,MT_Wind_Onshore,2050,5,22,22,-1.7160000000000002
40199,MT_Wind_Onshore,2050,5,23,23,-1.7160000000000002
40200,MT_Wind_Onshore,2050,5,24,24,-1.7160000000000002
40201,MT_Wind_Onshore,2050,6,1,1,-0.5940000000000001
40202,MT_Wind_Onshore,2050,6,2,2,-0.5940000000000001
40203,MT_Wind_Onshore,2050,6,3,3,-0.5940000000000001
40204,MT_Wind_Onshore,2050,6,4,4,-0.5940000000000001
40205,MT_Wind_Onshore,2050,6,5,5,-0.5940000000000001
40206,MT_Wind_Onshore,2050,6,6,6,-0.5940000000000001
40207,MT_Wind_Onshore,2050,6,7,7,-0.5940000000000001
40208,MT_Wind_Onshore,2050,6,8,8,0.0
40209,MT_Wind_Onshore,2050,6,9,9,0.0
40210,MT_Wind_Onshore,2050,6,10,10,0.0
40211,MT_Wind_Onshore,2050,6,11,11,0.0
40212,MT_Wind_Onshore,2050,6,12,12,0.0
40213,MT_Wind_Onshore,2050,6,13,13,0.0
40214,MT_Wind_Onshore,2050,6,14,14,0.0
40215,MT_Wind_Onshore,2050,6,15,15,0.0
40216,MT_Wind_Onshore,2050,6,16,16,0.0
40217,MT_Wind_Onshore,2050,6,17,17,-0.5940000000000001
40218,MT_Wind_Onshore,2050,6,18,18,-0.5940000000000001
40219,MT_Wind_Onshore,2050,6,19,19,-0.5940000000000001
40220,MT_Wind_Onshore,2050,6,20,20,-0.5940000000000001
40221,MT_Wind_Onshore,2050,6,21,21,-0.5940000000000001
40222,MT_Wind_Onshore,2050,6,22,22,-0.5940000000000001
40223,MT_Wind_Onshore,2050,6,23,23,-0.5940000000000001
40224,MT_Wind_Onshore,2050,6,24,24,-0.5940000000000001
40225,MT_Wind_Onshore,2050,7,1,1,-1.221
40226,MT_Wind_Onshore,2050,7,2,2,-1.221
40227,MT_Wind_Onshore,2050,7,3,3,-1.221
40228,MT_Wind_Onshore,2050,7,4,4,-1.221
40229,MT_Wind_Onshore,2050,7,5,5,-1.221
40230,MT_Wind_Onshore,2050,7,6,6,-1.221
40231,MT_Wind_Onshore,2050,7,7,7,-1.221
40232,MT_Wind_Onshore,2050,7,8,8,-1.221
40233,MT_Wind_Onshore,2050,7,9,9,0.0
40234,MT_Wind_Onshore,2050,7,10,10,0.0
40235,MT_Wind_Onshore,2050,7,11,11,0.0
40236,MT_Wind_Onshore,2050,7,12,12,0.0
40237,MT_Wind_Onshore,2050,7,13,13,0.0
40238,MT_Wind_Onshore,2050,7,14,14,0.0
40239,MT_Wind_Onshore,2050,7,15,15,0.0
40240,MT_Wind_Onshore,2050,7,16,16,0.0
40241,MT_Wind_Onshore,2050,7,17,17,0.0
40242,MT_Wind_Onshore,2050,7,18,18,-1.221
40243,MT_Wind_Onshore,2050,7,19,19,-1.221
40244,MT_Wind_Onshore,2050,7,20,20,-1.221
40245,MT_Wind_Onshore,2050,7,21,21,-1.221
40246,MT_Wind_Onshore,2050,7,22,22,-1.221
40247,MT_Wind_Onshore,2050,7,23,23,-1.221
40248,MT_Wind_Onshore,2050,7,24,24,-1.221
40249,MT_Wind_Onshore,2050,8,1,1,-1.0230000000000001
40250,MT_Wind_Onshore,2050,8,2,2,-1.0230000000000001
40251,MT_Wind_Onshore,2050,8,3,3,-1.0230000000000001
40252,MT_Wind_Onshore,2050,8,4,4,-1.0230000000000001
40253,MT_Wind_Onshore,2050,8,5,5,-1.0230000000000001
40254,MT_Wind_Onshore,2050,8,6,6,-1.0230000000000001
40255,MT_Wind_Onshore,2050,8,7,7,-1.0230000000000001
40256,MT_Wind_Onshore,2050,8,8,8,0.0
40257,MT_Wind_Onshore,2050,8,9,9,0.0
40258,MT_Wind_Onshore,2050,8,10,10,0.0
40259,MT_Wind_Onshore,2050,8,11,11,0.0
40260,MT_Wind_Onshore,2050,8,12,12,0.0
40261,MT_Wind_Onshore,2050,8,13,13,0.0
40262,MT_Wind_Onshore,2050,8,14,14,0.0
40263,MT_Wind_Onshore,2050,8,15,15,0.0
40264,MT_Wind_Onshore,2050,8,16,16,0.0
40265,MT_Wind_Onshore,2050,8,17,17,-1.0230000000000001
40266,MT_Wind_Onshore,2050,8,18,18,-1.0230000000000001
40267,MT_Wind_Onshore,2050,8,19,19,-1.0230000000000001
40268,MT_Wind_Onshore,2050,8,20,20,-1.0230000000000001
40269,MT_Wind_Onshore,2050,8,21,21,-1.0230000000000001
40270,MT_Wind_Onshore,2050,8,22,22,-1.0230000000000001
40271,MT_Wind_Onshore,2050,8,23,23,-1.0230000000000001
40272,MT_Wind_Onshore,2050,8,24,24,-1.0230000000000001
40273,MT_Wind_Onshore,2050,9,1,1,-1.419
40274,MT_Wind_Onshore,2050,9,2,2,-1.419
40275,MT_Wind_Onshore,2050,9,3,3,-1.419
40276,MT_Wind_Onshore,2050,9,4,4,-1.419
40277,MT_Wind_Onshore,2050,9,5,5,-1.419
40278,MT_Wind_Onshore,2050,9,6,6,-1.419
40279,MT_Wind_Onshore,2050,9,7,7,-1.419
40280,MT_Wind_Onshore,2050,9,8,8,-1.419
40281,MT_Wind_Onshore,2050,9,9,9,0.0
40282,MT_Wind_Onshore,2050,9,10,10,0.0
40283,MT_Wind_Onshore,2050,9,11,11,0.0
40284,MT_Wind_Onshore,2050,9,12,12,0.0
40285,MT_Wind_Onshore,2050,9,13,13,0.0
40286,MT_Wind_Onshore,2050,9,14,14,0.0
40287,MT_Wind_Onshore,2050,9,15,15,0.0
40288,MT_Wind_Onshore,2050,9,16,16,-1.419
40289,MT_Wind_Onshore,2050,9,17,17,-1.419
40290,MT_Wind_Onshore,2050,9,18,18,-1.419
40291,MT_Wind_Onshore,2050,9,19,19,-1.419
40292,MT_Wind_Onshore,2050,9,20,20,-1.419
40293,MT_Wind_Onshore,2050,9,21,21,-1.419
40294,MT_Wind_Onshore,2050,9,22,22,-1.419
40295,MT_Wind_Onshore,2050,9,23,23,-1.419
40296,MT_Wind_Onshore,2050,9,24,24,-1.419
40297,MT_Wind_Onshore,2050,10,1,1,-1.518
40298,MT_Wind_Onshore,2050,10,2,2,-1.518
40299,MT_Wind_Onshore,2050,10,3,3,-1.518
40300,MT_Wind_Onshore,2050,10,4,4,-1.518
40301,MT_Wind_Onshore,2050,10,5,5,-1.518
40302,MT_Wind_Onshore,2050,10,6,6,-1.518
40303,MT_Wind_Onshore,2050,10,7,7,-1.518
40304,MT_Wind_Onshore,2050,10,8,8,-1.518
40305,MT_Wind_Onshore,2050,10,9,9,-1.518
40306,MT_Wind_Onshore,2050,10,10,10,-1.518
40307,MT_Wind_Onshore,2050,10,11,11,0.0
40308,MT_Wind_Onshore,2050,10,12,12,0.0
40309,MT_Wind_Onshore,2050,10,13,13,0.0
40310,MT_Wind_Onshore,2050,10,14,14,0.0
40311,MT_Wind_Onshore,2050,10,15,15,0.0
40312,MT_Wind_Onshore,2050,10,16,16,-1.518
40313,MT_Wind_Onshore,2050,10,17,17,-1.518
40314,MT_Wind_Onshore,2050,10,18,18,-1.518
40315,MT_Wind_Onshore,2050,10,19,19,-1.518
40316,MT_Wind_Onshore,2050,10,20,20,-1.518
40317,MT_Wind_Onshore,2050,10,21,21,-1.518
40318,MT_Wind_Onshore,2050,10,22,22,-1.518
40319,MT_Wind_Onshore,2050,10,23,23,-1.518
40320,MT_Wind_Onshore,2050,10,24,24,-1.518
40321,NL_Battery,2050,1,1,1,0.0
40322,NL_Battery,2050,1,2,2,0.0
40323,NL_Battery,2050,1,3,3,0.0
40324,NL_Battery,2050,1,4,4,0.0
40325,NL_Battery,2050,1,5,5,0.0
40326,NL_Battery,2050,1,6,6,0.0
40327,NL_Battery,2050,1,7,7,0.0
40328,NL_Battery,2050,1,8,8,0.0
40329,NL_Battery,2050,1,9,9,0.0
40330,NL_Battery,2050,1,10,10,0.0
40331,NL_Battery,2050,1,11,11,0.0
40332,NL_Battery,2050,1,12,12,0.0
40333,NL_Battery,2050,1,13,13,0.0
40334,NL_Battery,2050,1,14,14,0.0
40335,NL_Battery,2050,1,15,15,0.0
40336,NL_Battery,2050,1,16,16,0.0
40337,NL_Battery,2050,1,17,17,0.0
40338,NL_Battery,2050,1,18,18,0.0
40339,NL_Battery,2050,1,19,19,-0.8109000000000001
40340,NL_Battery,2050,1,20,20,0.0
40341,NL_Battery,2050,1,21,21,0.0
40342,NL_Battery,2050,1,22,22,0.0
40343,NL_Battery,2050,1,23,23,-11.859565705666336
40344,NL_Battery,2050,1,24,24,0.0
40345,NL_Battery,2050,2,1,1,0.0
40346,NL_Battery,2050,2,2,2,0.0
40347,NL_Battery,2050,2,3,3,0.0
40348,NL_Battery,2050,2,4,4,0.0
40349,NL_Battery,2050,2,5,5,0.0
40350,NL_Battery,2050,2,6,6,0.0
40351,NL_Battery,2050,2,7,7,0.0
40352,NL_Battery,2050,2,8,8,0.0
40353,NL_Battery,2050,2,9,9,0.0
40354,NL_Battery,2050,2,10,10,0.0
40355,NL_Battery,2050,2,11,11,0.0
40356,NL_Battery,2050,2,12,12,0.0
40357,NL_Battery,2050,2,13,13,0.0
40358,NL_Battery,2050,2,14,14,0.0
40359,NL_Battery,2050,2,15,15,0.0
40360,NL_Battery,2050,2,16,16,0.0
40361,NL_Battery,2050,2,17,17,0.0
40362,NL_Battery,2050,2,18,18,0.0
40363,NL_Battery,2050,2,19,19,0.0
40364,NL_Battery,2050,2,20,20,0.0
40365,NL_Battery,2050,2,21,21,0.0
40366,NL_Battery,2050,2,22,22,0.0
40367,NL_Battery,2050,2,23,23,0.0
40368,NL_Battery,2050,2,24,24,0.0
40369,NL_Battery,2050,3,1,1,0.0
40370,NL_Battery,2050,3,2,2,0.0
40371,NL_Battery,2050,3,3,3,0.0
40372,NL_Battery,2050,3,4,4,0.0
40373,NL_Battery,2050,3,5,5,0.0
40374,NL_Battery,2050,3,6,6,0.0
40375,NL_Battery,2050,3,7,7,0.0
40376,NL_Battery,2050,3,8,8,0.0
40377,NL_Battery,2050,3,9,9,0.0
40378,NL_Battery,2050,3,10,10,0.0
40379,NL_Battery,2050,3,11,11,0.0
40380,NL_Battery,2050,3,12,12,0.0
40381,NL_Battery,2050,3,13,13,0.0
40382,NL_Battery,2050,3,14,14,0.0
40383,NL_Battery,2050,3,15,15,0.0
40384,NL_Battery,2050,3,16,16,0.0
40385,NL_Battery,2050,3,17,17,0.0
40386,NL_Battery,2050,3,18,18,0.0
40387,NL_Battery,2050,3,19,19,0.0
40388,NL_Battery,2050,3,20,20,0.0
40389,NL_Battery,2050,3,21,21,0.0
40390,NL_Battery,2050,3,22,22,0.0
40391,NL_Battery,2050,3,23,23,0.0
40392,NL_Battery,2050,3,24,24,0.0
40393,NL_Battery,2050,4,1,1,0.0
40394,NL_Battery,2050,4,2,2,0.0
40395,NL_Battery,2050,4,3,3,0.0
40396,NL_Battery,2050,4,4,4,0.0
40397,NL_Battery,2050,4,5,5,0.0
40398,NL_Battery,2050,4,6,6,0.0
40399,NL_Battery,2050,4,7,7,0.0
40400,NL_Battery,2050,4,8,8,0.0
40401,NL_Battery,2050,4,9,9,0.0
40402,NL_Battery,2050,4,10,10,0.0
40403,NL_Battery,2050,4,11,11,0.0
40404,NL_Battery,2050,4,12,12,0.0
40405,NL_Battery,2050,4,13,13,0.0
40406,NL_Battery,2050,4,14,14,0.0
40407,NL_Battery,2050,4,15,15,0.0
40408,NL_Battery,2050,4,16,16,0.0
40409,NL_Battery,2050,4,17,17,0.0
40410,NL_Battery,2050,4,18,18,0.0
40411,NL_Battery,2050,4,19,19,0.0
40412,NL_Battery,2050,4,20,20,0.0
40413,NL_Battery,2050,4,21,21,0.0
40414,NL_Battery,2050,4,22,22,0.0
40415,NL_Battery,2050,4,23,23,0.0
40416,NL_Battery,2050,4,24,24,0.0
40417,NL_Battery,2050,5,1,1,0.0
40418,NL_Battery,2050,5,2,2,0.0
40419,NL_Battery,2050,5,3,3,0.0
40420,NL_Battery,2050,5,4,4,0.0
40421,NL_Battery,2050,5,5,5,0.0
40422,NL_Battery,2050,5,6,6,0.0
40423,NL_Battery,2050,5,7,7,0.0
40424,NL_Battery,2050,5,8,8,0.0
40425,NL_Battery,2050,5,9,9,0.0
40426,NL_Battery,2050,5,10,10,0.0
40427,NL_Battery,2050,5,11,11,0.0
40428,NL_Battery,2050,5,12,12,0.0
40429,NL_Battery,2050,5,13,13,0.0
40430,NL_Battery,2050,5,14,14,0.0
40431,NL_Battery,2050,5,15,15,0.0
40432,NL_Battery,2050,5,16,16,0.0
40433,NL_Battery,2050,5,17,17,0.0
40434,NL_Battery,2050,5,18,18,0.0
40435,NL_Battery,2050,5,19,19,0.0
40436,NL_Battery,2050,5,20,20,0.0
40437,NL_Battery,2050,5,21,21,0.0
40438,NL_Battery,2050,5,22,22,0.0
40439,NL_Battery,2050,5,23,23,0.0
40440,NL_Battery,2050,5,24,24,0.0
40441,NL_Battery,2050,6,1,1,0.0
40442,NL_Battery,2050,6,2,2,0.0
40443,NL_Battery,2050,6,3,3,0.0
40444,NL_Battery,2050,6,4,4,0.0
40445,NL_Battery,2050,6,5,5,0.0
40446,NL_Battery,2050,6,6,6,0.0
40447,NL_Battery,2050,6,7,7,0.0
40448,NL_Battery,2050,6,8,8,0.0
40449,NL_Battery,2050,6,9,9,0.0
40450,NL_Battery,2050,6,10,10,0.0
40451,NL_Battery,2050,6,11,11,0.0
40452,NL_Battery,2050,6,12,12,0.0
40453,NL_Battery,2050,6,13,13,0.0
40454,NL_Battery,2050,6,14,14,0.0
40455,NL_Battery,2050,6,15,15,0.0
40456,NL_Battery,2050,6,16,16,0.0
40457,NL_Battery,2050,6,17,17,0.0
40458,NL_Battery,2050,6,18,18,0.0
40459,NL_Battery,2050,6,19,19,0.0
40460,NL_Battery,2050,6,20,20,0.0
40461,NL_Battery,2050,6,21,21,0.0
40462,NL_Battery,2050,6,22,22,0.0
40463,NL_Battery,2050,6,23,23,0.0
40464,NL_Battery,2050,6,24,24,0.0
40465,NL_Battery,2050,7,1,1,0.0
40466,NL_Battery,2050,7,2,2,0.0
40467,NL_Battery,2050,7,3,3,0.0
40468,NL_Battery,2050,7,4,4,0.0
40469,NL_Battery,2050,7,5,5,0.0
40470,NL_Battery,2050,7,6,6,0.0
40471,NL_Battery,2050,7,7,7,0.0
40472,NL_Battery,2050,7,8,8,0.0
40473,NL_Battery,2050,7,9,9,0.0
40474,NL_Battery,2050,7,10,10,0.0
40475,NL_Battery,2050,7,11,11,0.0
40476,NL_Battery,2050,7,12,12,0.0
40477,NL_Battery,2050,7,13,13,0.0
40478,NL_Battery,2050,7,14,14,0.0
40479,NL_Battery,2050,7,15,15,0.0
40480,NL_Battery,2050,7,16,16,0.0
40481,NL_Battery,2050,7,17,17,0.0
40482,NL_Battery,2050,7,18,18,0.0
40483,NL_Battery,2050,7,19,19,0.0
40484,NL_Battery,2050,7,20,20,0.0
40485,NL_Battery,2050,7,21,21,0.0
40486,NL_Battery,2050,7,22,22,0.0
40487,NL_Battery,2050,7,23,23,0.0
40488,NL_Battery,2050,7,24,24,0.0
40489,NL_Battery,2050,8,1,1,0.0
40490,NL_Battery,2050,8,2,2,0.0
40491,NL_Battery,2050,8,3,3,0.0
40492,NL_Battery,2050,8,4,4,0.0
40493,NL_Battery,2050,8,5,5,0.0
40494,NL_Battery,2050,8,6,6,0.0
40495,NL_Battery,2050,8,7,7,0.0
40496,NL_Battery,2050,8,8,8,0.0
40497,NL_Battery,2050,8,9,9,0.0
40498,NL_Battery,2050,8,10,10,0.0
40499,NL_Battery,2050,8,11,11,0.0
40500,NL_Battery,2050,8,12,12,0.0
40501,NL_Battery,2050,8,13,13,0.0
40502,NL_Battery,2050,8,14,14,0.0
40503,NL_Battery,2050,8,15,15,0.0
40504,NL_Battery,2050,8,16,16,0.0
40505,NL_Battery,2050,8,17,17,0.0
40506,NL_Battery,2050,8,18,18,0.0
40507,NL_Battery,2050,8,19,19,0.0
40508,NL_Battery,2050,8,20,20,0.0
40509,NL_Battery,2050,8,21,21,0.0
40510,NL_Battery,2050,8,22,22,0.0
40511,NL_Battery,2050,8,23,23,0.0
40512,NL_Battery,2050,8,24,24,0.0
40513,NL_Battery,2050,9,1,1,0.0
40514,NL_Battery,2050,9,2,2,0.0
40515,NL_Battery,2050,9,3,3,0.0
40516,NL_Battery,2050,9,4,4,0.0
40517,NL_Battery,2050,9,5,5,0.0
40518,NL_Battery,2050,9,6,6,0.0
40519,NL_Battery,2050,9,7,7,0.0
40520,NL_Battery,2050,9,8,8,0.0
40521,NL_Battery,2050,9,9,9,0.0
40522,NL_Battery,2050,9,10,10,0.0
40523,NL_Battery,2050,9,11,11,0.0
40524,NL_Battery,2050,9,12,12,0.0
40525,NL_Battery,2050,9,13,13,0.0
40526,NL_Battery,2050,9,14,14,0.0
40527,NL_Battery,2050,9,15,15,0.0
40528,NL_Battery,2050,9,16,16,0.0
40529,NL_Battery,2050,9,17,17,0.0
40530,NL_Battery,2050,9,18,18,0.0
40531,NL_Battery,2050,9,19,19,0.0
40532,NL_Battery,2050,9,20,20,0.0
40533,NL_Battery,2050,9,21,21,0.0
40534,NL_Battery,2050,9,22,22,0.0
40535,NL_Battery,2050,9,23,23,0.0
40536,NL_Battery,2050,9,24,24,0.0
40537,NL_Battery,2050,10,1,1,0.0
40538,NL_Battery,2050,10,2,2,0.0
40539,NL_Battery,2050,10,3,3,0.0
40540,NL_Battery,2050,10,4,4,0.0
40541,NL_Battery,2050,10,5,5,0.0
40542,NL_Battery,2050,10,6,6,0.0
40543,NL_Battery,2050,10,7,7,0.0
40544,NL_Battery,2050,10,8,8,0.0
40545,NL_Battery,2050,10,9,9,0.0
40546,NL_Battery,2050,10,10,10,0.0
40547,NL_Battery,2050,10,11,11,0.0
40548,NL_Battery,2050,10,12,12,0.0
40549,NL_Battery,2050,10,13,13,0.0
40550,NL_Battery,2050,10,14,14,0.0
40551,NL_Battery,2050,10,15,15,0.0
40552,NL_Battery,2050,10,16,16,0.0
40553,NL_Battery,2050,10,17,17,0.0
40554,NL_Battery,2050,10,18,18,0.0
40555,NL_Battery,2050,10,19,19,0.0
40556,NL_Battery,2050,10,20,20,0.0
40557,NL_Battery,2050,10,21,21,0.0
40558,NL_Battery,2050,10,22,22,0.0
40559,NL_Battery,2050,10,23,23,0.0
40560,NL_Battery,2050,10,24,24,0.0
40561,NL_CCGT,2050,1,1,1,0.0
40562,NL_CCGT,2050,1,2,2,0.0
40563,NL_CCGT,2050,1,3,3,0.0
40564,NL_CCGT,2050,1,4,4,0.0
40565,NL_CCGT,2050,1,5,5,0.0
40566,NL_CCGT,2050,1,6,6,0.0
40567,NL_CCGT,2050,1,7,7,0.0
40568,NL_CCGT,2050,1,8,8,0.0
40569,NL_CCGT,2050,1,9,9,0.0
40570,NL_CCGT,2050,1,10,10,0.0
40571,NL_CCGT,2050,1,11,11,0.0
40572,NL_CCGT,2050,1,12,12,0.0
40573,NL_CCGT,2050,1,13,13,0.0
40574,NL_CCGT,2050,1,14,14,0.0
40575,NL_CCGT,2050,1,15,15,0.0
40576,NL_CCGT,2050,1,16,16,0.0
40577,NL_CCGT,2050,1,17,17,0.0
40578,NL_CCGT,2050,1,18,18,0.0
40579,NL_CCGT,2050,1,19,19,0.0
40580,NL_CCGT,2050,1,20,20,0.0
40581,NL_CCGT,2050,1,21,21,0.0
40582,NL_CCGT,2050,1,22,22,0.0
40583,NL_CCGT,2050,1,23,23,0.0
40584,NL_CCGT,2050,1,24,24,0.0
40585,NL_CCGT,2050,2,1,1,0.0
40586,NL_CCGT,2050,2,2,2,0.0
40587,NL_CCGT,2050,2,3,3,0.0
40588,NL_CCGT,2050,2,4,4,0.0
40589,NL_CCGT,2050,2,5,5,0.0
40590,NL_CCGT,2050,2,6,6,0.0
40591,NL_CCGT,2050,2,7,7,0.0
40592,NL_CCGT,2050,2,8,8,0.0
40593,NL_CCGT,2050,2,9,9,0.0
40594,NL_CCGT,2050,2,10,10,0.0
40595,NL_CCGT,2050,2,11,11,0.0
40596,NL_CCGT,2050,2,12,12,0.0
40597,NL_CCGT,2050,2,13,13,0.0
40598,NL_CCGT,2050,2,14,14,0.0
40599,NL_CCGT,2050,2,15,15,0.0
40600,NL_CCGT,2050,2,16,16,0.0
40601,NL_CCGT,2050,2,17,17,0.0
40602,NL_CCGT,2050,2,18,18,0.0
40603,NL_CCGT,2050,2,19,19,0.0
40604,NL_CCGT,2050,2,20,20,0.0
40605,NL_CCGT,2050,2,21,21,0.0
40606,NL_CCGT,2050,2,22,22,0.0
40607,NL_CCGT,2050,2,23,23,0.0
40608,NL_CCGT,2050,2,24,24,0.0
40609,NL_CCGT,2050,3,1,1,0.0
40610,NL_CCGT,2050,3,2,2,0.0
40611,NL_CCGT,2050,3,3,3,0.0
40612,NL_CCGT,2050,3,4,4,0.0
40613,NL_CCGT,2050,3,5,5,0.0
40614,NL_CCGT,2050,3,6,6,0.0
40615,NL_CCGT,2050,3,7,7,0.0
40616,NL_CCGT,2050,3,8,8,0.0
40617,NL_CCGT,2050,3,9,9,0.0
40618,NL_CCGT,2050,3,10,10,0.0
40619,NL_CCGT,2050,3,11,11,0.0
40620,NL_CCGT,2050,3,12,12,0.0
40621,NL_CCGT,2050,3,13,13,0.0
40622,NL_CCGT,2050,3,14,14,0.0
40623,NL_CCGT,2050,3,15,15,0.0
40624,NL_CCGT,2050,3,16,16,0.0
40625,NL_CCGT,2050,3,17,17,0.0
40626,NL_CCGT,2050,3,18,18,0.0
40627,NL_CCGT,2050,3,19,19,0.0
40628,NL_CCGT,2050,3,20,20,0.0
40629,NL_CCGT,2050,3,21,21,0.0
40630,NL_CCGT,2050,3,22,22,0.0
40631,NL_CCGT,2050,3,23,23,0.0
40632,NL_CCGT,2050,3,24,24,0.0
40633,NL_CCGT,2050,4,1,1,0.0
40634,NL_CCGT,2050,4,2,2,0.0
40635,NL_CCGT,2050,4,3,3,0.0
40636,NL_CCGT,2050,4,4,4,0.0
40637,NL_CCGT,2050,4,5,5,0.0
40638,NL_CCGT,2050,4,6,6,0.0
40639,NL_CCGT,2050,4,7,7,0.0
40640,NL_CCGT,2050,4,8,8,0.0
40641,NL_CCGT,2050,4,9,9,0.0
40642,NL_CCGT,2050,4,10,10,0.0
40643,NL_CCGT,2050,4,11,11,0.0
40644,NL_CCGT,2050,4,12,12,0.0
40645,NL_CCGT,2050,4,13,13,0.0
40646,NL_CCGT,2050,4,14,14,0.0
40647,NL_CCGT,2050,4,15,15,0.0
40648,NL_CCGT,2050,4,16,16,0.0
40649,NL_CCGT,2050,4,17,17,0.0
40650,NL_CCGT,2050,4,18,18,0.0
40651,NL_CCGT,2050,4,19,19,0.0
40652,NL_CCGT,2050,4,20,20,0.0
40653,NL_CCGT,2050,4,21,21,0.0
40654,NL_CCGT,2050,4,22,22,0.0
40655,NL_CCGT,2050,4,23,23,0.0
40656,NL_CCGT,2050,4,24,24,0.0
40657,NL_CCGT,2050,5,1,1,0.0
40658,NL_CCGT,2050,5,2,2,0.0
40659,NL_CCGT,2050,5,3,3,0.0
40660,NL_CCGT,2050,5,4,4,0.0
40661,NL_CCGT,2050,5,5,5,0.0
40662,NL_CCGT,2050,5,6,6,0.0
40663,NL_CCGT,2050,5,7,7,0.0
40664,NL_CCGT,2050,5,8,8,0.0
40665,NL_CCGT,2050,5,9,9,0.0
40666,NL_CCGT,2050,5,10,10,0.0
40667,NL_CCGT,2050,5,11,11,0.0
40668,NL_CCGT,2050,5,12,12,0.0
40669,NL_CCGT,2050,5,13,13,0.0
40670,NL_CCGT,2050,5,14,14,0.0
40671,NL_CCGT,2050,5,15,15,0.0
40672,NL_CCGT,2050,5,16,16,0.0
40673,NL_CCGT,2050,5,17,17,0.0
40674,NL_CCGT,2050,5,18,18,0.0
40675,NL_CCGT,2050,5,19,19,0.0
40676,NL_CCGT,2050,5,20,20,0.0
40677,NL_CCGT,2050,5,21,21,0.0
40678,NL_CCGT,2050,5,22,22,0.0
40679,NL_CCGT,2050,5,23,23,0.0
40680,NL_CCGT,2050,5,24,24,0.0
40681,NL_CCGT,2050,6,1,1,0.0
40682,NL_CCGT,2050,6,2,2,0.0
40683,NL_CCGT,2050,6,3,3,0.0
40684,NL_CCGT,2050,6,4,4,0.0
40685,NL_CCGT,2050,6,5,5,0.0
40686,NL_CCGT,2050,6,6,6,0.0
40687,NL_CCGT,2050,6,7,7,0.0
40688,NL_CCGT,2050,6,8,8,0.0
40689,NL_CCGT,2050,6,9,9,0.0
40690,NL_CCGT,2050,6,10,10,0.0
40691,NL_CCGT,2050,6,11,11,0.0
40692,NL_CCGT,2050,6,12,12,0.0
40693,NL_CCGT,2050,6,13,13,0.0
40694,NL_CCGT,2050,6,14,14,0.0
40695,NL_CCGT,2050,6,15,15,0.0
40696,NL_CCGT,2050,6,16,16,0.0
40697,NL_CCGT,2050,6,17,17,0.0
40698,NL_CCGT,2050,6,18,18,0.0
40699,NL_CCGT,2050,6,19,19,0.0
40700,NL_CCGT,2050,6,20,20,0.0
40701,NL_CCGT,2050,6,21,21,0.0
40702,NL_CCGT,2050,6,22,22,0.0
40703,NL_CCGT,2050,6,23,23,0.0
40704,NL_CCGT,2050,6,24,24,0.0
40705,NL_CCGT,2050,7,1,1,0.0
40706,NL_CCGT,2050,7,2,2,0.0
40707,NL_CCGT,2050,7,3,3,0.0
40708,NL_CCGT,2050,7,4,4,0.0
40709,NL_CCGT,2050,7,5,5,0.0
40710,NL_CCGT,2050,7,6,6,0.0
40711,NL_CCGT,2050,7,7,7,0.0
40712,NL_CCGT,2050,7,8,8,-0.6659999999999997
40713,NL_CCGT,2050,7,9,9,-0.6659999999999997
40714,NL_CCGT,2050,7,10,10,-0.6659999999999997
40715,NL_CCGT,2050,7,11,11,-0.6659999999999997
40716,NL_CCGT,2050,7,12,12,-0.6659999999999997
40717,NL_CCGT,2050,7,13,13,-0.6659999999999997
40718,NL_CCGT,2050,7,14,14,-0.6659999999999997
40719,NL_CCGT,2050,7,15,15,-0.6659999999999997
40720,NL_CCGT,2050,7,16,16,-0.6659999999999997
40721,NL_CCGT,2050,7,17,17,-0.6659999999999997
40722,NL_CCGT,2050,7,18,18,-7.777165705666338
40723,NL_CCGT,2050,7,19,19,-7.777165705666338
40724,NL_CCGT,2050,7,20,20,-0.6659999999999997
40725,NL_CCGT,2050,7,21,21,0.0
40726,NL_CCGT,2050,7,22,22,0.0
40727,NL_CCGT,2050,7,23,23,0.0
40728,NL_CCGT,2050,7,24,24,0.0
40729,NL_CCGT,2050,8,1,1,0.0
40730,NL_CCGT,2050,8,2,2,0.0
40731,NL_CCGT,2050,8,3,3,0.0
40732,NL_CCGT,2050,8,4,4,0.0
40733,NL_CCGT,2050,8,5,5,0.0
40734,NL_CCGT,2050,8,6,6,0.0
40735,NL_CCGT,2050,8,7,7,0.0
40736,NL_CCGT,2050,8,8,8,0.0
40737,NL_CCGT,2050,8,9,9,0.0
40738,NL_CCGT,2050,8,10,10,0.0
40739,NL_CCGT,2050,8,11,11,0.0
40740,NL_CCGT,2050,8,12,12,0.0
40741,NL_CCGT,2050,8,13,13,0.0
40742,NL_CCGT,2050,8,14,14,0.0
40743,NL_CCGT,2050,8,15,15,0.0
40744,NL_CCGT,2050,8,16,16,0.0
40745,NL_CCGT,2050,8,17,17,0.0
40746,NL_CCGT,2050,8,18,18,0.0
40747,NL_CCGT,2050,8,19,19,0.0
40748,NL_CCGT,2050,8,20,20,0.0
40749,NL_CCGT,2050,8,21,21,0.0
40750,NL_CCGT,2050,8,22,22,0.0
40751,NL_CCGT,2050,8,23,23,0.0
40752,NL_CCGT,2050,8,24,24,0.0
40753,NL_CCGT,2050,9,1,1,0.0
40754,NL_CCGT,2050,9,2,2,0.0
40755,NL_CCGT,2050,9,3,3,0.0
40756,NL_CCGT,2050,9,4,4,0.0
40757,NL_CCGT,2050,9,5,5,0.0
40758,NL_CCGT,2050,9,6,6,0.0
40759,NL_CCGT,2050,9,7,7,0.0
40760,NL_CCGT,2050,9,8,8,0.0
40761,NL_CCGT,2050,9,9,9,0.0
40762,NL_CCGT,2050,9,10,10,0.0
40763,NL_CCGT,2050,9,11,11,0.0
40764,NL_CCGT,2050,9,12,12,0.0
40765,NL_CCGT,2050,9,13,13,0.0
40766,NL_CCGT,2050,9,14,14,0.0
40767,NL_CCGT,2050,9,15,15,0.0
40768,NL_CCGT,2050,9,16,16,0.0
40769,NL_CCGT,2050,9,17,17,0.0
40770,NL_CCGT,2050,9,18,18,0.0
40771,NL_CCGT,2050,9,19,19,0.0
40772,NL_CCGT,2050,9,20,20,0.0
40773,NL_CCGT,2050,9,21,21,0.0
40774,NL_CCGT,2050,9,22,22,0.0
40775,NL_CCGT,2050,9,23,23,0.0
40776,NL_CCGT,2050,9,24,24,0.0
40777,NL_CCGT,2050,10,1,1,0.0
40778,NL_CCGT,2050,10,2,2,0.0
40779,NL_CCGT,2050,10,3,3,0.0
40780,NL_CCGT,2050,10,4,4,0.0
40781,NL_CCGT,2050,10,5,5,0.0
40782,NL_CCGT,2050,10,6,6,0.0
40783,NL_CCGT,2050,10,7,7,0.0
40784,NL_CCGT,2050,10,8,8,0.0
40785,NL_CCGT,2050,10,9,9,0.0
40786,NL_CCGT,2050,10,10,10,0.0
40787,NL_CCGT,2050,10,11,11,0.0
40788,NL_CCGT,2050,10,12,12,-0.8279999999999996
40789,NL_CCGT,2050,10,13,13,-0.8279999999999996
40790,NL_CCGT,2050,10,14,14,-0.8279999999999996
40791,NL_CCGT,2050,10,15,15,-0.8279999999999996
40792,NL_CCGT,2050,10,16,16,-0.8279999999999996
40793,NL_CCGT,2050,10,17,17,-0.8279999999999996
40794,NL_CCGT,2050,10,18,18,-0.8279999999999996
40795,NL_CCGT,2050,10,19,19,-0.8279999999999996
40796,NL_CCGT,2050,10,20,20,0.0
40797,NL_CCGT,2050,10,21,21,0.0
40798,NL_CCGT,2050,10,22,22,0.0
40799,NL_CCGT,2050,10,23,23,0.0
40800,NL_CCGT,2050,10,24,24,0.0
40801,NL_Coal,2050,1,1,1,0.0
40802,NL_Coal,2050,1,2,2,0.0
40803,NL_Coal,2050,1,3,3,0.0
40804,NL_Coal,2050,1,4,4,0.0
40805,NL_Coal,2050,1,5,5,0.0
40806,NL_Coal,2050,1,6,6,0.0
40807,NL_Coal,2050,1,7,7,-0.8109000000000001
40808,NL_Coal,2050,1,8,8,-0.8109000000000001
40809,NL_Coal,2050,1,9,9,-0.8109000000000001
40810,NL_Coal,2050,1,10,10,-0.8109000000000001
40811,NL_Coal,2050,1,11,11,-0.8109000000000001
40812,NL_Coal,2050,1,12,12,-0.8109000000000001
40813,NL_Coal,2050,1,13,13,-0.8109000000000001
40814,NL_Coal,2050,1,14,14,-0.8109000000000001
40815,NL_Coal,2050,1,15,15,-0.8109000000000001
40816,NL_Coal,2050,1,16,16,-0.8109000000000001
40817,NL_Coal,2050,1,17,17,0.0
40818,NL_Coal,2050,1,18,18,0.0
40819,NL_Coal,2050,1,19,19,-0.8109000000000001
40820,NL_Coal,2050,1,20,20,0.0
40821,NL_Coal,2050,1,21,21,0.0
40822,NL_Coal,2050,1,22,22,0.0
40823,NL_Coal,2050,1,23,23,0.0
40824,NL_Coal,2050,1,24,24,0.0
40825,NL_Coal,2050,2,1,1,0.0
40826,NL_Coal,2050,2,2,2,0.0
40827,NL_Coal,2050,2,3,3,0.0
40828,NL_Coal,2050,2,4,4,0.0
40829,NL_Coal,2050,2,5,5,0.0
40830,NL_Coal,2050,2,6,6,0.0
40831,NL_Coal,2050,2,7,7,0.0
40832,NL_Coal,2050,2,8,8,0.0
40833,NL_Coal,2050,2,9,9,0.0
40834,NL_Coal,2050,2,10,10,0.0
40835,NL_Coal,2050,2,11,11,0.0
40836,NL_Coal,2050,2,12,12,0.0
40837,NL_Coal,2050,2,13,13,0.0
40838,NL_Coal,2050,2,14,14,0.0
40839,NL_Coal,2050,2,15,15,0.0
40840,NL_Coal,2050,2,16,16,0.0
40841,NL_Coal,2050,2,17,17,0.0
40842,NL_Coal,2050,2,18,18,0.0
40843,NL_Coal,2050,2,19,19,0.0
40844,NL_Coal,2050,2,20,20,0.0
40845,NL_Coal,2050,2,21,21,0.0
40846,NL_Coal,2050,2,22,22,0.0
40847,NL_Coal,2050,2,23,23,0.0
40848,NL_Coal,2050,2,24,24,0.0
40849,NL_Coal,2050,3,1,1,0.0
40850,NL_Coal,2050,3,2,2,0.0
40851,NL_Coal,2050,3,3,3,0.0
40852,NL_Coal,2050,3,4,4,0.0
40853,NL_Coal,2050,3,5,5,0.0
40854,NL_Coal,2050,3,6,6,0.0
40855,NL_Coal,2050,3,7,7,0.0
40856,NL_Coal,2050,3,8,8,0.0
40857,NL_Coal,2050,3,9,9,0.0
40858,NL_Coal,2050,3,10,10,0.0
40859,NL_Coal,2050,3,11,11,0.0
40860,NL_Coal,2050,3,12,12,0.0
40861,NL_Coal,2050,3,13,13,0.0
40862,NL_Coal,2050,3,14,14,0.0
40863,NL_Coal,2050,3,15,15,0.0
40864,NL_Coal,2050,3,16,16,0.0
40865,NL_Coal,2050,3,17,17,0.0
40866,NL_Coal,2050,3,18,18,0.0
40867,NL_Coal,2050,3,19,19,0.0
40868,NL_Coal,2050,3,20,20,0.0
40869,NL_Coal,2050,3,21,21,0.0
40870,NL_Coal,2050,3,22,22,0.0
40871,NL_Coal,2050,3,23,23,0.0
40872,NL_Coal,2050,3,24,24,0.0
40873,NL_Coal,2050,4,1,1,0.0
40874,NL_Coal,2050,4,2,2,0.0
40875,NL_Coal,2050,4,3,3,0.0
40876,NL_Coal,2050,4,4,4,0.0
40877,NL_Coal,2050,4,5,5,0.0
40878,NL_Coal,2050,4,6,6,0.0
40879,NL_Coal,2050,4,7,7,0.0
40880,NL_Coal,2050,4,8,8,0.0
40881,NL_Coal,2050,4,9,9,0.0
40882,NL_Coal,2050,4,10,10,0.0
40883,NL_Coal,2050,4,11,11,0.0
40884,NL_Coal,2050,4,12,12,0.0
40885,NL_Coal,2050,4,13,13,0.0
40886,NL_Coal,2050,4,14,14,0.0
40887,NL_Coal,2050,4,15,15,0.0
40888,NL_Coal,2050,4,16,16,0.0
40889,NL_Coal,2050,4,17,17,0.0
40890,NL_Coal,2050,4,18,18,0.0
40891,NL_Coal,2050,4,19,19,0.0
40892,NL_Coal,2050,4,20,20,0.0
40893,NL_Coal,2050,4,21,21,0.0
40894,NL_Coal,2050,4,22,22,0.0
40895,NL_Coal,2050,4,23,23,0.0
40896,NL_Coal,2050,4,24,24,0.0
40897,NL_Coal,2050,5,1,1,0.0
40898,NL_Coal,2050,5,2,2,0.0
40899,NL_Coal,2050,5,3,3,0.0
40900,NL_Coal,2050,5,4,4,0.0
40901,NL_Coal,2050,5,5,5,0.0
40902,NL_Coal,2050,5,6,6,0.0
40903,NL_Coal,2050,5,7,7,0.0
40904,NL_Coal,2050,5,8,8,0.0
40905,NL_Coal,2050,5,9,9,0.0
40906,NL_Coal,2050,5,10,10,0.0
40907,NL_Coal,2050,5,11,11,0.0
40908,NL_Coal,2050,5,12,12,0.0
40909,NL_Coal,2050,5,13,13,0.0
40910,NL_Coal,2050,5,14,14,0.0
40911,NL_Coal,2050,5,15,15,0.0
40912,NL_Coal,2050,5,16,16,0.0
40913,NL_Coal,2050,5,17,17,0.0
40914,NL_Coal,2050,5,18,18,0.0
40915,NL_Coal,2050,5,19,19,0.0
40916,NL_Coal,2050,5,20,20,0.0
40917,NL_Coal,2050,5,21,21,0.0
40918,NL_Coal,2050,5,22,22,0.0
40919,NL_Coal,2050,5,23,23,0.0
40920,NL_Coal,2050,5,24,24,0.0
40921,NL_Coal,2050,6,1,1,0.0
40922,NL_Coal,2050,6,2,2,0.0
40923,NL_Coal,2050,6,3,3,0.0
40924,NL_Coal,2050,6,4,4,0.0
40925,NL_Coal,2050,6,5,5,0.0
40926,NL_Coal,2050,6,6,6,-0.2754000000000001
40927,NL_Coal,2050,6,7,7,-0.2754000000000001
40928,NL_Coal,2050,6,8,8,-0.2754000000000001
40929,NL_Coal,2050,6,9,9,-0.2754000000000001
40930,NL_Coal,2050,6,10,10,0.0
40931,NL_Coal,2050,6,11,11,0.0
40932,NL_Coal,2050,6,12,12,0.0
40933,NL_Coal,2050,6,13,13,0.0
40934,NL_Coal,2050,6,14,14,0.0
40935,NL_Coal,2050,6,15,15,0.0
40936,NL_Coal,2050,6,16,16,0.0
40937,NL_Coal,2050,6,17,17,0.0
40938,NL_Coal,2050,6,18,18,0.0
40939,NL_Coal,2050,6,19,19,0.0
40940,NL_Coal,2050,6,20,20,-0.2754000000000001
40941,NL_Coal,2050,6,21,21,-0.2754000000000001
40942,NL_Coal,2050,6,22,22,0.0
40943,NL_Coal,2050,6,23,23,0.0
40944,NL_Coal,2050,6,24,24,0.0
40945,NL_Coal,2050,7,1,1,0.0
40946,NL_Coal,2050,7,2,2,0.0
40947,NL_Coal,2050,7,3,3,0.0
40948,NL_Coal,2050,7,4,4,0.0
40949,NL_Coal,2050,7,5,5,-0.5661
40950,NL_Coal,2050,7,6,6,-0.5661
40951,NL_Coal,2050,7,7,7,-0.5661
40952,NL_Coal,2050,7,8,8,-1.2320999999999998
40953,NL_Coal,2050,7,9,9,-1.2320999999999998
40954,NL_Coal,2050,7,10,10,-1.2320999999999998
40955,NL_Coal,2050,7,11,11,-1.2320999999999998
40956,NL_Coal,2050,7,12,12,-1.2320999999999998
40957,NL_Coal,2050,7,13,13,-1.2320999999999998
40958,NL_Coal,2050,7,14,14,-1.2320999999999998
40959,NL_Coal,2050,7,15,15,-1.2320999999999998
40960,NL_Coal,2050,7,16,16,-1.2320999999999998
40961,NL_Coal,2050,7,17,17,-1.2320999999999998
40962,NL_Coal,2050,7,18,18,-8.343265705666338
40963,NL_Coal,2050,7,19,19,-8.343265705666338
40964,NL_Coal,2050,7,20,20,-1.2320999999999998
40965,NL_Coal,2050,7,21,21,-0.5661
40966,NL_Coal,2050,7,22,22,0.0
40967,NL_Coal,2050,7,23,23,0.0
40968,NL_Coal,2050,7,24,24,0.0
40969,NL_Coal,2050,8,1,1,0.0
40970,NL_Coal,2050,8,2,2,0.0
40971,NL_Coal,2050,8,3,3,0.0
40972,NL_Coal,2050,8,4,4,0.0
40973,NL_Coal,2050,8,5,5,0.0
40974,NL_Coal,2050,8,6,6,0.0
40975,NL_Coal,2050,8,7,7,0.0
40976,NL_Coal,2050,8,8,8,0.0
40977,NL_Coal,2050,8,9,9,0.0
40978,NL_Coal,2050,8,10,10,0.0
40979,NL_Coal,2050,8,11,11,0.0
40980,NL_Coal,2050,8,12,12,0.0
40981,NL_Coal,2050,8,13,13,0.0
40982,NL_Coal,2050,8,14,14,0.0
40983,NL_Coal,2050,8,15,15,0.0
40984,NL_Coal,2050,8,16,16,0.0
40985,NL_Coal,2050,8,17,17,0.0
40986,NL_Coal,2050,8,18,18,0.0
40987,NL_Coal,2050,8,19,19,0.0
40988,NL_Coal,2050,8,20,20,0.0
40989,NL_Coal,2050,8,21,21,0.0
40990,NL_Coal,2050,8,22,22,0.0
40991,NL_Coal,2050,8,23,23,0.0
40992,NL_Coal,2050,8,24,24,0.0
40993,NL_Coal,2050,9,1,1,0.0
40994,NL_Coal,2050,9,2,2,0.0
40995,NL_Coal,2050,9,3,3,0.0
40996,NL_Coal,2050,9,4,4,0.0
40997,NL_Coal,2050,9,5,5,0.0
40998,NL_Coal,2050,9,6,6,0.0
40999,NL_Coal,2050,9,7,7,0.0
41000,NL_Coal,2050,9,8,8,0.0
41001,NL_Coal,2050,9,9,9,0.0
41002,NL_Coal,2050,9,10,10,0.0
41003,NL_Coal,2050,9,11,11,0.0
41004,NL_Coal,2050,9,12,12,0.0
41005,NL_Coal,2050,9,13,13,0.0
41006,NL_Coal,2050,9,14,14,0.0
41007,NL_Coal,2050,9,15,15,0.0
41008,NL_Coal,2050,9,16,16,0.0
41009,NL_Coal,2050,9,17,17,0.0
41010,NL_Coal,2050,9,18,18,0.0
41011,NL_Coal,2050,9,19,19,0.0
41012,NL_Coal,2050,9,20,20,0.0
41013,NL_Coal,2050,9,21,21,0.0
41014,NL_Coal,2050,9,22,22,0.0
41015,NL_Coal,2050,9,23,23,0.0
41016,NL_Coal,2050,9,24,24,0.0
41017,NL_Coal,2050,10,1,1,0.0
41018,NL_Coal,2050,10,2,2,0.0
41019,NL_Coal,2050,10,3,3,0.0
41020,NL_Coal,2050,10,4,4,0.0
41021,NL_Coal,2050,10,5,5,-0.7038
41022,NL_Coal,2050,10,6,6,-0.7038
41023,NL_Coal,2050,10,7,7,-0.7038
41024,NL_Coal,2050,10,8,8,-0.7038
41025,NL_Coal,2050,10,9,9,-0.7038
41026,NL_Coal,2050,10,10,10,-0.7038
41027,NL_Coal,2050,10,11,11,-0.7038
41028,NL_Coal,2050,10,12,12,-1.5317999999999996
41029,NL_Coal,2050,10,13,13,-1.5317999999999996
41030,NL_Coal,2050,10,14,14,-1.5317999999999996
41031,NL_Coal,2050,10,15,15,-1.5317999999999996
41032,NL_Coal,2050,10,16,16,-1.5317999999999996
41033,NL_Coal,2050,10,17,17,-1.5317999999999996
41034,NL_Coal,2050,10,18,18,-1.5317999999999996
41035,NL_Coal,2050,10,19,19,-1.5317999999999996
41036,NL_Coal,2050,10,20,20,-0.7038
41037,NL_Coal,2050,10,21,21,0.0
41038,NL_Coal,2050,10,22,22,0.0
41039,NL_Coal,2050,10,23,23,0.0
41040,NL_Coal,2050,10,24,24,0.0
41041,NL_Nuclear,2050,1,1,1,-0.49290000000000006
41042,NL_Nuclear,2050,1,2,2,-0.49290000000000006
41043,NL_Nuclear,2050,1,3,3,-0.49290000000000006
41044,NL_Nuclear,2050,1,4,4,-0.49290000000000006
41045,NL_Nuclear,2050,1,5,5,-0.49290000000000006
41046,NL_Nuclear,2050,1,6,6,-0.49290000000000006
41047,NL_Nuclear,2050,1,7,7,-1.3038
41048,NL_Nuclear,2050,1,8,8,-1.3038
41049,NL_Nuclear,2050,1,9,9,-1.3038
41050,NL_Nuclear,2050,1,10,10,-1.3038
41051,NL_Nuclear,2050,1,11,11,-1.3038
41052,NL_Nuclear,2050,1,12,12,-1.3038
41053,NL_Nuclear,2050,1,13,13,-1.3038
41054,NL_Nuclear,2050,1,14,14,-1.3038
41055,NL_Nuclear,2050,1,15,15,-1.3038
41056,NL_Nuclear,2050,1,16,16,-1.3038
41057,NL_Nuclear,2050,1,17,17,-0.49290000000000006
41058,NL_Nuclear,2050,1,18,18,-0.49290000000000006
41059,NL_Nuclear,2050,1,19,19,-1.3038
41060,NL_Nuclear,2050,1,20,20,-0.49290000000000006
41061,NL_Nuclear,2050,1,21,21,-0.49290000000000006
41062,NL_Nuclear,2050,1,22,22,-0.49290000000000006
41063,NL_Nuclear,2050,1,23,23,-12.352465705666337
41064,NL_Nuclear,2050,1,24,24,0.0
41065,NL_Nuclear,2050,2,1,1,0.0
41066,NL_Nuclear,2050,2,2,2,0.0
41067,NL_Nuclear,2050,2,3,3,0.0
41068,NL_Nuclear,2050,2,4,4,0.0
41069,NL_Nuclear,2050,2,5,5,0.0
41070,NL_Nuclear,2050,2,6,6,-0.30690000000000006
41071,NL_Nuclear,2050,2,7,7,-0.30690000000000006
41072,NL_Nuclear,2050,2,8,8,-0.30690000000000006
41073,NL_Nuclear,2050,2,9,9,-0.30690000000000006
41074,NL_Nuclear,2050,2,10,10,-0.30690000000000006
41075,NL_Nuclear,2050,2,11,11,-0.30690000000000006
41076,NL_Nuclear,2050,2,12,12,-0.30690000000000006
41077,NL_Nuclear,2050,2,13,13,-0.30690000000000006
41078,NL_Nuclear,2050,2,14,14,-0.30690000000000006
41079,NL_Nuclear,2050,2,15,15,-0.30690000000000006
41080,NL_Nuclear,2050,2,16,16,-0.30690000000000006
41081,NL_Nuclear,2050,2,17,17,-0.30690000000000006
41082,NL_Nuclear,2050,2,18,18,-0.30690000000000006
41083,NL_Nuclear,2050,2,19,19,-0.30690000000000006
41084,NL_Nuclear,2050,2,20,20,-0.30690000000000006
41085,NL_Nuclear,2050,2,21,21,-0.30690000000000006
41086,NL_Nuclear,2050,2,22,22,0.0
41087,NL_Nuclear,2050,2,23,23,0.0
41088,NL_Nuclear,2050,2,24,24,0.0
41089,NL_Nuclear,2050,3,1,1,0.0
41090,NL_Nuclear,2050,3,2,2,0.0
41091,NL_Nuclear,2050,3,3,3,0.0
41092,NL_Nuclear,2050,3,4,4,0.0
41093,NL_Nuclear,2050,3,5,5,0.0
41094,NL_Nuclear,2050,3,6,6,0.0
41095,NL_Nuclear,2050,3,7,7,0.0
41096,NL_Nuclear,2050,3,8,8,0.0
41097,NL_Nuclear,2050,3,9,9,0.0
41098,NL_Nuclear,2050,3,10,10,0.0
41099,NL_Nuclear,2050,3,11,11,0.0
41100,NL_Nuclear,2050,3,12,12,0.0
41101,NL_Nuclear,2050,3,13,13,0.0
41102,NL_Nuclear,2050,3,14,14,0.0
41103,NL_Nuclear,2050,3,15,15,0.0
41104,NL_Nuclear,2050,3,16,16,0.0
41105,NL_Nuclear,2050,3,17,17,0.0
41106,NL_Nuclear,2050,3,18,18,0.0
41107,NL_Nuclear,2050,3,19,19,0.0
41108,NL_Nuclear,2050,3,20,20,0.0
41109,NL_Nuclear,2050,3,21,21,0.0
41110,NL_Nuclear,2050,3,22,22,0.0
41111,NL_Nuclear,2050,3,23,23,0.0
41112,NL_Nuclear,2050,3,24,24,0.0
41113,NL_Nuclear,2050,4,1,1,-0.21390000000000003
41114,NL_Nuclear,2050,4,2,2,0.0
41115,NL_Nuclear,2050,4,3,3,0.0
41116,NL_Nuclear,2050,4,4,4,0.0
41117,NL_Nuclear,2050,4,5,5,0.0
41118,NL_Nuclear,2050,4,6,6,0.0
41119,NL_Nuclear,2050,4,7,7,0.0
41120,NL_Nuclear,2050,4,8,8,-0.21390000000000003
41121,NL_Nuclear,2050,4,9,9,-0.21390000000000003
41122,NL_Nuclear,2050,4,10,10,0.0
41123,NL_Nuclear,2050,4,11,11,0.0
41124,NL_Nuclear,2050,4,12,12,-0.21390000000000003
41125,NL_Nuclear,2050,4,13,13,-0.21390000000000003
41126,NL_Nuclear,2050,4,14,14,-0.21390000000000003
41127,NL_Nuclear,2050,4,15,15,0.0
41128,NL_Nuclear,2050,4,16,16,-0.21390000000000003
41129,NL_Nuclear,2050,4,17,17,-0.21390000000000003
41130,NL_Nuclear,2050,4,18,18,-0.21390000000000003
41131,NL_Nuclear,2050,4,19,19,-0.21390000000000003
41132,NL_Nuclear,2050,4,20,20,0.0
41133,NL_Nuclear,2050,4,21,21,0.0
41134,NL_Nuclear,2050,4,22,22,0.0
41135,NL_Nuclear,2050,4,23,23,0.0
41136,NL_Nuclear,2050,4,24,24,0.0
41137,NL_Nuclear,2050,5,1,1,0.0
41138,NL_Nuclear,2050,5,2,2,0.0
41139,NL_Nuclear,2050,5,3,3,0.0
41140,NL_Nuclear,2050,5,4,4,0.0
41141,NL_Nuclear,2050,5,5,5,0.0
41142,NL_Nuclear,2050,5,6,6,0.0
41143,NL_Nuclear,2050,5,7,7,0.0
41144,NL_Nuclear,2050,5,8,8,0.0
41145,NL_Nuclear,2050,5,9,9,0.0
41146,NL_Nuclear,2050,5,10,10,0.0
41147,NL_Nuclear,2050,5,11,11,0.0
41148,NL_Nuclear,2050,5,12,12,0.0
41149,NL_Nuclear,2050,5,13,13,0.0
41150,NL_Nuclear,2050,5,14,14,0.0
41151,NL_Nuclear,2050,5,15,15,0.0
41152,NL_Nuclear,2050,5,16,16,0.0
41153,NL_Nuclear,2050,5,17,17,0.0
41154,NL_Nuclear,2050,5,18,18,0.0
41155,NL_Nuclear,2050,5,19,19,0.0
41156,NL_Nuclear,2050,5,20,20,0.0
41157,NL_Nuclear,2050,5,21,21,0.0
41158,NL_Nuclear,2050,5,22,22,0.0
41159,NL_Nuclear,2050,5,23,23,0.0
41160,NL_Nuclear,2050,5,24,24,0.0
41161,NL_Nuclear,2050,6,1,1,-0.1674
41162,NL_Nuclear,2050,6,2,2,-0.1674
41163,NL_Nuclear,2050,6,3,3,-0.1674
41164,NL_Nuclear,2050,6,4,4,-0.1674
41165,NL_Nuclear,2050,6,5,5,-0.1674
41166,NL_Nuclear,2050,6,6,6,-0.4428000000000001
41167,NL_Nuclear,2050,6,7,7,-0.4428000000000001
41168,NL_Nuclear,2050,6,8,8,-0.4428000000000001
41169,NL_Nuclear,2050,6,9,9,-0.4428000000000001
41170,NL_Nuclear,2050,6,10,10,-0.1674
41171,NL_Nuclear,2050,6,11,11,-0.1674
41172,NL_Nuclear,2050,6,12,12,-0.1674
41173,NL_Nuclear,2050,6,13,13,-0.1674
41174,NL_Nuclear,2050,6,14,14,-0.1674
41175,NL_Nuclear,2050,6,15,15,0.0
41176,NL_Nuclear,2050,6,16,16,-0.1674
41177,NL_Nuclear,2050,6,17,17,-0.1674
41178,NL_Nuclear,2050,6,18,18,-0.1674
41179,NL_Nuclear,2050,6,19,19,-0.1674
41180,NL_Nuclear,2050,6,20,20,-0.4428000000000001
41181,NL_Nuclear,2050,6,21,21,-0.4428000000000001
41182,NL_Nuclear,2050,6,22,22,-0.1674
41183,NL_Nuclear,2050,6,23,23,-0.1674
41184,NL_Nuclear,2050,6,24,24,-0.1674
41185,NL_Nuclear,2050,7,1,1,-0.3441000000000001
41186,NL_Nuclear,2050,7,2,2,-0.3441000000000001
41187,NL_Nuclear,2050,7,3,3,-0.3441000000000001
41188,NL_Nuclear,2050,7,4,4,-0.3441000000000001
41189,NL_Nuclear,2050,7,5,5,-0.9102000000000001
41190,NL_Nuclear,2050,7,6,6,-0.9102000000000001
41191,NL_Nuclear,2050,7,7,7,-0.9102000000000001
41192,NL_Nuclear,2050,7,8,8,-1.5761999999999998
41193,NL_Nuclear,2050,7,9,9,-1.5761999999999998
41194,NL_Nuclear,2050,7,10,10,-1.5761999999999998
41195,NL_Nuclear,2050,7,11,11,-1.5761999999999998
41196,NL_Nuclear,2050,7,12,12,-1.5761999999999998
41197,NL_Nuclear,2050,7,13,13,-1.5761999999999998
41198,NL_Nuclear,2050,7,14,14,-1.5761999999999998
41199,NL_Nuclear,2050,7,15,15,-1.5761999999999998
41200,NL_Nuclear,2050,7,16,16,-1.5761999999999998
41201,NL_Nuclear,2050,7,17,17,-1.5761999999999998
41202,NL_Nuclear,2050,7,18,18,-8.687365705666338
41203,NL_Nuclear,2050,7,19,19,-8.687365705666338
41204,NL_Nuclear,2050,7,20,20,-1.5761999999999998
41205,NL_Nuclear,2050,7,21,21,-0.9102000000000001
41206,NL_Nuclear,2050,7,22,22,-0.3441000000000001
41207,NL_Nuclear,2050,7,23,23,-0.3441000000000001
41208,NL_Nuclear,2050,7,24,24,-0.3441000000000001
41209,NL_Nuclear,2050,8,1,1,0.0
41210,NL_Nuclear,2050,8,2,2,0.0
41211,NL_Nuclear,2050,8,3,3,0.0
41212,NL_Nuclear,2050,8,4,4,0.0
41213,NL_Nuclear,2050,8,5,5,0.0
41214,NL_Nuclear,2050,8,6,6,0.0
41215,NL_Nuclear,2050,8,7,7,0.0
41216,NL_Nuclear,2050,8,8,8,0.0
41217,NL_Nuclear,2050,8,9,9,0.0
41218,NL_Nuclear,2050,8,10,10,0.0
41219,NL_Nuclear,2050,8,11,11,0.0
41220,NL_Nuclear,2050,8,12,12,0.0
41221,NL_Nuclear,2050,8,13,13,0.0
41222,NL_Nuclear,2050,8,14,14,0.0
41223,NL_Nuclear,2050,8,15,15,0.0
41224,NL_Nuclear,2050,8,16,16,0.0
41225,NL_Nuclear,2050,8,17,17,0.0
41226,NL_Nuclear,2050,8,18,18,0.0
41227,NL_Nuclear,2050,8,19,19,0.0
41228,NL_Nuclear,2050,8,20,20,0.0
41229,NL_Nuclear,2050,8,21,21,0.0
41230,NL_Nuclear,2050,8,22,22,0.0
41231,NL_Nuclear,2050,8,23,23,0.0
41232,NL_Nuclear,2050,8,24,24,0.0
41233,NL_Nuclear,2050,9,1,1,0.0
41234,NL_Nuclear,2050,9,2,2,0.0
41235,NL_Nuclear,2050,9,3,3,0.0
41236,NL_Nuclear,2050,9,4,4,0.0
41237,NL_Nuclear,2050,9,5,5,0.0
41238,NL_Nuclear,2050,9,6,6,0.0
41239,NL_Nuclear,2050,9,7,7,0.0
41240,NL_Nuclear,2050,9,8,8,0.0
41241,NL_Nuclear,2050,9,9,9,0.0
41242,NL_Nuclear,2050,9,10,10,0.0
41243,NL_Nuclear,2050,9,11,11,0.0
41244,NL_Nuclear,2050,9,12,12,0.0
41245,NL_Nuclear,2050,9,13,13,0.0
41246,NL_Nuclear,2050,9,14,14,0.0
41247,NL_Nuclear,2050,9,15,15,0.0
41248,NL_Nuclear,2050,9,16,16,0.0
41249,NL_Nuclear,2050,9,17,17,0.0
41250,NL_Nuclear,2050,9,18,18,0.0
41251,NL_Nuclear,2050,9,19,19,-0.39990000000000003
41252,NL_Nuclear,2050,9,20,20,-0.39990000000000003
41253,NL_Nuclear,2050,9,21,21,-0.39990000000000003
41254,NL_Nuclear,2050,9,22,22,0.0
41255,NL_Nuclear,2050,9,23,23,0.0
41256,NL_Nuclear,2050,9,24,24,0.0
41257,NL_Nuclear,2050,10,1,1,-0.42780000000000007
41258,NL_Nuclear,2050,10,2,2,-0.42780000000000007
41259,NL_Nuclear,2050,10,3,3,-0.42780000000000007
41260,NL_Nuclear,2050,10,4,4,-0.42780000000000007
41261,NL_Nuclear,2050,10,5,5,-1.1316000000000002
41262,NL_Nuclear,2050,10,6,6,-1.1316000000000002
41263,NL_Nuclear,2050,10,7,7,-1.1316000000000002
41264,NL_Nuclear,2050,10,8,8,-1.1316000000000002
41265,NL_Nuclear,2050,10,9,9,-1.1316000000000002
41266,NL_Nuclear,2050,10,10,10,-1.1316000000000002
41267,NL_Nuclear,2050,10,11,11,-1.1316000000000002
41268,NL_Nuclear,2050,10,12,12,-1.9595999999999996
41269,NL_Nuclear,2050,10,13,13,-1.9595999999999996
41270,NL_Nuclear,2050,10,14,14,-1.9595999999999996
41271,NL_Nuclear,2050,10,15,15,-1.9595999999999996
41272,NL_Nuclear,2050,10,16,16,-1.9595999999999996
41273,NL_Nuclear,2050,10,17,17,-1.9595999999999996
41274,NL_Nuclear,2050,10,18,18,-1.9595999999999996
41275,NL_Nuclear,2050,10,19,19,-1.9595999999999996
41276,NL_Nuclear,2050,10,20,20,-1.1316000000000002
41277,NL_Nuclear,2050,10,21,21,-0.42780000000000007
41278,NL_Nuclear,2050,10,22,22,-0.42780000000000007
41279,NL_Nuclear,2050,10,23,23,-0.42780000000000007
41280,NL_Nuclear,2050,10,24,24,-0.42780000000000007
41281,NL_OCGT,2050,1,1,1,0.0
41282,NL_OCGT,2050,1,2,2,0.0
41283,NL_OCGT,2050,1,3,3,0.0
41284,NL_OCGT,2050,1,4,4,0.0
41285,NL_OCGT,2050,1,5,5,0.0
41286,NL_OCGT,2050,1,6,6,0.0
41287,NL_OCGT,2050,1,7,7,0.0
41288,NL_OCGT,2050,1,8,8,0.0
41289,NL_OCGT,2050,1,9,9,0.0
41290,NL_OCGT,2050,1,10,10,0.0
41291,NL_OCGT,2050,1,11,11,0.0
41292,NL_OCGT,2050,1,12,12,0.0
41293,NL_OCGT,2050,1,13,13,0.0
41294,NL_OCGT,2050,1,14,14,0.0
41295,NL_OCGT,2050,1,15,15,0.0
41296,NL_OCGT,2050,1,16,16,0.0
41297,NL_OCGT,2050,1,17,17,0.0
41298,NL_OCGT,2050,1,18,18,0.0
41299,NL_OCGT,2050,1,19,19,0.0
41300,NL_OCGT,2050,1,20,20,0.0
41301,NL_OCGT,2050,1,21,21,0.0
41302,NL_OCGT,2050,1,22,22,0.0
41303,NL_OCGT,2050,1,23,23,0.0
41304,NL_OCGT,2050,1,24,24,0.0
41305,NL_OCGT,2050,2,1,1,0.0
41306,NL_OCGT,2050,2,2,2,0.0
41307,NL_OCGT,2050,2,3,3,0.0
41308,NL_OCGT,2050,2,4,4,0.0
41309,NL_OCGT,2050,2,5,5,0.0
41310,NL_OCGT,2050,2,6,6,0.0
41311,NL_OCGT,2050,2,7,7,0.0
41312,NL_OCGT,2050,2,8,8,0.0
41313,NL_OCGT,2050,2,9,9,0.0
41314,NL_OCGT,2050,2,10,10,0.0
41315,NL_OCGT,2050,2,11,11,0.0
41316,NL_OCGT,2050,2,12,12,0.0
41317,NL_OCGT,2050,2,13,13,0.0
41318,NL_OCGT,2050,2,14,14,0.0
41319,NL_OCGT,2050,2,15,15,0.0
41320,NL_OCGT,2050,2,16,16,0.0
41321,NL_OCGT,2050,2,17,17,0.0
41322,NL_OCGT,2050,2,18,18,0.0
41323,NL_OCGT,2050,2,19,19,0.0
41324,NL_OCGT,2050,2,20,20,0.0
41325,NL_OCGT,2050,2,21,21,0.0
41326,NL_OCGT,2050,2,22,22,0.0
41327,NL_OCGT,2050,2,23,23,0.0
41328,NL_OCGT,2050,2,24,24,0.0
41329,NL_OCGT,2050,3,1,1,0.0
41330,NL_OCGT,2050,3,2,2,0.0
41331,NL_OCGT,2050,3,3,3,0.0
41332,NL_OCGT,2050,3,4,4,0.0
41333,NL_OCGT,2050,3,5,5,0.0
41334,NL_OCGT,2050,3,6,6,0.0
41335,NL_OCGT,2050,3,7,7,0.0
41336,NL_OCGT,2050,3,8,8,0.0
41337,NL_OCGT,2050,3,9,9,0.0
41338,NL_OCGT,2050,3,10,10,0.0
41339,NL_OCGT,2050,3,11,11,0.0
41340,NL_OCGT,2050,3,12,12,0.0
41341,NL_OCGT,2050,3,13,13,0.0
41342,NL_OCGT,2050,3,14,14,0.0
41343,NL_OCGT,2050,3,15,15,0.0
41344,NL_OCGT,2050,3,16,16,0.0
41345,NL_OCGT,2050,3,17,17,0.0
41346,NL_OCGT,2050,3,18,18,0.0
41347,NL_OCGT,2050,3,19,19,0.0
41348,NL_OCGT,2050,3,20,20,0.0
41349,NL_OCGT,2050,3,21,21,0.0
41350,NL_OCGT,2050,3,22,22,0.0
41351,NL_OCGT,2050,3,23,23,0.0
41352,NL_OCGT,2050,3,24,24,0.0
41353,NL_OCGT,2050,4,1,1,0.0
41354,NL_OCGT,2050,4,2,2,0.0
41355,NL_OCGT,2050,4,3,3,0.0
41356,NL_OCGT,2050,4,4,4,0.0
41357,NL_OCGT,2050,4,5,5,0.0
41358,NL_OCGT,2050,4,6,6,0.0
41359,NL_OCGT,2050,4,7,7,0.0
41360,NL_OCGT,2050,4,8,8,0.0
41361,NL_OCGT,2050,4,9,9,0.0
41362,NL_OCGT,2050,4,10,10,0.0
41363,NL_OCGT,2050,4,11,11,0.0
41364,NL_OCGT,2050,4,12,12,0.0
41365,NL_OCGT,2050,4,13,13,0.0
41366,NL_OCGT,2050,4,14,14,0.0
41367,NL_OCGT,2050,4,15,15,0.0
41368,NL_OCGT,2050,4,16,16,0.0
41369,NL_OCGT,2050,4,17,17,0.0
41370,NL_OCGT,2050,4,18,18,0.0
41371,NL_OCGT,2050,4,19,19,0.0
41372,NL_OCGT,2050,4,20,20,0.0
41373,NL_OCGT,2050,4,21,21,0.0
41374,NL_OCGT,2050,4,22,22,0.0
41375,NL_OCGT,2050,4,23,23,0.0
41376,NL_OCGT,2050,4,24,24,0.0
41377,NL_OCGT,2050,5,1,1,0.0
41378,NL_OCGT,2050,5,2,2,0.0
41379,NL_OCGT,2050,5,3,3,0.0
41380,NL_OCGT,2050,5,4,4,0.0
41381,NL_OCGT,2050,5,5,5,0.0
41382,NL_OCGT,2050,5,6,6,0.0
41383,NL_OCGT,2050,5,7,7,0.0
41384,NL_OCGT,2050,5,8,8,0.0
41385,NL_OCGT,2050,5,9,9,0.0
41386,NL_OCGT,2050,5,10,10,0.0
41387,NL_OCGT,2050,5,11,11,0.0
41388,NL_OCGT,2050,5,12,12,0.0
41389,NL_OCGT,2050,5,13,13,0.0
41390,NL_OCGT,2050,5,14,14,0.0
41391,NL_OCGT,2050,5,15,15,0.0
41392,NL_OCGT,2050,5,16,16,0.0
41393,NL_OCGT,2050,5,17,17,0.0
41394,NL_OCGT,2050,5,18,18,0.0
41395,NL_OCGT,2050,5,19,19,0.0
41396,NL_OCGT,2050,5,20,20,0.0
41397,NL_OCGT,2050,5,21,21,0.0
41398,NL_OCGT,2050,5,22,22,0.0
41399,NL_OCGT,2050,5,23,23,0.0
41400,NL_OCGT,2050,5,24,24,0.0
41401,NL_OCGT,2050,6,1,1,0.0
41402,NL_OCGT,2050,6,2,2,0.0
41403,NL_OCGT,2050,6,3,3,0.0
41404,NL_OCGT,2050,6,4,4,0.0
41405,NL_OCGT,2050,6,5,5,0.0
41406,NL_OCGT,2050,6,6,6,0.0
41407,NL_OCGT,2050,6,7,7,0.0
41408,NL_OCGT,2050,6,8,8,0.0
41409,NL_OCGT,2050,6,9,9,0.0
41410,NL_OCGT,2050,6,10,10,0.0
41411,NL_OCGT,2050,6,11,11,0.0
41412,NL_OCGT,2050,6,12,12,0.0
41413,NL_OCGT,2050,6,13,13,0.0
41414,NL_OCGT,2050,6,14,14,0.0
41415,NL_OCGT,2050,6,15,15,0.0
41416,NL_OCGT,2050,6,16,16,0.0
41417,NL_OCGT,2050,6,17,17,0.0
41418,NL_OCGT,2050,6,18,18,0.0
41419,NL_OCGT,2050,6,19,19,0.0
41420,NL_OCGT,2050,6,20,20,0.0
41421,NL_OCGT,2050,6,21,21,0.0
41422,NL_OCGT,2050,6,22,22,0.0
41423,NL_OCGT,2050,6,23,23,0.0
41424,NL_OCGT,2050,6,24,24,0.0
41425,NL_OCGT,2050,7,1,1,0.0
41426,NL_OCGT,2050,7,2,2,0.0
41427,NL_OCGT,2050,7,3,3,0.0
41428,NL_OCGT,2050,7,4,4,0.0
41429,NL_OCGT,2050,7,5,5,0.0
41430,NL_OCGT,2050,7,6,6,0.0
41431,NL_OCGT,2050,7,7,7,0.0
41432,NL_OCGT,2050,7,8,8,0.0
41433,NL_OCGT,2050,7,9,9,0.0
41434,NL_OCGT,2050,7,10,10,0.0
41435,NL_OCGT,2050,7,11,11,0.0
41436,NL_OCGT,2050,7,12,12,0.0
41437,NL_OCGT,2050,7,13,13,0.0
41438,NL_OCGT,2050,7,14,14,0.0
41439,NL_OCGT,2050,7,15,15,0.0
41440,NL_OCGT,2050,7,16,16,0.0
41441,NL_OCGT,2050,7,17,17,0.0
41442,NL_OCGT,2050,7,18,18,-7.111165705666338
41443,NL_OCGT,2050,7,19,19,-7.111165705666338
41444,NL_OCGT,2050,7,20,20,0.0
41445,NL_OCGT,2050,7,21,21,0.0
41446,NL_OCGT,2050,7,22,22,0.0
41447,NL_OCGT,2050,7,23,23,0.0
41448,NL_OCGT,2050,7,24,24,0.0
41449,NL_OCGT,2050,8,1,1,0.0
41450,NL_OCGT,2050,8,2,2,0.0
41451,NL_OCGT,2050,8,3,3,0.0
41452,NL_OCGT,2050,8,4,4,0.0
41453,NL_OCGT,2050,8,5,5,0.0
41454,NL_OCGT,2050,8,6,6,0.0
41455,NL_OCGT,2050,8,7,7,0.0
41456,NL_OCGT,2050,8,8,8,0.0
41457,NL_OCGT,2050,8,9,9,0.0
41458,NL_OCGT,2050,8,10,10,0.0
41459,NL_OCGT,2050,8,11,11,0.0
41460,NL_OCGT,2050,8,12,12,0.0
41461,NL_OCGT,2050,8,13,13,0.0
41462,NL_OCGT,2050,8,14,14,0.0
41463,NL_OCGT,2050,8,15,15,0.0
41464,NL_OCGT,2050,8,16,16,0.0
41465,NL_OCGT,2050,8,17,17,0.0
41466,NL_OCGT,2050,8,18,18,0.0
41467,NL_OCGT,2050,8,19,19,0.0
41468,NL_OCGT,2050,8,20,20,0.0
41469,NL_OCGT,2050,8,21,21,0.0
41470,NL_OCGT,2050,8,22,22,0.0
41471,NL_OCGT,2050,8,23,23,0.0
41472,NL_OCGT,2050,8,24,24,0.0
41473,NL_OCGT,2050,9,1,1,0.0
41474,NL_OCGT,2050,9,2,2,0.0
41475,NL_OCGT,2050,9,3,3,0.0
41476,NL_OCGT,2050,9,4,4,0.0
41477,NL_OCGT,2050,9,5,5,0.0
41478,NL_OCGT,2050,9,6,6,0.0
41479,NL_OCGT,2050,9,7,7,0.0
41480,NL_OCGT,2050,9,8,8,0.0
41481,NL_OCGT,2050,9,9,9,0.0
41482,NL_OCGT,2050,9,10,10,0.0
41483,NL_OCGT,2050,9,11,11,0.0
41484,NL_OCGT,2050,9,12,12,0.0
41485,NL_OCGT,2050,9,13,13,0.0
41486,NL_OCGT,2050,9,14,14,0.0
41487,NL_OCGT,2050,9,15,15,0.0
41488,NL_OCGT,2050,9,16,16,0.0
41489,NL_OCGT,2050,9,17,17,0.0
41490,NL_OCGT,2050,9,18,18,0.0
41491,NL_OCGT,2050,9,19,19,0.0
41492,NL_OCGT,2050,9,20,20,0.0
41493,NL_OCGT,2050,9,21,21,0.0
41494,NL_OCGT,2050,9,22,22,0.0
41495,NL_OCGT,2050,9,23,23,0.0
41496,NL_OCGT,2050,9,24,24,0.0
41497,NL_OCGT,2050,10,1,1,0.0
41498,NL_OCGT,2050,10,2,2,0.0
41499,NL_OCGT,2050,10,3,3,0.0
41500,NL_OCGT,2050,10,4,4,0.0
41501,NL_OCGT,2050,10,5,5,0.0
41502,NL_OCGT,2050,10,6,6,0.0
41503,NL_OCGT,2050,10,7,7,0.0
41504,NL_OCGT,2050,10,8,8,0.0
41505,NL_OCGT,2050,10,9,9,0.0
41506,NL_OCGT,2050,10,10,10,0.0
41507,NL_OCGT,2050,10,11,11,0.0
41508,NL_OCGT,2050,10,12,12,0.0
41509,NL_OCGT,2050,10,13,13,0.0
41510,NL_OCGT,2050,10,14,14,0.0
41511,NL_OCGT,2050,10,15,15,0.0
41512,NL_OCGT,2050,10,16,16,0.0
41513,NL_OCGT,2050,10,17,17,0.0
41514,NL_OCGT,2050,10,18,18,0.0
41515,NL_OCGT,2050,10,19,19,0.0
41516,NL_OCGT,2050,10,20,20,0.0
41517,NL_OCGT,2050,10,21,21,0.0
41518,NL_OCGT,2050,10,22,22,0.0
41519,NL_OCGT,2050,10,23,23,0.0
41520,NL_OCGT,2050,10,24,24,0.0
41521,NL_Solar,2050,1,1,1,-0.9381
41522,NL_Solar,2050,1,2,2,-0.9381
41523,NL_Solar,2050,1,3,3,-0.9381
41524,NL_Solar,2050,1,4,4,-0.9381
41525,NL_Solar,2050,1,5,5,-0.9381
41526,NL_Solar,2050,1,6,6,-0.9381
41527,NL_Solar,2050,1,7,7,-1.749
41528,NL_Solar,2050,1,8,8,-1.749
41529,NL_Solar,2050,1,9,9,-1.749
41530,NL_Solar,2050,1,10,10,-1.749
41531,NL_Solar,2050,1,11,11,-1.749
41532,NL_Solar,2050,1,12,12,-1.749
41533,NL_Solar,2050,1,13,13,-1.749
41534,NL_Solar,2050,1,14,14,-1.749
41535,NL_Solar,2050,1,15,15,-1.749
41536,NL_Solar,2050,1,16,16,-1.749
41537,NL_Solar,2050,1,17,17,-0.9381
41538,NL_Solar,2050,1,18,18,-0.9381
41539,NL_Solar,2050,1,19,19,-1.749
41540,NL_Solar,2050,1,20,20,-0.9381
41541,NL_Solar,2050,1,21,21,-0.9381
41542,NL_Solar,2050,1,22,22,-0.9381
41543,NL_Solar,2050,1,23,23,-12.797665705666336
41544,NL_Solar,2050,1,24,24,0.0
41545,NL_Solar,2050,2,1,1,0.0
41546,NL_Solar,2050,2,2,2,0.0
41547,NL_Solar,2050,2,3,3,0.0
41548,NL_Solar,2050,2,4,4,0.0
41549,NL_Solar,2050,2,5,5,0.0
41550,NL_Solar,2050,2,6,6,-0.5841000000000001
41551,NL_Solar,2050,2,7,7,-0.5841000000000001
41552,NL_Solar,2050,2,8,8,-0.5841000000000001
41553,NL_Solar,2050,2,9,9,-0.5841000000000001
41554,NL_Solar,2050,2,10,10,-0.5841000000000001
41555,NL_Solar,2050,2,11,11,-0.5841000000000001
41556,NL_Solar,2050,2,12,12,-0.5841000000000001
41557,NL_Solar,2050,2,13,13,-0.5841000000000001
41558,NL_Solar,2050,2,14,14,-0.5841000000000001
41559,NL_Solar,2050,2,15,15,-0.5841000000000001
41560,NL_Solar,2050,2,16,16,-0.5841000000000001
41561,NL_Solar,2050,2,17,17,-0.5841000000000001
41562,NL_Solar,2050,2,18,18,-0.5841000000000001
41563,NL_Solar,2050,2,19,19,-0.5841000000000001
41564,NL_Solar,2050,2,20,20,-0.5841000000000001
41565,NL_Solar,2050,2,21,21,-0.5841000000000001
41566,NL_Solar,2050,2,22,22,0.0
41567,NL_Solar,2050,2,23,23,0.0
41568,NL_Solar,2050,2,24,24,0.0
41569,NL_Solar,2050,3,1,1,0.0
41570,NL_Solar,2050,3,2,2,0.0
41571,NL_Solar,2050,3,3,3,0.0
41572,NL_Solar,2050,3,4,4,0.0
41573,NL_Solar,2050,3,5,5,0.0
41574,NL_Solar,2050,3,6,6,0.0
41575,NL_Solar,2050,3,7,7,0.0
41576,NL_Solar,2050,3,8,8,0.0
41577,NL_Solar,2050,3,9,9,0.0
41578,NL_Solar,2050,3,10,10,0.0
41579,NL_Solar,2050,3,11,11,0.0
41580,NL_Solar,2050,3,12,12,0.0
41581,NL_Solar,2050,3,13,13,0.0
41582,NL_Solar,2050,3,14,14,0.0
41583,NL_Solar,2050,3,15,15,0.0
41584,NL_Solar,2050,3,16,16,0.0
41585,NL_Solar,2050,3,17,17,0.0
41586,NL_Solar,2050,3,18,18,0.0
41587,NL_Solar,2050,3,19,19,0.0
41588,NL_Solar,2050,3,20,20,0.0
41589,NL_Solar,2050,3,21,21,0.0
41590,NL_Solar,2050,3,22,22,0.0
41591,NL_Solar,2050,3,23,23,0.0
41592,NL_Solar,2050,3,24,24,0.0
41593,NL_Solar,2050,4,1,1,-0.4071
41594,NL_Solar,2050,4,2,2,0.0
41595,NL_Solar,2050,4,3,3,0.0
41596,NL_Solar,2050,4,4,4,0.0
41597,NL_Solar,2050,4,5,5,0.0
41598,NL_Solar,2050,4,6,6,0.0
41599,NL_Solar,2050,4,7,7,0.0
41600,NL_Solar,2050,4,8,8,-0.4071
41601,NL_Solar,2050,4,9,9,-0.4071
41602,NL_Solar,2050,4,10,10,0.0
41603,NL_Solar,2050,4,11,11,0.0
41604,NL_Solar,2050,4,12,12,-0.4071
41605,NL_Solar,2050,4,13,13,-0.4071
41606,NL_Solar,2050,4,14,14,-0.4071
41607,NL_Solar,2050,4,15,15,0.0
41608,NL_Solar,2050,4,16,16,-0.4071
41609,NL_Solar,2050,4,17,17,-0.4071
41610,NL_Solar,2050,4,18,18,-0.4071
41611,NL_Solar,2050,4,19,19,-0.4071
41612,NL_Solar,2050,4,20,20,0.0
41613,NL_Solar,2050,4,21,21,0.0
41614,NL_Solar,2050,4,22,22,0.0
41615,NL_Solar,2050,4,23,23,0.0
41616,NL_Solar,2050,4,24,24,0.0
41617,NL_Solar,2050,5,1,1,0.0
41618,NL_Solar,2050,5,2,2,0.0
41619,NL_Solar,2050,5,3,3,0.0
41620,NL_Solar,2050,5,4,4,0.0
41621,NL_Solar,2050,5,5,5,0.0
41622,NL_Solar,2050,5,6,6,0.0
41623,NL_Solar,2050,5,7,7,0.0
41624,NL_Solar,2050,5,8,8,0.0
41625,NL_Solar,2050,5,9,9,0.0
41626,NL_Solar,2050,5,10,10,0.0
41627,NL_Solar,2050,5,11,11,0.0
41628,NL_Solar,2050,5,12,12,0.0
41629,NL_Solar,2050,5,13,13,0.0
41630,NL_Solar,2050,5,14,14,0.0
41631,NL_Solar,2050,5,15,15,0.0
41632,NL_Solar,2050,5,16,16,0.0
41633,NL_Solar,2050,5,17,17,0.0
41634,NL_Solar,2050,5,18,18,0.0
41635,NL_Solar,2050,5,19,19,0.0
41636,NL_Solar,2050,5,20,20,0.0
41637,NL_Solar,2050,5,21,21,0.0
41638,NL_Solar,2050,5,22,22,0.0
41639,NL_Solar,2050,5,23,23,0.0
41640,NL_Solar,2050,5,24,24,0.0
41641,NL_Solar,2050,6,1,1,-0.3186
41642,NL_Solar,2050,6,2,2,-0.3186
41643,NL_Solar,2050,6,3,3,-0.3186
41644,NL_Solar,2050,6,4,4,-0.3186
41645,NL_Solar,2050,6,5,5,-0.3186
41646,NL_Solar,2050,6,6,6,-0.5940000000000001
41647,NL_Solar,2050,6,7,7,-0.5940000000000001
41648,NL_Solar,2050,6,8,8,-0.5940000000000001
41649,NL_Solar,2050,6,9,9,-0.5940000000000001
41650,NL_Solar,2050,6,10,10,-0.3186
41651,NL_Solar,2050,6,11,11,-0.3186
41652,NL_Solar,2050,6,12,12,-0.3186
41653,NL_Solar,2050,6,13,13,-0.3186
41654,NL_Solar,2050,6,14,14,-0.3186
41655,NL_Solar,2050,6,15,15,0.0
41656,NL_Solar,2050,6,16,16,-0.3186
41657,NL_Solar,2050,6,17,17,-0.3186
41658,NL_Solar,2050,6,18,18,-0.3186
41659,NL_Solar,2050,6,19,19,-0.3186
41660,NL_Solar,2050,6,20,20,-0.5940000000000001
41661,NL_Solar,2050,6,21,21,-0.5940000000000001
41662,NL_Solar,2050,6,22,22,-0.3186
41663,NL_Solar,2050,6,23,23,-0.3186
41664,NL_Solar,2050,6,24,24,-0.3186
41665,NL_Solar,2050,7,1,1,-0.6549
41666,NL_Solar,2050,7,2,2,-0.6549
41667,NL_Solar,2050,7,3,3,-0.6549
41668,NL_Solar,2050,7,4,4,-0.6549
41669,NL_Solar,2050,7,5,5,-1.221
41670,NL_Solar,2050,7,6,6,-1.221
41671,NL_Solar,2050,7,7,7,-1.221
41672,NL_Solar,2050,7,8,8,-1.8869999999999998
41673,NL_Solar,2050,7,9,9,-1.8869999999999998
41674,NL_Solar,2050,7,10,10,-1.8869999999999998
41675,NL_Solar,2050,7,11,11,-1.8869999999999998
41676,NL_Solar,2050,7,12,12,-1.8869999999999998
41677,NL_Solar,2050,7,13,13,-1.8869999999999998
41678,NL_Solar,2050,7,14,14,-1.8869999999999998
41679,NL_Solar,2050,7,15,15,-1.8869999999999998
41680,NL_Solar,2050,7,16,16,-1.8869999999999998
41681,NL_Solar,2050,7,17,17,-1.8869999999999998
41682,NL_Solar,2050,7,18,18,-8.998165705666338
41683,NL_Solar,2050,7,19,19,-8.998165705666338
41684,NL_Solar,2050,7,20,20,-1.8869999999999998
41685,NL_Solar,2050,7,21,21,-1.221
41686,NL_Solar,2050,7,22,22,-0.6549
41687,NL_Solar,2050,7,23,23,-0.6549
41688,NL_Solar,2050,7,24,24,-0.6549
41689,NL_Solar,2050,8,1,1,0.0
41690,NL_Solar,2050,8,2,2,0.0
41691,NL_Solar,2050,8,3,3,0.0
41692,NL_Solar,2050,8,4,4,0.0
41693,NL_Solar,2050,8,5,5,0.0
41694,NL_Solar,2050,8,6,6,0.0
41695,NL_Solar,2050,8,7,7,0.0
41696,NL_Solar,2050,8,8,8,0.0
41697,NL_Solar,2050,8,9,9,0.0
41698,NL_Solar,2050,8,10,10,0.0
41699,NL_Solar,2050,8,11,11,0.0
41700,NL_Solar,2050,8,12,12,0.0
41701,NL_Solar,2050,8,13,13,0.0
41702,NL_Solar,2050,8,14,14,0.0
41703,NL_Solar,2050,8,15,15,0.0
41704,NL_Solar,2050,8,16,16,0.0
41705,NL_Solar,2050,8,17,17,0.0
41706,NL_Solar,2050,8,18,18,0.0
41707,NL_Solar,2050,8,19,19,0.0
41708,NL_Solar,2050,8,20,20,0.0
41709,NL_Solar,2050,8,21,21,0.0
41710,NL_Solar,2050,8,22,22,0.0
41711,NL_Solar,2050,8,23,23,0.0
41712,NL_Solar,2050,8,24,24,0.0
41713,NL_Solar,2050,9,1,1,0.0
41714,NL_Solar,2050,9,2,2,0.0
41715,NL_Solar,2050,9,3,3,0.0
41716,NL_Solar,2050,9,4,4,0.0
41717,NL_Solar,2050,9,5,5,0.0
41718,NL_Solar,2050,9,6,6,0.0
41719,NL_Solar,2050,9,7,7,0.0
41720,NL_Solar,2050,9,8,8,0.0
41721,NL_Solar,2050,9,9,9,0.0
41722,NL_Solar,2050,9,10,10,0.0
41723,NL_Solar,2050,9,11,11,0.0
41724,NL_Solar,2050,9,12,12,0.0
41725,NL_Solar,2050,9,13,13,0.0
41726,NL_Solar,2050,9,14,14,0.0
41727,NL_Solar,2050,9,15,15,0.0
41728,NL_Solar,2050,9,16,16,0.0
41729,NL_Solar,2050,9,17,17,0.0
41730,NL_Solar,2050,9,18,18,0.0
41731,NL_Solar,2050,9,19,19,-0.7611
41732,NL_Solar,2050,9,20,20,-0.7611
41733,NL_Solar,2050,9,21,21,-0.7611
41734,NL_Solar,2050,9,22,22,0.0
41735,NL_Solar,2050,9,23,23,0.0
41736,NL_Solar,2050,9,24,24,0.0
41737,NL_Solar,2050,10,1,1,-0.8142
41738,NL_Solar,2050,10,2,2,-0.8142
41739,NL_Solar,2050,10,3,3,-0.8142
41740,NL_Solar,2050,10,4,4,-0.8142
41741,NL_Solar,2050,10,5,5,-1.518
41742,NL_Solar,2050,10,6,6,-1.518
41743,NL_Solar,2050,10,7,7,-1.518
41744,NL_Solar,2050,10,8,8,-1.518
41745,NL_Solar,2050,10,9,9,-1.518
41746,NL_Solar,2050,10,10,10,-1.518
41747,NL_Solar,2050,10,11,11,-1.518
41748,NL_Solar,2050,10,12,12,-2.3459999999999996
41749,NL_Solar,2050,10,13,13,-2.3459999999999996
41750,NL_Solar,2050,10,14,14,-2.3459999999999996
41751,NL_Solar,2050,10,15,15,-2.3459999999999996
41752,NL_Solar,2050,10,16,16,-2.3459999999999996
41753,NL_Solar,2050,10,17,17,-2.3459999999999996
41754,NL_Solar,2050,10,18,18,-2.3459999999999996
41755,NL_Solar,2050,10,19,19,-2.3459999999999996
41756,NL_Solar,2050,10,20,20,-1.518
41757,NL_Solar,2050,10,21,21,-0.8142
41758,NL_Solar,2050,10,22,22,-0.8142
41759,NL_Solar,2050,10,23,23,-0.8142
41760,NL_Solar,2050,10,24,24,-0.8142
41761,NL_Wind_Offshore,2050,1,1,1,-0.9381
41762,NL_Wind_Offshore,2050,1,2,2,-0.9381
41763,NL_Wind_Offshore,2050,1,3,3,-0.9381
41764,NL_Wind_Offshore,2050,1,4,4,-0.9381
41765,NL_Wind_Offshore,2050,1,5,5,-0.9381
41766,NL_Wind_Offshore,2050,1,6,6,-0.9381
41767,NL_Wind_Offshore,2050,1,7,7,-1.749
41768,NL_Wind_Offshore,2050,1,8,8,-1.749
41769,NL_Wind_Offshore,2050,1,9,9,-1.749
41770,NL_Wind_Offshore,2050,1,10,10,-1.749
41771,NL_Wind_Offshore,2050,1,11,11,-1.749
41772,NL_Wind_Offshore,2050,1,12,12,-1.749
41773,NL_Wind_Offshore,2050,1,13,13,-1.749
41774,NL_Wind_Offshore,2050,1,14,14,-1.749
41775,NL_Wind_Offshore,2050,1,15,15,-1.749
41776,NL_Wind_Offshore,2050,1,16,16,-1.749
41777,NL_Wind_Offshore,2050,1,17,17,-0.9381
41778,NL_Wind_Offshore,2050,1,18,18,-0.9381
41779,NL_Wind_Offshore,2050,1,19,19,-1.749
41780,NL_Wind_Offshore,2050,1,20,20,-0.9381
41781,NL_Wind_Offshore,2050,1,21,21,-0.9381
41782,NL_Wind_Offshore,2050,1,22,22,-0.9381
41783,NL_Wind_Offshore,2050,1,23,23,-12.797665705666336
41784,NL_Wind_Offshore,2050,1,24,24,0.0
41785,NL_Wind_Offshore,2050,2,1,1,0.0
41786,NL_Wind_Offshore,2050,2,2,2,0.0
41787,NL_Wind_Offshore,2050,2,3,3,0.0
41788,NL_Wind_Offshore,2050,2,4,4,0.0
41789,NL_Wind_Offshore,2050,2,5,5,0.0
41790,NL_Wind_Offshore,2050,2,6,6,-0.5841000000000001
41791,NL_Wind_Offshore,2050,2,7,7,-0.5841000000000001
41792,NL_Wind_Offshore,2050,2,8,8,-0.5841000000000001
41793,NL_Wind_Offshore,2050,2,9,9,-0.5841000000000001
41794,NL_Wind_Offshore,2050,2,10,10,-0.5841000000000001
41795,NL_Wind_Offshore,2050,2,11,11,-0.5841000000000001
41796,NL_Wind_Offshore,2050,2,12,12,-0.5841000000000001
41797,NL_Wind_Offshore,2050,2,13,13,-0.5841000000000001
41798,NL_Wind_Offshore,2050,2,14,14,-0.5841000000000001
41799,NL_Wind_Offshore,2050,2,15,15,-0.5841000000000001
41800,NL_Wind_Offshore,2050,2,16,16,-0.5841000000000001
41801,NL_Wind_Offshore,2050,2,17,17,-0.5841000000000001
41802,NL_Wind_Offshore,2050,2,18,18,-0.5841000000000001
41803,NL_Wind_Offshore,2050,2,19,19,-0.5841000000000001
41804,NL_Wind_Offshore,2050,2,20,20,-0.5841000000000001
41805,NL_Wind_Offshore,2050,2,21,21,-0.5841000000000001
41806,NL_Wind_Offshore,2050,2,22,22,0.0
41807,NL_Wind_Offshore,2050,2,23,23,0.0
41808,NL_Wind_Offshore,2050,2,24,24,0.0
41809,NL_Wind_Offshore,2050,3,1,1,0.0
41810,NL_Wind_Offshore,2050,3,2,2,0.0
41811,NL_Wind_Offshore,2050,3,3,3,0.0
41812,NL_Wind_Offshore,2050,3,4,4,0.0
41813,NL_Wind_Offshore,2050,3,5,5,0.0
41814,NL_Wind_Offshore,2050,3,6,6,0.0
41815,NL_Wind_Offshore,2050,3,7,7,0.0
41816,NL_Wind_Offshore,2050,3,8,8,0.0
41817,NL_Wind_Offshore,2050,3,9,9,0.0
41818,NL_Wind_Offshore,2050,3,10,10,0.0
41819,NL_Wind_Offshore,2050,3,11,11,0.0
41820,NL_Wind_Offshore,2050,3,12,12,0.0
41821,NL_Wind_Offshore,2050,3,13,13,0.0
41822,NL_Wind_Offshore,2050,3,14,14,0.0
41823,NL_Wind_Offshore,2050,3,15,15,0.0
41824,NL_Wind_Offshore,2050,3,16,16,0.0
41825,NL_Wind_Offshore,2050,3,17,17,0.0
41826,NL_Wind_Offshore,2050,3,18,18,0.0
41827,NL_Wind_Offshore,2050,3,19,19,0.0
41828,NL_Wind_Offshore,2050,3,20,20,0.0
41829,NL_Wind_Offshore,2050,3,21,21,0.0
41830,NL_Wind_Offshore,2050,3,22,22,0.0
41831,NL_Wind_Offshore,2050,3,23,23,0.0
41832,NL_Wind_Offshore,2050,3,24,24,0.0
41833,NL_Wind_Offshore,2050,4,1,1,-0.4071
41834,NL_Wind_Offshore,2050,4,2,2,0.0
41835,NL_Wind_Offshore,2050,4,3,3,0.0
41836,NL_Wind_Offshore,2050,4,4,4,0.0
41837,NL_Wind_Offshore,2050,4,5,5,0.0
41838,NL_Wind_Offshore,2050,4,6,6,0.0
41839,NL_Wind_Offshore,2050,4,7,7,0.0
41840,NL_Wind_Offshore,2050,4,8,8,-0.4071
41841,NL_Wind_Offshore,2050,4,9,9,-0.4071
41842,NL_Wind_Offshore,2050,4,10,10,0.0
41843,NL_Wind_Offshore,2050,4,11,11,0.0
41844,NL_Wind_Offshore,2050,4,12,12,-0.4071
41845,NL_Wind_Offshore,2050,4,13,13,-0.4071
41846,NL_Wind_Offshore,2050,4,14,14,-0.4071
41847,NL_Wind_Offshore,2050,4,15,15,0.0
41848,NL_Wind_Offshore,2050,4,16,16,-0.4071
41849,NL_Wind_Offshore,2050,4,17,17,-0.4071
41850,NL_Wind_Offshore,2050,4,18,18,-0.4071
41851,NL_Wind_Offshore,2050,4,19,19,-0.4071
41852,NL_Wind_Offshore,2050,4,20,20,0.0
41853,NL_Wind_Offshore,2050,4,21,21,0.0
41854,NL_Wind_Offshore,2050,4,22,22,0.0
41855,NL_Wind_Offshore,2050,4,23,23,0.0
41856,NL_Wind_Offshore,2050,4,24,24,0.0
41857,NL_Wind_Offshore,2050,5,1,1,0.0
41858,NL_Wind_Offshore,2050,5,2,2,0.0
41859,NL_Wind_Offshore,2050,5,3,3,0.0
41860,NL_Wind_Offshore,2050,5,4,4,0.0
41861,NL_Wind_Offshore,2050,5,5,5,0.0
41862,NL_Wind_Offshore,2050,5,6,6,0.0
41863,NL_Wind_Offshore,2050,5,7,7,0.0
41864,NL_Wind_Offshore,2050,5,8,8,0.0
41865,NL_Wind_Offshore,2050,5,9,9,0.0
41866,NL_Wind_Offshore,2050,5,10,10,0.0
41867,NL_Wind_Offshore,2050,5,11,11,0.0
41868,NL_Wind_Offshore,2050,5,12,12,0.0
41869,NL_Wind_Offshore,2050,5,13,13,0.0
41870,NL_Wind_Offshore,2050,5,14,14,0.0
41871,NL_Wind_Offshore,2050,5,15,15,0.0
41872,NL_Wind_Offshore,2050,5,16,16,0.0
41873,NL_Wind_Offshore,2050,5,17,17,0.0
41874,NL_Wind_Offshore,2050,5,18,18,0.0
41875,NL_Wind_Offshore,2050,5,19,19,0.0
41876,NL_Wind_Offshore,2050,5,20,20,0.0
41877,NL_Wind_Offshore,2050,5,21,21,0.0
41878,NL_Wind_Offshore,2050,5,22,22,0.0
41879,NL_Wind_Offshore,2050,5,23,23,0.0
41880,NL_Wind_Offshore,2050,5,24,24,0.0
41881,NL_Wind_Offshore,2050,6,1,1,-0.3186
41882,NL_Wind_Offshore,2050,6,2,2,-0.3186
41883,NL_Wind_Offshore,2050,6,3,3,-0.3186
41884,NL_Wind_Offshore,2050,6,4,4,-0.3186
41885,NL_Wind_Offshore,2050,6,5,5,-0.3186
41886,NL_Wind_Offshore,2050,6,6,6,-0.5940000000000001
41887,NL_Wind_Offshore,2050,6,7,7,-0.5940000000000001
41888,NL_Wind_Offshore,2050,6,8,8,-0.5940000000000001
41889,NL_Wind_Offshore,2050,6,9,9,-0.5940000000000001
41890,NL_Wind_Offshore,2050,6,10,10,-0.3186
41891,NL_Wind_Offshore,2050,6,11,11,-0.3186
41892,NL_Wind_Offshore,2050,6,12,12,-0.3186
41893,NL_Wind_Offshore,2050,6,13,13,-0.3186
41894,NL_Wind_Offshore,2050,6,14,14,-0.3186
41895,NL_Wind_Offshore,2050,6,15,15,0.0
41896,NL_Wind_Offshore,2050,6,16,16,-0.3186
41897,NL_Wind_Offshore,2050,6,17,17,-0.3186
41898,NL_Wind_Offshore,2050,6,18,18,-0.3186
41899,NL_Wind_Offshore,2050,6,19,19,-0.3186
41900,NL_Wind_Offshore,2050,6,20,20,-0.5940000000000001
41901,NL_Wind_Offshore,2050,6,21,21,-0.5940000000000001
41902,NL_Wind_Offshore,2050,6,22,22,-0.3186
41903,NL_Wind_Offshore,2050,6,23,23,-0.3186
41904,NL_Wind_Offshore,2050,6,24,24,-0.3186
41905,NL_Wind_Offshore,2050,7,1,1,-0.6549
41906,NL_Wind_Offshore,2050,7,2,2,-0.6549
41907,NL_Wind_Offshore,2050,7,3,3,-0.6549
41908,NL_Wind_Offshore,2050,7,4,4,-0.6549
41909,NL_Wind_Offshore,2050,7,5,5,-1.221
41910,NL_Wind_Offshore,2050,7,6,6,-1.221
41911,NL_Wind_Offshore,2050,7,7,7,-1.221
41912,NL_Wind_Offshore,2050,7,8,8,-1.8869999999999998
41913,NL_Wind_Offshore,2050,7,9,9,-1.8869999999999998
41914,NL_Wind_Offshore,2050,7,10,10,-1.8869999999999998
41915,NL_Wind_Offshore,2050,7,11,11,-1.8869999999999998
41916,NL_Wind_Offshore,2050,7,12,12,-1.8869999999999998
41917,NL_Wind_Offshore,2050,7,13,13,-1.8869999999999998
41918,NL_Wind_Offshore,2050,7,14,14,-1.8869999999999998
41919,NL_Wind_Offshore,2050,7,15,15,-1.8869999999999998
41920,NL_Wind_Offshore,2050,7,16,16,-1.8869999999999998
41921,NL_Wind_Offshore,2050,7,17,17,-1.8869999999999998
41922,NL_Wind_Offshore,2050,7,18,18,-8.998165705666338
41923,NL_Wind_Offshore,2050,7,19,19,-8.998165705666338
41924,NL_Wind_Offshore,2050,7,20,20,-1.8869999999999998
41925,NL_Wind_Offshore,2050,7,21,21,-1.221
41926,NL_Wind_Offshore,2050,7,22,22,-0.6549
41927,NL_Wind_Offshore,2050,7,23,23,-0.6549
41928,NL_Wind_Offshore,2050,7,24,24,-0.6549
41929,NL_Wind_Offshore,2050,8,1,1,0.0
41930,NL_Wind_Offshore,2050,8,2,2,0.0
41931,NL_Wind_Offshore,2050,8,3,3,0.0
41932,NL_Wind_Offshore,2050,8,4,4,0.0
41933,NL_Wind_Offshore,2050,8,5,5,0.0
41934,NL_Wind_Offshore,2050,8,6,6,0.0
41935,NL_Wind_Offshore,2050,8,7,7,0.0
41936,NL_Wind_Offshore,2050,8,8,8,0.0
41937,NL_Wind_Offshore,2050,8,9,9,0.0
41938,NL_Wind_Offshore,2050,8,10,10,0.0
41939,NL_Wind_Offshore,2050,8,11,11,0.0
41940,NL_Wind_Offshore,2050,8,12,12,0.0
41941,NL_Wind_Offshore,2050,8,13,13,0.0
41942,NL_Wind_Offshore,2050,8,14,14,0.0
41943,NL_Wind_Offshore,2050,8,15,15,0.0
41944,NL_Wind_Offshore,2050,8,16,16,0.0
41945,NL_Wind_Offshore,2050,8,17,17,0.0
41946,NL_Wind_Offshore,2050,8,18,18,0.0
41947,NL_Wind_Offshore,2050,8,19,19,0.0
41948,NL_Wind_Offshore,2050,8,20,20,0.0
41949,NL_Wind_Offshore,2050,8,21,21,0.0
41950,NL_Wind_Offshore,2050,8,22,22,0.0
41951,NL_Wind_Offshore,2050,8,23,23,0.0
41952,NL_Wind_Offshore,2050,8,24,24,0.0
41953,NL_Wind_Offshore,2050,9,1,1,0.0
41954,NL_Wind_Offshore,2050,9,2,2,0.0
41955,NL_Wind_Offshore,2050,9,3,3,0.0
41956,NL_Wind_Offshore,2050,9,4,4,0.0
41957,NL_Wind_Offshore,2050,9,5,5,0.0
41958,NL_Wind_Offshore,2050,9,6,6,0.0
41959,NL_Wind_Offshore,2050,9,7,7,0.0
41960,NL_Wind_Offshore,2050,9,8,8,0.0
41961,NL_Wind_Offshore,2050,9,9,9,0.0
41962,NL_Wind_Offshore,2050,9,10,10,0.0
41963,NL_Wind_Offshore,2050,9,11,11,0.0
41964,NL_Wind_Offshore,2050,9,12,12,0.0
41965,NL_Wind_Offshore,2050,9,13,13,0.0
41966,NL_Wind_Offshore,2050,9,14,14,0.0
41967,NL_Wind_Offshore,2050,9,15,15,0.0
41968,NL_Wind_Offshore,2050,9,16,16,0.0
41969,NL_Wind_Offshore,2050,9,17,17,0.0
41970,NL_Wind_Offshore,2050,9,18,18,0.0
41971,NL_Wind_Offshore,2050,9,19,19,-0.7611
41972,NL_Wind_Offshore,2050,9,20,20,-0.7611
41973,NL_Wind_Offshore,2050,9,21,21,-0.7611
41974,NL_Wind_Offshore,2050,9,22,22,0.0
41975,NL_Wind_Offshore,2050,9,23,23,0.0
41976,NL_Wind_Offshore,2050,9,24,24,0.0
41977,NL_Wind_Offshore,2050,10,1,1,-0.8142
41978,NL_Wind_Offshore,2050,10,2,2,-0.8142
41979,NL_Wind_Offshore,2050,10,3,3,-0.8142
41980,NL_Wind_Offshore,2050,10,4,4,-0.8142
41981,NL_Wind_Offshore,2050,10,5,5,-1.518
41982,NL_Wind_Offshore,2050,10,6,6,-1.518
41983,NL_Wind_Offshore,2050,10,7,7,-1.518
41984,NL_Wind_Offshore,2050,10,8,8,-1.518
41985,NL_Wind_Offshore,2050,10,9,9,-1.518
41986,NL_Wind_Offshore,2050,10,10,10,-1.518
41987,NL_Wind_Offshore,2050,10,11,11,-1.518
41988,NL_Wind_Offshore,2050,10,12,12,-2.3459999999999996
41989,NL_Wind_Offshore,2050,10,13,13,-2.3459999999999996
41990,NL_Wind_Offshore,2050,10,14,14,-2.3459999999999996
41991,NL_Wind_Offshore,2050,10,15,15,-2.3459999999999996
41992,NL_Wind_Offshore,2050,10,16,16,-2.3459999999999996
41993,NL_Wind_Offshore,2050,10,17,17,-2.3459999999999996
41994,NL_Wind_Offshore,2050,10,18,18,-2.3459999999999996
41995,NL_Wind_Offshore,2050,10,19,19,-2.3459999999999996
41996,NL_Wind_Offshore,2050,10,20,20,-1.518
41997,NL_Wind_Offshore,2050,10,21,21,-0.8142
41998,NL_Wind_Offshore,2050,10,22,22,-0.8142
41999,NL_Wind_Offshore,2050,10,23,23,-0.8142
42000,NL_Wind_Offshore,2050,10,24,24,-0.8142
42001,NL_Wind_Onshore,2050,1,1,1,-0.9381
42002,NL_Wind_Onshore,2050,1,2,2,-0.9381
42003,NL_Wind_Onshore,2050,1,3,3,-0.9381
42004,NL_Wind_Onshore,2050,1,4,4,-0.9381
42005,NL_Wind_Onshore,2050,1,5,5,-0.9381
42006,NL_Wind_Onshore,2050,1,6,6,-0.9381
42007,NL_Wind_Onshore,2050,1,7,7,-1.749
42008,NL_Wind_Onshore,2050,1,8,8,-1.749
42009,NL_Wind_Onshore,2050,1,9,9,-1.749
42010,NL_Wind_Onshore,2050,1,10,10,-1.749
42011,NL_Wind_Onshore,2050,1,11,11,-1.749
42012,NL_Wind_Onshore,2050,1,12,12,-1.749
42013,NL_Wind_Onshore,2050,1,13,13,-1.749
42014,NL_Wind_Onshore,2050,1,14,14,-1.749
42015,NL_Wind_Onshore,2050,1,15,15,-1.749
42016,NL_Wind_Onshore,2050,1,16,16,-1.749
42017,NL_Wind_Onshore,2050,1,17,17,-0.9381
42018,NL_Wind_Onshore,2050,1,18,18,-0.9381
42019,NL_Wind_Onshore,2050,1,19,19,-1.749
42020,NL_Wind_Onshore,2050,1,20,20,-0.9381
42021,NL_Wind_Onshore,2050,1,21,21,-0.9381
42022,NL_Wind_Onshore,2050,1,22,22,-0.9381
42023,NL_Wind_Onshore,2050,1,23,23,-12.797665705666336
42024,NL_Wind_Onshore,2050,1,24,24,0.0
42025,NL_Wind_Onshore,2050,2,1,1,0.0
42026,NL_Wind_Onshore,2050,2,2,2,0.0
42027,NL_Wind_Onshore,2050,2,3,3,0.0
42028,NL_Wind_Onshore,2050,2,4,4,0.0
42029,NL_Wind_Onshore,2050,2,5,5,0.0
42030,NL_Wind_Onshore,2050,2,6,6,-0.5841000000000001
42031,NL_Wind_Onshore,2050,2,7,7,-0.5841000000000001
42032,NL_Wind_Onshore,2050,2,8,8,-0.5841000000000001
42033,NL_Wind_Onshore,2050,2,9,9,-0.5841000000000001
42034,NL_Wind_Onshore,2050,2,10,10,-0.5841000000000001
42035,NL_Wind_Onshore,2050,2,11,11,-0.5841000000000001
42036,NL_Wind_Onshore,2050,2,12,12,-0.5841000000000001
42037,NL_Wind_Onshore,2050,2,13,13,-0.5841000000000001
42038,NL_Wind_Onshore,2050,2,14,14,-0.5841000000000001
42039,NL_Wind_Onshore,2050,2,15,15,-0.5841000000000001
42040,NL_Wind_Onshore,2050,2,16,16,-0.5841000000000001
42041,NL_Wind_Onshore,2050,2,17,17,-0.5841000000000001
42042,NL_Wind_Onshore,2050,2,18,18,-0.5841000000000001
42043,NL_Wind_Onshore,2050,2,19,19,-0.5841000000000001
42044,NL_Wind_Onshore,2050,2,20,20,-0.5841000000000001
42045,NL_Wind_Onshore,2050,2,21,21,-0.5841000000000001
42046,NL_Wind_Onshore,2050,2,22,22,0.0
42047,NL_Wind_Onshore,2050,2,23,23,0.0
42048,NL_Wind_Onshore,2050,2,24,24,0.0
42049,NL_Wind_Onshore,2050,3,1,1,0.0
42050,NL_Wind_Onshore,2050,3,2,2,0.0
42051,NL_Wind_Onshore,2050,3,3,3,0.0
42052,NL_Wind_Onshore,2050,3,4,4,0.0
42053,NL_Wind_Onshore,2050,3,5,5,0.0
42054,NL_Wind_Onshore,2050,3,6,6,0.0
42055,NL_Wind_Onshore,2050,3,7,7,0.0
42056,NL_Wind_Onshore,2050,3,8,8,0.0
42057,NL_Wind_Onshore,2050,3,9,9,0.0
42058,NL_Wind_Onshore,2050,3,10,10,0.0
42059,NL_Wind_Onshore,2050,3,11,11,0.0
42060,NL_Wind_Onshore,2050,3,12,12,0.0
42061,NL_Wind_Onshore,2050,3,13,13,0.0
42062,NL_Wind_Onshore,2050,3,14,14,0.0
42063,NL_Wind_Onshore,2050,3,15,15,0.0
42064,NL_Wind_Onshore,2050,3,16,16,0.0
42065,NL_Wind_Onshore,2050,3,17,17,0.0
42066,NL_Wind_Onshore,2050,3,18,18,0.0
42067,NL_Wind_Onshore,2050,3,19,19,0.0
42068,NL_Wind_Onshore,2050,3,20,20,0.0
42069,NL_Wind_Onshore,2050,3,21,21,0.0
42070,NL_Wind_Onshore,2050,3,22,22,0.0
42071,NL_Wind_Onshore,2050,3,23,23,0.0
42072,NL_Wind_Onshore,2050,3,24,24,0.0
42073,NL_Wind_Onshore,2050,4,1,1,-0.4071
42074,NL_Wind_Onshore,2050,4,2,2,0.0
42075,NL_Wind_Onshore,2050,4,3,3,0.0
42076,NL_Wind_Onshore,2050,4,4,4,0.0
42077,NL_Wind_Onshore,2050,4,5,5,0.0
42078,NL_Wind_Onshore,2050,4,6,6,0.0
42079,NL_Wind_Onshore,2050,4,7,7,0.0
42080,NL_Wind_Onshore,2050,4,8,8,-0.4071
42081,NL_Wind_Onshore,2050,4,9,9,-0.4071
42082,NL_Wind_Onshore,2050,4,10,10,0.0
42083,NL_Wind_Onshore,2050,4,11,11,0.0
42084,NL_Wind_Onshore,2050,4,12,12,-0.4071
42085,NL_Wind_Onshore,2050,4,13,13,-0.4071
42086,NL_Wind_Onshore,2050,4,14,14,-0.4071
42087,NL_Wind_Onshore,2050,4,15,15,0.0
42088,NL_Wind_Onshore,2050,4,16,16,-0.4071
42089,NL_Wind_Onshore,2050,4,17,17,-0.4071
42090,NL_Wind_Onshore,2050,4,18,18,-0.4071
42091,NL_Wind_Onshore,2050,4,19,19,-0.4071
42092,NL_Wind_Onshore,2050,4,20,20,0.0
42093,NL_Wind_Onshore,2050,4,21,21,0.0
42094,NL_Wind_Onshore,2050,4,22,22,0.0
42095,NL_Wind_Onshore,2050,4,23,23,0.0
42096,NL_Wind_Onshore,2050,4,24,24,0.0
42097,NL_Wind_Onshore,2050,5,1,1,0.0
42098,NL_Wind_Onshore,2050,5,2,2,0.0
42099,NL_Wind_Onshore,2050,5,3,3,0.0
42100,NL_Wind_Onshore,2050,5,4,4,0.0
42101,NL_Wind_Onshore,2050,5,5,5,0.0
42102,NL_Wind_Onshore,2050,5,6,6,0.0
42103,NL_Wind_Onshore,2050,5,7,7,0.0
42104,NL_Wind_Onshore,2050,5,8,8,0.0
42105,NL_Wind_Onshore,2050,5,9,9,0.0
42106,NL_Wind_Onshore,2050,5,10,10,0.0
42107,NL_Wind_Onshore,2050,5,11,11,0.0
42108,NL_Wind_Onshore,2050,5,12,12,0.0
42109,NL_Wind_Onshore,2050,5,13,13,0.0
42110,NL_Wind_Onshore,2050,5,14,14,0.0
42111,NL_Wind_Onshore,2050,5,15,15,0.0
42112,NL_Wind_Onshore,2050,5,16,16,0.0
42113,NL_Wind_Onshore,2050,5,17,17,0.0
42114,NL_Wind_Onshore,2050,5,18,18,0.0
42115,NL_Wind_Onshore,2050,5,19,19,0.0
42116,NL_Wind_Onshore,2050,5,20,20,0.0
42117,NL_Wind_Onshore,2050,5,21,21,0.0
42118,NL_Wind_Onshore,2050,5,22,22,0.0
42119,NL_Wind_Onshore,2050,5,23,23,0.0
42120,NL_Wind_Onshore,2050,5,24,24,0.0
42121,NL_Wind_Onshore,2050,6,1,1,-0.3186
42122,NL_Wind_Onshore,2050,6,2,2,-0.3186
42123,NL_Wind_Onshore,2050,6,3,3,-0.3186
42124,NL_Wind_Onshore,2050,6,4,4,-0.3186
42125,NL_Wind_Onshore,2050,6,5,5,-0.3186
42126,NL_Wind_Onshore,2050,6,6,6,-0.5940000000000001
42127,NL_Wind_Onshore,2050,6,7,7,-0.5940000000000001
42128,NL_Wind_Onshore,2050,6,8,8,-0.5940000000000001
42129,NL_Wind_Onshore,2050,6,9,9,-0.5940000000000001
42130,NL_Wind_Onshore,2050,6,10,10,-0.3186
42131,NL_Wind_Onshore,2050,6,11,11,-0.3186
42132,NL_Wind_Onshore,2050,6,12,12,-0.3186
42133,NL_Wind_Onshore,2050,6,13,13,-0.3186
42134,NL_Wind_Onshore,2050,6,14,14,-0.3186
42135,NL_Wind_Onshore,2050,6,15,15,0.0
42136,NL_Wind_Onshore,2050,6,16,16,-0.3186
42137,NL_Wind_Onshore,2050,6,17,17,-0.3186
42138,NL_Wind_Onshore,2050,6,18,18,-0.3186
42139,NL_Wind_Onshore,2050,6,19,19,-0.3186
42140,NL_Wind_Onshore,2050,6,20,20,-0.5940000000000001
42141,NL_Wind_Onshore,2050,6,21,21,-0.5940000000000001
42142,NL_Wind_Onshore,2050,6,22,22,-0.3186
42143,NL_Wind_Onshore,2050,6,23,23,-0.3186
42144,NL_Wind_Onshore,2050,6,24,24,-0.3186
42145,NL_Wind_Onshore,2050,7,1,1,-0.6549
42146,NL_Wind_Onshore,2050,7,2,2,-0.6549
42147,NL_Wind_Onshore,2050,7,3,3,-0.6549
42148,NL_Wind_Onshore,2050,7,4,4,-0.6549
42149,NL_Wind_Onshore,2050,7,5,5,-1.221
42150,NL_Wind_Onshore,2050,7,6,6,-1.221
42151,NL_Wind_Onshore,2050,7,7,7,-1.221
42152,NL_Wind_Onshore,2050,7,8,8,-1.8869999999999998
42153,NL_Wind_Onshore,2050,7,9,9,-1.8869999999999998
42154,NL_Wind_Onshore,2050,7,10,10,-1.8869999999999998
42155,NL_Wind_Onshore,2050,7,11,11,-1.8869999999999998
42156,NL_Wind_Onshore,2050,7,12,12,-1.8869999999999998
42157,NL_Wind_Onshore,2050,7,13,13,-1.8869999999999998
42158,NL_Wind_Onshore,2050,7,14,14,-1.8869999999999998
42159,NL_Wind_Onshore,2050,7,15,15,-1.8869999999999998
42160,NL_Wind_Onshore,2050,7,16,16,-1.8869999999999998
42161,NL_Wind_Onshore,2050,7,17,17,-1.8869999999999998
42162,NL_Wind_Onshore,2050,7,18,18,-8.998165705666338
42163,NL_Wind_Onshore,2050,7,19,19,-8.998165705666338
42164,NL_Wind_Onshore,2050,7,20,20,-1.8869999999999998
42165,NL_Wind_Onshore,2050,7,21,21,-1.221
42166,NL_Wind_Onshore,2050,7,22,22,-0.6549
42167,NL_Wind_Onshore,2050,7,23,23,-0.6549
42168,NL_Wind_Onshore,2050,7,24,24,-0.6549
42169,NL_Wind_Onshore,2050,8,1,1,0.0
42170,NL_Wind_Onshore,2050,8,2,2,0.0
42171,NL_Wind_Onshore,2050,8,3,3,0.0
42172,NL_Wind_Onshore,2050,8,4,4,0.0
42173,NL_Wind_Onshore,2050,8,5,5,0.0
42174,NL_Wind_Onshore,2050,8,6,6,0.0
42175,NL_Wind_Onshore,2050,8,7,7,0.0
42176,NL_Wind_Onshore,2050,8,8,8,0.0
42177,NL_Wind_Onshore,2050,8,9,9,0.0
42178,NL_Wind_Onshore,2050,8,10,10,0.0
42179,NL_Wind_Onshore,2050,8,11,11,0.0
42180,NL_Wind_Onshore,2050,8,12,12,0.0
42181,NL_Wind_Onshore,2050,8,13,13,0.0
42182,NL_Wind_Onshore,2050,8,14,14,0.0
42183,NL_Wind_Onshore,2050,8,15,15,0.0
42184,NL_Wind_Onshore,2050,8,16,16,0.0
42185,NL_Wind_Onshore,2050,8,17,17,0.0
42186,NL_Wind_Onshore,2050,8,18,18,0.0
42187,NL_Wind_Onshore,2050,8,19,19,0.0
42188,NL_Wind_Onshore,2050,8,20,20,0.0
42189,NL_Wind_Onshore,2050,8,21,21,0.0
42190,NL_Wind_Onshore,2050,8,22,22,0.0
42191,NL_Wind_Onshore,2050,8,23,23,0.0
42192,NL_Wind_Onshore,2050,8,24,24,0.0
42193,NL_Wind_Onshore,2050,9,1,1,0.0
42194,NL_Wind_Onshore,2050,9,2,2,0.0
42195,NL_Wind_Onshore,2050,9,3,3,0.0
42196,NL_Wind_Onshore,2050,9,4,4,0.0
42197,NL_Wind_Onshore,2050,9,5,5,0.0
42198,NL_Wind_Onshore,2050,9,6,6,0.0
42199,NL_Wind_Onshore,2050,9,7,7,0.0
42200,NL_Wind_Onshore,2050,9,8,8,0.0
42201,NL_Wind_Onshore,2050,9,9,9,0.0
42202,NL_Wind_Onshore,2050,9,10,10,0.0
42203,NL_Wind_Onshore,2050,9,11,11,0.0
42204,NL_Wind_Onshore,2050,9,12,12,0.0
42205,NL_Wind_Onshore,2050,9,13,13,0.0
42206,NL_Wind_Onshore,2050,9,14,14,0.0
42207,NL_Wind_Onshore,2050,9,15,15,0.0
42208,NL_Wind_Onshore,2050,9,16,16,0.0
42209,NL_Wind_Onshore,2050,9,17,17,0.0
42210,NL_Wind_Onshore,2050,9,18,18,0.0
42211,NL_Wind_Onshore,2050,9,19,19,-0.7611
42212,NL_Wind_Onshore,2050,9,20,20,-0.7611
42213,NL_Wind_Onshore,2050,9,21,21,-0.7611
42214,NL_Wind_Onshore,2050,9,22,22,0.0
42215,NL_Wind_Onshore,2050,9,23,23,0.0
42216,NL_Wind_Onshore,2050,9,24,24,0.0
42217,NL_Wind_Onshore,2050,10,1,1,-0.8142
42218,NL_Wind_Onshore,2050,10,2,2,-0.8142
42219,NL_Wind_Onshore,2050,10,3,3,-0.8142
42220,NL_Wind_Onshore,2050,10,4,4,-0.8142
42221,NL_Wind_Onshore,2050,10,5,5,-1.518
42222,NL_Wind_Onshore,2050,10,6,6,-1.518
42223,NL_Wind_Onshore,2050,10,7,7,-1.518
42224,NL_Wind_Onshore,2050,10,8,8,-1.518
42225,NL_Wind_Onshore,2050,10,9,9,-1.518
42226,NL_Wind_Onshore,2050,10,10,10,-1.518
42227,NL_Wind_Onshore,2050,10,11,11,-1.518
42228,NL_Wind_Onshore,2050,10,12,12,-2.3459999999999996
42229,NL_Wind_Onshore,2050,10,13,13,-2.3459999999999996
42230,NL_Wind_Onshore,2050,10,14,14,-2.3459999999999996
42231,NL_Wind_Onshore,2050,10,15,15,-2.3459999999999996
42232,NL_Wind_Onshore,2050,10,16,16,-2.3459999999999996
42233,NL_Wind_Onshore,2050,10,17,17,-2.3459999999999996
42234,NL_Wind_Onshore,2050,10,18,18,-2.3459999999999996
42235,NL_Wind_Onshore,2050,10,19,19,-2.3459999999999996
42236,NL_Wind_Onshore,2050,10,20,20,-1.518
42237,NL_Wind_Onshore,2050,10,21,21,-0.8142
42238,NL_Wind_Onshore,2050,10,22,22,-0.8142
42239,NL_Wind_Onshore,2050,10,23,23,-0.8142
42240,NL_Wind_Onshore,2050,10,24,24,-0.8142
42241,NO_Battery,2050,1,1,1,0.0
42242,NO_Battery,2050,1,2,2,0.0
42243,NO_Battery,2050,1,3,3,0.0
42244,NO_Battery,2050,1,4,4,0.0
42245,NO_Battery,2050,1,5,5,0.0
42246,NO_Battery,2050,1,6,6,0.0
42247,NO_Battery,2050,1,7,7,0.0
42248,NO_Battery,2050,1,8,8,0.0
42249,NO_Battery,2050,1,9,9,-13.396165705666336
42250,NO_Battery,2050,1,10,10,0.0
42251,NO_Battery,2050,1,11,11,0.0
42252,NO_Battery,2050,1,12,12,0.0
42253,NO_Battery,2050,1,13,13,0.0
42254,NO_Battery,2050,1,14,14,0.0
42255,NO_Battery,2050,1,15,15,0.0
42256,NO_Battery,2050,1,16,16,0.0
42257,NO_Battery,2050,1,17,17,0.0
42258,NO_Battery,2050,1,18,18,0.0
42259,NO_Battery,2050,1,19,19,0.0
42260,NO_Battery,2050,1,20,20,0.0
42261,NO_Battery,2050,1,21,21,0.0
42262,NO_Battery,2050,1,22,22,0.0
42263,NO_Battery,2050,1,23,23,0.0
42264,NO_Battery,2050,1,24,24,0.0
42265,NO_Battery,2050,2,1,1,0.0
42266,NO_Battery,2050,2,2,2,0.0
42267,NO_Battery,2050,2,3,3,0.0
42268,NO_Battery,2050,2,4,4,0.0
42269,NO_Battery,2050,2,5,5,0.0
42270,NO_Battery,2050,2,6,6,0.0
42271,NO_Battery,2050,2,7,7,0.0
42272,NO_Battery,2050,2,8,8,0.0
42273,NO_Battery,2050,2,9,9,0.0
42274,NO_Battery,2050,2,10,10,0.0
42275,NO_Battery,2050,2,11,11,0.0
42276,NO_Battery,2050,2,12,12,0.0
42277,NO_Battery,2050,2,13,13,0.0
42278,NO_Battery,2050,2,14,14,0.0
42279,NO_Battery,2050,2,15,15,0.0
42280,NO_Battery,2050,2,16,16,0.0
42281,NO_Battery,2050,2,17,17,0.0
42282,NO_Battery,2050,2,18,18,0.0
42283,NO_Battery,2050,2,19,19,0.0
42284,NO_Battery,2050,2,20,20,0.0
42285,NO_Battery,2050,2,21,21,0.0
42286,NO_Battery,2050,2,22,22,0.0
42287,NO_Battery,2050,2,23,23,0.0
42288,NO_Battery,2050,2,24,24,0.0
42289,NO_Battery,2050,3,1,1,0.0
42290,NO_Battery,2050,3,2,2,0.0
42291,NO_Battery,2050,3,3,3,0.0
42292,NO_Battery,2050,3,4,4,0.0
42293,NO_Battery,2050,3,5,5,0.0
42294,NO_Battery,2050,3,6,6,0.0
42295,NO_Battery,2050,3,7,7,0.0
42296,NO_Battery,2050,3,8,8,0.0
42297,NO_Battery,2050,3,9,9,0.0
42298,NO_Battery,2050,3,10,10,0.0
42299,NO_Battery,2050,3,11,11,0.0
42300,NO_Battery,2050,3,12,12,0.0
42301,NO_Battery,2050,3,13,13,0.0
42302,NO_Battery,2050,3,14,14,0.0
42303,NO_Battery,2050,3,15,15,0.0
42304,NO_Battery,2050,3,16,16,0.0
42305,NO_Battery,2050,3,17,17,0.0
42306,NO_Battery,2050,3,18,18,0.0
42307,NO_Battery,2050,3,19,19,0.0
42308,NO_Battery,2050,3,20,20,0.0
42309,NO_Battery,2050,3,21,21,0.0
42310,NO_Battery,2050,3,22,22,0.0
42311,NO_Battery,2050,3,23,23,0.0
42312,NO_Battery,2050,3,24,24,0.0
42313,NO_Battery,2050,4,1,1,0.0
42314,NO_Battery,2050,4,2,2,0.0
42315,NO_Battery,2050,4,3,3,0.0
42316,NO_Battery,2050,4,4,4,0.0
42317,NO_Battery,2050,4,5,5,0.0
42318,NO_Battery,2050,4,6,6,0.0
42319,NO_Battery,2050,4,7,7,0.0
42320,NO_Battery,2050,4,8,8,0.0
42321,NO_Battery,2050,4,9,9,0.0
42322,NO_Battery,2050,4,10,10,0.0
42323,NO_Battery,2050,4,11,11,0.0
42324,NO_Battery,2050,4,12,12,0.0
42325,NO_Battery,2050,4,13,13,0.0
42326,NO_Battery,2050,4,14,14,0.0
42327,NO_Battery,2050,4,15,15,0.0
42328,NO_Battery,2050,4,16,16,0.0
42329,NO_Battery,2050,4,17,17,0.0
42330,NO_Battery,2050,4,18,18,0.0
42331,NO_Battery,2050,4,19,19,0.0
42332,NO_Battery,2050,4,20,20,0.0
42333,NO_Battery,2050,4,21,21,0.0
42334,NO_Battery,2050,4,22,22,0.0
42335,NO_Battery,2050,4,23,23,0.0
42336,NO_Battery,2050,4,24,24,0.0
42337,NO_Battery,2050,5,1,1,0.0
42338,NO_Battery,2050,5,2,2,0.0
42339,NO_Battery,2050,5,3,3,0.0
42340,NO_Battery,2050,5,4,4,0.0
42341,NO_Battery,2050,5,5,5,0.0
42342,NO_Battery,2050,5,6,6,0.0
42343,NO_Battery,2050,5,7,7,0.0
42344,NO_Battery,2050,5,8,8,0.0
42345,NO_Battery,2050,5,9,9,0.0
42346,NO_Battery,2050,5,10,10,0.0
42347,NO_Battery,2050,5,11,11,0.0
42348,NO_Battery,2050,5,12,12,0.0
42349,NO_Battery,2050,5,13,13,0.0
42350,NO_Battery,2050,5,14,14,0.0
42351,NO_Battery,2050,5,15,15,0.0
42352,NO_Battery,2050,5,16,16,0.0
42353,NO_Battery,2050,5,17,17,0.0
42354,NO_Battery,2050,5,18,18,0.0
42355,NO_Battery,2050,5,19,19,0.0
42356,NO_Battery,2050,5,20,20,0.0
42357,NO_Battery,2050,5,21,21,0.0
42358,NO_Battery,2050,5,22,22,0.0
42359,NO_Battery,2050,5,23,23,0.0
42360,NO_Battery,2050,5,24,24,0.0
42361,NO_Battery,2050,6,1,1,0.0
42362,NO_Battery,2050,6,2,2,0.0
42363,NO_Battery,2050,6,3,3,0.0
42364,NO_Battery,2050,6,4,4,0.0
42365,NO_Battery,2050,6,5,5,0.0
42366,NO_Battery,2050,6,6,6,0.0
42367,NO_Battery,2050,6,7,7,0.0
42368,NO_Battery,2050,6,8,8,0.0
42369,NO_Battery,2050,6,9,9,0.0
42370,NO_Battery,2050,6,10,10,0.0
42371,NO_Battery,2050,6,11,11,0.0
42372,NO_Battery,2050,6,12,12,0.0
42373,NO_Battery,2050,6,13,13,0.0
42374,NO_Battery,2050,6,14,14,0.0
42375,NO_Battery,2050,6,15,15,0.0
42376,NO_Battery,2050,6,16,16,0.0
42377,NO_Battery,2050,6,17,17,0.0
42378,NO_Battery,2050,6,18,18,0.0
42379,NO_Battery,2050,6,19,19,0.0
42380,NO_Battery,2050,6,20,20,0.0
42381,NO_Battery,2050,6,21,21,0.0
42382,NO_Battery,2050,6,22,22,0.0
42383,NO_Battery,2050,6,23,23,0.0
42384,NO_Battery,2050,6,24,24,0.0
42385,NO_Battery,2050,7,1,1,0.0
42386,NO_Battery,2050,7,2,2,0.0
42387,NO_Battery,2050,7,3,3,0.0
42388,NO_Battery,2050,7,4,4,0.0
42389,NO_Battery,2050,7,5,5,0.0
42390,NO_Battery,2050,7,6,6,0.0
42391,NO_Battery,2050,7,7,7,0.0
42392,NO_Battery,2050,7,8,8,0.0
42393,NO_Battery,2050,7,9,9,0.0
42394,NO_Battery,2050,7,10,10,0.0
42395,NO_Battery,2050,7,11,11,0.0
42396,NO_Battery,2050,7,12,12,0.0
42397,NO_Battery,2050,7,13,13,0.0
42398,NO_Battery,2050,7,14,14,0.0
42399,NO_Battery,2050,7,15,15,0.0
42400,NO_Battery,2050,7,16,16,0.0
42401,NO_Battery,2050,7,17,17,0.0
42402,NO_Battery,2050,7,18,18,0.0
42403,NO_Battery,2050,7,19,19,0.0
42404,NO_Battery,2050,7,20,20,0.0
42405,NO_Battery,2050,7,21,21,0.0
42406,NO_Battery,2050,7,22,22,0.0
42407,NO_Battery,2050,7,23,23,0.0
42408,NO_Battery,2050,7,24,24,0.0
42409,NO_Battery,2050,8,1,1,0.0
42410,NO_Battery,2050,8,2,2,0.0
42411,NO_Battery,2050,8,3,3,0.0
42412,NO_Battery,2050,8,4,4,0.0
42413,NO_Battery,2050,8,5,5,0.0
42414,NO_Battery,2050,8,6,6,0.0
42415,NO_Battery,2050,8,7,7,0.0
42416,NO_Battery,2050,8,8,8,0.0
42417,NO_Battery,2050,8,9,9,0.0
42418,NO_Battery,2050,8,10,10,0.0
42419,NO_Battery,2050,8,11,11,0.0
42420,NO_Battery,2050,8,12,12,0.0
42421,NO_Battery,2050,8,13,13,0.0
42422,NO_Battery,2050,8,14,14,0.0
42423,NO_Battery,2050,8,15,15,0.0
42424,NO_Battery,2050,8,16,16,0.0
42425,NO_Battery,2050,8,17,17,0.0
42426,NO_Battery,2050,8,18,18,0.0
42427,NO_Battery,2050,8,19,19,0.0
42428,NO_Battery,2050,8,20,20,0.0
42429,NO_Battery,2050,8,21,21,0.0
42430,NO_Battery,2050,8,22,22,0.0
42431,NO_Battery,2050,8,23,23,0.0
42432,NO_Battery,2050,8,24,24,0.0
42433,NO_Battery,2050,9,1,1,0.0
42434,NO_Battery,2050,9,2,2,0.0
42435,NO_Battery,2050,9,3,3,0.0
42436,NO_Battery,2050,9,4,4,0.0
42437,NO_Battery,2050,9,5,5,0.0
42438,NO_Battery,2050,9,6,6,0.0
42439,NO_Battery,2050,9,7,7,0.0
42440,NO_Battery,2050,9,8,8,0.0
42441,NO_Battery,2050,9,9,9,0.0
42442,NO_Battery,2050,9,10,10,0.0
42443,NO_Battery,2050,9,11,11,0.0
42444,NO_Battery,2050,9,12,12,0.0
42445,NO_Battery,2050,9,13,13,0.0
42446,NO_Battery,2050,9,14,14,0.0
42447,NO_Battery,2050,9,15,15,0.0
42448,NO_Battery,2050,9,16,16,0.0
42449,NO_Battery,2050,9,17,17,0.0
42450,NO_Battery,2050,9,18,18,0.0
42451,NO_Battery,2050,9,19,19,0.0
42452,NO_Battery,2050,9,20,20,0.0
42453,NO_Battery,2050,9,21,21,0.0
42454,NO_Battery,2050,9,22,22,0.0
42455,NO_Battery,2050,9,23,23,0.0
42456,NO_Battery,2050,9,24,24,0.0
42457,NO_Battery,2050,10,1,1,0.0
42458,NO_Battery,2050,10,2,2,0.0
42459,NO_Battery,2050,10,3,3,0.0
42460,NO_Battery,2050,10,4,4,0.0
42461,NO_Battery,2050,10,5,5,0.0
42462,NO_Battery,2050,10,6,6,0.0
42463,NO_Battery,2050,10,7,7,0.0
42464,NO_Battery,2050,10,8,8,0.0
42465,NO_Battery,2050,10,9,9,0.0
42466,NO_Battery,2050,10,10,10,0.0
42467,NO_Battery,2050,10,11,11,0.0
42468,NO_Battery,2050,10,12,12,0.0
42469,NO_Battery,2050,10,13,13,0.0
42470,NO_Battery,2050,10,14,14,0.0
42471,NO_Battery,2050,10,15,15,0.0
42472,NO_Battery,2050,10,16,16,0.0
42473,NO_Battery,2050,10,17,17,0.0
42474,NO_Battery,2050,10,18,18,0.0
42475,NO_Battery,2050,10,19,19,0.0
42476,NO_Battery,2050,10,20,20,0.0
42477,NO_Battery,2050,10,21,21,0.0
42478,NO_Battery,2050,10,22,22,0.0
42479,NO_Battery,2050,10,23,23,0.0
42480,NO_Battery,2050,10,24,24,0.0
42481,NO_CCGT,2050,1,1,1,0.0
42482,NO_CCGT,2050,1,2,2,0.0
42483,NO_CCGT,2050,1,3,3,0.0
42484,NO_CCGT,2050,1,4,4,0.0
42485,NO_CCGT,2050,1,5,5,0.0
42486,NO_CCGT,2050,1,6,6,0.0
42487,NO_CCGT,2050,1,7,7,0.0
42488,NO_CCGT,2050,1,8,8,-0.9539999999999997
42489,NO_CCGT,2050,1,9,9,-14.350165705666337
42490,NO_CCGT,2050,1,10,10,-0.9539999999999997
42491,NO_CCGT,2050,1,11,11,-0.9539999999999997
42492,NO_CCGT,2050,1,12,12,-0.9539999999999997
42493,NO_CCGT,2050,1,13,13,0.0
42494,NO_CCGT,2050,1,14,14,0.0
42495,NO_CCGT,2050,1,15,15,0.0
42496,NO_CCGT,2050,1,16,16,0.0
42497,NO_CCGT,2050,1,17,17,0.0
42498,NO_CCGT,2050,1,18,18,0.0
42499,NO_CCGT,2050,1,19,19,0.0
42500,NO_CCGT,2050,1,20,20,0.0
42501,NO_CCGT,2050,1,21,21,0.0
42502,NO_CCGT,2050,1,22,22,0.0
42503,NO_CCGT,2050,1,23,23,0.0
42504,NO_CCGT,2050,1,24,24,0.0
42505,NO_CCGT,2050,2,1,1,0.0
42506,NO_CCGT,2050,2,2,2,0.0
42507,NO_CCGT,2050,2,3,3,0.0
42508,NO_CCGT,2050,2,4,4,0.0
42509,NO_CCGT,2050,2,5,5,0.0
42510,NO_CCGT,2050,2,6,6,0.0
42511,NO_CCGT,2050,2,7,7,0.0
42512,NO_CCGT,2050,2,8,8,0.0
42513,NO_CCGT,2050,2,9,9,0.0
42514,NO_CCGT,2050,2,10,10,0.0
42515,NO_CCGT,2050,2,11,11,0.0
42516,NO_CCGT,2050,2,12,12,0.0
42517,NO_CCGT,2050,2,13,13,0.0
42518,NO_CCGT,2050,2,14,14,0.0
42519,NO_CCGT,2050,2,15,15,0.0
42520,NO_CCGT,2050,2,16,16,0.0
42521,NO_CCGT,2050,2,17,17,0.0
42522,NO_CCGT,2050,2,18,18,0.0
42523,NO_CCGT,2050,2,19,19,0.0
42524,NO_CCGT,2050,2,20,20,0.0
42525,NO_CCGT,2050,2,21,21,0.0
42526,NO_CCGT,2050,2,22,22,0.0
42527,NO_CCGT,2050,2,23,23,0.0
42528,NO_CCGT,2050,2,24,24,0.0
42529,NO_CCGT,2050,3,1,1,0.0
42530,NO_CCGT,2050,3,2,2,0.0
42531,NO_CCGT,2050,3,3,3,0.0
42532,NO_CCGT,2050,3,4,4,0.0
42533,NO_CCGT,2050,3,5,5,0.0
42534,NO_CCGT,2050,3,6,6,0.0
42535,NO_CCGT,2050,3,7,7,0.0
42536,NO_CCGT,2050,3,8,8,0.0
42537,NO_CCGT,2050,3,9,9,0.0
42538,NO_CCGT,2050,3,10,10,0.0
42539,NO_CCGT,2050,3,11,11,0.0
42540,NO_CCGT,2050,3,12,12,0.0
42541,NO_CCGT,2050,3,13,13,0.0
42542,NO_CCGT,2050,3,14,14,0.0
42543,NO_CCGT,2050,3,15,15,0.0
42544,NO_CCGT,2050,3,16,16,0.0
42545,NO_CCGT,2050,3,17,17,0.0
42546,NO_CCGT,2050,3,18,18,0.0
42547,NO_CCGT,2050,3,19,19,0.0
42548,NO_CCGT,2050,3,20,20,0.0
42549,NO_CCGT,2050,3,21,21,0.0
42550,NO_CCGT,2050,3,22,22,0.0
42551,NO_CCGT,2050,3,23,23,0.0
42552,NO_CCGT,2050,3,24,24,0.0
42553,NO_CCGT,2050,4,1,1,0.0
42554,NO_CCGT,2050,4,2,2,0.0
42555,NO_CCGT,2050,4,3,3,0.0
42556,NO_CCGT,2050,4,4,4,0.0
42557,NO_CCGT,2050,4,5,5,0.0
42558,NO_CCGT,2050,4,6,6,0.0
42559,NO_CCGT,2050,4,7,7,0.0
42560,NO_CCGT,2050,4,8,8,0.0
42561,NO_CCGT,2050,4,9,9,0.0
42562,NO_CCGT,2050,4,10,10,0.0
42563,NO_CCGT,2050,4,11,11,0.0
42564,NO_CCGT,2050,4,12,12,0.0
42565,NO_CCGT,2050,4,13,13,0.0
42566,NO_CCGT,2050,4,14,14,0.0
42567,NO_CCGT,2050,4,15,15,0.0
42568,NO_CCGT,2050,4,16,16,0.0
42569,NO_CCGT,2050,4,17,17,0.0
42570,NO_CCGT,2050,4,18,18,0.0
42571,NO_CCGT,2050,4,19,19,0.0
42572,NO_CCGT,2050,4,20,20,0.0
42573,NO_CCGT,2050,4,21,21,0.0
42574,NO_CCGT,2050,4,22,22,0.0
42575,NO_CCGT,2050,4,23,23,0.0
42576,NO_CCGT,2050,4,24,24,0.0
42577,NO_CCGT,2050,5,1,1,0.0
42578,NO_CCGT,2050,5,2,2,0.0
42579,NO_CCGT,2050,5,3,3,0.0
42580,NO_CCGT,2050,5,4,4,0.0
42581,NO_CCGT,2050,5,5,5,0.0
42582,NO_CCGT,2050,5,6,6,0.0
42583,NO_CCGT,2050,5,7,7,0.0
42584,NO_CCGT,2050,5,8,8,0.0
42585,NO_CCGT,2050,5,9,9,0.0
42586,NO_CCGT,2050,5,10,10,0.0
42587,NO_CCGT,2050,5,11,11,0.0
42588,NO_CCGT,2050,5,12,12,0.0
42589,NO_CCGT,2050,5,13,13,0.0
42590,NO_CCGT,2050,5,14,14,0.0
42591,NO_CCGT,2050,5,15,15,0.0
42592,NO_CCGT,2050,5,16,16,0.0
42593,NO_CCGT,2050,5,17,17,0.0
42594,NO_CCGT,2050,5,18,18,0.0
42595,NO_CCGT,2050,5,19,19,0.0
42596,NO_CCGT,2050,5,20,20,0.0
42597,NO_CCGT,2050,5,21,21,0.0
42598,NO_CCGT,2050,5,22,22,0.0
42599,NO_CCGT,2050,5,23,23,0.0
42600,NO_CCGT,2050,5,24,24,0.0
42601,NO_CCGT,2050,6,1,1,0.0
42602,NO_CCGT,2050,6,2,2,0.0
42603,NO_CCGT,2050,6,3,3,0.0
42604,NO_CCGT,2050,6,4,4,0.0
42605,NO_CCGT,2050,6,5,5,0.0
42606,NO_CCGT,2050,6,6,6,0.0
42607,NO_CCGT,2050,6,7,7,0.0
42608,NO_CCGT,2050,6,8,8,0.0
42609,NO_CCGT,2050,6,9,9,0.0
42610,NO_CCGT,2050,6,10,10,0.0
42611,NO_CCGT,2050,6,11,11,0.0
42612,NO_CCGT,2050,6,12,12,0.0
42613,NO_CCGT,2050,6,13,13,0.0
42614,NO_CCGT,2050,6,14,14,0.0
42615,NO_CCGT,2050,6,15,15,0.0
42616,NO_CCGT,2050,6,16,16,0.0
42617,NO_CCGT,2050,6,17,17,0.0
42618,NO_CCGT,2050,6,18,18,0.0
42619,NO_CCGT,2050,6,19,19,0.0
42620,NO_CCGT,2050,6,20,20,0.0
42621,NO_CCGT,2050,6,21,21,0.0
42622,NO_CCGT,2050,6,22,22,0.0
42623,NO_CCGT,2050,6,23,23,0.0
42624,NO_CCGT,2050,6,24,24,0.0
42625,NO_CCGT,2050,7,1,1,0.0
42626,NO_CCGT,2050,7,2,2,0.0
42627,NO_CCGT,2050,7,3,3,0.0
42628,NO_CCGT,2050,7,4,4,0.0
42629,NO_CCGT,2050,7,5,5,0.0
42630,NO_CCGT,2050,7,6,6,0.0
42631,NO_CCGT,2050,7,7,7,0.0
42632,NO_CCGT,2050,7,8,8,0.0
42633,NO_CCGT,2050,7,9,9,0.0
42634,NO_CCGT,2050,7,10,10,0.0
42635,NO_CCGT,2050,7,11,11,0.0
42636,NO_CCGT,2050,7,12,12,0.0
42637,NO_CCGT,2050,7,13,13,0.0
42638,NO_CCGT,2050,7,14,14,0.0
42639,NO_CCGT,2050,7,15,15,0.0
42640,NO_CCGT,2050,7,16,16,0.0
42641,NO_CCGT,2050,7,17,17,0.0
42642,NO_CCGT,2050,7,18,18,0.0
42643,NO_CCGT,2050,7,19,19,0.0
42644,NO_CCGT,2050,7,20,20,0.0
42645,NO_CCGT,2050,7,21,21,0.0
42646,NO_CCGT,2050,7,22,22,0.0
42647,NO_CCGT,2050,7,23,23,0.0
42648,NO_CCGT,2050,7,24,24,0.0
42649,NO_CCGT,2050,8,1,1,0.0
42650,NO_CCGT,2050,8,2,2,0.0
42651,NO_CCGT,2050,8,3,3,0.0
42652,NO_CCGT,2050,8,4,4,0.0
42653,NO_CCGT,2050,8,5,5,0.0
42654,NO_CCGT,2050,8,6,6,0.0
42655,NO_CCGT,2050,8,7,7,0.0
42656,NO_CCGT,2050,8,8,8,0.0
42657,NO_CCGT,2050,8,9,9,0.0
42658,NO_CCGT,2050,8,10,10,0.0
42659,NO_CCGT,2050,8,11,11,0.0
42660,NO_CCGT,2050,8,12,12,0.0
42661,NO_CCGT,2050,8,13,13,0.0
42662,NO_CCGT,2050,8,14,14,0.0
42663,NO_CCGT,2050,8,15,15,0.0
42664,NO_CCGT,2050,8,16,16,0.0
42665,NO_CCGT,2050,8,17,17,0.0
42666,NO_CCGT,2050,8,18,18,0.0
42667,NO_CCGT,2050,8,19,19,0.0
42668,NO_CCGT,2050,8,20,20,0.0
42669,NO_CCGT,2050,8,21,21,0.0
42670,NO_CCGT,2050,8,22,22,0.0
42671,NO_CCGT,2050,8,23,23,0.0
42672,NO_CCGT,2050,8,24,24,0.0
42673,NO_CCGT,2050,9,1,1,0.0
42674,NO_CCGT,2050,9,2,2,0.0
42675,NO_CCGT,2050,9,3,3,0.0
42676,NO_CCGT,2050,9,4,4,0.0
42677,NO_CCGT,2050,9,5,5,0.0
42678,NO_CCGT,2050,9,6,6,0.0
42679,NO_CCGT,2050,9,7,7,0.0
42680,NO_CCGT,2050,9,8,8,0.0
42681,NO_CCGT,2050,9,9,9,0.0
42682,NO_CCGT,2050,9,10,10,0.0
42683,NO_CCGT,2050,9,11,11,0.0
42684,NO_CCGT,2050,9,12,12,0.0
42685,NO_CCGT,2050,9,13,13,0.0
42686,NO_CCGT,2050,9,14,14,0.0
42687,NO_CCGT,2050,9,15,15,0.0
42688,NO_CCGT,2050,9,16,16,0.0
42689,NO_CCGT,2050,9,17,17,0.0
42690,NO_CCGT,2050,9,18,18,0.0
42691,NO_CCGT,2050,9,19,19,0.0
42692,NO_CCGT,2050,9,20,20,0.0
42693,NO_CCGT,2050,9,21,21,0.0
42694,NO_CCGT,2050,9,22,22,0.0
42695,NO_CCGT,2050,9,23,23,0.0
42696,NO_CCGT,2050,9,24,24,0.0
42697,NO_CCGT,2050,10,1,1,0.0
42698,NO_CCGT,2050,10,2,2,0.0
42699,NO_CCGT,2050,10,3,3,0.0
42700,NO_CCGT,2050,10,4,4,0.0
42701,NO_CCGT,2050,10,5,5,0.0
42702,NO_CCGT,2050,10,6,6,0.0
42703,NO_CCGT,2050,10,7,7,-0.8279999999999996
42704,NO_CCGT,2050,10,8,8,-6.4091657056663385
42705,NO_CCGT,2050,10,9,9,-6.4091657056663385
42706,NO_CCGT,2050,10,10,10,-6.4091657056663385
42707,NO_CCGT,2050,10,11,11,-0.8279999999999996
42708,NO_CCGT,2050,10,12,12,-0.8279999999999996
42709,NO_CCGT,2050,10,13,13,-0.8279999999999996
42710,NO_CCGT,2050,10,14,14,-0.8279999999999996
42711,NO_CCGT,2050,10,15,15,-0.8279999999999996
42712,NO_CCGT,2050,10,16,16,-0.8279999999999996
42713,NO_CCGT,2050,10,17,17,-0.8279999999999996
42714,NO_CCGT,2050,10,18,18,-0.8279999999999996
42715,NO_CCGT,2050,10,19,19,0.0
42716,NO_CCGT,2050,10,20,20,0.0
42717,NO_CCGT,2050,10,21,21,0.0
42718,NO_CCGT,2050,10,22,22,0.0
42719,NO_CCGT,2050,10,23,23,0.0
42720,NO_CCGT,2050,10,24,24,0.0
42721,NO_Nuclear,2050,1,1,1,0.0
42722,NO_Nuclear,2050,1,2,2,0.0
42723,NO_Nuclear,2050,1,3,3,-1.3038
42724,NO_Nuclear,2050,1,4,4,-1.3038
42725,NO_Nuclear,2050,1,5,5,-1.3038
42726,NO_Nuclear,2050,1,6,6,-1.3038
42727,NO_Nuclear,2050,1,7,7,-1.3038
42728,NO_Nuclear,2050,1,8,8,-2.2578
42729,NO_Nuclear,2050,1,9,9,-15.653965705666337
42730,NO_Nuclear,2050,1,10,10,-2.2578
42731,NO_Nuclear,2050,1,11,11,-2.2578
42732,NO_Nuclear,2050,1,12,12,-2.2578
42733,NO_Nuclear,2050,1,13,13,-1.3038
42734,NO_Nuclear,2050,1,14,14,-1.3038
42735,NO_Nuclear,2050,1,15,15,-1.3038
42736,NO_Nuclear,2050,1,16,16,-1.3038
42737,NO_Nuclear,2050,1,17,17,-1.3038
42738,NO_Nuclear,2050,1,18,18,-1.3038
42739,NO_Nuclear,2050,1,19,19,-1.3038
42740,NO_Nuclear,2050,1,20,20,-1.3038
42741,NO_Nuclear,2050,1,21,21,-1.3038
42742,NO_Nuclear,2050,1,22,22,-1.3038
42743,NO_Nuclear,2050,1,23,23,-1.3038
42744,NO_Nuclear,2050,1,24,24,-1.3038
42745,NO_Nuclear,2050,2,1,1,0.0
42746,NO_Nuclear,2050,2,2,2,0.0
42747,NO_Nuclear,2050,2,3,3,0.0
42748,NO_Nuclear,2050,2,4,4,0.0
42749,NO_Nuclear,2050,2,5,5,0.0
42750,NO_Nuclear,2050,2,6,6,0.0
42751,NO_Nuclear,2050,2,7,7,0.0
42752,NO_Nuclear,2050,2,8,8,-0.8118
42753,NO_Nuclear,2050,2,9,9,-0.8118
42754,NO_Nuclear,2050,2,10,10,-0.8118
42755,NO_Nuclear,2050,2,11,11,-0.8118
42756,NO_Nuclear,2050,2,12,12,-0.8118
42757,NO_Nuclear,2050,2,13,13,0.0
42758,NO_Nuclear,2050,2,14,14,0.0
42759,NO_Nuclear,2050,2,15,15,0.0
42760,NO_Nuclear,2050,2,16,16,0.0
42761,NO_Nuclear,2050,2,17,17,0.0
42762,NO_Nuclear,2050,2,18,18,0.0
42763,NO_Nuclear,2050,2,19,19,0.0
42764,NO_Nuclear,2050,2,20,20,0.0
42765,NO_Nuclear,2050,2,21,21,0.0
42766,NO_Nuclear,2050,2,22,22,0.0
42767,NO_Nuclear,2050,2,23,23,0.0
42768,NO_Nuclear,2050,2,24,24,0.0
42769,NO_Nuclear,2050,3,1,1,0.0
42770,NO_Nuclear,2050,3,2,2,0.0
42771,NO_Nuclear,2050,3,3,3,0.0
42772,NO_Nuclear,2050,3,4,4,0.0
42773,NO_Nuclear,2050,3,5,5,0.0
42774,NO_Nuclear,2050,3,6,6,0.0
42775,NO_Nuclear,2050,3,7,7,0.0
42776,NO_Nuclear,2050,3,8,8,0.0
42777,NO_Nuclear,2050,3,9,9,0.0
42778,NO_Nuclear,2050,3,10,10,0.0
42779,NO_Nuclear,2050,3,11,11,0.0
42780,NO_Nuclear,2050,3,12,12,0.0
42781,NO_Nuclear,2050,3,13,13,0.0
42782,NO_Nuclear,2050,3,14,14,0.0
42783,NO_Nuclear,2050,3,15,15,0.0
42784,NO_Nuclear,2050,3,16,16,0.0
42785,NO_Nuclear,2050,3,17,17,0.0
42786,NO_Nuclear,2050,3,18,18,0.0
42787,NO_Nuclear,2050,3,19,19,0.0
42788,NO_Nuclear,2050,3,20,20,0.0
42789,NO_Nuclear,2050,3,21,21,0.0
42790,NO_Nuclear,2050,3,22,22,0.0
42791,NO_Nuclear,2050,3,23,23,0.0
42792,NO_Nuclear,2050,3,24,24,0.0
42793,NO_Nuclear,2050,4,1,1,0.0
42794,NO_Nuclear,2050,4,2,2,0.0
42795,NO_Nuclear,2050,4,3,3,0.0
42796,NO_Nuclear,2050,4,4,4,0.0
42797,NO_Nuclear,2050,4,5,5,0.0
42798,NO_Nuclear,2050,4,6,6,0.0
42799,NO_Nuclear,2050,4,7,7,-0.5658000000000001
42800,NO_Nuclear,2050,4,8,8,-0.5658000000000001
42801,NO_Nuclear,2050,4,9,9,-0.5658000000000001
42802,NO_Nuclear,2050,4,10,10,-0.5658000000000001
42803,NO_Nuclear,2050,4,11,11,-0.5658000000000001
42804,NO_Nuclear,2050,4,12,12,-0.5658000000000001
42805,NO_Nuclear,2050,4,13,13,-0.5658000000000001
42806,NO_Nuclear,2050,4,14,14,-0.5658000000000001
42807,NO_Nuclear,2050,4,15,15,0.0
42808,NO_Nuclear,2050,4,16,16,0.0
42809,NO_Nuclear,2050,4,17,17,0.0
42810,NO_Nuclear,2050,4,18,18,0.0
42811,NO_Nuclear,2050,4,19,19,0.0
42812,NO_Nuclear,2050,4,20,20,0.0
42813,NO_Nuclear,2050,4,21,21,0.0
42814,NO_Nuclear,2050,4,22,22,0.0
42815,NO_Nuclear,2050,4,23,23,0.0
42816,NO_Nuclear,2050,4,24,24,0.0
42817,NO_Nuclear,2050,5,1,1,0.0
42818,NO_Nuclear,2050,5,2,2,0.0
42819,NO_Nuclear,2050,5,3,3,0.0
42820,NO_Nuclear,2050,5,4,4,0.0
42821,NO_Nuclear,2050,5,5,5,0.0
42822,NO_Nuclear,2050,5,6,6,0.0
42823,NO_Nuclear,2050,5,7,7,0.0
42824,NO_Nuclear,2050,5,8,8,0.0
42825,NO_Nuclear,2050,5,9,9,0.0
42826,NO_Nuclear,2050,5,10,10,0.0
42827,NO_Nuclear,2050,5,11,11,0.0
42828,NO_Nuclear,2050,5,12,12,0.0
42829,NO_Nuclear,2050,5,13,13,0.0
42830,NO_Nuclear,2050,5,14,14,0.0
42831,NO_Nuclear,2050,5,15,15,0.0
42832,NO_Nuclear,2050,5,16,16,0.0
42833,NO_Nuclear,2050,5,17,17,0.0
42834,NO_Nuclear,2050,5,18,18,0.0
42835,NO_Nuclear,2050,5,19,19,0.0
42836,NO_Nuclear,2050,5,20,20,0.0
42837,NO_Nuclear,2050,5,21,21,0.0
42838,NO_Nuclear,2050,5,22,22,0.0
42839,NO_Nuclear,2050,5,23,23,0.0
42840,NO_Nuclear,2050,5,24,24,0.0
42841,NO_Nuclear,2050,6,1,1,0.0
42842,NO_Nuclear,2050,6,2,2,0.0
42843,NO_Nuclear,2050,6,3,3,0.0
42844,NO_Nuclear,2050,6,4,4,0.0
42845,NO_Nuclear,2050,6,5,5,0.0
42846,NO_Nuclear,2050,6,6,6,0.0
42847,NO_Nuclear,2050,6,7,7,-0.4428000000000001
42848,NO_Nuclear,2050,6,8,8,-0.7667999999999999
42849,NO_Nuclear,2050,6,9,9,-0.7667999999999999
42850,NO_Nuclear,2050,6,10,10,-0.4428000000000001
42851,NO_Nuclear,2050,6,11,11,-0.4428000000000001
42852,NO_Nuclear,2050,6,12,12,-0.4428000000000001
42853,NO_Nuclear,2050,6,13,13,0.0
42854,NO_Nuclear,2050,6,14,14,0.0
42855,NO_Nuclear,2050,6,15,15,0.0
42856,NO_Nuclear,2050,6,16,16,0.0
42857,NO_Nuclear,2050,6,17,17,0.0
42858,NO_Nuclear,2050,6,18,18,0.0
42859,NO_Nuclear,2050,6,19,19,0.0
42860,NO_Nuclear,2050,6,20,20,0.0
42861,NO_Nuclear,2050,6,21,21,0.0
42862,NO_Nuclear,2050,6,22,22,0.0
42863,NO_Nuclear,2050,6,23,23,0.0
42864,NO_Nuclear,2050,6,24,24,0.0
42865,NO_Nuclear,2050,7,1,1,0.0
42866,NO_Nuclear,2050,7,2,2,0.0
42867,NO_Nuclear,2050,7,3,3,0.0
42868,NO_Nuclear,2050,7,4,4,0.0
42869,NO_Nuclear,2050,7,5,5,0.0
42870,NO_Nuclear,2050,7,6,6,0.0
42871,NO_Nuclear,2050,7,7,7,0.0
42872,NO_Nuclear,2050,7,8,8,0.0
42873,NO_Nuclear,2050,7,9,9,0.0
42874,NO_Nuclear,2050,7,10,10,0.0
42875,NO_Nuclear,2050,7,11,11,0.0
42876,NO_Nuclear,2050,7,12,12,0.0
42877,NO_Nuclear,2050,7,13,13,0.0
42878,NO_Nuclear,2050,7,14,14,0.0
42879,NO_Nuclear,2050,7,15,15,0.0
42880,NO_Nuclear,2050,7,16,16,0.0
42881,NO_Nuclear,2050,7,17,17,0.0
42882,NO_Nuclear,2050,7,18,18,0.0
42883,NO_Nuclear,2050,7,19,19,0.0
42884,NO_Nuclear,2050,7,20,20,0.0
42885,NO_Nuclear,2050,7,21,21,0.0
42886,NO_Nuclear,2050,7,22,22,0.0
42887,NO_Nuclear,2050,7,23,23,0.0
42888,NO_Nuclear,2050,7,24,24,0.0
42889,NO_Nuclear,2050,8,1,1,0.0
42890,NO_Nuclear,2050,8,2,2,0.0
42891,NO_Nuclear,2050,8,3,3,0.0
42892,NO_Nuclear,2050,8,4,4,0.0
42893,NO_Nuclear,2050,8,5,5,0.0
42894,NO_Nuclear,2050,8,6,6,0.0
42895,NO_Nuclear,2050,8,7,7,0.0
42896,NO_Nuclear,2050,8,8,8,0.0
42897,NO_Nuclear,2050,8,9,9,0.0
42898,NO_Nuclear,2050,8,10,10,0.0
42899,NO_Nuclear,2050,8,11,11,0.0
42900,NO_Nuclear,2050,8,12,12,0.0
42901,NO_Nuclear,2050,8,13,13,0.0
42902,NO_Nuclear,2050,8,14,14,0.0
42903,NO_Nuclear,2050,8,15,15,0.0
42904,NO_Nuclear,2050,8,16,16,0.0
42905,NO_Nuclear,2050,8,17,17,0.0
42906,NO_Nuclear,2050,8,18,18,0.0
42907,NO_Nuclear,2050,8,19,19,0.0
42908,NO_Nuclear,2050,8,20,20,0.0
42909,NO_Nuclear,2050,8,21,21,0.0
42910,NO_Nuclear,2050,8,22,22,0.0
42911,NO_Nuclear,2050,8,23,23,0.0
42912,NO_Nuclear,2050,8,24,24,0.0
42913,NO_Nuclear,2050,9,1,1,0.0
42914,NO_Nuclear,2050,9,2,2,0.0
42915,NO_Nuclear,2050,9,3,3,0.0
42916,NO_Nuclear,2050,9,4,4,0.0
42917,NO_Nuclear,2050,9,5,5,0.0
42918,NO_Nuclear,2050,9,6,6,0.0
42919,NO_Nuclear,2050,9,7,7,0.0
42920,NO_Nuclear,2050,9,8,8,0.0
42921,NO_Nuclear,2050,9,9,9,0.0
42922,NO_Nuclear,2050,9,10,10,0.0
42923,NO_Nuclear,2050,9,11,11,0.0
42924,NO_Nuclear,2050,9,12,12,0.0
42925,NO_Nuclear,2050,9,13,13,0.0
42926,NO_Nuclear,2050,9,14,14,0.0
42927,NO_Nuclear,2050,9,15,15,0.0
42928,NO_Nuclear,2050,9,16,16,0.0
42929,NO_Nuclear,2050,9,17,17,0.0
42930,NO_Nuclear,2050,9,18,18,0.0
42931,NO_Nuclear,2050,9,19,19,0.0
42932,NO_Nuclear,2050,9,20,20,0.0
42933,NO_Nuclear,2050,9,21,21,0.0
42934,NO_Nuclear,2050,9,22,22,0.0
42935,NO_Nuclear,2050,9,23,23,0.0
42936,NO_Nuclear,2050,9,24,24,0.0
42937,NO_Nuclear,2050,10,1,1,0.0
42938,NO_Nuclear,2050,10,2,2,0.0
42939,NO_Nuclear,2050,10,3,3,0.0
42940,NO_Nuclear,2050,10,4,4,0.0
42941,NO_Nuclear,2050,10,5,5,-1.1316000000000002
42942,NO_Nuclear,2050,10,6,6,-1.1316000000000002
42943,NO_Nuclear,2050,10,7,7,-1.9595999999999996
42944,NO_Nuclear,2050,10,8,8,-7.540765705666338
42945,NO_Nuclear,2050,10,9,9,-7.540765705666338
42946,NO_Nuclear,2050,10,10,10,-7.540765705666338
42947,NO_Nuclear,2050,10,11,11,-1.9595999999999996
42948,NO_Nuclear,2050,10,12,12,-1.9595999999999996
42949,NO_Nuclear,2050,10,13,13,-1.9595999999999996
42950,NO_Nuclear,2050,10,14,14,-1.9595999999999996
42951,NO_Nuclear,2050,10,15,15,-1.9595999999999996
42952,NO_Nuclear,2050,10,16,16,-1.9595999999999996
42953,NO_Nuclear,2050,10,17,17,-1.9595999999999996
42954,NO_Nuclear,2050,10,18,18,-1.9595999999999996
42955,NO_Nuclear,2050,10,19,19,-1.1316000000000002
42956,NO_Nuclear,2050,10,20,20,-1.1316000000000002
42957,NO_Nuclear,2050,10,21,21,-1.1316000000000002
42958,NO_Nuclear,2050,10,22,22,-1.1316000000000002
42959,NO_Nuclear,2050,10,23,23,0.0
42960,NO_Nuclear,2050,10,24,24,0.0
42961,NO_OCGT,2050,1,1,1,0.0
42962,NO_OCGT,2050,1,2,2,0.0
42963,NO_OCGT,2050,1,3,3,0.0
42964,NO_OCGT,2050,1,4,4,0.0
42965,NO_OCGT,2050,1,5,5,0.0
42966,NO_OCGT,2050,1,6,6,0.0
42967,NO_OCGT,2050,1,7,7,0.0
42968,NO_OCGT,2050,1,8,8,0.0
42969,NO_OCGT,2050,1,9,9,-13.396165705666338
42970,NO_OCGT,2050,1,10,10,0.0
42971,NO_OCGT,2050,1,11,11,0.0
42972,NO_OCGT,2050,1,12,12,0.0
42973,NO_OCGT,2050,1,13,13,0.0
42974,NO_OCGT,2050,1,14,14,0.0
42975,NO_OCGT,2050,1,15,15,0.0
42976,NO_OCGT,2050,1,16,16,0.0
42977,NO_OCGT,2050,1,17,17,0.0
42978,NO_OCGT,2050,1,18,18,0.0
42979,NO_OCGT,2050,1,19,19,0.0
42980,NO_OCGT,2050,1,20,20,0.0
42981,NO_OCGT,2050,1,21,21,0.0
42982,NO_OCGT,2050,1,22,22,0.0
42983,NO_OCGT,2050,1,23,23,0.0
42984,NO_OCGT,2050,1,24,24,0.0
42985,NO_OCGT,2050,2,1,1,0.0
42986,NO_OCGT,2050,2,2,2,0.0
42987,NO_OCGT,2050,2,3,3,0.0
42988,NO_OCGT,2050,2,4,4,0.0
42989,NO_OCGT,2050,2,5,5,0.0
42990,NO_OCGT,2050,2,6,6,0.0
42991,NO_OCGT,2050,2,7,7,0.0
42992,NO_OCGT,2050,2,8,8,0.0
42993,NO_OCGT,2050,2,9,9,0.0
42994,NO_OCGT,2050,2,10,10,0.0
42995,NO_OCGT,2050,2,11,11,0.0
42996,NO_OCGT,2050,2,12,12,0.0
42997,NO_OCGT,2050,2,13,13,0.0
42998,NO_OCGT,2050,2,14,14,0.0
42999,NO_OCGT,2050,2,15,15,0.0
43000,NO_OCGT,2050,2,16,16,0.0
43001,NO_OCGT,2050,2,17,17,0.0
43002,NO_OCGT,2050,2,18,18,0.0
43003,NO_OCGT,2050,2,19,19,0.0
43004,NO_OCGT,2050,2,20,20,0.0
43005,NO_OCGT,2050,2,21,21,0.0
43006,NO_OCGT,2050,2,22,22,0.0
43007,NO_OCGT,2050,2,23,23,0.0
43008,NO_OCGT,2050,2,24,24,0.0
43009,NO_OCGT,2050,3,1,1,0.0
43010,NO_OCGT,2050,3,2,2,0.0
43011,NO_OCGT,2050,3,3,3,0.0
43012,NO_OCGT,2050,3,4,4,0.0
43013,NO_OCGT,2050,3,5,5,0.0
43014,NO_OCGT,2050,3,6,6,0.0
43015,NO_OCGT,2050,3,7,7,0.0
43016,NO_OCGT,2050,3,8,8,0.0
43017,NO_OCGT,2050,3,9,9,0.0
43018,NO_OCGT,2050,3,10,10,0.0
43019,NO_OCGT,2050,3,11,11,0.0
43020,NO_OCGT,2050,3,12,12,0.0
43021,NO_OCGT,2050,3,13,13,0.0
43022,NO_OCGT,2050,3,14,14,0.0
43023,NO_OCGT,2050,3,15,15,0.0
43024,NO_OCGT,2050,3,16,16,0.0
43025,NO_OCGT,2050,3,17,17,0.0
43026,NO_OCGT,2050,3,18,18,0.0
43027,NO_OCGT,2050,3,19,19,0.0
43028,NO_OCGT,2050,3,20,20,0.0
43029,NO_OCGT,2050,3,21,21,0.0
43030,NO_OCGT,2050,3,22,22,0.0
43031,NO_OCGT,2050,3,23,23,0.0
43032,NO_OCGT,2050,3,24,24,0.0
43033,NO_OCGT,2050,4,1,1,0.0
43034,NO_OCGT,2050,4,2,2,0.0
43035,NO_OCGT,2050,4,3,3,0.0
43036,NO_OCGT,2050,4,4,4,0.0
43037,NO_OCGT,2050,4,5,5,0.0
43038,NO_OCGT,2050,4,6,6,0.0
43039,NO_OCGT,2050,4,7,7,0.0
43040,NO_OCGT,2050,4,8,8,0.0
43041,NO_OCGT,2050,4,9,9,0.0
43042,NO_OCGT,2050,4,10,10,0.0
43043,NO_OCGT,2050,4,11,11,0.0
43044,NO_OCGT,2050,4,12,12,0.0
43045,NO_OCGT,2050,4,13,13,0.0
43046,NO_OCGT,2050,4,14,14,0.0
43047,NO_OCGT,2050,4,15,15,0.0
43048,NO_OCGT,2050,4,16,16,0.0
43049,NO_OCGT,2050,4,17,17,0.0
43050,NO_OCGT,2050,4,18,18,0.0
43051,NO_OCGT,2050,4,19,19,0.0
43052,NO_OCGT,2050,4,20,20,0.0
43053,NO_OCGT,2050,4,21,21,0.0
43054,NO_OCGT,2050,4,22,22,0.0
43055,NO_OCGT,2050,4,23,23,0.0
43056,NO_OCGT,2050,4,24,24,0.0
43057,NO_OCGT,2050,5,1,1,0.0
43058,NO_OCGT,2050,5,2,2,0.0
43059,NO_OCGT,2050,5,3,3,0.0
43060,NO_OCGT,2050,5,4,4,0.0
43061,NO_OCGT,2050,5,5,5,0.0
43062,NO_OCGT,2050,5,6,6,0.0
43063,NO_OCGT,2050,5,7,7,0.0
43064,NO_OCGT,2050,5,8,8,0.0
43065,NO_OCGT,2050,5,9,9,0.0
43066,NO_OCGT,2050,5,10,10,0.0
43067,NO_OCGT,2050,5,11,11,0.0
43068,NO_OCGT,2050,5,12,12,0.0
43069,NO_OCGT,2050,5,13,13,0.0
43070,NO_OCGT,2050,5,14,14,0.0
43071,NO_OCGT,2050,5,15,15,0.0
43072,NO_OCGT,2050,5,16,16,0.0
43073,NO_OCGT,2050,5,17,17,0.0
43074,NO_OCGT,2050,5,18,18,0.0
43075,NO_OCGT,2050,5,19,19,0.0
43076,NO_OCGT,2050,5,20,20,0.0
43077,NO_OCGT,2050,5,21,21,0.0
43078,NO_OCGT,2050,5,22,22,0.0
43079,NO_OCGT,2050,5,23,23,0.0
43080,NO_OCGT,2050,5,24,24,0.0
43081,NO_OCGT,2050,6,1,1,0.0
43082,NO_OCGT,2050,6,2,2,0.0
43083,NO_OCGT,2050,6,3,3,0.0
43084,NO_OCGT,2050,6,4,4,0.0
43085,NO_OCGT,2050,6,5,5,0.0
43086,NO_OCGT,2050,6,6,6,0.0
43087,NO_OCGT,2050,6,7,7,0.0
43088,NO_OCGT,2050,6,8,8,0.0
43089,NO_OCGT,2050,6,9,9,0.0
43090,NO_OCGT,2050,6,10,10,0.0
43091,NO_OCGT,2050,6,11,11,0.0
43092,NO_OCGT,2050,6,12,12,0.0
43093,NO_OCGT,2050,6,13,13,0.0
43094,NO_OCGT,2050,6,14,14,0.0
43095,NO_OCGT,2050,6,15,15,0.0
43096,NO_OCGT,2050,6,16,16,0.0
43097,NO_OCGT,2050,6,17,17,0.0
43098,NO_OCGT,2050,6,18,18,0.0
43099,NO_OCGT,2050,6,19,19,0.0
43100,NO_OCGT,2050,6,20,20,0.0
43101,NO_OCGT,2050,6,21,21,0.0
43102,NO_OCGT,2050,6,22,22,0.0
43103,NO_OCGT,2050,6,23,23,0.0
43104,NO_OCGT,2050,6,24,24,0.0
43105,NO_OCGT,2050,7,1,1,0.0
43106,NO_OCGT,2050,7,2,2,0.0
43107,NO_OCGT,2050,7,3,3,0.0
43108,NO_OCGT,2050,7,4,4,0.0
43109,NO_OCGT,2050,7,5,5,0.0
43110,NO_OCGT,2050,7,6,6,0.0
43111,NO_OCGT,2050,7,7,7,0.0
43112,NO_OCGT,2050,7,8,8,0.0
43113,NO_OCGT,2050,7,9,9,0.0
43114,NO_OCGT,2050,7,10,10,0.0
43115,NO_OCGT,2050,7,11,11,0.0
43116,NO_OCGT,2050,7,12,12,0.0
43117,NO_OCGT,2050,7,13,13,0.0
43118,NO_OCGT,2050,7,14,14,0.0
43119,NO_OCGT,2050,7,15,15,0.0
43120,NO_OCGT,2050,7,16,16,0.0
43121,NO_OCGT,2050,7,17,17,0.0
43122,NO_OCGT,2050,7,18,18,0.0
43123,NO_OCGT,2050,7,19,19,0.0
43124,NO_OCGT,2050,7,20,20,0.0
43125,NO_OCGT,2050,7,21,21,0.0
43126,NO_OCGT,2050,7,22,22,0.0
43127,NO_OCGT,2050,7,23,23,0.0
43128,NO_OCGT,2050,7,24,24,0.0
43129,NO_OCGT,2050,8,1,1,0.0
43130,NO_OCGT,2050,8,2,2,0.0
43131,NO_OCGT,2050,8,3,3,0.0
43132,NO_OCGT,2050,8,4,4,0.0
43133,NO_OCGT,2050,8,5,5,0.0
43134,NO_OCGT,2050,8,6,6,0.0
43135,NO_OCGT,2050,8,7,7,0.0
43136,NO_OCGT,2050,8,8,8,0.0
43137,NO_OCGT,2050,8,9,9,0.0
43138,NO_OCGT,2050,8,10,10,0.0
43139,NO_OCGT,2050,8,11,11,0.0
43140,NO_OCGT,2050,8,12,12,0.0
43141,NO_OCGT,2050,8,13,13,0.0
43142,NO_OCGT,2050,8,14,14,0.0
43143,NO_OCGT,2050,8,15,15,0.0
43144,NO_OCGT,2050,8,16,16,0.0
43145,NO_OCGT,2050,8,17,17,0.0
43146,NO_OCGT,2050,8,18,18,0.0
43147,NO_OCGT,2050,8,19,19,0.0
43148,NO_OCGT,2050,8,20,20,0.0
43149,NO_OCGT,2050,8,21,21,0.0
43150,NO_OCGT,2050,8,22,22,0.0
43151,NO_OCGT,2050,8,23,23,0.0
43152,NO_OCGT,2050,8,24,24,0.0
43153,NO_OCGT,2050,9,1,1,0.0
43154,NO_OCGT,2050,9,2,2,0.0
43155,NO_OCGT,2050,9,3,3,0.0
43156,NO_OCGT,2050,9,4,4,0.0
43157,NO_OCGT,2050,9,5,5,0.0
43158,NO_OCGT,2050,9,6,6,0.0
43159,NO_OCGT,2050,9,7,7,0.0
43160,NO_OCGT,2050,9,8,8,0.0
43161,NO_OCGT,2050,9,9,9,0.0
43162,NO_OCGT,2050,9,10,10,0.0
43163,NO_OCGT,2050,9,11,11,0.0
43164,NO_OCGT,2050,9,12,12,0.0
43165,NO_OCGT,2050,9,13,13,0.0
43166,NO_OCGT,2050,9,14,14,0.0
43167,NO_OCGT,2050,9,15,15,0.0
43168,NO_OCGT,2050,9,16,16,0.0
43169,NO_OCGT,2050,9,17,17,0.0
43170,NO_OCGT,2050,9,18,18,0.0
43171,NO_OCGT,2050,9,19,19,0.0
43172,NO_OCGT,2050,9,20,20,0.0
43173,NO_OCGT,2050,9,21,21,0.0
43174,NO_OCGT,2050,9,22,22,0.0
43175,NO_OCGT,2050,9,23,23,0.0
43176,NO_OCGT,2050,9,24,24,0.0
43177,NO_OCGT,2050,10,1,1,0.0
43178,NO_OCGT,2050,10,2,2,0.0
43179,NO_OCGT,2050,10,3,3,0.0
43180,NO_OCGT,2050,10,4,4,0.0
43181,NO_OCGT,2050,10,5,5,0.0
43182,NO_OCGT,2050,10,6,6,0.0
43183,NO_OCGT,2050,10,7,7,0.0
43184,NO_OCGT,2050,10,8,8,-5.581165705666338
43185,NO_OCGT,2050,10,9,9,-5.581165705666338
43186,NO_OCGT,2050,10,10,10,-5.581165705666338
43187,NO_OCGT,2050,10,11,11,0.0
43188,NO_OCGT,2050,10,12,12,0.0
43189,NO_OCGT,2050,10,13,13,0.0
43190,NO_OCGT,2050,10,14,14,0.0
43191,NO_OCGT,2050,10,15,15,0.0
43192,NO_OCGT,2050,10,16,16,0.0
43193,NO_OCGT,2050,10,17,17,0.0
43194,NO_OCGT,2050,10,18,18,0.0
43195,NO_OCGT,2050,10,19,19,0.0
43196,NO_OCGT,2050,10,20,20,0.0
43197,NO_OCGT,2050,10,21,21,0.0
43198,NO_OCGT,2050,10,22,22,0.0
43199,NO_OCGT,2050,10,23,23,0.0
43200,NO_OCGT,2050,10,24,24,0.0
43201,NO_Solar,2050,1,1,1,0.0
43202,NO_Solar,2050,1,2,2,0.0
43203,NO_Solar,2050,1,3,3,-1.749
43204,NO_Solar,2050,1,4,4,-1.749
43205,NO_Solar,2050,1,5,5,-1.749
43206,NO_Solar,2050,1,6,6,-1.749
43207,NO_Solar,2050,1,7,7,-1.749
43208,NO_Solar,2050,1,8,8,-2.703
43209,NO_Solar,2050,1,9,9,-16.099165705666337
43210,NO_Solar,2050,1,10,10,-2.703
43211,NO_Solar,2050,1,11,11,-2.703
43212,NO_Solar,2050,1,12,12,-2.703
43213,NO_Solar,2050,1,13,13,-1.749
43214,NO_Solar,2050,1,14,14,-1.749
43215,NO_Solar,2050,1,15,15,-1.749
43216,NO_Solar,2050,1,16,16,-1.749
43217,NO_Solar,2050,1,17,17,-1.749
43218,NO_Solar,2050,1,18,18,-1.749
43219,NO_Solar,2050,1,19,19,-1.749
43220,NO_Solar,2050,1,20,20,-1.749
43221,NO_Solar,2050,1,21,21,-1.749
43222,NO_Solar,2050,1,22,22,-1.749
43223,NO_Solar,2050,1,23,23,-1.749
43224,NO_Solar,2050,1,24,24,-1.749
43225,NO_Solar,2050,2,1,1,0.0
43226,NO_Solar,2050,2,2,2,0.0
43227,NO_Solar,2050,2,3,3,0.0
43228,NO_Solar,2050,2,4,4,0.0
43229,NO_Solar,2050,2,5,5,0.0
43230,NO_Solar,2050,2,6,6,0.0
43231,NO_Solar,2050,2,7,7,0.0
43232,NO_Solar,2050,2,8,8,-1.089
43233,NO_Solar,2050,2,9,9,-1.089
43234,NO_Solar,2050,2,10,10,-1.089
43235,NO_Solar,2050,2,11,11,-1.089
43236,NO_Solar,2050,2,12,12,-1.089
43237,NO_Solar,2050,2,13,13,0.0
43238,NO_Solar,2050,2,14,14,0.0
43239,NO_Solar,2050,2,15,15,0.0
43240,NO_Solar,2050,2,16,16,0.0
43241,NO_Solar,2050,2,17,17,0.0
43242,NO_Solar,2050,2,18,18,0.0
43243,NO_Solar,2050,2,19,19,0.0
43244,NO_Solar,2050,2,20,20,0.0
43245,NO_Solar,2050,2,21,21,0.0
43246,NO_Solar,2050,2,22,22,0.0
43247,NO_Solar,2050,2,23,23,0.0
43248,NO_Solar,2050,2,24,24,0.0
43249,NO_Solar,2050,3,1,1,0.0
43250,NO_Solar,2050,3,2,2,0.0
43251,NO_Solar,2050,3,3,3,0.0
43252,NO_Solar,2050,3,4,4,0.0
43253,NO_Solar,2050,3,5,5,0.0
43254,NO_Solar,2050,3,6,6,0.0
43255,NO_Solar,2050,3,7,7,0.0
43256,NO_Solar,2050,3,8,8,0.0
43257,NO_Solar,2050,3,9,9,0.0
43258,NO_Solar,2050,3,10,10,0.0
43259,NO_Solar,2050,3,11,11,0.0
43260,NO_Solar,2050,3,12,12,0.0
43261,NO_Solar,2050,3,13,13,0.0
43262,NO_Solar,2050,3,14,14,0.0
43263,NO_Solar,2050,3,15,15,0.0
43264,NO_Solar,2050,3,16,16,0.0
43265,NO_Solar,2050,3,17,17,0.0
43266,NO_Solar,2050,3,18,18,0.0
43267,NO_Solar,2050,3,19,19,0.0
43268,NO_Solar,2050,3,20,20,0.0
43269,NO_Solar,2050,3,21,21,0.0
43270,NO_Solar,2050,3,22,22,0.0
43271,NO_Solar,2050,3,23,23,0.0
43272,NO_Solar,2050,3,24,24,0.0
43273,NO_Solar,2050,4,1,1,0.0
43274,NO_Solar,2050,4,2,2,0.0
43275,NO_Solar,2050,4,3,3,0.0
43276,NO_Solar,2050,4,4,4,0.0
43277,NO_Solar,2050,4,5,5,0.0
43278,NO_Solar,2050,4,6,6,0.0
43279,NO_Solar,2050,4,7,7,-0.759
43280,NO_Solar,2050,4,8,8,-0.759
43281,NO_Solar,2050,4,9,9,-0.759
43282,NO_Solar,2050,4,10,10,-0.759
43283,NO_Solar,2050,4,11,11,-0.759
43284,NO_Solar,2050,4,12,12,-0.759
43285,NO_Solar,2050,4,13,13,-0.759
43286,NO_Solar,2050,4,14,14,-0.759
43287,NO_Solar,2050,4,15,15,0.0
43288,NO_Solar,2050,4,16,16,0.0
43289,NO_Solar,2050,4,17,17,0.0
43290,NO_Solar,2050,4,18,18,0.0
43291,NO_Solar,2050,4,19,19,0.0
43292,NO_Solar,2050,4,20,20,0.0
43293,NO_Solar,2050,4,21,21,0.0
43294,NO_Solar,2050,4,22,22,0.0
43295,NO_Solar,2050,4,23,23,0.0
43296,NO_Solar,2050,4,24,24,0.0
43297,NO_Solar,2050,5,1,1,0.0
43298,NO_Solar,2050,5,2,2,0.0
43299,NO_Solar,2050,5,3,3,0.0
43300,NO_Solar,2050,5,4,4,0.0
43301,NO_Solar,2050,5,5,5,0.0
43302,NO_Solar,2050,5,6,6,0.0
43303,NO_Solar,2050,5,7,7,0.0
43304,NO_Solar,2050,5,8,8,0.0
43305,NO_Solar,2050,5,9,9,0.0
43306,NO_Solar,2050,5,10,10,0.0
43307,NO_Solar,2050,5,11,11,0.0
43308,NO_Solar,2050,5,12,12,0.0
43309,NO_Solar,2050,5,13,13,0.0
43310,NO_Solar,2050,5,14,14,0.0
43311,NO_Solar,2050,5,15,15,0.0
43312,NO_Solar,2050,5,16,16,0.0
43313,NO_Solar,2050,5,17,17,0.0
43314,NO_Solar,2050,5,18,18,0.0
43315,NO_Solar,2050,5,19,19,0.0
43316,NO_Solar,2050,5,20,20,0.0
43317,NO_Solar,2050,5,21,21,0.0
43318,NO_Solar,2050,5,22,22,0.0
43319,NO_Solar,2050,5,23,23,0.0
43320,NO_Solar,2050,5,24,24,0.0
43321,NO_Solar,2050,6,1,1,0.0
43322,NO_Solar,2050,6,2,2,0.0
43323,NO_Solar,2050,6,3,3,0.0
43324,NO_Solar,2050,6,4,4,0.0
43325,NO_Solar,2050,6,5,5,0.0
43326,NO_Solar,2050,6,6,6,0.0
43327,NO_Solar,2050,6,7,7,-0.5940000000000001
43328,NO_Solar,2050,6,8,8,-0.9179999999999999
43329,NO_Solar,2050,6,9,9,-0.9179999999999999
43330,NO_Solar,2050,6,10,10,-0.5940000000000001
43331,NO_Solar,2050,6,11,11,-0.5940000000000001
43332,NO_Solar,2050,6,12,12,-0.5940000000000001
43333,NO_Solar,2050,6,13,13,0.0
43334,NO_Solar,2050,6,14,14,0.0
43335,NO_Solar,2050,6,15,15,0.0
43336,NO_Solar,2050,6,16,16,0.0
43337,NO_Solar,2050,6,17,17,0.0
43338,NO_Solar,2050,6,18,18,0.0
43339,NO_Solar,2050,6,19,19,0.0
43340,NO_Solar,2050,6,20,20,0.0
43341,NO_Solar,2050,6,21,21,0.0
43342,NO_Solar,2050,6,22,22,0.0
43343,NO_Solar,2050,6,23,23,0.0
43344,NO_Solar,2050,6,24,24,0.0
43345,NO_Solar,2050,7,1,1,0.0
43346,NO_Solar,2050,7,2,2,0.0
43347,NO_Solar,2050,7,3,3,0.0
43348,NO_Solar,2050,7,4,4,0.0
43349,NO_Solar,2050,7,5,5,0.0
43350,NO_Solar,2050,7,6,6,0.0
43351,NO_Solar,2050,7,7,7,0.0
43352,NO_Solar,2050,7,8,8,0.0
43353,NO_Solar,2050,7,9,9,0.0
43354,NO_Solar,2050,7,10,10,0.0
43355,NO_Solar,2050,7,11,11,0.0
43356,NO_Solar,2050,7,12,12,0.0
43357,NO_Solar,2050,7,13,13,0.0
43358,NO_Solar,2050,7,14,14,0.0
43359,NO_Solar,2050,7,15,15,0.0
43360,NO_Solar,2050,7,16,16,0.0
43361,NO_Solar,2050,7,17,17,0.0
43362,NO_Solar,2050,7,18,18,0.0
43363,NO_Solar,2050,7,19,19,0.0
43364,NO_Solar,2050,7,20,20,0.0
43365,NO_Solar,2050,7,21,21,0.0
43366,NO_Solar,2050,7,22,22,0.0
43367,NO_Solar,2050,7,23,23,0.0
43368,NO_Solar,2050,7,24,24,0.0
43369,NO_Solar,2050,8,1,1,0.0
43370,NO_Solar,2050,8,2,2,0.0
43371,NO_Solar,2050,8,3,3,0.0
43372,NO_Solar,2050,8,4,4,0.0
43373,NO_Solar,2050,8,5,5,0.0
43374,NO_Solar,2050,8,6,6,0.0
43375,NO_Solar,2050,8,7,7,0.0
43376,NO_Solar,2050,8,8,8,0.0
43377,NO_Solar,2050,8,9,9,0.0
43378,NO_Solar,2050,8,10,10,0.0
43379,NO_Solar,2050,8,11,11,0.0
43380,NO_Solar,2050,8,12,12,0.0
43381,NO_Solar,2050,8,13,13,0.0
43382,NO_Solar,2050,8,14,14,0.0
43383,NO_Solar,2050,8,15,15,0.0
43384,NO_Solar,2050,8,16,16,0.0
43385,NO_Solar,2050,8,17,17,0.0
43386,NO_Solar,2050,8,18,18,0.0
43387,NO_Solar,2050,8,19,19,0.0
43388,NO_Solar,2050,8,20,20,0.0
43389,NO_Solar,2050,8,21,21,0.0
43390,NO_Solar,2050,8,22,22,0.0
43391,NO_Solar,2050,8,23,23,0.0
43392,NO_Solar,2050,8,24,24,0.0
43393,NO_Coal,2050,1,1,1,0.0
43394,NO_Coal,2050,1,2,2,0.0
43395,NO_Coal,2050,1,3,3,-0.8109000000000001
43396,NO_Coal,2050,1,4,4,-0.8109000000000001
43397,NO_Coal,2050,1,5,5,-0.8109000000000001
43398,NO_Coal,2050,1,6,6,-0.8109000000000001
43399,NO_Coal,2050,1,7,7,-0.8109000000000001
43400,NO_Coal,2050,1,8,8,-1.7649
43401,NO_Coal,2050,1,9,9,-15.161065705666337
43402,NO_Coal,2050,1,10,10,-1.7649
43403,NO_Coal,2050,1,11,11,-1.7649
43404,NO_Coal,2050,1,12,12,-1.7649
43405,NO_Coal,2050,1,13,13,-0.8109000000000001
43406,NO_Coal,2050,1,14,14,-0.8109000000000001
43407,NO_Coal,2050,1,15,15,-0.8109000000000001
43408,NO_Coal,2050,1,16,16,-0.8109000000000001
43409,NO_Coal,2050,1,17,17,-0.8109000000000001
43410,NO_Coal,2050,1,18,18,-0.8109000000000001
43411,NO_Coal,2050,1,19,19,-0.8109000000000001
43412,NO_Coal,2050,1,20,20,-0.8109000000000001
43413,NO_Coal,2050,1,21,21,-0.8109000000000001
43414,NO_Coal,2050,1,22,22,-0.8109000000000001
43415,NO_Coal,2050,1,23,23,-0.8109000000000001
43416,NO_Coal,2050,1,24,24,-0.8109000000000001
43417,NO_Coal,2050,2,1,1,0.0
43418,NO_Coal,2050,2,2,2,0.0
43419,NO_Coal,2050,2,3,3,0.0
43420,NO_Coal,2050,2,4,4,0.0
43421,NO_Coal,2050,2,5,5,0.0
43422,NO_Coal,2050,2,6,6,0.0
43423,NO_Coal,2050,2,7,7,0.0
43424,NO_Coal,2050,2,8,8,-0.5048999999999999
43425,NO_Coal,2050,2,9,9,-0.5048999999999999
43426,NO_Coal,2050,2,10,10,-0.5048999999999999
43427,NO_Coal,2050,2,11,11,-0.5048999999999999
43428,NO_Coal,2050,2,12,12,-0.5048999999999999
43429,NO_Coal,2050,2,13,13,0.0
43430,NO_Coal,2050,2,14,14,0.0
43431,NO_Coal,2050,2,15,15,0.0
43432,NO_Coal,2050,2,16,16,0.0
43433,NO_Coal,2050,2,17,17,0.0
43434,NO_Coal,2050,2,18,18,0.0
43435,NO_Coal,2050,2,19,19,0.0
43436,NO_Coal,2050,2,20,20,0.0
43437,NO_Coal,2050,2,21,21,0.0
43438,NO_Coal,2050,2,22,22,0.0
43439,NO_Coal,2050,2,23,23,0.0
43440,NO_Coal,2050,2,24,24,0.0
43441,NO_Coal,2050,3,1,1,0.0
43442,NO_Coal,2050,3,2,2,0.0
43443,NO_Coal,2050,3,3,3,0.0
43444,NO_Coal,2050,3,4,4,0.0
43445,NO_Coal,2050,3,5,5,0.0
43446,NO_Coal,2050,3,6,6,0.0
43447,NO_Coal,2050,3,7,7,0.0
43448,NO_Coal,2050,3,8,8,0.0
43449,NO_Coal,2050,3,9,9,0.0
43450,NO_Coal,2050,3,10,10,0.0
43451,NO_Coal,2050,3,11,11,0.0
43452,NO_Coal,2050,3,12,12,0.0
43453,NO_Coal,2050,3,13,13,0.0
43454,NO_Coal,2050,3,14,14,0.0
43455,NO_Coal,2050,3,15,15,0.0
43456,NO_Coal,2050,3,16,16,0.0
43457,NO_Coal,2050,3,17,17,0.0
43458,NO_Coal,2050,3,18,18,0.0
43459,NO_Coal,2050,3,19,19,0.0
43460,NO_Coal,2050,3,20,20,0.0
43461,NO_Coal,2050,3,21,21,0.0
43462,NO_Coal,2050,3,22,22,0.0
43463,NO_Coal,2050,3,23,23,0.0
43464,NO_Coal,2050,3,24,24,0.0
43465,NO_Coal,2050,4,1,1,0.0
43466,NO_Coal,2050,4,2,2,0.0
43467,NO_Coal,2050,4,3,3,0.0
43468,NO_Coal,2050,4,4,4,0.0
43469,NO_Coal,2050,4,5,5,0.0
43470,NO_Coal,2050,4,6,6,0.0
43471,NO_Coal,2050,4,7,7,-0.3519
43472,NO_Coal,2050,4,8,8,-0.3519
43473,NO_Coal,2050,4,9,9,-0.3519
43474,NO_Coal,2050,4,10,10,-0.3519
43475,NO_Coal,2050,4,11,11,-0.3519
43476,NO_Coal,2050,4,12,12,-0.3519
43477,NO_Coal,2050,4,13,13,-0.3519
43478,NO_Coal,2050,4,14,14,-0.3519
43479,NO_Coal,2050,4,15,15,0.0
43480,NO_Coal,2050,4,16,16,0.0
43481,NO_Coal,2050,4,17,17,0.0
43482,NO_Coal,2050,4,18,18,0.0
43483,NO_Coal,2050,4,19,19,0.0
43484,NO_Coal,2050,4,20,20,0.0
43485,NO_Coal,2050,4,21,21,0.0
43486,NO_Coal,2050,4,22,22,0.0
43487,NO_Coal,2050,4,23,23,0.0
43488,NO_Coal,2050,4,24,24,0.0
43489,NO_Coal,2050,5,1,1,0.0
43490,NO_Coal,2050,5,2,2,0.0
43491,NO_Coal,2050,5,3,3,0.0
43492,NO_Coal,2050,5,4,4,0.0
43493,NO_Coal,2050,5,5,5,0.0
43494,NO_Coal,2050,5,6,6,0.0
43495,NO_Coal,2050,5,7,7,0.0
43496,NO_Coal,2050,5,8,8,0.0
43497,NO_Coal,2050,5,9,9,0.0
43498,NO_Coal,2050,5,10,10,0.0
43499,NO_Coal,2050,5,11,11,0.0
43500,NO_Coal,2050,5,12,12,0.0
43501,NO_Coal,2050,5,13,13,0.0
43502,NO_Coal,2050,5,14,14,0.0
43503,NO_Coal,2050,5,15,15,0.0
43504,NO_Coal,2050,5,16,16,0.0
43505,NO_Coal,2050,5,17,17,0.0
43506,NO_Coal,2050,5,18,18,0.0
43507,NO_Coal,2050,5,19,19,0.0
43508,NO_Coal,2050,5,20,20,0.0
43509,NO_Coal,2050,5,21,21,0.0
43510,NO_Coal,2050,5,22,22,0.0
43511,NO_Coal,2050,5,23,23,0.0
43512,NO_Coal,2050,5,24,24,0.0
43513,NO_Coal,2050,6,1,1,0.0
43514,NO_Coal,2050,6,2,2,0.0
43515,NO_Coal,2050,6,3,3,0.0
43516,NO_Coal,2050,6,4,4,0.0
43517,NO_Coal,2050,6,5,5,0.0
43518,NO_Coal,2050,6,6,6,0.0
43519,NO_Coal,2050,6,7,7,-0.2754000000000001
43520,NO_Coal,2050,6,8,8,-0.5993999999999999
43521,NO_Coal,2050,6,9,9,-0.5993999999999999
43522,NO_Coal,2050,6,10,10,-0.2754000000000001
43523,NO_Coal,2050,6,11,11,-0.2754000000000001
43524,NO_Coal,2050,6,12,12,-0.2754000000000001
43525,NO_Coal,2050,6,13,13,0.0
43526,NO_Coal,2050,6,14,14,0.0
43527,NO_Coal,2050,6,15,15,0.0
43528,NO_Coal,2050,6,16,16,0.0
43529,NO_Coal,2050,6,17,17,0.0
43530,NO_Coal,2050,6,18,18,0.0
43531,NO_Coal,2050,6,19,19,0.0
43532,NO_Coal,2050,6,20,20,0.0
43533,NO_Coal,2050,6,21,21,0.0
43534,NO_Coal,2050,6,22,22,0.0
43535,NO_Coal,2050,6,23,23,0.0
43536,NO_Coal,2050,6,24,24,0.0
43537,NO_Coal,2050,7,1,1,0.0
43538,NO_Coal,2050,7,2,2,0.0
43539,NO_Coal,2050,7,3,3,0.0
43540,NO_Coal,2050,7,4,4,0.0
43541,NO_Coal,2050,7,5,5,0.0
43542,NO_Coal,2050,7,6,6,0.0
43543,NO_Coal,2050,7,7,7,0.0
43544,NO_Coal,2050,7,8,8,0.0
43545,NO_Coal,2050,7,9,9,0.0
43546,NO_Coal,2050,7,10,10,0.0
43547,NO_Coal,2050,7,11,11,0.0
43548,NO_Coal,2050,7,12,12,0.0
43549,NO_Coal,2050,7,13,13,0.0
43550,NO_Coal,2050,7,14,14,0.0
43551,NO_Coal,2050,7,15,15,0.0
43552,NO_Coal,2050,7,16,16,0.0
43553,NO_Coal,2050,7,17,17,0.0
43554,NO_Coal,2050,7,18,18,0.0
43555,NO_Coal,2050,7,19,19,0.0
43556,NO_Coal,2050,7,20,20,0.0
43557,NO_Coal,2050,7,21,21,0.0
43558,NO_Coal,2050,7,22,22,0.0
43559,NO_Coal,2050,7,23,23,0.0
43560,NO_Coal,2050,7,24,24,0.0
43561,NO_Coal,2050,8,1,1,0.0
43562,NO_Coal,2050,8,2,2,0.0
43563,NO_Coal,2050,8,3,3,0.0
43564,NO_Coal,2050,8,4,4,0.0
43565,NO_Coal,2050,8,5,5,0.0
43566,NO_Coal,2050,8,6,6,0.0
43567,NO_Coal,2050,8,7,7,0.0
43568,NO_Coal,2050,8,8,8,0.0
43569,NO_Coal,2050,8,9,9,0.0
43570,NO_Coal,2050,8,10,10,0.0
43571,NO_Coal,2050,8,11,11,0.0
43572,NO_Coal,2050,8,12,12,0.0
43573,NO_Coal,2050,8,13,13,0.0
43574,NO_Coal,2050,8,14,14,0.0
43575,NO_Coal,2050,8,15,15,0.0
43576,NO_Coal,2050,8,16,16,0.0
43577,NO_Coal,2050,8,17,17,0.0
43578,NO_Coal,2050,8,18,18,0.0
43579,NO_Coal,2050,8,19,19,0.0
43580,NO_Coal,2050,8,20,20,0.0
43581,NO_Coal,2050,8,21,21,0.0
43582,NO_Coal,2050,8,22,22,0.0
43583,NO_Coal,2050,8,23,23,0.0
43584,NO_Coal,2050,8,24,24,0.0
43585,NO_Coal,2050,9,1,1,0.0
43586,NO_Coal,2050,9,2,2,0.0
43587,NO_Coal,2050,9,3,3,0.0
43588,NO_Coal,2050,9,4,4,0.0
43589,NO_Coal,2050,9,5,5,0.0
43590,NO_Coal,2050,9,6,6,0.0
43591,NO_Coal,2050,9,7,7,0.0
43592,NO_Coal,2050,9,8,8,0.0
43593,NO_Coal,2050,9,9,9,0.0
43594,NO_Coal,2050,9,10,10,0.0
43595,NO_Coal,2050,9,11,11,0.0
43596,NO_Coal,2050,9,12,12,0.0
43597,NO_Coal,2050,9,13,13,0.0
43598,NO_Coal,2050,9,14,14,0.0
43599,NO_Coal,2050,9,15,15,0.0
43600,NO_Coal,2050,9,16,16,0.0
43601,NO_Coal,2050,9,17,17,0.0
43602,NO_Coal,2050,9,18,18,0.0
43603,NO_Coal,2050,9,19,19,0.0
43604,NO_Coal,2050,9,20,20,0.0
43605,NO_Coal,2050,9,21,21,0.0
43606,NO_Coal,2050,9,22,22,0.0
43607,NO_Coal,2050,9,23,23,0.0
43608,NO_Coal,2050,9,24,24,0.0
43609,NO_Coal,2050,10,1,1,0.0
43610,NO_Coal,2050,10,2,2,0.0
43611,NO_Coal,2050,10,3,3,0.0
43612,NO_Coal,2050,10,4,4,0.0
43613,NO_Coal,2050,10,5,5,-0.7038
43614,NO_Coal,2050,10,6,6,-0.7038
43615,NO_Coal,2050,10,7,7,-1.5317999999999996
43616,NO_Coal,2050,10,8,8,-7.112965705666339
43617,NO_Coal,2050,10,9,9,-7.112965705666339
43618,NO_Coal,2050,10,10,10,-7.112965705666339
43619,NO_Coal,2050,10,11,11,-1.5317999999999996
43620,NO_Coal,2050,10,12,12,-1.5317999999999996
43621,NO_Coal,2050,10,13,13,-1.5317999999999996
43622,NO_Coal,2050,10,14,14,-1.5317999999999996
43623,NO_Coal,2050,10,15,15,-1.5317999999999996
43624,NO_Coal,2050,10,16,16,-1.5317999999999996
43625,NO_Coal,2050,10,17,17,-1.5317999999999996
43626,NO_Coal,2050,10,18,18,-1.5317999999999996
43627,NO_Coal,2050,10,19,19,-0.7038
43628,NO_Coal,2050,10,20,20,-0.7038
43629,NO_Coal,2050,10,21,21,-0.7038
43630,NO_Coal,2050,10,22,22,-0.7038
43631,NO_Coal,2050,10,23,23,0.0
43632,NO_Coal,2050,10,24,24,0.0
43633,NO_Solar,2050,9,1,1,0.0
43634,NO_Solar,2050,9,2,2,0.0
43635,NO_Solar,2050,9,3,3,0.0
43636,NO_Solar,2050,9,4,4,0.0
43637,NO_Solar,2050,9,5,5,0.0
43638,NO_Solar,2050,9,6,6,0.0
43639,NO_Solar,2050,9,7,7,0.0
43640,NO_Solar,2050,9,8,8,0.0
43641,NO_Solar,2050,9,9,9,0.0
43642,NO_Solar,2050,9,10,10,0.0
43643,NO_Solar,2050,9,11,11,0.0
43644,NO_Solar,2050,9,12,12,0.0
43645,NO_Solar,2050,9,13,13,0.0
43646,NO_Solar,2050,9,14,14,0.0
43647,NO_Solar,2050,9,15,15,0.0
43648,NO_Solar,2050,9,16,16,0.0
43649,NO_Solar,2050,9,17,17,0.0
43650,NO_Solar,2050,9,18,18,0.0
43651,NO_Solar,2050,9,19,19,0.0
43652,NO_Solar,2050,9,20,20,0.0
43653,NO_Solar,2050,9,21,21,0.0
43654,NO_Solar,2050,9,22,22,0.0
43655,NO_Solar,2050,9,23,23,0.0
43656,NO_Solar,2050,9,24,24,0.0
43657,NO_Solar,2050,10,1,1,0.0
43658,NO_Solar,2050,10,2,2,0.0
43659,NO_Solar,2050,10,3,3,0.0
43660,NO_Solar,2050,10,4,4,0.0
43661,NO_Solar,2050,10,5,5,-1.518
43662,NO_Solar,2050,10,6,6,-1.518
43663,NO_Solar,2050,10,7,7,-2.3459999999999996
43664,NO_Solar,2050,10,8,8,-7.927165705666338
43665,NO_Solar,2050,10,9,9,-7.927165705666338
43666,NO_Solar,2050,10,10,10,-7.927165705666338
43667,NO_Solar,2050,10,11,11,-2.3459999999999996
43668,NO_Solar,2050,10,12,12,-2.3459999999999996
43669,NO_Solar,2050,10,13,13,-2.3459999999999996
43670,NO_Solar,2050,10,14,14,-2.3459999999999996
43671,NO_Solar,2050,10,15,15,-2.3459999999999996
43672,NO_Solar,2050,10,16,16,-2.3459999999999996
43673,NO_Solar,2050,10,17,17,-2.3459999999999996
43674,NO_Solar,2050,10,18,18,-2.3459999999999996
43675,NO_Solar,2050,10,19,19,-1.518
43676,NO_Solar,2050,10,20,20,-1.518
43677,NO_Solar,2050,10,21,21,-1.518
43678,NO_Solar,2050,10,22,22,-1.518
43679,NO_Solar,2050,10,23,23,0.0
43680,NO_Solar,2050,10,24,24,0.0
43681,NO_Wind_Offshore,2050,1,1,1,0.0
43682,NO_Wind_Offshore,2050,1,2,2,0.0
43683,NO_Wind_Offshore,2050,1,3,3,-1.749
43684,NO_Wind_Offshore,2050,1,4,4,-1.749
43685,NO_Wind_Offshore,2050,1,5,5,-1.749
43686,NO_Wind_Offshore,2050,1,6,6,-1.749
43687,NO_Wind_Offshore,2050,1,7,7,-1.749
43688,NO_Wind_Offshore,2050,1,8,8,-2.703
43689,NO_Wind_Offshore,2050,1,9,9,-16.099165705666337
43690,NO_Wind_Offshore,2050,1,10,10,-2.703
43691,NO_Wind_Offshore,2050,1,11,11,-2.703
43692,NO_Wind_Offshore,2050,1,12,12,-2.703
43693,NO_Wind_Offshore,2050,1,13,13,-1.749
43694,NO_Wind_Offshore,2050,1,14,14,-1.749
43695,NO_Wind_Offshore,2050,1,15,15,-1.749
43696,NO_Wind_Offshore,2050,1,16,16,-1.749
43697,NO_Wind_Offshore,2050,1,17,17,-1.749
43698,NO_Wind_Offshore,2050,1,18,18,-1.749
43699,NO_Wind_Offshore,2050,1,19,19,-1.749
43700,NO_Wind_Offshore,2050,1,20,20,-1.749
43701,NO_Wind_Offshore,2050,1,21,21,-1.749
43702,NO_Wind_Offshore,2050,1,22,22,-1.749
43703,NO_Wind_Offshore,2050,1,23,23,-1.749
43704,NO_Wind_Offshore,2050,1,24,24,-1.749
43705,NO_Wind_Offshore,2050,2,1,1,0.0
43706,NO_Wind_Offshore,2050,2,2,2,0.0
43707,NO_Wind_Offshore,2050,2,3,3,0.0
43708,NO_Wind_Offshore,2050,2,4,4,0.0
43709,NO_Wind_Offshore,2050,2,5,5,0.0
43710,NO_Wind_Offshore,2050,2,6,6,0.0
43711,NO_Wind_Offshore,2050,2,7,7,0.0
43712,NO_Wind_Offshore,2050,2,8,8,-1.089
43713,NO_Wind_Offshore,2050,2,9,9,-1.089
43714,NO_Wind_Offshore,2050,2,10,10,-1.089
43715,NO_Wind_Offshore,2050,2,11,11,-1.089
43716,NO_Wind_Offshore,2050,2,12,12,-1.089
43717,NO_Wind_Offshore,2050,2,13,13,0.0
43718,NO_Wind_Offshore,2050,2,14,14,0.0
43719,NO_Wind_Offshore,2050,2,15,15,0.0
43720,NO_Wind_Offshore,2050,2,16,16,0.0
43721,NO_Wind_Offshore,2050,2,17,17,0.0
43722,NO_Wind_Offshore,2050,2,18,18,0.0
43723,NO_Wind_Offshore,2050,2,19,19,0.0
43724,NO_Wind_Offshore,2050,2,20,20,0.0
43725,NO_Wind_Offshore,2050,2,21,21,0.0
43726,NO_Wind_Offshore,2050,2,22,22,0.0
43727,NO_Wind_Offshore,2050,2,23,23,0.0
43728,NO_Wind_Offshore,2050,2,24,24,0.0
43729,NO_Wind_Offshore,2050,3,1,1,0.0
43730,NO_Wind_Offshore,2050,3,2,2,0.0
43731,NO_Wind_Offshore,2050,3,3,3,0.0
43732,NO_Wind_Offshore,2050,3,4,4,0.0
43733,NO_Wind_Offshore,2050,3,5,5,0.0
43734,NO_Wind_Offshore,2050,3,6,6,0.0
43735,NO_Wind_Offshore,2050,3,7,7,0.0
43736,NO_Wind_Offshore,2050,3,8,8,0.0
43737,NO_Wind_Offshore,2050,3,9,9,0.0
43738,NO_Wind_Offshore,2050,3,10,10,0.0
43739,NO_Wind_Offshore,2050,3,11,11,0.0
43740,NO_Wind_Offshore,2050,3,12,12,0.0
43741,NO_Wind_Offshore,2050,3,13,13,0.0
43742,NO_Wind_Offshore,2050,3,14,14,0.0
43743,NO_Wind_Offshore,2050,3,15,15,0.0
43744,NO_Wind_Offshore,2050,3,16,16,0.0
43745,NO_Wind_Offshore,2050,3,17,17,0.0
43746,NO_Wind_Offshore,2050,3,18,18,0.0
43747,NO_Wind_Offshore,2050,3,19,19,0.0
43748,NO_Wind_Offshore,2050,3,20,20,0.0
43749,NO_Wind_Offshore,2050,3,21,21,0.0
43750,NO_Wind_Offshore,2050,3,22,22,0.0
43751,NO_Wind_Offshore,2050,3,23,23,0.0
43752,NO_Wind_Offshore,2050,3,24,24,0.0
43753,NO_Wind_Offshore,2050,4,1,1,0.0
43754,NO_Wind_Offshore,2050,4,2,2,0.0
43755,NO_Wind_Offshore,2050,4,3,3,0.0
43756,NO_Wind_Offshore,2050,4,4,4,0.0
43757,NO_Wind_Offshore,2050,4,5,5,0.0
43758,NO_Wind_Offshore,2050,4,6,6,0.0
43759,NO_Wind_Offshore,2050,4,7,7,-0.759
43760,NO_Wind_Offshore,2050,4,8,8,-0.759
43761,NO_Wind_Offshore,2050,4,9,9,-0.759
43762,NO_Wind_Offshore,2050,4,10,10,-0.759
43763,NO_Wind_Offshore,2050,4,11,11,-0.759
43764,NO_Wind_Offshore,2050,4,12,12,-0.759
43765,NO_Wind_Offshore,2050,4,13,13,-0.759
43766,NO_Wind_Offshore,2050,4,14,14,-0.759
43767,NO_Wind_Offshore,2050,4,15,15,0.0
43768,NO_Wind_Offshore,2050,4,16,16,0.0
43769,NO_Wind_Offshore,2050,4,17,17,0.0
43770,NO_Wind_Offshore,2050,4,18,18,0.0
43771,NO_Wind_Offshore,2050,4,19,19,0.0
43772,NO_Wind_Offshore,2050,4,20,20,0.0
43773,NO_Wind_Offshore,2050,4,21,21,0.0
43774,NO_Wind_Offshore,2050,4,22,22,0.0
43775,NO_Wind_Offshore,2050,4,23,23,0.0
43776,NO_Wind_Offshore,2050,4,24,24,0.0
43777,NO_Wind_Offshore,2050,5,1,1,0.0
43778,NO_Wind_Offshore,2050,5,2,2,0.0
43779,NO_Wind_Offshore,2050,5,3,3,0.0
43780,NO_Wind_Offshore,2050,5,4,4,0.0
43781,NO_Wind_Offshore,2050,5,5,5,0.0
43782,NO_Wind_Offshore,2050,5,6,6,0.0
43783,NO_Wind_Offshore,2050,5,7,7,0.0
43784,NO_Wind_Offshore,2050,5,8,8,0.0
43785,NO_Wind_Offshore,2050,5,9,9,0.0
43786,NO_Wind_Offshore,2050,5,10,10,0.0
43787,NO_Wind_Offshore,2050,5,11,11,0.0
43788,NO_Wind_Offshore,2050,5,12,12,0.0
43789,NO_Wind_Offshore,2050,5,13,13,0.0
43790,NO_Wind_Offshore,2050,5,14,14,0.0
43791,NO_Wind_Offshore,2050,5,15,15,0.0
43792,NO_Wind_Offshore,2050,5,16,16,0.0
43793,NO_Wind_Offshore,2050,5,17,17,0.0
43794,NO_Wind_Offshore,2050,5,18,18,0.0
43795,NO_Wind_Offshore,2050,5,19,19,0.0
43796,NO_Wind_Offshore,2050,5,20,20,0.0
43797,NO_Wind_Offshore,2050,5,21,21,0.0
43798,NO_Wind_Offshore,2050,5,22,22,0.0
43799,NO_Wind_Offshore,2050,5,23,23,0.0
43800,NO_Wind_Offshore,2050,5,24,24,0.0
43801,NO_Wind_Offshore,2050,6,1,1,0.0
43802,NO_Wind_Offshore,2050,6,2,2,0.0
43803,NO_Wind_Offshore,2050,6,3,3,0.0
43804,NO_Wind_Offshore,2050,6,4,4,0.0
43805,NO_Wind_Offshore,2050,6,5,5,0.0
43806,NO_Wind_Offshore,2050,6,6,6,0.0
43807,NO_Wind_Offshore,2050,6,7,7,-0.5940000000000001
43808,NO_Wind_Offshore,2050,6,8,8,-0.9179999999999999
43809,NO_Wind_Offshore,2050,6,9,9,-0.9179999999999999
43810,NO_Wind_Offshore,2050,6,10,10,-0.5940000000000001
43811,NO_Wind_Offshore,2050,6,11,11,-0.5940000000000001
43812,NO_Wind_Offshore,2050,6,12,12,-0.5940000000000001
43813,NO_Wind_Offshore,2050,6,13,13,0.0
43814,NO_Wind_Offshore,2050,6,14,14,0.0
43815,NO_Wind_Offshore,2050,6,15,15,0.0
43816,NO_Wind_Offshore,2050,6,16,16,0.0
43817,NO_Wind_Offshore,2050,6,17,17,0.0
43818,NO_Wind_Offshore,2050,6,18,18,0.0
43819,NO_Wind_Offshore,2050,6,19,19,0.0
43820,NO_Wind_Offshore,2050,6,20,20,0.0
43821,NO_Wind_Offshore,2050,6,21,21,0.0
43822,NO_Wind_Offshore,2050,6,22,22,0.0
43823,NO_Wind_Offshore,2050,6,23,23,0.0
43824,NO_Wind_Offshore,2050,6,24,24,0.0
43825,NO_Wind_Offshore,2050,7,1,1,0.0
43826,NO_Wind_Offshore,2050,7,2,2,0.0
43827,NO_Wind_Offshore,2050,7,3,3,0.0
43828,NO_Wind_Offshore,2050,7,4,4,0.0
43829,NO_Wind_Offshore,2050,7,5,5,0.0
43830,NO_Wind_Offshore,2050,7,6,6,0.0
43831,NO_Wind_Offshore,2050,7,7,7,0.0
43832,NO_Wind_Offshore,2050,7,8,8,0.0
43833,NO_Wind_Offshore,2050,7,9,9,0.0
43834,NO_Wind_Offshore,2050,7,10,10,0.0
43835,NO_Wind_Offshore,2050,7,11,11,0.0
43836,NO_Wind_Offshore,2050,7,12,12,0.0
43837,NO_Wind_Offshore,2050,7,13,13,0.0
43838,NO_Wind_Offshore,2050,7,14,14,0.0
43839,NO_Wind_Offshore,2050,7,15,15,0.0
43840,NO_Wind_Offshore,2050,7,16,16,0.0
43841,NO_Wind_Offshore,2050,7,17,17,0.0
43842,NO_Wind_Offshore,2050,7,18,18,0.0
43843,NO_Wind_Offshore,2050,7,19,19,0.0
43844,NO_Wind_Offshore,2050,7,20,20,0.0
43845,NO_Wind_Offshore,2050,7,21,21,0.0
43846,NO_Wind_Offshore,2050,7,22,22,0.0
43847,NO_Wind_Offshore,2050,7,23,23,0.0
43848,NO_Wind_Offshore,2050,7,24,24,0.0
43849,NO_Wind_Offshore,2050,8,1,1,0.0
43850,NO_Wind_Offshore,2050,8,2,2,0.0
43851,NO_Wind_Offshore,2050,8,3,3,0.0
43852,NO_Wind_Offshore,2050,8,4,4,0.0
43853,NO_Wind_Offshore,2050,8,5,5,0.0
43854,NO_Wind_Offshore,2050,8,6,6,0.0
43855,NO_Wind_Offshore,2050,8,7,7,0.0
43856,NO_Wind_Offshore,2050,8,8,8,0.0
43857,NO_Wind_Offshore,2050,8,9,9,0.0
43858,NO_Wind_Offshore,2050,8,10,10,0.0
43859,NO_Wind_Offshore,2050,8,11,11,0.0
43860,NO_Wind_Offshore,2050,8,12,12,0.0
43861,NO_Wind_Offshore,2050,8,13,13,0.0
43862,NO_Wind_Offshore,2050,8,14,14,0.0
43863,NO_Wind_Offshore,2050,8,15,15,0.0
43864,NO_Wind_Offshore,2050,8,16,16,0.0
43865,NO_Wind_Offshore,2050,8,17,17,0.0
43866,NO_Wind_Offshore,2050,8,18,18,0.0
43867,NO_Wind_Offshore,2050,8,19,19,0.0
43868,NO_Wind_Offshore,2050,8,20,20,0.0
43869,NO_Wind_Offshore,2050,8,21,21,0.0
43870,NO_Wind_Offshore,2050,8,22,22,0.0
43871,NO_Wind_Offshore,2050,8,23,23,0.0
43872,NO_Wind_Offshore,2050,8,24,24,0.0
43873,NO_Wind_Offshore,2050,9,1,1,0.0
43874,NO_Wind_Offshore,2050,9,2,2,0.0
43875,NO_Wind_Offshore,2050,9,3,3,0.0
43876,NO_Wind_Offshore,2050,9,4,4,0.0
43877,NO_Wind_Offshore,2050,9,5,5,0.0
43878,NO_Wind_Offshore,2050,9,6,6,0.0
43879,NO_Wind_Offshore,2050,9,7,7,0.0
43880,NO_Wind_Offshore,2050,9,8,8,0.0
43881,NO_Wind_Offshore,2050,9,9,9,0.0
43882,NO_Wind_Offshore,2050,9,10,10,0.0
43883,NO_Wind_Offshore,2050,9,11,11,0.0
43884,NO_Wind_Offshore,2050,9,12,12,0.0
43885,NO_Wind_Offshore,2050,9,13,13,0.0
43886,NO_Wind_Offshore,2050,9,14,14,0.0
43887,NO_Wind_Offshore,2050,9,15,15,0.0
43888,NO_Wind_Offshore,2050,9,16,16,0.0
43889,NO_Wind_Offshore,2050,9,17,17,0.0
43890,NO_Wind_Offshore,2050,9,18,18,0.0
43891,NO_Wind_Offshore,2050,9,19,19,0.0
43892,NO_Wind_Offshore,2050,9,20,20,0.0
43893,NO_Wind_Offshore,2050,9,21,21,0.0
43894,NO_Wind_Offshore,2050,9,22,22,0.0
43895,NO_Wind_Offshore,2050,9,23,23,0.0
43896,NO_Wind_Offshore,2050,9,24,24,0.0
43897,NO_Wind_Offshore,2050,10,1,1,0.0
43898,NO_Wind_Offshore,2050,10,2,2,0.0
43899,NO_Wind_Offshore,2050,10,3,3,0.0
43900,NO_Wind_Offshore,2050,10,4,4,0.0
43901,NO_Wind_Offshore,2050,10,5,5,-1.518
43902,NO_Wind_Offshore,2050,10,6,6,-1.518
43903,NO_Wind_Offshore,2050,10,7,7,-2.3459999999999996
43904,NO_Wind_Offshore,2050,10,8,8,-7.927165705666338
43905,NO_Wind_Offshore,2050,10,9,9,-7.927165705666338
43906,NO_Wind_Offshore,2050,10,10,10,-7.927165705666338
43907,NO_Wind_Offshore,2050,10,11,11,-2.3459999999999996
43908,NO_Wind_Offshore,2050,10,12,12,-2.3459999999999996
43909,NO_Wind_Offshore,2050,10,13,13,-2.3459999999999996
43910,NO_Wind_Offshore,2050,10,14,14,-2.3459999999999996
43911,NO_Wind_Offshore,2050,10,15,15,-2.3459999999999996
43912,NO_Wind_Offshore,2050,10,16,16,-2.3459999999999996
43913,NO_Wind_Offshore,2050,10,17,17,-2.3459999999999996
43914,NO_Wind_Offshore,2050,10,18,18,-2.3459999999999996
43915,NO_Wind_Offshore,2050,10,19,19,-1.518
43916,NO_Wind_Offshore,2050,10,20,20,-1.518
43917,NO_Wind_Offshore,2050,10,21,21,-1.518
43918,NO_Wind_Offshore,2050,10,22,22,-1.518
43919,NO_Wind_Offshore,2050,10,23,23,0.0
43920,NO_Wind_Offshore,2050,10,24,24,0.0
43921,NO_Wind_Onshore,2050,1,1,1,0.0
43922,NO_Wind_Onshore,2050,1,2,2,0.0
43923,NO_Wind_Onshore,2050,1,3,3,-1.749
43924,NO_Wind_Onshore,2050,1,4,4,-1.749
43925,NO_Wind_Onshore,2050,1,5,5,-1.749
43926,NO_Wind_Onshore,2050,1,6,6,-1.749
43927,NO_Wind_Onshore,2050,1,7,7,-1.749
43928,NO_Wind_Onshore,2050,1,8,8,-2.703
43929,NO_Wind_Onshore,2050,1,9,9,-16.099165705666337
43930,NO_Wind_Onshore,2050,1,10,10,-2.703
43931,NO_Wind_Onshore,2050,1,11,11,-2.703
43932,NO_Wind_Onshore,2050,1,12,12,-2.703
43933,NO_Wind_Onshore,2050,1,13,13,-1.749
43934,NO_Wind_Onshore,2050,1,14,14,-1.749
43935,NO_Wind_Onshore,2050,1,15,15,-1.749
43936,NO_Wind_Onshore,2050,1,16,16,-1.749
43937,NO_Wind_Onshore,2050,1,17,17,-1.749
43938,NO_Wind_Onshore,2050,1,18,18,-1.749
43939,NO_Wind_Onshore,2050,1,19,19,-1.749
43940,NO_Wind_Onshore,2050,1,20,20,-1.749
43941,NO_Wind_Onshore,2050,1,21,21,-1.749
43942,NO_Wind_Onshore,2050,1,22,22,-1.749
43943,NO_Wind_Onshore,2050,1,23,23,-1.749
43944,NO_Wind_Onshore,2050,1,24,24,-1.749
43945,NO_Wind_Onshore,2050,2,1,1,0.0
43946,NO_Wind_Onshore,2050,2,2,2,0.0
43947,NO_Wind_Onshore,2050,2,3,3,0.0
43948,NO_Wind_Onshore,2050,2,4,4,0.0
43949,NO_Wind_Onshore,2050,2,5,5,0.0
43950,NO_Wind_Onshore,2050,2,6,6,0.0
43951,NO_Wind_Onshore,2050,2,7,7,0.0
43952,NO_Wind_Onshore,2050,2,8,8,-1.089
43953,NO_Wind_Onshore,2050,2,9,9,-1.089
43954,NO_Wind_Onshore,2050,2,10,10,-1.089
43955,NO_Wind_Onshore,2050,2,11,11,-1.089
43956,NO_Wind_Onshore,2050,2,12,12,-1.089
43957,NO_Wind_Onshore,2050,2,13,13,0.0
43958,NO_Wind_Onshore,2050,2,14,14,0.0
43959,NO_Wind_Onshore,2050,2,15,15,0.0
43960,NO_Wind_Onshore,2050,2,16,16,0.0
43961,NO_Wind_Onshore,2050,2,17,17,0.0
43962,NO_Wind_Onshore,2050,2,18,18,0.0
43963,NO_Wind_Onshore,2050,2,19,19,0.0
43964,NO_Wind_Onshore,2050,2,20,20,0.0
43965,NO_Wind_Onshore,2050,2,21,21,0.0
43966,NO_Wind_Onshore,2050,2,22,22,0.0
43967,NO_Wind_Onshore,2050,2,23,23,0.0
43968,NO_Wind_Onshore,2050,2,24,24,0.0
43969,NO_Wind_Onshore,2050,3,1,1,0.0
43970,NO_Wind_Onshore,2050,3,2,2,0.0
43971,NO_Wind_Onshore,2050,3,3,3,0.0
43972,NO_Wind_Onshore,2050,3,4,4,0.0
43973,NO_Wind_Onshore,2050,3,5,5,0.0
43974,NO_Wind_Onshore,2050,3,6,6,0.0
43975,NO_Wind_Onshore,2050,3,7,7,0.0
43976,NO_Wind_Onshore,2050,3,8,8,0.0
43977,NO_Wind_Onshore,2050,3,9,9,0.0
43978,NO_Wind_Onshore,2050,3,10,10,0.0
43979,NO_Wind_Onshore,2050,3,11,11,0.0
43980,NO_Wind_Onshore,2050,3,12,12,0.0
43981,NO_Wind_Onshore,2050,3,13,13,0.0
43982,NO_Wind_Onshore,2050,3,14,14,0.0
43983,NO_Wind_Onshore,2050,3,15,15,0.0
43984,NO_Wind_Onshore,2050,3,16,16,0.0
43985,NO_Wind_Onshore,2050,3,17,17,0.0
43986,NO_Wind_Onshore,2050,3,18,18,0.0
43987,NO_Wind_Onshore,2050,3,19,19,0.0
43988,NO_Wind_Onshore,2050,3,20,20,0.0
43989,NO_Wind_Onshore,2050,3,21,21,0.0
43990,NO_Wind_Onshore,2050,3,22,22,0.0
43991,NO_Wind_Onshore,2050,3,23,23,0.0
43992,NO_Wind_Onshore,2050,3,24,24,0.0
43993,NO_Wind_Onshore,2050,4,1,1,0.0
43994,NO_Wind_Onshore,2050,4,2,2,0.0
43995,NO_Wind_Onshore,2050,4,3,3,0.0
43996,NO_Wind_Onshore,2050,4,4,4,0.0
43997,NO_Wind_Onshore,2050,4,5,5,0.0
43998,NO_Wind_Onshore,2050,4,6,6,0.0
43999,NO_Wind_Onshore,2050,4,7,7,-0.759
44000,NO_Wind_Onshore,2050,4,8,8,-0.759
44001,NO_Wind_Onshore,2050,4,9,9,-0.759
44002,NO_Wind_Onshore,2050,4,10,10,-0.759
44003,NO_Wind_Onshore,2050,4,11,11,-0.759
44004,NO_Wind_Onshore,2050,4,12,12,-0.759
44005,NO_Wind_Onshore,2050,4,13,13,-0.759
44006,NO_Wind_Onshore,2050,4,14,14,-0.759
44007,NO_Wind_Onshore,2050,4,15,15,0.0
44008,NO_Wind_Onshore,2050,4,16,16,0.0
44009,NO_Wind_Onshore,2050,4,17,17,0.0
44010,NO_Wind_Onshore,2050,4,18,18,0.0
44011,NO_Wind_Onshore,2050,4,19,19,0.0
44012,NO_Wind_Onshore,2050,4,20,20,0.0
44013,NO_Wind_Onshore,2050,4,21,21,0.0
44014,NO_Wind_Onshore,2050,4,22,22,0.0
44015,NO_Wind_Onshore,2050,4,23,23,0.0
44016,NO_Wind_Onshore,2050,4,24,24,0.0
44017,NO_Wind_Onshore,2050,5,1,1,0.0
44018,NO_Wind_Onshore,2050,5,2,2,0.0
44019,NO_Wind_Onshore,2050,5,3,3,0.0
44020,NO_Wind_Onshore,2050,5,4,4,0.0
44021,NO_Wind_Onshore,2050,5,5,5,0.0
44022,NO_Wind_Onshore,2050,5,6,6,0.0
44023,NO_Wind_Onshore,2050,5,7,7,0.0
44024,NO_Wind_Onshore,2050,5,8,8,0.0
44025,NO_Wind_Onshore,2050,5,9,9,0.0
44026,NO_Wind_Onshore,2050,5,10,10,0.0
44027,NO_Wind_Onshore,2050,5,11,11,0.0
44028,NO_Wind_Onshore,2050,5,12,12,0.0
44029,NO_Wind_Onshore,2050,5,13,13,0.0
44030,NO_Wind_Onshore,2050,5,14,14,0.0
44031,NO_Wind_Onshore,2050,5,15,15,0.0
44032,NO_Wind_Onshore,2050,5,16,16,0.0
44033,NO_Wind_Onshore,2050,5,17,17,0.0
44034,NO_Wind_Onshore,2050,5,18,18,0.0
44035,NO_Wind_Onshore,2050,5,19,19,0.0
44036,NO_Wind_Onshore,2050,5,20,20,0.0
44037,NO_Wind_Onshore,2050,5,21,21,0.0
44038,NO_Wind_Onshore,2050,5,22,22,0.0
44039,NO_Wind_Onshore,2050,5,23,23,0.0
44040,NO_Wind_Onshore,2050,5,24,24,0.0
44041,NO_Wind_Onshore,2050,6,1,1,0.0
44042,NO_Wind_Onshore,2050,6,2,2,0.0
44043,NO_Wind_Onshore,2050,6,3,3,0.0
44044,NO_Wind_Onshore,2050,6,4,4,0.0
44045,NO_Wind_Onshore,2050,6,5,5,0.0
44046,NO_Wind_Onshore,2050,6,6,6,0.0
44047,NO_Wind_Onshore,2050,6,7,7,-0.5940000000000001
44048,NO_Wind_Onshore,2050,6,8,8,-0.9179999999999999
44049,NO_Wind_Onshore,2050,6,9,9,-0.9179999999999999
44050,NO_Wind_Onshore,2050,6,10,10,-0.5940000000000001
44051,NO_Wind_Onshore,2050,6,11,11,-0.5940000000000001
44052,NO_Wind_Onshore,2050,6,12,12,-0.5940000000000001
44053,NO_Wind_Onshore,2050,6,13,13,0.0
44054,NO_Wind_Onshore,2050,6,14,14,0.0
44055,NO_Wind_Onshore,2050,6,15,15,0.0
44056,NO_Wind_Onshore,2050,6,16,16,0.0
44057,NO_Wind_Onshore,2050,6,17,17,0.0
44058,NO_Wind_Onshore,2050,6,18,18,0.0
44059,NO_Wind_Onshore,2050,6,19,19,0.0
44060,NO_Wind_Onshore,2050,6,20,20,0.0
44061,NO_Wind_Onshore,2050,6,21,21,0.0
44062,NO_Wind_Onshore,2050,6,22,22,0.0
44063,NO_Wind_Onshore,2050,6,23,23,0.0
44064,NO_Wind_Onshore,2050,6,24,24,0.0
44065,NO_Wind_Onshore,2050,7,1,1,0.0
44066,NO_Wind_Onshore,2050,7,2,2,0.0
44067,NO_Wind_Onshore,2050,7,3,3,0.0
44068,NO_Wind_Onshore,2050,7,4,4,0.0
44069,NO_Wind_Onshore,2050,7,5,5,0.0
44070,NO_Wind_Onshore,2050,7,6,6,0.0
44071,NO_Wind_Onshore,2050,7,7,7,0.0
44072,NO_Wind_Onshore,2050,7,8,8,0.0
44073,NO_Wind_Onshore,2050,7,9,9,0.0
44074,NO_Wind_Onshore,2050,7,10,10,0.0
44075,NO_Wind_Onshore,2050,7,11,11,0.0
44076,NO_Wind_Onshore,2050,7,12,12,0.0
44077,NO_Wind_Onshore,2050,7,13,13,0.0
44078,NO_Wind_Onshore,2050,7,14,14,0.0
44079,NO_Wind_Onshore,2050,7,15,15,0.0
44080,NO_Wind_Onshore,2050,7,16,16,0.0
44081,NO_Wind_Onshore,2050,7,17,17,0.0
44082,NO_Wind_Onshore,2050,7,18,18,0.0
44083,NO_Wind_Onshore,2050,7,19,19,0.0
44084,NO_Wind_Onshore,2050,7,20,20,0.0
44085,NO_Wind_Onshore,2050,7,21,21,0.0
44086,NO_Wind_Onshore,2050,7,22,22,0.0
44087,NO_Wind_Onshore,2050,7,23,23,0.0
44088,NO_Wind_Onshore,2050,7,24,24,0.0
44089,NO_Wind_Onshore,2050,8,1,1,0.0
44090,NO_Wind_Onshore,2050,8,2,2,0.0
44091,NO_Wind_Onshore,2050,8,3,3,0.0
44092,NO_Wind_Onshore,2050,8,4,4,0.0
44093,NO_Wind_Onshore,2050,8,5,5,0.0
44094,NO_Wind_Onshore,2050,8,6,6,0.0
44095,NO_Wind_Onshore,2050,8,7,7,0.0
44096,NO_Wind_Onshore,2050,8,8,8,0.0
44097,NO_Wind_Onshore,2050,8,9,9,0.0
44098,NO_Wind_Onshore,2050,8,10,10,0.0
44099,NO_Wind_Onshore,2050,8,11,11,0.0
44100,NO_Wind_Onshore,2050,8,12,12,0.0
44101,NO_Wind_Onshore,2050,8,13,13,0.0
44102,NO_Wind_Onshore,2050,8,14,14,0.0
44103,NO_Wind_Onshore,2050,8,15,15,0.0
44104,NO_Wind_Onshore,2050,8,16,16,0.0
44105,NO_Wind_Onshore,2050,8,17,17,0.0
44106,NO_Wind_Onshore,2050,8,18,18,0.0
44107,NO_Wind_Onshore,2050,8,19,19,0.0
44108,NO_Wind_Onshore,2050,8,20,20,0.0
44109,NO_Wind_Onshore,2050,8,21,21,0.0
44110,NO_Wind_Onshore,2050,8,22,22,0.0
44111,NO_Wind_Onshore,2050,8,23,23,0.0
44112,NO_Wind_Onshore,2050,8,24,24,0.0
44113,NO_Wind_Onshore,2050,9,1,1,0.0
44114,NO_Wind_Onshore,2050,9,2,2,0.0
44115,NO_Wind_Onshore,2050,9,3,3,0.0
44116,NO_Wind_Onshore,2050,9,4,4,0.0
44117,NO_Wind_Onshore,2050,9,5,5,0.0
44118,NO_Wind_Onshore,2050,9,6,6,0.0
44119,NO_Wind_Onshore,2050,9,7,7,0.0
44120,NO_Wind_Onshore,2050,9,8,8,0.0
44121,NO_Wind_Onshore,2050,9,9,9,0.0
44122,NO_Wind_Onshore,2050,9,10,10,0.0
44123,NO_Wind_Onshore,2050,9,11,11,0.0
44124,NO_Wind_Onshore,2050,9,12,12,0.0
44125,NO_Wind_Onshore,2050,9,13,13,0.0
44126,NO_Wind_Onshore,2050,9,14,14,0.0
44127,NO_Wind_Onshore,2050,9,15,15,0.0
44128,NO_Wind_Onshore,2050,9,16,16,0.0
44129,NO_Wind_Onshore,2050,9,17,17,0.0
44130,NO_Wind_Onshore,2050,9,18,18,0.0
44131,NO_Wind_Onshore,2050,9,19,19,0.0
44132,NO_Wind_Onshore,2050,9,20,20,0.0
44133,NO_Wind_Onshore,2050,9,21,21,0.0
44134,NO_Wind_Onshore,2050,9,22,22,0.0
44135,NO_Wind_Onshore,2050,9,23,23,0.0
44136,NO_Wind_Onshore,2050,9,24,24,0.0
44137,NO_Wind_Onshore,2050,10,1,1,0.0
44138,NO_Wind_Onshore,2050,10,2,2,0.0
44139,NO_Wind_Onshore,2050,10,3,3,0.0
44140,NO_Wind_Onshore,2050,10,4,4,0.0
44141,NO_Wind_Onshore,2050,10,5,5,-1.518
44142,NO_Wind_Onshore,2050,10,6,6,-1.518
44143,NO_Wind_Onshore,2050,10,7,7,-2.3459999999999996
44144,NO_Wind_Onshore,2050,10,8,8,-7.927165705666338
44145,NO_Wind_Onshore,2050,10,9,9,-7.927165705666338
44146,NO_Wind_Onshore,2050,10,10,10,-7.927165705666338
44147,NO_Wind_Onshore,2050,10,11,11,-2.3459999999999996
44148,NO_Wind_Onshore,2050,10,12,12,-2.3459999999999996
44149,NO_Wind_Onshore,2050,10,13,13,-2.3459999999999996
44150,NO_Wind_Onshore,2050,10,14,14,-2.3459999999999996
44151,NO_Wind_Onshore,2050,10,15,15,-2.3459999999999996
44152,NO_Wind_Onshore,2050,10,16,16,-2.3459999999999996
44153,NO_Wind_Onshore,2050,10,17,17,-2.3459999999999996
44154,NO_Wind_Onshore,2050,10,18,18,-2.3459999999999996
44155,NO_Wind_Onshore,2050,10,19,19,-1.518
44156,NO_Wind_Onshore,2050,10,20,20,-1.518
44157,NO_Wind_Onshore,2050,10,21,21,-1.518
44158,NO_Wind_Onshore,2050,10,22,22,-1.518
44159,NO_Wind_Onshore,2050,10,23,23,0.0
44160,NO_Wind_Onshore,2050,10,24,24,0.0
44161,PL_Battery,2050,1,1,1,0.0
44162,PL_Battery,2050,1,2,2,0.0
44163,PL_Battery,2050,1,3,3,0.0
44164,PL_Battery,2050,1,4,4,0.0
44165,PL_Battery,2050,1,5,5,0.0
44166,PL_Battery,2050,1,6,6,0.0
44167,PL_Battery,2050,1,7,7,0.0
44168,PL_Battery,2050,1,8,8,-0.8109000000000001
44169,PL_Battery,2050,1,9,9,0.0
44170,PL_Battery,2050,1,10,10,0.0
44171,PL_Battery,2050,1,11,11,0.0
44172,PL_Battery,2050,1,12,12,0.0
44173,PL_Battery,2050,1,13,13,0.0
44174,PL_Battery,2050,1,14,14,0.0
44175,PL_Battery,2050,1,15,15,0.0
44176,PL_Battery,2050,1,16,16,0.0
44177,PL_Battery,2050,1,17,17,0.0
44178,PL_Battery,2050,1,18,18,0.0
44179,PL_Battery,2050,1,19,19,0.0
44180,PL_Battery,2050,1,20,20,0.0
44181,PL_Battery,2050,1,21,21,0.0
44182,PL_Battery,2050,1,22,22,0.0
44183,PL_Battery,2050,1,23,23,0.0
44184,PL_Battery,2050,1,24,24,0.0
44185,PL_Battery,2050,2,1,1,0.0
44186,PL_Battery,2050,2,2,2,0.0
44187,PL_Battery,2050,2,3,3,0.0
44188,PL_Battery,2050,2,4,4,0.0
44189,PL_Battery,2050,2,5,5,0.0
44190,PL_Battery,2050,2,6,6,0.0
44191,PL_Battery,2050,2,7,7,0.0
44192,PL_Battery,2050,2,8,8,0.0
44193,PL_Battery,2050,2,9,9,0.0
44194,PL_Battery,2050,2,10,10,0.0
44195,PL_Battery,2050,2,11,11,0.0
44196,PL_Battery,2050,2,12,12,0.0
44197,PL_Battery,2050,2,13,13,0.0
44198,PL_Battery,2050,2,14,14,0.0
44199,PL_Battery,2050,2,15,15,0.0
44200,PL_Battery,2050,2,16,16,0.0
44201,PL_Battery,2050,2,17,17,0.0
44202,PL_Battery,2050,2,18,18,0.0
44203,PL_Battery,2050,2,19,19,0.0
44204,PL_Battery,2050,2,20,20,0.0
44205,PL_Battery,2050,2,21,21,0.0
44206,PL_Battery,2050,2,22,22,0.0
44207,PL_Battery,2050,2,23,23,-0.5841000000000001
44208,PL_Battery,2050,2,24,24,0.0
44209,PL_Battery,2050,3,1,1,0.0
44210,PL_Battery,2050,3,2,2,0.0
44211,PL_Battery,2050,3,3,3,0.0
44212,PL_Battery,2050,3,4,4,0.0
44213,PL_Battery,2050,3,5,5,0.0
44214,PL_Battery,2050,3,6,6,0.0
44215,PL_Battery,2050,3,7,7,0.0
44216,PL_Battery,2050,3,8,8,0.0
44217,PL_Battery,2050,3,9,9,0.0
44218,PL_Battery,2050,3,10,10,0.0
44219,PL_Battery,2050,3,11,11,0.0
44220,PL_Battery,2050,3,12,12,0.0
44221,PL_Battery,2050,3,13,13,0.0
44222,PL_Battery,2050,3,14,14,0.0
44223,PL_Battery,2050,3,15,15,0.0
44224,PL_Battery,2050,3,16,16,0.0
44225,PL_Battery,2050,3,17,17,0.0
44226,PL_Battery,2050,3,18,18,0.0
44227,PL_Battery,2050,3,19,19,0.0
44228,PL_Battery,2050,3,20,20,0.0
44229,PL_Battery,2050,3,21,21,0.0
44230,PL_Battery,2050,3,22,22,0.0
44231,PL_Battery,2050,3,23,23,0.0
44232,PL_Battery,2050,3,24,24,0.0
44233,PL_Battery,2050,4,1,1,0.0
44234,PL_Battery,2050,4,2,2,0.0
44235,PL_Battery,2050,4,3,3,0.0
44236,PL_Battery,2050,4,4,4,0.0
44237,PL_Battery,2050,4,5,5,0.0
44238,PL_Battery,2050,4,6,6,0.0
44239,PL_Battery,2050,4,7,7,0.0
44240,PL_Battery,2050,4,8,8,-0.31656642641658406
44241,PL_Battery,2050,4,9,9,-0.31656642641658406
44242,PL_Battery,2050,4,10,10,-0.31656642641658406
44243,PL_Battery,2050,4,11,11,-0.668466426416584
44244,PL_Battery,2050,4,12,12,0.0
44245,PL_Battery,2050,4,13,13,0.0
44246,PL_Battery,2050,4,14,14,0.0
44247,PL_Battery,2050,4,15,15,0.0
44248,PL_Battery,2050,4,16,16,0.0
44249,PL_Battery,2050,4,17,17,0.0
44250,PL_Battery,2050,4,18,18,0.0
44251,PL_Battery,2050,4,19,19,0.0
44252,PL_Battery,2050,4,20,20,0.0
44253,PL_Battery,2050,4,21,21,0.0
44254,PL_Battery,2050,4,22,22,0.0
44255,PL_Battery,2050,4,23,23,0.0
44256,PL_Battery,2050,4,24,24,0.0
44257,PL_Battery,2050,5,1,1,0.0
44258,PL_Battery,2050,5,2,2,0.0
44259,PL_Battery,2050,5,3,3,0.0
44260,PL_Battery,2050,5,4,4,0.0
44261,PL_Battery,2050,5,5,5,0.0
44262,PL_Battery,2050,5,6,6,0.0
44263,PL_Battery,2050,5,7,7,0.0
44264,PL_Battery,2050,5,8,8,0.0
44265,PL_Battery,2050,5,9,9,0.0
44266,PL_Battery,2050,5,10,10,0.0
44267,PL_Battery,2050,5,11,11,0.0
44268,PL_Battery,2050,5,12,12,0.0
44269,PL_Battery,2050,5,13,13,0.0
44270,PL_Battery,2050,5,14,14,0.0
44271,PL_Battery,2050,5,15,15,0.0
44272,PL_Battery,2050,5,16,16,0.0
44273,PL_Battery,2050,5,17,17,0.0
44274,PL_Battery,2050,5,18,18,0.0
44275,PL_Battery,2050,5,19,19,0.0
44276,PL_Battery,2050,5,20,20,0.0
44277,PL_Battery,2050,5,21,21,0.0
44278,PL_Battery,2050,5,22,22,0.0
44279,PL_Battery,2050,5,23,23,0.0
44280,PL_Battery,2050,5,24,24,0.0
44281,PL_Battery,2050,6,1,1,0.0
44282,PL_Battery,2050,6,2,2,0.0
44283,PL_Battery,2050,6,3,3,0.0
44284,PL_Battery,2050,6,4,4,0.0
44285,PL_Battery,2050,6,5,5,0.0
44286,PL_Battery,2050,6,6,6,0.0
44287,PL_Battery,2050,6,7,7,-0.3186
44288,PL_Battery,2050,6,8,8,-0.3186
44289,PL_Battery,2050,6,9,9,-0.3186
44290,PL_Battery,2050,6,10,10,-0.3186
44291,PL_Battery,2050,6,11,11,0.0
44292,PL_Battery,2050,6,12,12,-0.2754000000000001
44293,PL_Battery,2050,6,13,13,0.0
44294,PL_Battery,2050,6,14,14,0.0
44295,PL_Battery,2050,6,15,15,0.0
44296,PL_Battery,2050,6,16,16,0.0
44297,PL_Battery,2050,6,17,17,0.0
44298,PL_Battery,2050,6,18,18,-0.3186
44299,PL_Battery,2050,6,19,19,-0.3186
44300,PL_Battery,2050,6,20,20,-0.3186
44301,PL_Battery,2050,6,21,21,-0.5993999999999999
44302,PL_Battery,2050,6,22,22,0.0
44303,PL_Battery,2050,6,23,23,0.0
44304,PL_Battery,2050,6,24,24,0.0
44305,PL_Battery,2050,7,1,1,0.0
44306,PL_Battery,2050,7,2,2,-0.6549
44307,PL_Battery,2050,7,3,3,0.0
44308,PL_Battery,2050,7,4,4,0.0
44309,PL_Battery,2050,7,5,5,0.0
44310,PL_Battery,2050,7,6,6,0.0
44311,PL_Battery,2050,7,7,7,0.0
44312,PL_Battery,2050,7,8,8,0.0
44313,PL_Battery,2050,7,9,9,0.0
44314,PL_Battery,2050,7,10,10,0.0
44315,PL_Battery,2050,7,11,11,0.0
44316,PL_Battery,2050,7,12,12,-1.3098
44317,PL_Battery,2050,7,13,13,0.0
44318,PL_Battery,2050,7,14,14,0.0
44319,PL_Battery,2050,7,15,15,0.0
44320,PL_Battery,2050,7,16,16,0.0
44321,PL_Battery,2050,7,17,17,0.0
44322,PL_Battery,2050,7,18,18,0.0
44323,PL_Battery,2050,7,19,19,-0.6549
44324,PL_Battery,2050,7,20,20,0.0
44325,PL_Battery,2050,7,21,21,0.0
44326,PL_Battery,2050,7,22,22,0.0
44327,PL_Battery,2050,7,23,23,0.0
44328,PL_Battery,2050,7,24,24,0.0
44329,PL_Battery,2050,8,1,1,0.0
44330,PL_Battery,2050,8,2,2,-0.5487
44331,PL_Battery,2050,8,3,3,0.0
44332,PL_Battery,2050,8,4,4,0.0
44333,PL_Battery,2050,8,5,5,0.0
44334,PL_Battery,2050,8,6,6,0.0
44335,PL_Battery,2050,8,7,7,0.0
44336,PL_Battery,2050,8,8,8,0.0
44337,PL_Battery,2050,8,9,9,0.0
44338,PL_Battery,2050,8,10,10,0.0
44339,PL_Battery,2050,8,11,11,0.0
44340,PL_Battery,2050,8,12,12,0.0
44341,PL_Battery,2050,8,13,13,0.0
44342,PL_Battery,2050,8,14,14,0.0
44343,PL_Battery,2050,8,15,15,0.0
44344,PL_Battery,2050,8,16,16,0.0
44345,PL_Battery,2050,8,17,17,0.0
44346,PL_Battery,2050,8,18,18,0.0
44347,PL_Battery,2050,8,19,19,0.0
44348,PL_Battery,2050,8,20,20,0.0
44349,PL_Battery,2050,8,21,21,0.0
44350,PL_Battery,2050,8,22,22,0.0
44351,PL_Battery,2050,8,23,23,0.0
44352,PL_Battery,2050,8,24,24,0.0
44353,PL_Battery,2050,9,1,1,0.0
44354,PL_Battery,2050,9,2,2,0.0
44355,PL_Battery,2050,9,3,3,0.0
44356,PL_Battery,2050,9,4,4,0.0
44357,PL_Battery,2050,9,5,5,0.0
44358,PL_Battery,2050,9,6,6,0.0
44359,PL_Battery,2050,9,7,7,0.0
44360,PL_Battery,2050,9,8,8,0.0
44361,PL_Battery,2050,9,9,9,0.0
44362,PL_Battery,2050,9,10,10,0.0
44363,PL_Battery,2050,9,11,11,0.0
44364,PL_Battery,2050,9,12,12,0.0
44365,PL_Battery,2050,9,13,13,0.0
44366,PL_Battery,2050,9,14,14,0.0
44367,PL_Battery,2050,9,15,15,0.0
44368,PL_Battery,2050,9,16,16,0.0
44369,PL_Battery,2050,9,17,17,0.0
44370,PL_Battery,2050,9,18,18,0.0
44371,PL_Battery,2050,9,19,19,0.0
44372,PL_Battery,2050,9,20,20,-0.7611
44373,PL_Battery,2050,9,21,21,0.0
44374,PL_Battery,2050,9,22,22,0.0
44375,PL_Battery,2050,9,23,23,0.0
44376,PL_Battery,2050,9,24,24,0.0
44377,PL_Battery,2050,10,1,1,0.0
44378,PL_Battery,2050,10,2,2,0.0
44379,PL_Battery,2050,10,3,3,0.0
44380,PL_Battery,2050,10,4,4,0.0
44381,PL_Battery,2050,10,5,5,0.0
44382,PL_Battery,2050,10,6,6,0.0
44383,PL_Battery,2050,10,7,7,0.0
44384,PL_Battery,2050,10,8,8,0.0
44385,PL_Battery,2050,10,9,9,0.0
44386,PL_Battery,2050,10,10,10,0.0
44387,PL_Battery,2050,10,11,11,-0.7038
44388,PL_Battery,2050,10,12,12,0.0
44389,PL_Battery,2050,10,13,13,0.0
44390,PL_Battery,2050,10,14,14,0.0
44391,PL_Battery,2050,10,15,15,0.0
44392,PL_Battery,2050,10,16,16,0.0
44393,PL_Battery,2050,10,17,17,0.0
44394,PL_Battery,2050,10,18,18,0.0
44395,PL_Battery,2050,10,19,19,0.0
44396,PL_Battery,2050,10,20,20,0.0
44397,PL_Battery,2050,10,21,21,0.0
44398,PL_Battery,2050,10,22,22,0.0
44399,PL_Battery,2050,10,23,23,-0.8279999999999996
44400,PL_Battery,2050,10,24,24,0.0
44401,PL_Coal,2050,1,1,1,-1.7649
44402,PL_Coal,2050,1,2,2,-1.7649
44403,PL_Coal,2050,1,3,3,-1.7649
44404,PL_Coal,2050,1,4,4,-0.8109000000000001
44405,PL_Coal,2050,1,5,5,0.0
44406,PL_Coal,2050,1,6,6,0.0
44407,PL_Coal,2050,1,7,7,0.0
44408,PL_Coal,2050,1,8,8,-0.8109000000000001
44409,PL_Coal,2050,1,9,9,-1.7649
44410,PL_Coal,2050,1,10,10,-1.7649
44411,PL_Coal,2050,1,11,11,-1.7649
44412,PL_Coal,2050,1,12,12,-1.7649
44413,PL_Coal,2050,1,13,13,-1.7649
44414,PL_Coal,2050,1,14,14,-0.8109000000000001
44415,PL_Coal,2050,1,15,15,-0.8109000000000001
44416,PL_Coal,2050,1,16,16,-0.8109000000000001
44417,PL_Coal,2050,1,17,17,-0.8109000000000001
44418,PL_Coal,2050,1,18,18,-0.8109000000000001
44419,PL_Coal,2050,1,19,19,-1.7649
44420,PL_Coal,2050,1,20,20,-1.7649
44421,PL_Coal,2050,1,21,21,-1.7649
44422,PL_Coal,2050,1,22,22,-0.8109000000000001
44423,PL_Coal,2050,1,23,23,-1.7649
44424,PL_Coal,2050,1,24,24,-0.8109000000000001
44425,PL_Coal,2050,2,1,1,0.0
44426,PL_Coal,2050,2,2,2,0.0
44427,PL_Coal,2050,2,3,3,0.0
44428,PL_Coal,2050,2,4,4,0.0
44429,PL_Coal,2050,2,5,5,0.0
44430,PL_Coal,2050,2,6,6,0.0
44431,PL_Coal,2050,2,7,7,0.0
44432,PL_Coal,2050,2,8,8,0.0
44433,PL_Coal,2050,2,9,9,0.0
44434,PL_Coal,2050,2,10,10,0.0
44435,PL_Coal,2050,2,11,11,0.0
44436,PL_Coal,2050,2,12,12,0.0
44437,PL_Coal,2050,2,13,13,0.0
44438,PL_Coal,2050,2,14,14,0.0
44439,PL_Coal,2050,2,15,15,0.0
44440,PL_Coal,2050,2,16,16,0.0
44441,PL_Coal,2050,2,17,17,0.0
44442,PL_Coal,2050,2,18,18,0.0
44443,PL_Coal,2050,2,19,19,0.0
44444,PL_Coal,2050,2,20,20,0.0
44445,PL_Coal,2050,2,21,21,0.0
44446,PL_Coal,2050,2,22,22,0.0
44447,PL_Coal,2050,2,23,23,0.0
44448,PL_Coal,2050,2,24,24,0.0
44449,PL_Coal,2050,3,1,1,0.0
44450,PL_Coal,2050,3,2,2,0.0
44451,PL_Coal,2050,3,3,3,0.0
44452,PL_Coal,2050,3,4,4,0.0
44453,PL_Coal,2050,3,5,5,0.0
44454,PL_Coal,2050,3,6,6,0.0
44455,PL_Coal,2050,3,7,7,0.0
44456,PL_Coal,2050,3,8,8,0.0
44457,PL_Coal,2050,3,9,9,0.0
44458,PL_Coal,2050,3,10,10,0.0
44459,PL_Coal,2050,3,11,11,0.0
44460,PL_Coal,2050,3,12,12,0.0
44461,PL_Coal,2050,3,13,13,0.0
44462,PL_Coal,2050,3,14,14,0.0
44463,PL_Coal,2050,3,15,15,0.0
44464,PL_Coal,2050,3,16,16,0.0
44465,PL_Coal,2050,3,17,17,0.0
44466,PL_Coal,2050,3,18,18,0.0
44467,PL_Coal,2050,3,19,19,0.0
44468,PL_Coal,2050,3,20,20,0.0
44469,PL_Coal,2050,3,21,21,0.0
44470,PL_Coal,2050,3,22,22,0.0
44471,PL_Coal,2050,3,23,23,0.0
44472,PL_Coal,2050,3,24,24,0.0
44473,PL_Coal,2050,4,1,1,-0.7658999999999998
44474,PL_Coal,2050,4,2,2,-0.7658999999999998
44475,PL_Coal,2050,4,3,3,-0.3519
44476,PL_Coal,2050,4,4,4,-0.3519
44477,PL_Coal,2050,4,5,5,0.0
44478,PL_Coal,2050,4,6,6,0.0
44479,PL_Coal,2050,4,7,7,0.0
44480,PL_Coal,2050,4,8,8,0.0
44481,PL_Coal,2050,4,9,9,0.0
44482,PL_Coal,2050,4,10,10,0.0
44483,PL_Coal,2050,4,11,11,-0.3519
44484,PL_Coal,2050,4,12,12,-0.3519
44485,PL_Coal,2050,4,13,13,-0.3519
44486,PL_Coal,2050,4,14,14,-0.3519
44487,PL_Coal,2050,4,15,15,-0.3519
44488,PL_Coal,2050,4,16,16,-0.3519
44489,PL_Coal,2050,4,17,17,-0.3519
44490,PL_Coal,2050,4,18,18,0.0
44491,PL_Coal,2050,4,19,19,-0.3519
44492,PL_Coal,2050,4,20,20,-0.3519
44493,PL_Coal,2050,4,21,21,-0.3519
44494,PL_Coal,2050,4,22,22,-0.3519
44495,PL_Coal,2050,4,23,23,-0.7658999999999998
44496,PL_Coal,2050,4,24,24,-0.7658999999999998
44497,PL_Coal,2050,5,1,1,0.0
44498,PL_Coal,2050,5,2,2,0.0
44499,PL_Coal,2050,5,3,3,0.0
44500,PL_Coal,2050,5,4,4,0.0
44501,PL_Coal,2050,5,5,5,0.0
44502,PL_Coal,2050,5,6,6,0.0
44503,PL_Coal,2050,5,7,7,0.0
44504,PL_Coal,2050,5,8,8,0.0
44505,PL_Coal,2050,5,9,9,0.0
44506,PL_Coal,2050,5,10,10,0.0
44507,PL_Coal,2050,5,11,11,0.0
44508,PL_Coal,2050,5,12,12,0.0
44509,PL_Coal,2050,5,13,13,0.0
44510,PL_Coal,2050,5,14,14,0.0
44511,PL_Coal,2050,5,15,15,0.0
44512,PL_Coal,2050,5,16,16,0.0
44513,PL_Coal,2050,5,17,17,0.0
44514,PL_Coal,2050,5,18,18,0.0
44515,PL_Coal,2050,5,19,19,0.0
44516,PL_Coal,2050,5,20,20,0.0
44517,PL_Coal,2050,5,21,21,0.0
44518,PL_Coal,2050,5,22,22,0.0
44519,PL_Coal,2050,5,23,23,0.0
44520,PL_Coal,2050,5,24,24,0.0
44521,PL_Coal,2050,6,1,1,-0.2754000000000001
44522,PL_Coal,2050,6,2,2,-0.2754000000000001
44523,PL_Coal,2050,6,3,3,0.0
44524,PL_Coal,2050,6,4,4,0.0
44525,PL_Coal,2050,6,5,5,0.0
44526,PL_Coal,2050,6,6,6,0.0
44527,PL_Coal,2050,6,7,7,0.0
44528,PL_Coal,2050,6,8,8,0.0
44529,PL_Coal,2050,6,9,9,0.0
44530,PL_Coal,2050,6,10,10,0.0
44531,PL_Coal,2050,6,11,11,0.0
44532,PL_Coal,2050,6,12,12,-0.2754000000000001
44533,PL_Coal,2050,6,13,13,0.0
44534,PL_Coal,2050,6,14,14,0.0
44535,PL_Coal,2050,6,15,15,0.0
44536,PL_Coal,2050,6,16,16,0.0
44537,PL_Coal,2050,6,17,17,0.0
44538,PL_Coal,2050,6,18,18,0.0
44539,PL_Coal,2050,6,19,19,0.0
44540,PL_Coal,2050,6,20,20,0.0
44541,PL_Coal,2050,6,21,21,-0.5993999999999999
44542,PL_Coal,2050,6,22,22,0.0
44543,PL_Coal,2050,6,23,23,-0.2754000000000001
44544,PL_Coal,2050,6,24,24,-0.2754000000000001
44545,PL_Coal,2050,7,1,1,0.0
44546,PL_Coal,2050,7,2,2,0.0
44547,PL_Coal,2050,7,3,3,0.0
44548,PL_Coal,2050,7,4,4,0.0
44549,PL_Coal,2050,7,5,5,0.0
44550,PL_Coal,2050,7,6,6,0.0
44551,PL_Coal,2050,7,7,7,0.0
44552,PL_Coal,2050,7,8,8,0.0
44553,PL_Coal,2050,7,9,9,0.0
44554,PL_Coal,2050,7,10,10,0.0
44555,PL_Coal,2050,7,11,11,0.0
44556,PL_Coal,2050,7,12,12,0.0
44557,PL_Coal,2050,7,13,13,0.0
44558,PL_Coal,2050,7,14,14,0.0
44559,PL_Coal,2050,7,15,15,0.0
44560,PL_Coal,2050,7,16,16,0.0
44561,PL_Coal,2050,7,17,17,0.0
44562,PL_Coal,2050,7,18,18,0.0
44563,PL_Coal,2050,7,19,19,0.0
44564,PL_Coal,2050,7,20,20,0.0
44565,PL_Coal,2050,7,21,21,0.0
44566,PL_Coal,2050,7,22,22,0.0
44567,PL_Coal,2050,7,23,23,0.0
44568,PL_Coal,2050,7,24,24,0.0
44569,PL_Coal,2050,8,1,1,0.0
44570,PL_Coal,2050,8,2,2,0.0
44571,PL_Coal,2050,8,3,3,0.0
44572,PL_Coal,2050,8,4,4,0.0
44573,PL_Coal,2050,8,5,5,0.0
44574,PL_Coal,2050,8,6,6,0.0
44575,PL_Coal,2050,8,7,7,0.0
44576,PL_Coal,2050,8,8,8,0.0
44577,PL_Coal,2050,8,9,9,0.0
44578,PL_Coal,2050,8,10,10,0.0
44579,PL_Coal,2050,8,11,11,0.0
44580,PL_Coal,2050,8,12,12,0.0
44581,PL_Coal,2050,8,13,13,0.0
44582,PL_Coal,2050,8,14,14,0.0
44583,PL_Coal,2050,8,15,15,0.0
44584,PL_Coal,2050,8,16,16,0.0
44585,PL_Coal,2050,8,17,17,0.0
44586,PL_Coal,2050,8,18,18,0.0
44587,PL_Coal,2050,8,19,19,0.0
44588,PL_Coal,2050,8,20,20,0.0
44589,PL_Coal,2050,8,21,21,0.0
44590,PL_Coal,2050,8,22,22,0.0
44591,PL_Coal,2050,8,23,23,0.0
44592,PL_Coal,2050,8,24,24,0.0
44593,PL_Coal,2050,9,1,1,0.0
44594,PL_Coal,2050,9,2,2,0.0
44595,PL_Coal,2050,9,3,3,0.0
44596,PL_Coal,2050,9,4,4,0.0
44597,PL_Coal,2050,9,5,5,0.0
44598,PL_Coal,2050,9,6,6,0.0
44599,PL_Coal,2050,9,7,7,0.0
44600,PL_Coal,2050,9,8,8,0.0
44601,PL_Coal,2050,9,9,9,0.0
44602,PL_Coal,2050,9,10,10,0.0
44603,PL_Coal,2050,9,11,11,0.0
44604,PL_Coal,2050,9,12,12,0.0
44605,PL_Coal,2050,9,13,13,0.0
44606,PL_Coal,2050,9,14,14,0.0
44607,PL_Coal,2050,9,15,15,0.0
44608,PL_Coal,2050,9,16,16,0.0
44609,PL_Coal,2050,9,17,17,0.0
44610,PL_Coal,2050,9,18,18,0.0
44611,PL_Coal,2050,9,19,19,0.0
44612,PL_Coal,2050,9,20,20,0.0
44613,PL_Coal,2050,9,21,21,0.0
44614,PL_Coal,2050,9,22,22,0.0
44615,PL_Coal,2050,9,23,23,0.0
44616,PL_Coal,2050,9,24,24,0.0
44617,PL_Coal,2050,10,1,1,-0.7038
44618,PL_Coal,2050,10,2,2,-0.7038
44619,PL_Coal,2050,10,3,3,-0.7038
44620,PL_Coal,2050,10,4,4,0.0
44621,PL_Coal,2050,10,5,5,0.0
44622,PL_Coal,2050,10,6,6,0.0
44623,PL_Coal,2050,10,7,7,0.0
44624,PL_Coal,2050,10,8,8,0.0
44625,PL_Coal,2050,10,9,9,0.0
44626,PL_Coal,2050,10,10,10,0.0
44627,PL_Coal,2050,10,11,11,-0.7038
44628,PL_Coal,2050,10,12,12,-0.7038
44629,PL_Coal,2050,10,13,13,-0.7038
44630,PL_Coal,2050,10,14,14,-0.7038
44631,PL_Coal,2050,10,15,15,0.0
44632,PL_Coal,2050,10,16,16,0.0
44633,PL_Coal,2050,10,17,17,0.0
44634,PL_Coal,2050,10,18,18,0.0
44635,PL_Coal,2050,10,19,19,0.0
44636,PL_Coal,2050,10,20,20,0.0
44637,PL_Coal,2050,10,21,21,-0.7038
44638,PL_Coal,2050,10,22,22,-0.7038
44639,PL_Coal,2050,10,23,23,-1.5317999999999996
44640,PL_Coal,2050,10,24,24,-0.7038
44641,PL_Nuclear,2050,1,1,1,-2.2578
44642,PL_Nuclear,2050,1,2,2,-2.2578
44643,PL_Nuclear,2050,1,3,3,-2.2578
44644,PL_Nuclear,2050,1,4,4,-1.3038
44645,PL_Nuclear,2050,1,5,5,-0.49290000000000006
44646,PL_Nuclear,2050,1,6,6,-0.49290000000000006
44647,PL_Nuclear,2050,1,7,7,-0.49290000000000006
44648,PL_Nuclear,2050,1,8,8,-1.3038
44649,PL_Nuclear,2050,1,9,9,-2.2578
44650,PL_Nuclear,2050,1,10,10,-2.2578
44651,PL_Nuclear,2050,1,11,11,-2.2578
44652,PL_Nuclear,2050,1,12,12,-2.2578
44653,PL_Nuclear,2050,1,13,13,-2.2578
44654,PL_Nuclear,2050,1,14,14,-1.3038
44655,PL_Nuclear,2050,1,15,15,-1.3038
44656,PL_Nuclear,2050,1,16,16,-1.3038
44657,PL_Nuclear,2050,1,17,17,-1.3038
44658,PL_Nuclear,2050,1,18,18,-1.3038
44659,PL_Nuclear,2050,1,19,19,-2.2578
44660,PL_Nuclear,2050,1,20,20,-2.2578
44661,PL_Nuclear,2050,1,21,21,-2.2578
44662,PL_Nuclear,2050,1,22,22,-1.3038
44663,PL_Nuclear,2050,1,23,23,-2.2578
44664,PL_Nuclear,2050,1,24,24,-1.3038
44665,PL_Nuclear,2050,2,1,1,-0.30690000000000006
44666,PL_Nuclear,2050,2,2,2,-0.30690000000000006
44667,PL_Nuclear,2050,2,3,3,0.0
44668,PL_Nuclear,2050,2,4,4,0.0
44669,PL_Nuclear,2050,2,5,5,0.0
44670,PL_Nuclear,2050,2,6,6,0.0
44671,PL_Nuclear,2050,2,7,7,0.0
44672,PL_Nuclear,2050,2,8,8,0.0
44673,PL_Nuclear,2050,2,9,9,0.0
44674,PL_Nuclear,2050,2,10,10,0.0
44675,PL_Nuclear,2050,2,11,11,0.0
44676,PL_Nuclear,2050,2,12,12,-0.30690000000000006
44677,PL_Nuclear,2050,2,13,13,-0.30690000000000006
44678,PL_Nuclear,2050,2,14,14,-0.30690000000000006
44679,PL_Nuclear,2050,2,15,15,0.0
44680,PL_Nuclear,2050,2,16,16,0.0
44681,PL_Nuclear,2050,2,17,17,0.0
44682,PL_Nuclear,2050,2,18,18,0.0
44683,PL_Nuclear,2050,2,19,19,0.0
44684,PL_Nuclear,2050,2,20,20,0.0
44685,PL_Nuclear,2050,2,21,21,0.0
44686,PL_Nuclear,2050,2,22,22,0.0
44687,PL_Nuclear,2050,2,23,23,-0.30690000000000006
44688,PL_Nuclear,2050,2,24,24,-0.30690000000000006
44689,PL_Nuclear,2050,3,1,1,0.0
44690,PL_Nuclear,2050,3,2,2,0.0
44691,PL_Nuclear,2050,3,3,3,0.0
44692,PL_Nuclear,2050,3,4,4,0.0
44693,PL_Nuclear,2050,3,5,5,0.0
44694,PL_Nuclear,2050,3,6,6,0.0
44695,PL_Nuclear,2050,3,7,7,0.0
44696,PL_Nuclear,2050,3,8,8,0.0
44697,PL_Nuclear,2050,3,9,9,0.0
44698,PL_Nuclear,2050,3,10,10,0.0
44699,PL_Nuclear,2050,3,11,11,0.0
44700,PL_Nuclear,2050,3,12,12,0.0
44701,PL_Nuclear,2050,3,13,13,0.0
44702,PL_Nuclear,2050,3,14,14,0.0
44703,PL_Nuclear,2050,3,15,15,0.0
44704,PL_Nuclear,2050,3,16,16,0.0
44705,PL_Nuclear,2050,3,17,17,0.0
44706,PL_Nuclear,2050,3,18,18,0.0
44707,PL_Nuclear,2050,3,19,19,0.0
44708,PL_Nuclear,2050,3,20,20,0.0
44709,PL_Nuclear,2050,3,21,21,0.0
44710,PL_Nuclear,2050,3,22,22,0.0
44711,PL_Nuclear,2050,3,23,23,0.0
44712,PL_Nuclear,2050,3,24,24,0.0
44713,PL_Nuclear,2050,4,1,1,-0.9797999999999998
44714,PL_Nuclear,2050,4,2,2,-0.9797999999999998
44715,PL_Nuclear,2050,4,3,3,-0.5658000000000001
44716,PL_Nuclear,2050,4,4,4,-0.5658000000000001
44717,PL_Nuclear,2050,4,5,5,-0.21390000000000003
44718,PL_Nuclear,2050,4,6,6,-0.21390000000000003
44719,PL_Nuclear,2050,4,7,7,0.0
44720,PL_Nuclear,2050,4,8,8,-0.21390000000000003
44721,PL_Nuclear,2050,4,9,9,-0.21390000000000003
44722,PL_Nuclear,2050,4,10,10,-0.21390000000000003
44723,PL_Nuclear,2050,4,11,11,-0.5658000000000001
44724,PL_Nuclear,2050,4,12,12,-0.5658000000000001
44725,PL_Nuclear,2050,4,13,13,-0.5658000000000001
44726,PL_Nuclear,2050,4,14,14,-0.5658000000000001
44727,PL_Nuclear,2050,4,15,15,-0.5658000000000001
44728,PL_Nuclear,2050,4,16,16,-0.5658000000000001
44729,PL_Nuclear,2050,4,17,17,-0.5658000000000001
44730,PL_Nuclear,2050,4,18,18,-0.21390000000000003
44731,PL_Nuclear,2050,4,19,19,-0.5658000000000001
44732,PL_Nuclear,2050,4,20,20,-0.5658000000000001
44733,PL_Nuclear,2050,4,21,21,-0.5658000000000001
44734,PL_Nuclear,2050,4,22,22,-0.5658000000000001
44735,PL_Nuclear,2050,4,23,23,-0.9797999999999998
44736,PL_Nuclear,2050,4,24,24,-0.9797999999999998
44737,PL_Nuclear,2050,5,1,1,0.0
44738,PL_Nuclear,2050,5,2,2,0.0
44739,PL_Nuclear,2050,5,3,3,0.0
44740,PL_Nuclear,2050,5,4,4,0.0
44741,PL_Nuclear,2050,5,5,5,0.0
44742,PL_Nuclear,2050,5,6,6,0.0
44743,PL_Nuclear,2050,5,7,7,0.0
44744,PL_Nuclear,2050,5,8,8,0.0
44745,PL_Nuclear,2050,5,9,9,0.0
44746,PL_Nuclear,2050,5,10,10,0.0
44747,PL_Nuclear,2050,5,11,11,0.0
44748,PL_Nuclear,2050,5,12,12,0.0
44749,PL_Nuclear,2050,5,13,13,0.0
44750,PL_Nuclear,2050,5,14,14,0.0
44751,PL_Nuclear,2050,5,15,15,0.0
44752,PL_Nuclear,2050,5,16,16,0.0
44753,PL_Nuclear,2050,5,17,17,0.0
44754,PL_Nuclear,2050,5,18,18,0.0
44755,PL_Nuclear,2050,5,19,19,0.0
44756,PL_Nuclear,2050,5,20,20,0.0
44757,PL_Nuclear,2050,5,21,21,0.0
44758,PL_Nuclear,2050,5,22,22,0.0
44759,PL_Nuclear,2050,5,23,23,0.0
44760,PL_Nuclear,2050,5,24,24,0.0
44761,PL_Nuclear,2050,6,1,1,-0.4428000000000001
44762,PL_Nuclear,2050,6,2,2,-0.4428000000000001
44763,PL_Nuclear,2050,6,3,3,-0.1674
44764,PL_Nuclear,2050,6,4,4,-0.1674
44765,PL_Nuclear,2050,6,5,5,-0.1674
44766,PL_Nuclear,2050,6,6,6,0.0
44767,PL_Nuclear,2050,6,7,7,-0.1674
44768,PL_Nuclear,2050,6,8,8,-0.1674
44769,PL_Nuclear,2050,6,9,9,-0.1674
44770,PL_Nuclear,2050,6,10,10,-0.1674
44771,PL_Nuclear,2050,6,11,11,-0.1674
44772,PL_Nuclear,2050,6,12,12,-0.4428000000000001
44773,PL_Nuclear,2050,6,13,13,-0.1674
44774,PL_Nuclear,2050,6,14,14,-0.1674
44775,PL_Nuclear,2050,6,15,15,-0.1674
44776,PL_Nuclear,2050,6,16,16,-0.1674
44777,PL_Nuclear,2050,6,17,17,0.0
44778,PL_Nuclear,2050,6,18,18,-0.1674
44779,PL_Nuclear,2050,6,19,19,-0.1674
44780,PL_Nuclear,2050,6,20,20,-0.1674
44781,PL_Nuclear,2050,6,21,21,-0.7667999999999999
44782,PL_Nuclear,2050,6,22,22,-0.1674
44783,PL_Nuclear,2050,6,23,23,-0.4428000000000001
44784,PL_Nuclear,2050,6,24,24,-0.4428000000000001
44785,PL_Nuclear,2050,7,1,1,-0.3441000000000001
44786,PL_Nuclear,2050,7,2,2,-0.3441000000000001
44787,PL_Nuclear,2050,7,3,3,-0.3441000000000001
44788,PL_Nuclear,2050,7,4,4,0.0
44789,PL_Nuclear,2050,7,5,5,0.0
44790,PL_Nuclear,2050,7,6,6,0.0
44791,PL_Nuclear,2050,7,7,7,0.0
44792,PL_Nuclear,2050,7,8,8,0.0
44793,PL_Nuclear,2050,7,9,9,0.0
44794,PL_Nuclear,2050,7,10,10,0.0
44795,PL_Nuclear,2050,7,11,11,0.0
44796,PL_Nuclear,2050,7,12,12,-0.9990000000000001
44797,PL_Nuclear,2050,7,13,13,-0.3441000000000001
44798,PL_Nuclear,2050,7,14,14,-0.3441000000000001
44799,PL_Nuclear,2050,7,15,15,0.0
44800,PL_Nuclear,2050,7,16,16,0.0
44801,PL_Nuclear,2050,7,17,17,0.0
44802,PL_Nuclear,2050,7,18,18,0.0
44803,PL_Nuclear,2050,7,19,19,-0.3441000000000001
44804,PL_Nuclear,2050,7,20,20,-0.3441000000000001
44805,PL_Nuclear,2050,7,21,21,-0.3441000000000001
44806,PL_Nuclear,2050,7,22,22,-0.3441000000000001
44807,PL_Nuclear,2050,7,23,23,-0.3441000000000001
44808,PL_Nuclear,2050,7,24,24,-0.3441000000000001
44809,PL_Nuclear,2050,8,1,1,-0.2883
44810,PL_Nuclear,2050,8,2,2,-0.2883
44811,PL_Nuclear,2050,8,3,3,-0.2883
44812,PL_Nuclear,2050,8,4,4,0.0
44813,PL_Nuclear,2050,8,5,5,0.0
44814,PL_Nuclear,2050,8,6,6,0.0
44815,PL_Nuclear,2050,8,7,7,0.0
44816,PL_Nuclear,2050,8,8,8,0.0
44817,PL_Nuclear,2050,8,9,9,-0.2883
44818,PL_Nuclear,2050,8,10,10,-0.2883
44819,PL_Nuclear,2050,8,11,11,-0.2883
44820,PL_Nuclear,2050,8,12,12,-0.2883
44821,PL_Nuclear,2050,8,13,13,-0.2883
44822,PL_Nuclear,2050,8,14,14,-0.2883
44823,PL_Nuclear,2050,8,15,15,-0.2883
44824,PL_Nuclear,2050,8,16,16,-0.2883
44825,PL_Nuclear,2050,8,17,17,-0.2883
44826,PL_Nuclear,2050,8,18,18,-0.2883
44827,PL_Nuclear,2050,8,19,19,-0.2883
44828,PL_Nuclear,2050,8,20,20,-0.2883
44829,PL_Nuclear,2050,8,21,21,-0.2883
44830,PL_Nuclear,2050,8,22,22,-0.2883
44831,PL_Nuclear,2050,8,23,23,-0.2883
44832,PL_Nuclear,2050,8,24,24,-0.2883
44833,PL_Nuclear,2050,9,1,1,0.0
44834,PL_Nuclear,2050,9,2,2,0.0
44835,PL_Nuclear,2050,9,3,3,0.0
44836,PL_Nuclear,2050,9,4,4,0.0
44837,PL_Nuclear,2050,9,5,5,0.0
44838,PL_Nuclear,2050,9,6,6,0.0
44839,PL_Nuclear,2050,9,7,7,0.0
44840,PL_Nuclear,2050,9,8,8,0.0
44841,PL_Nuclear,2050,9,9,9,0.0
44842,PL_Nuclear,2050,9,10,10,0.0
44843,PL_Nuclear,2050,9,11,11,0.0
44844,PL_Nuclear,2050,9,12,12,0.0
44845,PL_Nuclear,2050,9,13,13,0.0
44846,PL_Nuclear,2050,9,14,14,0.0
44847,PL_Nuclear,2050,9,15,15,0.0
44848,PL_Nuclear,2050,9,16,16,0.0
44849,PL_Nuclear,2050,9,17,17,0.0
44850,PL_Nuclear,2050,9,18,18,0.0
44851,PL_Nuclear,2050,9,19,19,0.0
44852,PL_Nuclear,2050,9,20,20,-0.39990000000000003
44853,PL_Nuclear,2050,9,21,21,-1.161
44854,PL_Nuclear,2050,9,22,22,0.0
44855,PL_Nuclear,2050,9,23,23,-0.39990000000000003
44856,PL_Nuclear,2050,9,24,24,0.0
44857,PL_Nuclear,2050,10,1,1,-1.1316000000000002
44858,PL_Nuclear,2050,10,2,2,-1.1316000000000002
44859,PL_Nuclear,2050,10,3,3,-1.1316000000000002
44860,PL_Nuclear,2050,10,4,4,-0.42780000000000007
44861,PL_Nuclear,2050,10,5,5,-0.42780000000000007
44862,PL_Nuclear,2050,10,6,6,-0.42780000000000007
44863,PL_Nuclear,2050,10,7,7,-0.42780000000000007
44864,PL_Nuclear,2050,10,8,8,-0.42780000000000007
44865,PL_Nuclear,2050,10,9,9,-0.42780000000000007
44866,PL_Nuclear,2050,10,10,10,-0.42780000000000007
44867,PL_Nuclear,2050,10,11,11,-1.1316000000000002
44868,PL_Nuclear,2050,10,12,12,-1.1316000000000002
44869,PL_Nuclear,2050,10,13,13,-1.1316000000000002
44870,PL_Nuclear,2050,10,14,14,-1.1316000000000002
44871,PL_Nuclear,2050,10,15,15,-0.42780000000000007
44872,PL_Nuclear,2050,10,16,16,-0.42780000000000007
44873,PL_Nuclear,2050,10,17,17,-0.42780000000000007
44874,PL_Nuclear,2050,10,18,18,-0.42780000000000007
44875,PL_Nuclear,2050,10,19,19,-0.42780000000000007
44876,PL_Nuclear,2050,10,20,20,-0.42780000000000007
44877,PL_Nuclear,2050,10,21,21,-1.1316000000000002
44878,PL_Nuclear,2050,10,22,22,-1.1316000000000002
44879,PL_Nuclear,2050,10,23,23,-1.9595999999999996
44880,PL_Nuclear,2050,10,24,24,-1.1316000000000002
44881,PL_OCGT,2050,1,1,1,0.0
44882,PL_OCGT,2050,1,2,2,0.0
44883,PL_OCGT,2050,1,3,3,0.0
44884,PL_OCGT,2050,1,4,4,0.0
44885,PL_OCGT,2050,1,5,5,0.0
44886,PL_OCGT,2050,1,6,6,0.0
44887,PL_OCGT,2050,1,7,7,0.0
44888,PL_OCGT,2050,1,8,8,0.0
44889,PL_OCGT,2050,1,9,9,0.0
44890,PL_OCGT,2050,1,10,10,0.0
44891,PL_OCGT,2050,1,11,11,0.0
44892,PL_OCGT,2050,1,12,12,0.0
44893,PL_OCGT,2050,1,13,13,0.0
44894,PL_OCGT,2050,1,14,14,0.0
44895,PL_OCGT,2050,1,15,15,0.0
44896,PL_OCGT,2050,1,16,16,0.0
44897,PL_OCGT,2050,1,17,17,0.0
44898,PL_OCGT,2050,1,18,18,0.0
44899,PL_OCGT,2050,1,19,19,0.0
44900,PL_OCGT,2050,1,20,20,0.0
44901,PL_OCGT,2050,1,21,21,0.0
44902,PL_OCGT,2050,1,22,22,0.0
44903,PL_OCGT,2050,1,23,23,0.0
44904,PL_OCGT,2050,1,24,24,0.0
44905,PL_OCGT,2050,2,1,1,0.0
44906,PL_OCGT,2050,2,2,2,0.0
44907,PL_OCGT,2050,2,3,3,0.0
44908,PL_OCGT,2050,2,4,4,0.0
44909,PL_OCGT,2050,2,5,5,0.0
44910,PL_OCGT,2050,2,6,6,0.0
44911,PL_OCGT,2050,2,7,7,0.0
44912,PL_OCGT,2050,2,8,8,0.0
44913,PL_OCGT,2050,2,9,9,0.0
44914,PL_OCGT,2050,2,10,10,0.0
44915,PL_OCGT,2050,2,11,11,0.0
44916,PL_OCGT,2050,2,12,12,0.0
44917,PL_OCGT,2050,2,13,13,0.0
44918,PL_OCGT,2050,2,14,14,0.0
44919,PL_OCGT,2050,2,15,15,0.0
44920,PL_OCGT,2050,2,16,16,0.0
44921,PL_OCGT,2050,2,17,17,0.0
44922,PL_OCGT,2050,2,18,18,0.0
44923,PL_OCGT,2050,2,19,19,0.0
44924,PL_OCGT,2050,2,20,20,0.0
44925,PL_OCGT,2050,2,21,21,0.0
44926,PL_OCGT,2050,2,22,22,0.0
44927,PL_OCGT,2050,2,23,23,0.0
44928,PL_OCGT,2050,2,24,24,0.0
44929,PL_OCGT,2050,3,1,1,0.0
44930,PL_OCGT,2050,3,2,2,0.0
44931,PL_OCGT,2050,3,3,3,0.0
44932,PL_OCGT,2050,3,4,4,0.0
44933,PL_OCGT,2050,3,5,5,0.0
44934,PL_OCGT,2050,3,6,6,0.0
44935,PL_OCGT,2050,3,7,7,0.0
44936,PL_OCGT,2050,3,8,8,0.0
44937,PL_OCGT,2050,3,9,9,0.0
44938,PL_OCGT,2050,3,10,10,0.0
44939,PL_OCGT,2050,3,11,11,0.0
44940,PL_OCGT,2050,3,12,12,0.0
44941,PL_OCGT,2050,3,13,13,0.0
44942,PL_OCGT,2050,3,14,14,0.0
44943,PL_OCGT,2050,3,15,15,0.0
44944,PL_OCGT,2050,3,16,16,0.0
44945,PL_OCGT,2050,3,17,17,0.0
44946,PL_OCGT,2050,3,18,18,0.0
44947,PL_OCGT,2050,3,19,19,0.0
44948,PL_OCGT,2050,3,20,20,0.0
44949,PL_OCGT,2050,3,21,21,0.0
44950,PL_OCGT,2050,3,22,22,0.0
44951,PL_OCGT,2050,3,23,23,0.0
44952,PL_OCGT,2050,3,24,24,0.0
44953,PL_OCGT,2050,4,1,1,0.0
44954,PL_OCGT,2050,4,2,2,0.0
44955,PL_OCGT,2050,4,3,3,0.0
44956,PL_OCGT,2050,4,4,4,0.0
44957,PL_OCGT,2050,4,5,5,0.0
44958,PL_OCGT,2050,4,6,6,0.0
44959,PL_OCGT,2050,4,7,7,0.0
44960,PL_OCGT,2050,4,8,8,0.0
44961,PL_OCGT,2050,4,9,9,0.0
44962,PL_OCGT,2050,4,10,10,0.0
44963,PL_OCGT,2050,4,11,11,0.0
44964,PL_OCGT,2050,4,12,12,0.0
44965,PL_OCGT,2050,4,13,13,0.0
44966,PL_OCGT,2050,4,14,14,0.0
44967,PL_OCGT,2050,4,15,15,0.0
44968,PL_OCGT,2050,4,16,16,0.0
44969,PL_OCGT,2050,4,17,17,0.0
44970,PL_OCGT,2050,4,18,18,0.0
44971,PL_OCGT,2050,4,19,19,0.0
44972,PL_OCGT,2050,4,20,20,0.0
44973,PL_OCGT,2050,4,21,21,0.0
44974,PL_OCGT,2050,4,22,22,0.0
44975,PL_OCGT,2050,4,23,23,0.0
44976,PL_OCGT,2050,4,24,24,0.0
44977,PL_OCGT,2050,5,1,1,0.0
44978,PL_OCGT,2050,5,2,2,0.0
44979,PL_OCGT,2050,5,3,3,0.0
44980,PL_OCGT,2050,5,4,4,0.0
44981,PL_OCGT,2050,5,5,5,0.0
44982,PL_OCGT,2050,5,6,6,0.0
44983,PL_OCGT,2050,5,7,7,0.0
44984,PL_OCGT,2050,5,8,8,0.0
44985,PL_OCGT,2050,5,9,9,0.0
44986,PL_OCGT,2050,5,10,10,0.0
44987,PL_OCGT,2050,5,11,11,0.0
44988,PL_OCGT,2050,5,12,12,0.0
44989,PL_OCGT,2050,5,13,13,0.0
44990,PL_OCGT,2050,5,14,14,0.0
44991,PL_OCGT,2050,5,15,15,0.0
44992,PL_OCGT,2050,5,16,16,0.0
44993,PL_OCGT,2050,5,17,17,0.0
44994,PL_OCGT,2050,5,18,18,0.0
44995,PL_OCGT,2050,5,19,19,0.0
44996,PL_OCGT,2050,5,20,20,0.0
44997,PL_OCGT,2050,5,21,21,0.0
44998,PL_OCGT,2050,5,22,22,0.0
44999,PL_OCGT,2050,5,23,23,0.0
45000,PL_OCGT,2050,5,24,24,0.0
45001,PL_OCGT,2050,6,1,1,0.0
45002,PL_OCGT,2050,6,2,2,0.0
45003,PL_OCGT,2050,6,3,3,0.0
45004,PL_OCGT,2050,6,4,4,0.0
45005,PL_OCGT,2050,6,5,5,0.0
45006,PL_OCGT,2050,6,6,6,0.0
45007,PL_OCGT,2050,6,7,7,0.0
45008,PL_OCGT,2050,6,8,8,0.0
45009,PL_OCGT,2050,6,9,9,0.0
45010,PL_OCGT,2050,6,10,10,0.0
45011,PL_OCGT,2050,6,11,11,0.0
45012,PL_OCGT,2050,6,12,12,0.0
45013,PL_OCGT,2050,6,13,13,0.0
45014,PL_OCGT,2050,6,14,14,0.0
45015,PL_OCGT,2050,6,15,15,0.0
45016,PL_OCGT,2050,6,16,16,0.0
45017,PL_OCGT,2050,6,17,17,0.0
45018,PL_OCGT,2050,6,18,18,0.0
45019,PL_OCGT,2050,6,19,19,0.0
45020,PL_OCGT,2050,6,20,20,0.0
45021,PL_OCGT,2050,6,21,21,0.0
45022,PL_OCGT,2050,6,22,22,0.0
45023,PL_OCGT,2050,6,23,23,0.0
45024,PL_OCGT,2050,6,24,24,0.0
45025,PL_OCGT,2050,7,1,1,0.0
45026,PL_OCGT,2050,7,2,2,0.0
45027,PL_OCGT,2050,7,3,3,0.0
45028,PL_OCGT,2050,7,4,4,0.0
45029,PL_OCGT,2050,7,5,5,0.0
45030,PL_OCGT,2050,7,6,6,0.0
45031,PL_OCGT,2050,7,7,7,0.0
45032,PL_OCGT,2050,7,8,8,0.0
45033,PL_OCGT,2050,7,9,9,0.0
45034,PL_OCGT,2050,7,10,10,0.0
45035,PL_OCGT,2050,7,11,11,0.0
45036,PL_OCGT,2050,7,12,12,0.0
45037,PL_OCGT,2050,7,13,13,0.0
45038,PL_OCGT,2050,7,14,14,0.0
45039,PL_OCGT,2050,7,15,15,0.0
45040,PL_OCGT,2050,7,16,16,0.0
45041,PL_OCGT,2050,7,17,17,0.0
45042,PL_OCGT,2050,7,18,18,0.0
45043,PL_OCGT,2050,7,19,19,0.0
45044,PL_OCGT,2050,7,20,20,0.0
45045,PL_OCGT,2050,7,21,21,0.0
45046,PL_OCGT,2050,7,22,22,0.0
45047,PL_OCGT,2050,7,23,23,0.0
45048,PL_OCGT,2050,7,24,24,0.0
45049,PL_OCGT,2050,8,1,1,0.0
45050,PL_OCGT,2050,8,2,2,0.0
45051,PL_OCGT,2050,8,3,3,0.0
45052,PL_OCGT,2050,8,4,4,0.0
45053,PL_OCGT,2050,8,5,5,0.0
45054,PL_OCGT,2050,8,6,6,0.0
45055,PL_OCGT,2050,8,7,7,0.0
45056,PL_OCGT,2050,8,8,8,0.0
45057,PL_OCGT,2050,8,9,9,0.0
45058,PL_OCGT,2050,8,10,10,0.0
45059,PL_OCGT,2050,8,11,11,0.0
45060,PL_OCGT,2050,8,12,12,0.0
45061,PL_OCGT,2050,8,13,13,0.0
45062,PL_OCGT,2050,8,14,14,0.0
45063,PL_OCGT,2050,8,15,15,0.0
45064,PL_OCGT,2050,8,16,16,0.0
45065,PL_OCGT,2050,8,17,17,0.0
45066,PL_OCGT,2050,8,18,18,0.0
45067,PL_OCGT,2050,8,19,19,0.0
45068,PL_OCGT,2050,8,20,20,0.0
45069,PL_OCGT,2050,8,21,21,0.0
45070,PL_OCGT,2050,8,22,22,0.0
45071,PL_OCGT,2050,8,23,23,0.0
45072,PL_OCGT,2050,8,24,24,0.0
45073,PL_OCGT,2050,9,1,1,0.0
45074,PL_OCGT,2050,9,2,2,0.0
45075,PL_OCGT,2050,9,3,3,0.0
45076,PL_OCGT,2050,9,4,4,0.0
45077,PL_OCGT,2050,9,5,5,0.0
45078,PL_OCGT,2050,9,6,6,0.0
45079,PL_OCGT,2050,9,7,7,0.0
45080,PL_OCGT,2050,9,8,8,0.0
45081,PL_OCGT,2050,9,9,9,0.0
45082,PL_OCGT,2050,9,10,10,0.0
45083,PL_OCGT,2050,9,11,11,0.0
45084,PL_OCGT,2050,9,12,12,0.0
45085,PL_OCGT,2050,9,13,13,0.0
45086,PL_OCGT,2050,9,14,14,0.0
45087,PL_OCGT,2050,9,15,15,0.0
45088,PL_OCGT,2050,9,16,16,0.0
45089,PL_OCGT,2050,9,17,17,0.0
45090,PL_OCGT,2050,9,18,18,0.0
45091,PL_OCGT,2050,9,19,19,0.0
45092,PL_OCGT,2050,9,20,20,0.0
45093,PL_OCGT,2050,9,21,21,0.0
45094,PL_OCGT,2050,9,22,22,0.0
45095,PL_OCGT,2050,9,23,23,0.0
45096,PL_OCGT,2050,9,24,24,0.0
45097,PL_OCGT,2050,10,1,1,0.0
45098,PL_OCGT,2050,10,2,2,0.0
45099,PL_OCGT,2050,10,3,3,0.0
45100,PL_OCGT,2050,10,4,4,0.0
45101,PL_OCGT,2050,10,5,5,0.0
45102,PL_OCGT,2050,10,6,6,0.0
45103,PL_OCGT,2050,10,7,7,0.0
45104,PL_OCGT,2050,10,8,8,0.0
45105,PL_OCGT,2050,10,9,9,0.0
45106,PL_OCGT,2050,10,10,10,0.0
45107,PL_OCGT,2050,10,11,11,0.0
45108,PL_OCGT,2050,10,12,12,0.0
45109,PL_OCGT,2050,10,13,13,0.0
45110,PL_OCGT,2050,10,14,14,0.0
45111,PL_OCGT,2050,10,15,15,0.0
45112,PL_OCGT,2050,10,16,16,0.0
45113,PL_OCGT,2050,10,17,17,0.0
45114,PL_OCGT,2050,10,18,18,0.0
45115,PL_OCGT,2050,10,19,19,0.0
45116,PL_OCGT,2050,10,20,20,0.0
45117,PL_OCGT,2050,10,21,21,0.0
45118,PL_OCGT,2050,10,22,22,0.0
45119,PL_OCGT,2050,10,23,23,0.0
45120,PL_OCGT,2050,10,24,24,0.0
45121,PL_Solar,2050,1,1,1,-2.703
45122,PL_Solar,2050,1,2,2,-2.703
45123,PL_Solar,2050,1,3,3,-2.703
45124,PL_Solar,2050,1,4,4,-1.749
45125,PL_Solar,2050,1,5,5,-0.9381
45126,PL_Solar,2050,1,6,6,-0.9381
45127,PL_Solar,2050,1,7,7,-0.9381
45128,PL_Solar,2050,1,8,8,-1.749
45129,PL_Solar,2050,1,9,9,-2.703
45130,PL_Solar,2050,1,10,10,-2.703
45131,PL_Solar,2050,1,11,11,-2.703
45132,PL_Solar,2050,1,12,12,-2.703
45133,PL_Solar,2050,1,13,13,-2.703
45134,PL_Solar,2050,1,14,14,-1.749
45135,PL_Solar,2050,1,15,15,-1.749
45136,PL_Solar,2050,1,16,16,-1.749
45137,PL_Solar,2050,1,17,17,-1.749
45138,PL_Solar,2050,1,18,18,-1.749
45139,PL_Solar,2050,1,19,19,-2.703
45140,PL_Solar,2050,1,20,20,-2.703
45141,PL_Solar,2050,1,21,21,-2.703
45142,PL_Solar,2050,1,22,22,-1.749
45143,PL_Solar,2050,1,23,23,-2.703
45144,PL_Solar,2050,1,24,24,-1.749
45145,PL_Solar,2050,2,1,1,-0.5841000000000001
45146,PL_Solar,2050,2,2,2,-0.5841000000000001
45147,PL_Solar,2050,2,3,3,0.0
45148,PL_Solar,2050,2,4,4,0.0
45149,PL_Solar,2050,2,5,5,0.0
45150,PL_Solar,2050,2,6,6,0.0
45151,PL_Solar,2050,2,7,7,0.0
45152,PL_Solar,2050,2,8,8,0.0
45153,PL_Solar,2050,2,9,9,0.0
45154,PL_Solar,2050,2,10,10,0.0
45155,PL_Solar,2050,2,11,11,0.0
45156,PL_Solar,2050,2,12,12,-0.5841000000000001
45157,PL_Solar,2050,2,13,13,-0.5841000000000001
45158,PL_Solar,2050,2,14,14,-0.5841000000000001
45159,PL_Solar,2050,2,15,15,0.0
45160,PL_Solar,2050,2,16,16,0.0
45161,PL_Solar,2050,2,17,17,0.0
45162,PL_Solar,2050,2,18,18,0.0
45163,PL_Solar,2050,2,19,19,0.0
45164,PL_Solar,2050,2,20,20,0.0
45165,PL_Solar,2050,2,21,21,0.0
45166,PL_Solar,2050,2,22,22,0.0
45167,PL_Solar,2050,2,23,23,-0.5841000000000001
45168,PL_Solar,2050,2,24,24,-0.5841000000000001
45169,PL_Solar,2050,3,1,1,0.0
45170,PL_Solar,2050,3,2,2,0.0
45171,PL_Solar,2050,3,3,3,0.0
45172,PL_Solar,2050,3,4,4,0.0
45173,PL_Solar,2050,3,5,5,0.0
45174,PL_Solar,2050,3,6,6,0.0
45175,PL_Solar,2050,3,7,7,0.0
45176,PL_Solar,2050,3,8,8,0.0
45177,PL_Solar,2050,3,9,9,0.0
45178,PL_Solar,2050,3,10,10,0.0
45179,PL_Solar,2050,3,11,11,0.0
45180,PL_Solar,2050,3,12,12,0.0
45181,PL_Solar,2050,3,13,13,0.0
45182,PL_Solar,2050,3,14,14,0.0
45183,PL_Solar,2050,3,15,15,0.0
45184,PL_Solar,2050,3,16,16,0.0
45185,PL_Solar,2050,3,17,17,0.0
45186,PL_Solar,2050,3,18,18,0.0
45187,PL_Solar,2050,3,19,19,0.0
45188,PL_Solar,2050,3,20,20,0.0
45189,PL_Solar,2050,3,21,21,0.0
45190,PL_Solar,2050,3,22,22,0.0
45191,PL_Solar,2050,3,23,23,0.0
45192,PL_Solar,2050,3,24,24,0.0
45193,PL_Solar,2050,4,1,1,-1.1729999999999998
45194,PL_Solar,2050,4,2,2,-1.1729999999999998
45195,PL_Solar,2050,4,3,3,-0.759
45196,PL_Solar,2050,4,4,4,-0.759
45197,PL_Solar,2050,4,5,5,-0.4071
45198,PL_Solar,2050,4,6,6,-0.4071
45199,PL_Solar,2050,4,7,7,0.0
45200,PL_Solar,2050,4,8,8,-0.4071
45201,PL_CCGT,2050,1,1,1,-0.9539999999999997
45202,PL_CCGT,2050,1,2,2,-0.9539999999999997
45203,PL_CCGT,2050,1,3,3,-0.9539999999999997
45204,PL_CCGT,2050,1,4,4,0.0
45205,PL_CCGT,2050,1,5,5,0.0
45206,PL_CCGT,2050,1,6,6,0.0
45207,PL_CCGT,2050,1,7,7,0.0
45208,PL_CCGT,2050,1,8,8,0.0
45209,PL_CCGT,2050,1,9,9,-0.9539999999999997
45210,PL_CCGT,2050,1,10,10,-0.9539999999999997
45211,PL_CCGT,2050,1,11,11,-0.9539999999999997
45212,PL_CCGT,2050,1,12,12,-0.9539999999999997
45213,PL_CCGT,2050,1,13,13,-0.9539999999999997
45214,PL_CCGT,2050,1,14,14,0.0
45215,PL_CCGT,2050,1,15,15,0.0
45216,PL_CCGT,2050,1,16,16,0.0
45217,PL_CCGT,2050,1,17,17,0.0
45218,PL_CCGT,2050,1,18,18,0.0
45219,PL_CCGT,2050,1,19,19,-0.9539999999999997
45220,PL_CCGT,2050,1,20,20,-0.9539999999999997
45221,PL_CCGT,2050,1,21,21,-0.9539999999999997
45222,PL_CCGT,2050,1,22,22,0.0
45223,PL_CCGT,2050,1,23,23,-0.9539999999999997
45224,PL_CCGT,2050,1,24,24,0.0
45225,PL_CCGT,2050,2,1,1,0.0
45226,PL_CCGT,2050,2,2,2,0.0
45227,PL_CCGT,2050,2,3,3,0.0
45228,PL_CCGT,2050,2,4,4,0.0
45229,PL_CCGT,2050,2,5,5,0.0
45230,PL_CCGT,2050,2,6,6,0.0
45231,PL_CCGT,2050,2,7,7,0.0
45232,PL_CCGT,2050,2,8,8,0.0
45233,PL_CCGT,2050,2,9,9,0.0
45234,PL_CCGT,2050,2,10,10,0.0
45235,PL_CCGT,2050,2,11,11,0.0
45236,PL_CCGT,2050,2,12,12,0.0
45237,PL_CCGT,2050,2,13,13,0.0
45238,PL_CCGT,2050,2,14,14,0.0
45239,PL_CCGT,2050,2,15,15,0.0
45240,PL_CCGT,2050,2,16,16,0.0
45241,PL_CCGT,2050,2,17,17,0.0
45242,PL_CCGT,2050,2,18,18,0.0
45243,PL_CCGT,2050,2,19,19,0.0
45244,PL_CCGT,2050,2,20,20,0.0
45245,PL_CCGT,2050,2,21,21,0.0
45246,PL_CCGT,2050,2,22,22,0.0
45247,PL_CCGT,2050,2,23,23,0.0
45248,PL_CCGT,2050,2,24,24,0.0
45249,PL_CCGT,2050,3,1,1,0.0
45250,PL_CCGT,2050,3,2,2,0.0
45251,PL_CCGT,2050,3,3,3,0.0
45252,PL_CCGT,2050,3,4,4,0.0
45253,PL_CCGT,2050,3,5,5,0.0
45254,PL_CCGT,2050,3,6,6,0.0
45255,PL_CCGT,2050,3,7,7,0.0
45256,PL_CCGT,2050,3,8,8,0.0
45257,PL_CCGT,2050,3,9,9,0.0
45258,PL_CCGT,2050,3,10,10,0.0
45259,PL_CCGT,2050,3,11,11,0.0
45260,PL_CCGT,2050,3,12,12,0.0
45261,PL_CCGT,2050,3,13,13,0.0
45262,PL_CCGT,2050,3,14,14,0.0
45263,PL_CCGT,2050,3,15,15,0.0
45264,PL_CCGT,2050,3,16,16,0.0
45265,PL_CCGT,2050,3,17,17,0.0
45266,PL_CCGT,2050,3,18,18,0.0
45267,PL_CCGT,2050,3,19,19,0.0
45268,PL_CCGT,2050,3,20,20,0.0
45269,PL_CCGT,2050,3,21,21,0.0
45270,PL_CCGT,2050,3,22,22,0.0
45271,PL_CCGT,2050,3,23,23,0.0
45272,PL_CCGT,2050,3,24,24,0.0
45273,PL_CCGT,2050,4,1,1,-0.4139999999999998
45274,PL_CCGT,2050,4,2,2,-0.4139999999999998
45275,PL_CCGT,2050,4,3,3,0.0
45276,PL_CCGT,2050,4,4,4,0.0
45277,PL_CCGT,2050,4,5,5,0.0
45278,PL_CCGT,2050,4,6,6,0.0
45279,PL_CCGT,2050,4,7,7,0.0
45280,PL_CCGT,2050,4,8,8,0.0
45281,PL_CCGT,2050,4,9,9,0.0
45282,PL_CCGT,2050,4,10,10,0.0
45283,PL_CCGT,2050,4,11,11,0.0
45284,PL_CCGT,2050,4,12,12,0.0
45285,PL_CCGT,2050,4,13,13,0.0
45286,PL_CCGT,2050,4,14,14,0.0
45287,PL_CCGT,2050,4,15,15,0.0
45288,PL_CCGT,2050,4,16,16,0.0
45289,PL_CCGT,2050,4,17,17,0.0
45290,PL_CCGT,2050,4,18,18,0.0
45291,PL_CCGT,2050,4,19,19,0.0
45292,PL_CCGT,2050,4,20,20,0.0
45293,PL_CCGT,2050,4,21,21,0.0
45294,PL_CCGT,2050,4,22,22,0.0
45295,PL_CCGT,2050,4,23,23,-0.4139999999999998
45296,PL_CCGT,2050,4,24,24,-0.4139999999999998
45297,PL_CCGT,2050,5,1,1,0.0
45298,PL_CCGT,2050,5,2,2,0.0
45299,PL_CCGT,2050,5,3,3,0.0
45300,PL_CCGT,2050,5,4,4,0.0
45301,PL_CCGT,2050,5,5,5,0.0
45302,PL_CCGT,2050,5,6,6,0.0
45303,PL_CCGT,2050,5,7,7,0.0
45304,PL_CCGT,2050,5,8,8,0.0
45305,PL_CCGT,2050,5,9,9,0.0
45306,PL_CCGT,2050,5,10,10,0.0
45307,PL_CCGT,2050,5,11,11,0.0
45308,PL_CCGT,2050,5,12,12,0.0
45309,PL_CCGT,2050,5,13,13,0.0
45310,PL_CCGT,2050,5,14,14,0.0
45311,PL_CCGT,2050,5,15,15,0.0
45312,PL_CCGT,2050,5,16,16,0.0
45313,PL_CCGT,2050,5,17,17,0.0
45314,PL_CCGT,2050,5,18,18,0.0
45315,PL_CCGT,2050,5,19,19,0.0
45316,PL_CCGT,2050,5,20,20,0.0
45317,PL_CCGT,2050,5,21,21,0.0
45318,PL_CCGT,2050,5,22,22,0.0
45319,PL_CCGT,2050,5,23,23,0.0
45320,PL_CCGT,2050,5,24,24,0.0
45321,PL_CCGT,2050,6,1,1,0.0
45322,PL_CCGT,2050,6,2,2,0.0
45323,PL_CCGT,2050,6,3,3,0.0
45324,PL_CCGT,2050,6,4,4,0.0
45325,PL_CCGT,2050,6,5,5,0.0
45326,PL_CCGT,2050,6,6,6,0.0
45327,PL_CCGT,2050,6,7,7,0.0
45328,PL_CCGT,2050,6,8,8,0.0
45329,PL_CCGT,2050,6,9,9,0.0
45330,PL_CCGT,2050,6,10,10,0.0
45331,PL_CCGT,2050,6,11,11,0.0
45332,PL_CCGT,2050,6,12,12,0.0
45333,PL_CCGT,2050,6,13,13,0.0
45334,PL_CCGT,2050,6,14,14,0.0
45335,PL_CCGT,2050,6,15,15,0.0
45336,PL_CCGT,2050,6,16,16,0.0
45337,PL_CCGT,2050,6,17,17,0.0
45338,PL_CCGT,2050,6,18,18,0.0
45339,PL_CCGT,2050,6,19,19,0.0
45340,PL_CCGT,2050,6,20,20,0.0
45341,PL_CCGT,2050,6,21,21,0.0
45342,PL_CCGT,2050,6,22,22,0.0
45343,PL_CCGT,2050,6,23,23,0.0
45344,PL_CCGT,2050,6,24,24,0.0
45345,PL_CCGT,2050,7,1,1,0.0
45346,PL_CCGT,2050,7,2,2,0.0
45347,PL_CCGT,2050,7,3,3,0.0
45348,PL_CCGT,2050,7,4,4,0.0
45349,PL_CCGT,2050,7,5,5,0.0
45350,PL_CCGT,2050,7,6,6,0.0
45351,PL_CCGT,2050,7,7,7,0.0
45352,PL_CCGT,2050,7,8,8,0.0
45353,PL_CCGT,2050,7,9,9,0.0
45354,PL_CCGT,2050,7,10,10,0.0
45355,PL_CCGT,2050,7,11,11,0.0
45356,PL_CCGT,2050,7,12,12,0.0
45357,PL_CCGT,2050,7,13,13,0.0
45358,PL_CCGT,2050,7,14,14,0.0
45359,PL_CCGT,2050,7,15,15,0.0
45360,PL_CCGT,2050,7,16,16,0.0
45361,PL_CCGT,2050,7,17,17,0.0
45362,PL_CCGT,2050,7,18,18,0.0
45363,PL_CCGT,2050,7,19,19,0.0
45364,PL_CCGT,2050,7,20,20,0.0
45365,PL_CCGT,2050,7,21,21,0.0
45366,PL_CCGT,2050,7,22,22,0.0
45367,PL_CCGT,2050,7,23,23,0.0
45368,PL_CCGT,2050,7,24,24,0.0
45369,PL_CCGT,2050,8,1,1,0.0
45370,PL_CCGT,2050,8,2,2,0.0
45371,PL_CCGT,2050,8,3,3,0.0
45372,PL_CCGT,2050,8,4,4,0.0
45373,PL_CCGT,2050,8,5,5,0.0
45374,PL_CCGT,2050,8,6,6,0.0
45375,PL_CCGT,2050,8,7,7,0.0
45376,PL_CCGT,2050,8,8,8,0.0
45377,PL_CCGT,2050,8,9,9,0.0
45378,PL_CCGT,2050,8,10,10,0.0
45379,PL_CCGT,2050,8,11,11,0.0
45380,PL_CCGT,2050,8,12,12,0.0
45381,PL_CCGT,2050,8,13,13,0.0
45382,PL_CCGT,2050,8,14,14,0.0
45383,PL_CCGT,2050,8,15,15,0.0
45384,PL_CCGT,2050,8,16,16,0.0
45385,PL_CCGT,2050,8,17,17,0.0
45386,PL_CCGT,2050,8,18,18,0.0
45387,PL_CCGT,2050,8,19,19,0.0
45388,PL_CCGT,2050,8,20,20,0.0
45389,PL_CCGT,2050,8,21,21,0.0
45390,PL_CCGT,2050,8,22,22,0.0
45391,PL_CCGT,2050,8,23,23,0.0
45392,PL_CCGT,2050,8,24,24,0.0
45393,PL_CCGT,2050,9,1,1,0.0
45394,PL_CCGT,2050,9,2,2,0.0
45395,PL_CCGT,2050,9,3,3,0.0
45396,PL_CCGT,2050,9,4,4,0.0
45397,PL_CCGT,2050,9,5,5,0.0
45398,PL_CCGT,2050,9,6,6,0.0
45399,PL_CCGT,2050,9,7,7,0.0
45400,PL_CCGT,2050,9,8,8,0.0
45401,PL_CCGT,2050,9,9,9,0.0
45402,PL_CCGT,2050,9,10,10,0.0
45403,PL_CCGT,2050,9,11,11,0.0
45404,PL_CCGT,2050,9,12,12,0.0
45405,PL_CCGT,2050,9,13,13,0.0
45406,PL_CCGT,2050,9,14,14,0.0
45407,PL_CCGT,2050,9,15,15,0.0
45408,PL_CCGT,2050,9,16,16,0.0
45409,PL_CCGT,2050,9,17,17,0.0
45410,PL_CCGT,2050,9,18,18,0.0
45411,PL_CCGT,2050,9,19,19,0.0
45412,PL_CCGT,2050,9,20,20,0.0
45413,PL_CCGT,2050,9,21,21,0.0
45414,PL_CCGT,2050,9,22,22,0.0
45415,PL_CCGT,2050,9,23,23,0.0
45416,PL_CCGT,2050,9,24,24,0.0
45417,PL_CCGT,2050,10,1,1,0.0
45418,PL_CCGT,2050,10,2,2,0.0
45419,PL_CCGT,2050,10,3,3,0.0
45420,PL_CCGT,2050,10,4,4,0.0
45421,PL_CCGT,2050,10,5,5,0.0
45422,PL_CCGT,2050,10,6,6,0.0
45423,PL_CCGT,2050,10,7,7,0.0
45424,PL_CCGT,2050,10,8,8,0.0
45425,PL_CCGT,2050,10,9,9,0.0
45426,PL_CCGT,2050,10,10,10,0.0
45427,PL_CCGT,2050,10,11,11,0.0
45428,PL_CCGT,2050,10,12,12,0.0
45429,PL_CCGT,2050,10,13,13,0.0
45430,PL_CCGT,2050,10,14,14,0.0
45431,PL_CCGT,2050,10,15,15,0.0
45432,PL_CCGT,2050,10,16,16,0.0
45433,PL_CCGT,2050,10,17,17,0.0
45434,PL_CCGT,2050,10,18,18,0.0
45435,PL_CCGT,2050,10,19,19,0.0
45436,PL_CCGT,2050,10,20,20,0.0
45437,PL_CCGT,2050,10,21,21,0.0
45438,PL_CCGT,2050,10,22,22,0.0
45439,PL_CCGT,2050,10,23,23,-0.8279999999999996
45440,PL_CCGT,2050,10,24,24,0.0
45441,PL_Solar,2050,4,9,9,-0.4071
45442,PL_Solar,2050,4,10,10,-0.4071
45443,PL_Solar,2050,4,11,11,-0.759
45444,PL_Solar,2050,4,12,12,-0.759
45445,PL_Solar,2050,4,13,13,-0.759
45446,PL_Solar,2050,4,14,14,-0.759
45447,PL_Solar,2050,4,15,15,-0.759
45448,PL_Solar,2050,4,16,16,-0.759
45449,PL_Solar,2050,4,17,17,-0.759
45450,PL_Solar,2050,4,18,18,-0.4071
45451,PL_Solar,2050,4,19,19,-0.759
45452,PL_Solar,2050,4,20,20,-0.759
45453,PL_Solar,2050,4,21,21,-0.759
45454,PL_Solar,2050,4,22,22,-0.759
45455,PL_Solar,2050,4,23,23,-1.1729999999999998
45456,PL_Solar,2050,4,24,24,-1.1729999999999998
45457,PL_Solar,2050,5,1,1,0.0
45458,PL_Solar,2050,5,2,2,0.0
45459,PL_Solar,2050,5,3,3,0.0
45460,PL_Solar,2050,5,4,4,0.0
45461,PL_Solar,2050,5,5,5,0.0
45462,PL_Solar,2050,5,6,6,0.0
45463,PL_Solar,2050,5,7,7,0.0
45464,PL_Solar,2050,5,8,8,0.0
45465,PL_Solar,2050,5,9,9,0.0
45466,PL_Solar,2050,5,10,10,0.0
45467,PL_Solar,2050,5,11,11,0.0
45468,PL_Solar,2050,5,12,12,0.0
45469,PL_Solar,2050,5,13,13,0.0
45470,PL_Solar,2050,5,14,14,0.0
45471,PL_Solar,2050,5,15,15,0.0
45472,PL_Solar,2050,5,16,16,0.0
45473,PL_Solar,2050,5,17,17,0.0
45474,PL_Solar,2050,5,18,18,0.0
45475,PL_Solar,2050,5,19,19,0.0
45476,PL_Solar,2050,5,20,20,0.0
45477,PL_Solar,2050,5,21,21,0.0
45478,PL_Solar,2050,5,22,22,0.0
45479,PL_Solar,2050,5,23,23,0.0
45480,PL_Solar,2050,5,24,24,0.0
45481,PL_Solar,2050,6,1,1,-0.5940000000000001
45482,PL_Solar,2050,6,2,2,-0.5940000000000001
45483,PL_Solar,2050,6,3,3,-0.3186
45484,PL_Solar,2050,6,4,4,-0.3186
45485,PL_Solar,2050,6,5,5,-0.3186
45486,PL_Solar,2050,6,6,6,0.0
45487,PL_Solar,2050,6,7,7,-0.3186
45488,PL_Solar,2050,6,8,8,-0.3186
45489,PL_Solar,2050,6,9,9,-0.3186
45490,PL_Solar,2050,6,10,10,-0.3186
45491,PL_Solar,2050,6,11,11,-0.3186
45492,PL_Solar,2050,6,12,12,-0.5940000000000001
45493,PL_Solar,2050,6,13,13,-0.3186
45494,PL_Solar,2050,6,14,14,-0.3186
45495,PL_Solar,2050,6,15,15,-0.3186
45496,PL_Solar,2050,6,16,16,-0.3186
45497,PL_Solar,2050,6,17,17,0.0
45498,PL_Solar,2050,6,18,18,-0.3186
45499,PL_Solar,2050,6,19,19,-0.3186
45500,PL_Solar,2050,6,20,20,-0.3186
45501,PL_Solar,2050,6,21,21,-0.9179999999999999
45502,PL_Solar,2050,6,22,22,-0.3186
45503,PL_Solar,2050,6,23,23,-0.5940000000000001
45504,PL_Solar,2050,6,24,24,-0.5940000000000001
45505,PL_Solar,2050,7,1,1,-0.6549
45506,PL_Solar,2050,7,2,2,-0.6549
45507,PL_Solar,2050,7,3,3,-0.6549
45508,PL_Solar,2050,7,4,4,0.0
45509,PL_Solar,2050,7,5,5,0.0
45510,PL_Solar,2050,7,6,6,0.0
45511,PL_Solar,2050,7,7,7,0.0
45512,PL_Solar,2050,7,8,8,0.0
45513,PL_Solar,2050,7,9,9,0.0
45514,PL_Solar,2050,7,10,10,0.0
45515,PL_Solar,2050,7,11,11,0.0
45516,PL_Solar,2050,7,12,12,-1.3098
45517,PL_Solar,2050,7,13,13,-0.6549
45518,PL_Solar,2050,7,14,14,-0.6549
45519,PL_Solar,2050,7,15,15,0.0
45520,PL_Solar,2050,7,16,16,0.0
45521,PL_Solar,2050,7,17,17,0.0
45522,PL_Solar,2050,7,18,18,0.0
45523,PL_Solar,2050,7,19,19,-0.6549
45524,PL_Solar,2050,7,20,20,-0.6549
45525,PL_Solar,2050,7,21,21,-0.6549
45526,PL_Solar,2050,7,22,22,-0.6549
45527,PL_Solar,2050,7,23,23,-0.6549
45528,PL_Solar,2050,7,24,24,-0.6549
45529,PL_Solar,2050,8,1,1,-0.5487
45530,PL_Solar,2050,8,2,2,-0.5487
45531,PL_Solar,2050,8,3,3,-0.5487
45532,PL_Solar,2050,8,4,4,0.0
45533,PL_Solar,2050,8,5,5,0.0
45534,PL_Solar,2050,8,6,6,0.0
45535,PL_Solar,2050,8,7,7,0.0
45536,PL_Solar,2050,8,8,8,0.0
45537,PL_Solar,2050,8,9,9,-0.5487
45538,PL_Solar,2050,8,10,10,-0.5487
45539,PL_Solar,2050,8,11,11,-0.5487
45540,PL_Solar,2050,8,12,12,-0.5487
45541,PL_Solar,2050,8,13,13,-0.5487
45542,PL_Solar,2050,8,14,14,-0.5487
45543,PL_Solar,2050,8,15,15,-0.5487
45544,PL_Solar,2050,8,16,16,-0.5487
45545,PL_Solar,2050,8,17,17,-0.5487
45546,PL_Solar,2050,8,18,18,-0.5487
45547,PL_Solar,2050,8,19,19,-0.5487
45548,PL_Solar,2050,8,20,20,-0.5487
45549,PL_Solar,2050,8,21,21,-0.5487
45550,PL_Solar,2050,8,22,22,-0.5487
45551,PL_Solar,2050,8,23,23,-0.5487
45552,PL_Solar,2050,8,24,24,-0.5487
45553,PL_Solar,2050,9,1,1,0.0
45554,PL_Solar,2050,9,2,2,0.0
45555,PL_Solar,2050,9,3,3,0.0
45556,PL_Solar,2050,9,4,4,0.0
45557,PL_Solar,2050,9,5,5,0.0
45558,PL_Solar,2050,9,6,6,0.0
45559,PL_Solar,2050,9,7,7,0.0
45560,PL_Solar,2050,9,8,8,0.0
45561,PL_Solar,2050,9,9,9,0.0
45562,PL_Solar,2050,9,10,10,0.0
45563,PL_Solar,2050,9,11,11,0.0
45564,PL_Solar,2050,9,12,12,0.0
45565,PL_Solar,2050,9,13,13,0.0
45566,PL_Solar,2050,9,14,14,0.0
45567,PL_Solar,2050,9,15,15,0.0
45568,PL_Solar,2050,9,16,16,0.0
45569,PL_Solar,2050,9,17,17,0.0
45570,PL_Solar,2050,9,18,18,0.0
45571,PL_Solar,2050,9,19,19,0.0
45572,PL_Solar,2050,9,20,20,-0.7611
45573,PL_Solar,2050,9,21,21,-1.5222
45574,PL_Solar,2050,9,22,22,0.0
45575,PL_Solar,2050,9,23,23,-0.7611
45576,PL_Solar,2050,9,24,24,0.0
45577,PL_Solar,2050,10,1,1,-1.518
45578,PL_Solar,2050,10,2,2,-1.518
45579,PL_Solar,2050,10,3,3,-1.518
45580,PL_Solar,2050,10,4,4,-0.8142
45581,PL_Solar,2050,10,5,5,-0.8142
45582,PL_Solar,2050,10,6,6,-0.8142
45583,PL_Solar,2050,10,7,7,-0.8142
45584,PL_Solar,2050,10,8,8,-0.8142
45585,PL_Solar,2050,10,9,9,-0.8142
45586,PL_Solar,2050,10,10,10,-0.8142
45587,PL_Solar,2050,10,11,11,-1.518
45588,PL_Solar,2050,10,12,12,-1.518
45589,PL_Solar,2050,10,13,13,-1.518
45590,PL_Solar,2050,10,14,14,-1.518
45591,PL_Solar,2050,10,15,15,-0.8142
45592,PL_Solar,2050,10,16,16,-0.8142
45593,PL_Solar,2050,10,17,17,-0.8142
45594,PL_Solar,2050,10,18,18,-0.8142
45595,PL_Solar,2050,10,19,19,-0.8142
45596,PL_Solar,2050,10,20,20,-0.8142
45597,PL_Solar,2050,10,21,21,-1.518
45598,PL_Solar,2050,10,22,22,-1.518
45599,PL_Solar,2050,10,23,23,-2.3459999999999996
45600,PL_Solar,2050,10,24,24,-1.518
45601,PL_Wind_Offshore,2050,1,1,1,-2.703
45602,PL_Wind_Offshore,2050,1,2,2,-2.703
45603,PL_Wind_Offshore,2050,1,3,3,-2.703
45604,PL_Wind_Offshore,2050,1,4,4,-1.749
45605,PL_Wind_Offshore,2050,1,5,5,-0.9381
45606,PL_Wind_Offshore,2050,1,6,6,-0.9381
45607,PL_Wind_Offshore,2050,1,7,7,-0.9381
45608,PL_Wind_Offshore,2050,1,8,8,-1.749
45609,PL_Wind_Offshore,2050,1,9,9,-2.703
45610,PL_Wind_Offshore,2050,1,10,10,-2.703
45611,PL_Wind_Offshore,2050,1,11,11,-2.703
45612,PL_Wind_Offshore,2050,1,12,12,-2.703
45613,PL_Wind_Offshore,2050,1,13,13,-2.703
45614,PL_Wind_Offshore,2050,1,14,14,-1.749
45615,PL_Wind_Offshore,2050,1,15,15,-1.749
45616,PL_Wind_Offshore,2050,1,16,16,-1.749
45617,PL_Wind_Offshore,2050,1,17,17,-1.749
45618,PL_Wind_Offshore,2050,1,18,18,-1.749
45619,PL_Wind_Offshore,2050,1,19,19,-2.703
45620,PL_Wind_Offshore,2050,1,20,20,-2.703
45621,PL_Wind_Offshore,2050,1,21,21,-2.703
45622,PL_Wind_Offshore,2050,1,22,22,-1.749
45623,PL_Wind_Offshore,2050,1,23,23,-2.703
45624,PL_Wind_Offshore,2050,1,24,24,-1.749
45625,PL_Wind_Offshore,2050,2,1,1,-0.5841000000000001
45626,PL_Wind_Offshore,2050,2,2,2,-0.5841000000000001
45627,PL_Wind_Offshore,2050,2,3,3,0.0
45628,PL_Wind_Offshore,2050,2,4,4,0.0
45629,PL_Wind_Offshore,2050,2,5,5,0.0
45630,PL_Wind_Offshore,2050,2,6,6,0.0
45631,PL_Wind_Offshore,2050,2,7,7,0.0
45632,PL_Wind_Offshore,2050,2,8,8,0.0
45633,PL_Wind_Offshore,2050,2,9,9,0.0
45634,PL_Wind_Offshore,2050,2,10,10,0.0
45635,PL_Wind_Offshore,2050,2,11,11,0.0
45636,PL_Wind_Offshore,2050,2,12,12,-0.5841000000000001
45637,PL_Wind_Offshore,2050,2,13,13,-0.5841000000000001
45638,PL_Wind_Offshore,2050,2,14,14,-0.5841000000000001
45639,PL_Wind_Offshore,2050,2,15,15,0.0
45640,PL_Wind_Offshore,2050,2,16,16,0.0
45641,PL_Wind_Offshore,2050,2,17,17,0.0
45642,PL_Wind_Offshore,2050,2,18,18,0.0
45643,PL_Wind_Offshore,2050,2,19,19,0.0
45644,PL_Wind_Offshore,2050,2,20,20,0.0
45645,PL_Wind_Offshore,2050,2,21,21,0.0
45646,PL_Wind_Offshore,2050,2,22,22,0.0
45647,PL_Wind_Offshore,2050,2,23,23,-0.5841000000000001
45648,PL_Wind_Offshore,2050,2,24,24,-0.5841000000000001
45649,PL_Wind_Offshore,2050,3,1,1,0.0
45650,PL_Wind_Offshore,2050,3,2,2,0.0
45651,PL_Wind_Offshore,2050,3,3,3,0.0
45652,PL_Wind_Offshore,2050,3,4,4,0.0
45653,PL_Wind_Offshore,2050,3,5,5,0.0
45654,PL_Wind_Offshore,2050,3,6,6,0.0
45655,PL_Wind_Offshore,2050,3,7,7,0.0
45656,PL_Wind_Offshore,2050,3,8,8,0.0
45657,PL_Wind_Offshore,2050,3,9,9,0.0
45658,PL_Wind_Offshore,2050,3,10,10,0.0
45659,PL_Wind_Offshore,2050,3,11,11,0.0
45660,PL_Wind_Offshore,2050,3,12,12,0.0
45661,PL_Wind_Offshore,2050,3,13,13,0.0
45662,PL_Wind_Offshore,2050,3,14,14,0.0
45663,PL_Wind_Offshore,2050,3,15,15,0.0
45664,PL_Wind_Offshore,2050,3,16,16,0.0
45665,PL_Wind_Offshore,2050,3,17,17,0.0
45666,PL_Wind_Offshore,2050,3,18,18,0.0
45667,PL_Wind_Offshore,2050,3,19,19,0.0
45668,PL_Wind_Offshore,2050,3,20,20,0.0
45669,PL_Wind_Offshore,2050,3,21,21,0.0
45670,PL_Wind_Offshore,2050,3,22,22,0.0
45671,PL_Wind_Offshore,2050,3,23,23,0.0
45672,PL_Wind_Offshore,2050,3,24,24,0.0
45673,PL_Wind_Offshore,2050,4,1,1,-1.1729999999999998
45674,PL_Wind_Offshore,2050,4,2,2,-1.1729999999999998
45675,PL_Wind_Offshore,2050,4,3,3,-0.759
45676,PL_Wind_Offshore,2050,4,4,4,-0.759
45677,PL_Wind_Offshore,2050,4,5,5,-0.4071
45678,PL_Wind_Offshore,2050,4,6,6,-0.4071
45679,PL_Wind_Offshore,2050,4,7,7,0.0
45680,PL_Wind_Offshore,2050,4,8,8,-0.4071
45681,PL_Wind_Offshore,2050,4,9,9,-0.4071
45682,PL_Wind_Offshore,2050,4,10,10,-0.4071
45683,PL_Wind_Offshore,2050,4,11,11,-0.759
45684,PL_Wind_Offshore,2050,4,12,12,-0.759
45685,PL_Wind_Offshore,2050,4,13,13,-0.759
45686,PL_Wind_Offshore,2050,4,14,14,-0.759
45687,PL_Wind_Offshore,2050,4,15,15,-0.759
45688,PL_Wind_Offshore,2050,4,16,16,-0.759
45689,PL_Wind_Offshore,2050,4,17,17,-0.759
45690,PL_Wind_Offshore,2050,4,18,18,-0.4071
45691,PL_Wind_Offshore,2050,4,19,19,-0.759
45692,PL_Wind_Offshore,2050,4,20,20,-0.759
45693,PL_Wind_Offshore,2050,4,21,21,-0.759
45694,PL_Wind_Offshore,2050,4,22,22,-0.759
45695,PL_Wind_Offshore,2050,4,23,23,-1.1729999999999998
45696,PL_Wind_Offshore,2050,4,24,24,-1.1729999999999998
45697,PL_Wind_Offshore,2050,5,1,1,0.0
45698,PL_Wind_Offshore,2050,5,2,2,0.0
45699,PL_Wind_Offshore,2050,5,3,3,0.0
45700,PL_Wind_Offshore,2050,5,4,4,0.0
45701,PL_Wind_Offshore,2050,5,5,5,0.0
45702,PL_Wind_Offshore,2050,5,6,6,0.0
45703,PL_Wind_Offshore,2050,5,7,7,0.0
45704,PL_Wind_Offshore,2050,5,8,8,0.0
45705,PL_Wind_Offshore,2050,5,9,9,0.0
45706,PL_Wind_Offshore,2050,5,10,10,0.0
45707,PL_Wind_Offshore,2050,5,11,11,0.0
45708,PL_Wind_Offshore,2050,5,12,12,0.0
45709,PL_Wind_Offshore,2050,5,13,13,0.0
45710,PL_Wind_Offshore,2050,5,14,14,0.0
45711,PL_Wind_Offshore,2050,5,15,15,0.0
45712,PL_Wind_Offshore,2050,5,16,16,0.0
45713,PL_Wind_Offshore,2050,5,17,17,0.0
45714,PL_Wind_Offshore,2050,5,18,18,0.0
45715,PL_Wind_Offshore,2050,5,19,19,0.0
45716,PL_Wind_Offshore,2050,5,20,20,0.0
45717,PL_Wind_Offshore,2050,5,21,21,0.0
45718,PL_Wind_Offshore,2050,5,22,22,0.0
45719,PL_Wind_Offshore,2050,5,23,23,0.0
45720,PL_Wind_Offshore,2050,5,24,24,0.0
45721,PL_Wind_Offshore,2050,6,1,1,-0.5940000000000001
45722,PL_Wind_Offshore,2050,6,2,2,-0.5940000000000001
45723,PL_Wind_Offshore,2050,6,3,3,-0.3186
45724,PL_Wind_Offshore,2050,6,4,4,-0.3186
45725,PL_Wind_Offshore,2050,6,5,5,-0.3186
45726,PL_Wind_Offshore,2050,6,6,6,0.0
45727,PL_Wind_Offshore,2050,6,7,7,-0.3186
45728,PL_Wind_Offshore,2050,6,8,8,-0.3186
45729,PL_Wind_Offshore,2050,6,9,9,-0.3186
45730,PL_Wind_Offshore,2050,6,10,10,-0.3186
45731,PL_Wind_Offshore,2050,6,11,11,-0.3186
45732,PL_Wind_Offshore,2050,6,12,12,-0.5940000000000001
45733,PL_Wind_Offshore,2050,6,13,13,-0.3186
45734,PL_Wind_Offshore,2050,6,14,14,-0.3186
45735,PL_Wind_Offshore,2050,6,15,15,-0.3186
45736,PL_Wind_Offshore,2050,6,16,16,-0.3186
45737,PL_Wind_Offshore,2050,6,17,17,0.0
45738,PL_Wind_Offshore,2050,6,18,18,-0.3186
45739,PL_Wind_Offshore,2050,6,19,19,-0.3186
45740,PL_Wind_Offshore,2050,6,20,20,-0.3186
45741,PL_Wind_Offshore,2050,6,21,21,-0.9179999999999999
45742,PL_Wind_Offshore,2050,6,22,22,-0.3186
45743,PL_Wind_Offshore,2050,6,23,23,-0.5940000000000001
45744,PL_Wind_Offshore,2050,6,24,24,-0.5940000000000001
45745,PL_Wind_Offshore,2050,7,1,1,-0.6549
45746,PL_Wind_Offshore,2050,7,2,2,-0.6549
45747,PL_Wind_Offshore,2050,7,3,3,-0.6549
45748,PL_Wind_Offshore,2050,7,4,4,0.0
45749,PL_Wind_Offshore,2050,7,5,5,0.0
45750,PL_Wind_Offshore,2050,7,6,6,0.0
45751,PL_Wind_Offshore,2050,7,7,7,0.0
45752,PL_Wind_Offshore,2050,7,8,8,0.0
45753,PL_Wind_Offshore,2050,7,9,9,0.0
45754,PL_Wind_Offshore,2050,7,10,10,0.0
45755,PL_Wind_Offshore,2050,7,11,11,0.0
45756,PL_Wind_Offshore,2050,7,12,12,-1.3098
45757,PL_Wind_Offshore,2050,7,13,13,-0.6549
45758,PL_Wind_Offshore,2050,7,14,14,-0.6549
45759,PL_Wind_Offshore,2050,7,15,15,0.0
45760,PL_Wind_Offshore,2050,7,16,16,0.0
45761,PL_Wind_Offshore,2050,7,17,17,0.0
45762,PL_Wind_Offshore,2050,7,18,18,0.0
45763,PL_Wind_Offshore,2050,7,19,19,-0.6549
45764,PL_Wind_Offshore,2050,7,20,20,-0.6549
45765,PL_Wind_Offshore,2050,7,21,21,-0.6549
45766,PL_Wind_Offshore,2050,7,22,22,-0.6549
45767,PL_Wind_Offshore,2050,7,23,23,-0.6549
45768,PL_Wind_Offshore,2050,7,24,24,-0.6549
45769,PL_Wind_Offshore,2050,8,1,1,-0.5487
45770,PL_Wind_Offshore,2050,8,2,2,-0.5487
45771,PL_Wind_Offshore,2050,8,3,3,-0.5487
45772,PL_Wind_Offshore,2050,8,4,4,0.0
45773,PL_Wind_Offshore,2050,8,5,5,0.0
45774,PL_Wind_Offshore,2050,8,6,6,0.0
45775,PL_Wind_Offshore,2050,8,7,7,0.0
45776,PL_Wind_Offshore,2050,8,8,8,0.0
45777,PL_Wind_Offshore,2050,8,9,9,-0.5487
45778,PL_Wind_Offshore,2050,8,10,10,-0.5487
45779,PL_Wind_Offshore,2050,8,11,11,-0.5487
45780,PL_Wind_Offshore,2050,8,12,12,-0.5487
45781,PL_Wind_Offshore,2050,8,13,13,-0.5487
45782,PL_Wind_Offshore,2050,8,14,14,-0.5487
45783,PL_Wind_Offshore,2050,8,15,15,-0.5487
45784,PL_Wind_Offshore,2050,8,16,16,-0.5487
45785,PL_Wind_Offshore,2050,8,17,17,-0.5487
45786,PL_Wind_Offshore,2050,8,18,18,-0.5487
45787,PL_Wind_Offshore,2050,8,19,19,-0.5487
45788,PL_Wind_Offshore,2050,8,20,20,-0.5487
45789,PL_Wind_Offshore,2050,8,21,21,-0.5487
45790,PL_Wind_Offshore,2050,8,22,22,-0.5487
45791,PL_Wind_Offshore,2050,8,23,23,-0.5487
45792,PL_Wind_Offshore,2050,8,24,24,-0.5487
45793,PL_Wind_Offshore,2050,9,1,1,0.0
45794,PL_Wind_Offshore,2050,9,2,2,0.0
45795,PL_Wind_Offshore,2050,9,3,3,0.0
45796,PL_Wind_Offshore,2050,9,4,4,0.0
45797,PL_Wind_Offshore,2050,9,5,5,0.0
45798,PL_Wind_Offshore,2050,9,6,6,0.0
45799,PL_Wind_Offshore,2050,9,7,7,0.0
45800,PL_Wind_Offshore,2050,9,8,8,0.0
45801,PL_Wind_Offshore,2050,9,9,9,0.0
45802,PL_Wind_Offshore,2050,9,10,10,0.0
45803,PL_Wind_Offshore,2050,9,11,11,0.0
45804,PL_Wind_Offshore,2050,9,12,12,0.0
45805,PL_Wind_Offshore,2050,9,13,13,0.0
45806,PL_Wind_Offshore,2050,9,14,14,0.0
45807,PL_Wind_Offshore,2050,9,15,15,0.0
45808,PL_Wind_Offshore,2050,9,16,16,0.0
45809,PL_Wind_Offshore,2050,9,17,17,0.0
45810,PL_Wind_Offshore,2050,9,18,18,0.0
45811,PL_Wind_Offshore,2050,9,19,19,0.0
45812,PL_Wind_Offshore,2050,9,20,20,-0.7611
45813,PL_Wind_Offshore,2050,9,21,21,-1.5222
45814,PL_Wind_Offshore,2050,9,22,22,0.0
45815,PL_Wind_Offshore,2050,9,23,23,-0.7611
45816,PL_Wind_Offshore,2050,9,24,24,0.0
45817,PL_Wind_Offshore,2050,10,1,1,-1.518
45818,PL_Wind_Offshore,2050,10,2,2,-1.518
45819,PL_Wind_Offshore,2050,10,3,3,-1.518
45820,PL_Wind_Offshore,2050,10,4,4,-0.8142
45821,PL_Wind_Offshore,2050,10,5,5,-0.8142
45822,PL_Wind_Offshore,2050,10,6,6,-0.8142
45823,PL_Wind_Offshore,2050,10,7,7,-0.8142
45824,PL_Wind_Offshore,2050,10,8,8,-0.8142
45825,PL_Wind_Offshore,2050,10,9,9,-0.8142
45826,PL_Wind_Offshore,2050,10,10,10,-0.8142
45827,PL_Wind_Offshore,2050,10,11,11,-1.518
45828,PL_Wind_Offshore,2050,10,12,12,-1.518
45829,PL_Wind_Offshore,2050,10,13,13,-1.518
45830,PL_Wind_Offshore,2050,10,14,14,-1.518
45831,PL_Wind_Offshore,2050,10,15,15,-0.8142
45832,PL_Wind_Offshore,2050,10,16,16,-0.8142
45833,PL_Wind_Offshore,2050,10,17,17,-0.8142
45834,PL_Wind_Offshore,2050,10,18,18,-0.8142
45835,PL_Wind_Offshore,2050,10,19,19,-0.8142
45836,PL_Wind_Offshore,2050,10,20,20,-0.8142
45837,PL_Wind_Offshore,2050,10,21,21,-1.518
45838,PL_Wind_Offshore,2050,10,22,22,-1.518
45839,PL_Wind_Offshore,2050,10,23,23,-2.3459999999999996
45840,PL_Wind_Offshore,2050,10,24,24,-1.518
45841,PL_Wind_Onshore,2050,1,1,1,-2.703
45842,PL_Wind_Onshore,2050,1,2,2,-2.703
45843,PL_Wind_Onshore,2050,1,3,3,-2.703
45844,PL_Wind_Onshore,2050,1,4,4,-1.749
45845,PL_Wind_Onshore,2050,1,5,5,-0.9381
45846,PL_Wind_Onshore,2050,1,6,6,-0.9381
45847,PL_Wind_Onshore,2050,1,7,7,-0.9381
45848,PL_Wind_Onshore,2050,1,8,8,-1.749
45849,PL_Wind_Onshore,2050,1,9,9,-2.703
45850,PL_Wind_Onshore,2050,1,10,10,-2.703
45851,PL_Wind_Onshore,2050,1,11,11,-2.703
45852,PL_Wind_Onshore,2050,1,12,12,-2.703
45853,PL_Wind_Onshore,2050,1,13,13,-2.703
45854,PL_Wind_Onshore,2050,1,14,14,-1.749
45855,PL_Wind_Onshore,2050,1,15,15,-1.749
45856,PL_Wind_Onshore,2050,1,16,16,-1.749
45857,PL_Wind_Onshore,2050,1,17,17,-1.749
45858,PL_Wind_Onshore,2050,1,18,18,-1.749
45859,PL_Wind_Onshore,2050,1,19,19,-2.703
45860,PL_Wind_Onshore,2050,1,20,20,-2.703
45861,PL_Wind_Onshore,2050,1,21,21,-2.703
45862,PL_Wind_Onshore,2050,1,22,22,-1.749
45863,PL_Wind_Onshore,2050,1,23,23,-2.703
45864,PL_Wind_Onshore,2050,1,24,24,-1.749
45865,PL_Wind_Onshore,2050,2,1,1,-0.5841000000000001
45866,PL_Wind_Onshore,2050,2,2,2,-0.5841000000000001
45867,PL_Wind_Onshore,2050,2,3,3,0.0
45868,PL_Wind_Onshore,2050,2,4,4,0.0
45869,PL_Wind_Onshore,2050,2,5,5,0.0
45870,PL_Wind_Onshore,2050,2,6,6,0.0
45871,PL_Wind_Onshore,2050,2,7,7,0.0
45872,PL_Wind_Onshore,2050,2,8,8,0.0
45873,PL_Wind_Onshore,2050,2,9,9,0.0
45874,PL_Wind_Onshore,2050,2,10,10,0.0
45875,PL_Wind_Onshore,2050,2,11,11,0.0
45876,PL_Wind_Onshore,2050,2,12,12,-0.5841000000000001
45877,PL_Wind_Onshore,2050,2,13,13,-0.5841000000000001
45878,PL_Wind_Onshore,2050,2,14,14,-0.5841000000000001
45879,PL_Wind_Onshore,2050,2,15,15,0.0
45880,PL_Wind_Onshore,2050,2,16,16,0.0
45881,PL_Wind_Onshore,2050,2,17,17,0.0
45882,PL_Wind_Onshore,2050,2,18,18,0.0
45883,PL_Wind_Onshore,2050,2,19,19,0.0
45884,PL_Wind_Onshore,2050,2,20,20,0.0
45885,PL_Wind_Onshore,2050,2,21,21,0.0
45886,PL_Wind_Onshore,2050,2,22,22,0.0
45887,PL_Wind_Onshore,2050,2,23,23,-0.5841000000000001
45888,PL_Wind_Onshore,2050,2,24,24,-0.5841000000000001
45889,PL_Wind_Onshore,2050,3,1,1,0.0
45890,PL_Wind_Onshore,2050,3,2,2,0.0
45891,PL_Wind_Onshore,2050,3,3,3,0.0
45892,PL_Wind_Onshore,2050,3,4,4,0.0
45893,PL_Wind_Onshore,2050,3,5,5,0.0
45894,PL_Wind_Onshore,2050,3,6,6,0.0
45895,PL_Wind_Onshore,2050,3,7,7,0.0
45896,PL_Wind_Onshore,2050,3,8,8,0.0
45897,PL_Wind_Onshore,2050,3,9,9,0.0
45898,PL_Wind_Onshore,2050,3,10,10,0.0
45899,PL_Wind_Onshore,2050,3,11,11,0.0
45900,PL_Wind_Onshore,2050,3,12,12,0.0
45901,PL_Wind_Onshore,2050,3,13,13,0.0
45902,PL_Wind_Onshore,2050,3,14,14,0.0
45903,PL_Wind_Onshore,2050,3,15,15,0.0
45904,PL_Wind_Onshore,2050,3,16,16,0.0
45905,PL_Wind_Onshore,2050,3,17,17,0.0
45906,PL_Wind_Onshore,2050,3,18,18,0.0
45907,PL_Wind_Onshore,2050,3,19,19,0.0
45908,PL_Wind_Onshore,2050,3,20,20,0.0
45909,PL_Wind_Onshore,2050,3,21,21,0.0
45910,PL_Wind_Onshore,2050,3,22,22,0.0
45911,PL_Wind_Onshore,2050,3,23,23,0.0
45912,PL_Wind_Onshore,2050,3,24,24,0.0
45913,PL_Wind_Onshore,2050,4,1,1,-1.1729999999999998
45914,PL_Wind_Onshore,2050,4,2,2,-1.1729999999999998
45915,PL_Wind_Onshore,2050,4,3,3,-0.759
45916,PL_Wind_Onshore,2050,4,4,4,-0.759
45917,PL_Wind_Onshore,2050,4,5,5,-0.4071
45918,PL_Wind_Onshore,2050,4,6,6,-0.4071
45919,PL_Wind_Onshore,2050,4,7,7,0.0
45920,PL_Wind_Onshore,2050,4,8,8,-0.4071
45921,PL_Wind_Onshore,2050,4,9,9,-0.4071
45922,PL_Wind_Onshore,2050,4,10,10,-0.4071
45923,PL_Wind_Onshore,2050,4,11,11,-0.759
45924,PL_Wind_Onshore,2050,4,12,12,-0.759
45925,PL_Wind_Onshore,2050,4,13,13,-0.759
45926,PL_Wind_Onshore,2050,4,14,14,-0.759
45927,PL_Wind_Onshore,2050,4,15,15,-0.759
45928,PL_Wind_Onshore,2050,4,16,16,-0.759
45929,PL_Wind_Onshore,2050,4,17,17,-0.759
45930,PL_Wind_Onshore,2050,4,18,18,-0.4071
45931,PL_Wind_Onshore,2050,4,19,19,-0.759
45932,PL_Wind_Onshore,2050,4,20,20,-0.759
45933,PL_Wind_Onshore,2050,4,21,21,-0.759
45934,PL_Wind_Onshore,2050,4,22,22,-0.759
45935,PL_Wind_Onshore,2050,4,23,23,-1.1729999999999998
45936,PL_Wind_Onshore,2050,4,24,24,-1.1729999999999998
45937,PL_Wind_Onshore,2050,5,1,1,0.0
45938,PL_Wind_Onshore,2050,5,2,2,0.0
45939,PL_Wind_Onshore,2050,5,3,3,0.0
45940,PL_Wind_Onshore,2050,5,4,4,0.0
45941,PL_Wind_Onshore,2050,5,5,5,0.0
45942,PL_Wind_Onshore,2050,5,6,6,0.0
45943,PL_Wind_Onshore,2050,5,7,7,0.0
45944,PL_Wind_Onshore,2050,5,8,8,0.0
45945,PL_Wind_Onshore,2050,5,9,9,0.0
45946,PL_Wind_Onshore,2050,5,10,10,0.0
45947,PL_Wind_Onshore,2050,5,11,11,0.0
45948,PL_Wind_Onshore,2050,5,12,12,0.0
45949,PL_Wind_Onshore,2050,5,13,13,0.0
45950,PL_Wind_Onshore,2050,5,14,14,0.0
45951,PL_Wind_Onshore,2050,5,15,15,0.0
45952,PL_Wind_Onshore,2050,5,16,16,0.0
45953,PL_Wind_Onshore,2050,5,17,17,0.0
45954,PL_Wind_Onshore,2050,5,18,18,0.0
45955,PL_Wind_Onshore,2050,5,19,19,0.0
45956,PL_Wind_Onshore,2050,5,20,20,0.0
45957,PL_Wind_Onshore,2050,5,21,21,0.0
45958,PL_Wind_Onshore,2050,5,22,22,0.0
45959,PL_Wind_Onshore,2050,5,23,23,0.0
45960,PL_Wind_Onshore,2050,5,24,24,0.0
45961,PL_Wind_Onshore,2050,6,1,1,-0.5940000000000001
45962,PL_Wind_Onshore,2050,6,2,2,-0.5940000000000001
45963,PL_Wind_Onshore,2050,6,3,3,-0.3186
45964,PL_Wind_Onshore,2050,6,4,4,-0.3186
45965,PL_Wind_Onshore,2050,6,5,5,-0.3186
45966,PL_Wind_Onshore,2050,6,6,6,0.0
45967,PL_Wind_Onshore,2050,6,7,7,-0.3186
45968,PL_Wind_Onshore,2050,6,8,8,-0.3186
45969,PL_Wind_Onshore,2050,6,9,9,-0.3186
45970,PL_Wind_Onshore,2050,6,10,10,-0.3186
45971,PL_Wind_Onshore,2050,6,11,11,-0.3186
45972,PL_Wind_Onshore,2050,6,12,12,-0.5940000000000001
45973,PL_Wind_Onshore,2050,6,13,13,-0.3186
45974,PL_Wind_Onshore,2050,6,14,14,-0.3186
45975,PL_Wind_Onshore,2050,6,15,15,-0.3186
45976,PL_Wind_Onshore,2050,6,16,16,-0.3186
45977,PL_Wind_Onshore,2050,6,17,17,0.0
45978,PL_Wind_Onshore,2050,6,18,18,-0.3186
45979,PL_Wind_Onshore,2050,6,19,19,-0.3186
45980,PL_Wind_Onshore,2050,6,20,20,-0.3186
45981,PL_Wind_Onshore,2050,6,21,21,-0.9179999999999999
45982,PL_Wind_Onshore,2050,6,22,22,-0.3186
45983,PL_Wind_Onshore,2050,6,23,23,-0.5940000000000001
45984,PL_Wind_Onshore,2050,6,24,24,-0.5940000000000001
45985,PL_Wind_Onshore,2050,7,1,1,-0.6549
45986,PL_Wind_Onshore,2050,7,2,2,-0.6549
45987,PL_Wind_Onshore,2050,7,3,3,-0.6549
45988,PL_Wind_Onshore,2050,7,4,4,0.0
45989,PL_Wind_Onshore,2050,7,5,5,0.0
45990,PL_Wind_Onshore,2050,7,6,6,0.0
45991,PL_Wind_Onshore,2050,7,7,7,0.0
45992,PL_Wind_Onshore,2050,7,8,8,0.0
45993,PL_Wind_Onshore,2050,7,9,9,0.0
45994,PL_Wind_Onshore,2050,7,10,10,0.0
45995,PL_Wind_Onshore,2050,7,11,11,0.0
45996,PL_Wind_Onshore,2050,7,12,12,-1.3098
45997,PL_Wind_Onshore,2050,7,13,13,-0.6549
45998,PL_Wind_Onshore,2050,7,14,14,-0.6549
45999,PL_Wind_Onshore,2050,7,15,15,0.0
46000,PL_Wind_Onshore,2050,7,16,16,0.0
46001,PL_Wind_Onshore,2050,7,17,17,0.0
46002,PL_Wind_Onshore,2050,7,18,18,0.0
46003,PL_Wind_Onshore,2050,7,19,19,-0.6549
46004,PL_Wind_Onshore,2050,7,20,20,-0.6549
46005,PL_Wind_Onshore,2050,7,21,21,-0.6549
46006,PL_Wind_Onshore,2050,7,22,22,-0.6549
46007,PL_Wind_Onshore,2050,7,23,23,-0.6549
46008,PL_Wind_Onshore,2050,7,24,24,-0.6549
46009,PL_Wind_Onshore,2050,8,1,1,-0.5487
46010,PL_Wind_Onshore,2050,8,2,2,-0.5487
46011,PL_Wind_Onshore,2050,8,3,3,-0.5487
46012,PL_Wind_Onshore,2050,8,4,4,0.0
46013,PL_Wind_Onshore,2050,8,5,5,0.0
46014,PL_Wind_Onshore,2050,8,6,6,0.0
46015,PL_Wind_Onshore,2050,8,7,7,0.0
46016,PL_Wind_Onshore,2050,8,8,8,0.0
46017,PL_Wind_Onshore,2050,8,9,9,-0.5487
46018,PL_Wind_Onshore,2050,8,10,10,-0.5487
46019,PL_Wind_Onshore,2050,8,11,11,-0.5487
46020,PL_Wind_Onshore,2050,8,12,12,-0.5487
46021,PL_Wind_Onshore,2050,8,13,13,-0.5487
46022,PL_Wind_Onshore,2050,8,14,14,-0.5487
46023,PL_Wind_Onshore,2050,8,15,15,-0.5487
46024,PL_Wind_Onshore,2050,8,16,16,-0.5487
46025,PL_Wind_Onshore,2050,8,17,17,-0.5487
46026,PL_Wind_Onshore,2050,8,18,18,-0.5487
46027,PL_Wind_Onshore,2050,8,19,19,-0.5487
46028,PL_Wind_Onshore,2050,8,20,20,-0.5487
46029,PL_Wind_Onshore,2050,8,21,21,-0.5487
46030,PL_Wind_Onshore,2050,8,22,22,-0.5487
46031,PL_Wind_Onshore,2050,8,23,23,-0.5487
46032,PL_Wind_Onshore,2050,8,24,24,-0.5487
46033,PL_Wind_Onshore,2050,9,1,1,0.0
46034,PL_Wind_Onshore,2050,9,2,2,0.0
46035,PL_Wind_Onshore,2050,9,3,3,0.0
46036,PL_Wind_Onshore,2050,9,4,4,0.0
46037,PL_Wind_Onshore,2050,9,5,5,0.0
46038,PL_Wind_Onshore,2050,9,6,6,0.0
46039,PL_Wind_Onshore,2050,9,7,7,0.0
46040,PL_Wind_Onshore,2050,9,8,8,0.0
46041,PL_Wind_Onshore,2050,9,9,9,0.0
46042,PL_Wind_Onshore,2050,9,10,10,0.0
46043,PL_Wind_Onshore,2050,9,11,11,0.0
46044,PL_Wind_Onshore,2050,9,12,12,0.0
46045,PL_Wind_Onshore,2050,9,13,13,0.0
46046,PL_Wind_Onshore,2050,9,14,14,0.0
46047,PL_Wind_Onshore,2050,9,15,15,0.0
46048,PL_Wind_Onshore,2050,9,16,16,0.0
46049,PL_Wind_Onshore,2050,9,17,17,0.0
46050,PL_Wind_Onshore,2050,9,18,18,0.0
46051,PL_Wind_Onshore,2050,9,19,19,0.0
46052,PL_Wind_Onshore,2050,9,20,20,-0.7611
46053,PL_Wind_Onshore,2050,9,21,21,-1.5222
46054,PL_Wind_Onshore,2050,9,22,22,0.0
46055,PL_Wind_Onshore,2050,9,23,23,-0.7611
46056,PL_Wind_Onshore,2050,9,24,24,0.0
46057,PL_Wind_Onshore,2050,10,1,1,-1.518
46058,PL_Wind_Onshore,2050,10,2,2,-1.518
46059,PL_Wind_Onshore,2050,10,3,3,-1.518
46060,PL_Wind_Onshore,2050,10,4,4,-0.8142
46061,PL_Wind_Onshore,2050,10,5,5,-0.8142
46062,PL_Wind_Onshore,2050,10,6,6,-0.8142
46063,PL_Wind_Onshore,2050,10,7,7,-0.8142
46064,PL_Wind_Onshore,2050,10,8,8,-0.8142
46065,PL_Wind_Onshore,2050,10,9,9,-0.8142
46066,PL_Wind_Onshore,2050,10,10,10,-0.8142
46067,PL_Wind_Onshore,2050,10,11,11,-1.518
46068,PL_Wind_Onshore,2050,10,12,12,-1.518
46069,PL_Wind_Onshore,2050,10,13,13,-1.518
46070,PL_Wind_Onshore,2050,10,14,14,-1.518
46071,PL_Wind_Onshore,2050,10,15,15,-0.8142
46072,PL_Wind_Onshore,2050,10,16,16,-0.8142
46073,PL_Wind_Onshore,2050,10,17,17,-0.8142
46074,PL_Wind_Onshore,2050,10,18,18,-0.8142
46075,PL_Wind_Onshore,2050,10,19,19,-0.8142
46076,PL_Wind_Onshore,2050,10,20,20,-0.8142
46077,PL_Wind_Onshore,2050,10,21,21,-1.518
46078,PL_Wind_Onshore,2050,10,22,22,-1.518
46079,PL_Wind_Onshore,2050,10,23,23,-2.3459999999999996
46080,PL_Wind_Onshore,2050,10,24,24,-1.518
46081,PT_Battery,2050,1,1,1,0.0
46082,PT_Battery,2050,1,2,2,0.0
46083,PT_Battery,2050,1,3,3,0.0
46084,PT_Battery,2050,1,4,4,0.0
46085,PT_Battery,2050,1,5,5,0.0
46086,PT_Battery,2050,1,6,6,0.0
46087,PT_Battery,2050,1,7,7,0.0
46088,PT_Battery,2050,1,8,8,0.0
46089,PT_Battery,2050,1,9,9,0.0
46090,PT_Battery,2050,1,10,10,0.0
46091,PT_Battery,2050,1,11,11,0.0
46092,PT_Battery,2050,1,12,12,0.0
46093,PT_Battery,2050,1,13,13,0.0
46094,PT_Battery,2050,1,14,14,0.0
46095,PT_Battery,2050,1,15,15,0.0
46096,PT_Battery,2050,1,16,16,0.0
46097,PT_Battery,2050,1,17,17,0.0
46098,PT_Battery,2050,1,18,18,0.0
46099,PT_Battery,2050,1,19,19,0.0
46100,PT_Battery,2050,1,20,20,0.0
46101,PT_Battery,2050,1,21,21,0.0
46102,PT_Battery,2050,1,22,22,0.0
46103,PT_Battery,2050,1,23,23,0.0
46104,PT_Battery,2050,1,24,24,0.0
46105,PT_Battery,2050,2,1,1,0.0
46106,PT_Battery,2050,2,2,2,0.0
46107,PT_Battery,2050,2,3,3,0.0
46108,PT_Battery,2050,2,4,4,0.0
46109,PT_Battery,2050,2,5,5,0.0
46110,PT_Battery,2050,2,6,6,0.0
46111,PT_Battery,2050,2,7,7,0.0
46112,PT_Battery,2050,2,8,8,0.0
46113,PT_Battery,2050,2,9,9,0.0
46114,PT_Battery,2050,2,10,10,0.0
46115,PT_Battery,2050,2,11,11,0.0
46116,PT_Battery,2050,2,12,12,0.0
46117,PT_Battery,2050,2,13,13,0.0
46118,PT_Battery,2050,2,14,14,0.0
46119,PT_Battery,2050,2,15,15,0.0
46120,PT_Battery,2050,2,16,16,0.0
46121,PT_Battery,2050,2,17,17,0.0
46122,PT_Battery,2050,2,18,18,0.0
46123,PT_Battery,2050,2,19,19,0.0
46124,PT_Battery,2050,2,20,20,0.0
46125,PT_Battery,2050,2,21,21,0.0
46126,PT_Battery,2050,2,22,22,0.0
46127,PT_Battery,2050,2,23,23,0.0
46128,PT_Battery,2050,2,24,24,0.0
46129,PT_Battery,2050,3,1,1,0.0
46130,PT_Battery,2050,3,2,2,0.0
46131,PT_Battery,2050,3,3,3,0.0
46132,PT_Battery,2050,3,4,4,0.0
46133,PT_Battery,2050,3,5,5,0.0
46134,PT_Battery,2050,3,6,6,0.0
46135,PT_Battery,2050,3,7,7,0.0
46136,PT_Battery,2050,3,8,8,0.0
46137,PT_Battery,2050,3,9,9,0.0
46138,PT_Battery,2050,3,10,10,0.0
46139,PT_Battery,2050,3,11,11,0.0
46140,PT_Battery,2050,3,12,12,0.0
46141,PT_Battery,2050,3,13,13,0.0
46142,PT_Battery,2050,3,14,14,0.0
46143,PT_Battery,2050,3,15,15,0.0
46144,PT_Battery,2050,3,16,16,0.0
46145,PT_Battery,2050,3,17,17,0.0
46146,PT_Battery,2050,3,18,18,0.0
46147,PT_Battery,2050,3,19,19,-13.396165705666336
46148,PT_Battery,2050,3,20,20,0.0
46149,PT_Battery,2050,3,21,21,0.0
46150,PT_Battery,2050,3,22,22,0.0
46151,PT_Battery,2050,3,23,23,0.0
46152,PT_Battery,2050,3,24,24,0.0
46153,PT_Battery,2050,4,1,1,0.0
46154,PT_Battery,2050,4,2,2,0.0
46155,PT_Battery,2050,4,3,3,0.0
46156,PT_Battery,2050,4,4,4,0.0
46157,PT_Battery,2050,4,5,5,0.0
46158,PT_Battery,2050,4,6,6,0.0
46159,PT_Battery,2050,4,7,7,0.0
46160,PT_Battery,2050,4,8,8,0.0
46161,PT_Battery,2050,4,9,9,0.0
46162,PT_Battery,2050,4,10,10,0.0
46163,PT_Battery,2050,4,11,11,0.0
46164,PT_Battery,2050,4,12,12,0.0
46165,PT_Battery,2050,4,13,13,0.0
46166,PT_Battery,2050,4,14,14,0.0
46167,PT_Battery,2050,4,15,15,0.0
46168,PT_Battery,2050,4,16,16,0.0
46169,PT_Battery,2050,4,17,17,0.0
46170,PT_Battery,2050,4,18,18,0.0
46171,PT_Battery,2050,4,19,19,0.0
46172,PT_Battery,2050,4,20,20,0.0
46173,PT_Battery,2050,4,21,21,0.0
46174,PT_Battery,2050,4,22,22,0.0
46175,PT_Battery,2050,4,23,23,0.0
46176,PT_Battery,2050,4,24,24,0.0
46177,PT_Battery,2050,5,1,1,0.0
46178,PT_Battery,2050,5,2,2,0.0
46179,PT_Battery,2050,5,3,3,0.0
46180,PT_Battery,2050,5,4,4,0.0
46181,PT_Battery,2050,5,5,5,0.0
46182,PT_Battery,2050,5,6,6,0.0
46183,PT_Battery,2050,5,7,7,0.0
46184,PT_Battery,2050,5,8,8,0.0
46185,PT_Battery,2050,5,9,9,0.0
46186,PT_Battery,2050,5,10,10,0.0
46187,PT_Battery,2050,5,11,11,0.0
46188,PT_Battery,2050,5,12,12,0.0
46189,PT_Battery,2050,5,13,13,0.0
46190,PT_Battery,2050,5,14,14,0.0
46191,PT_Battery,2050,5,15,15,0.0
46192,PT_Battery,2050,5,16,16,0.0
46193,PT_Battery,2050,5,17,17,0.0
46194,PT_Battery,2050,5,18,18,0.0
46195,PT_Battery,2050,5,19,19,0.0
46196,PT_Battery,2050,5,20,20,0.0
46197,PT_Battery,2050,5,21,21,0.0
46198,PT_Battery,2050,5,22,22,0.0
46199,PT_Battery,2050,5,23,23,0.0
46200,PT_Battery,2050,5,24,24,0.0
46201,PT_Battery,2050,6,1,1,0.0
46202,PT_Battery,2050,6,2,2,0.0
46203,PT_Battery,2050,6,3,3,0.0
46204,PT_Battery,2050,6,4,4,0.0
46205,PT_Battery,2050,6,5,5,0.0
46206,PT_Battery,2050,6,6,6,0.0
46207,PT_Battery,2050,6,7,7,0.0
46208,PT_Battery,2050,6,8,8,0.0
46209,PT_Battery,2050,6,9,9,0.0
46210,PT_Battery,2050,6,10,10,0.0
46211,PT_Battery,2050,6,11,11,0.0
46212,PT_Battery,2050,6,12,12,0.0
46213,PT_Battery,2050,6,13,13,0.0
46214,PT_Battery,2050,6,14,14,0.0
46215,PT_Battery,2050,6,15,15,0.0
46216,PT_Battery,2050,6,16,16,0.0
46217,PT_Battery,2050,6,17,17,0.0
46218,PT_Battery,2050,6,18,18,0.0
46219,PT_Battery,2050,6,19,19,0.0
46220,PT_Battery,2050,6,20,20,0.0
46221,PT_Battery,2050,6,21,21,0.0
46222,PT_Battery,2050,6,22,22,0.0
46223,PT_Battery,2050,6,23,23,0.0
46224,PT_Battery,2050,6,24,24,0.0
46225,PT_Battery,2050,7,1,1,0.0
46226,PT_Battery,2050,7,2,2,0.0
46227,PT_Battery,2050,7,3,3,0.0
46228,PT_Battery,2050,7,4,4,0.0
46229,PT_Battery,2050,7,5,5,0.0
46230,PT_Battery,2050,7,6,6,0.0
46231,PT_Battery,2050,7,7,7,0.0
46232,PT_Battery,2050,7,8,8,0.0
46233,PT_Battery,2050,7,9,9,0.0
46234,PT_Battery,2050,7,10,10,0.0
46235,PT_Battery,2050,7,11,11,0.0
46236,PT_Battery,2050,7,12,12,0.0
46237,PT_Battery,2050,7,13,13,0.0
46238,PT_Battery,2050,7,14,14,0.0
46239,PT_Battery,2050,7,15,15,0.0
46240,PT_Battery,2050,7,16,16,0.0
46241,PT_Battery,2050,7,17,17,0.0
46242,PT_Battery,2050,7,18,18,0.0
46243,PT_Battery,2050,7,19,19,0.0
46244,PT_Battery,2050,7,20,20,0.0
46245,PT_Battery,2050,7,21,21,0.0
46246,PT_Battery,2050,7,22,22,0.0
46247,PT_Battery,2050,7,23,23,0.0
46248,PT_Battery,2050,7,24,24,0.0
46249,PT_Battery,2050,8,1,1,0.0
46250,PT_Battery,2050,8,2,2,0.0
46251,PT_Battery,2050,8,3,3,0.0
46252,PT_Battery,2050,8,4,4,0.0
46253,PT_Battery,2050,8,5,5,0.0
46254,PT_Battery,2050,8,6,6,0.0
46255,PT_Battery,2050,8,7,7,0.0
46256,PT_Battery,2050,8,8,8,0.0
46257,PT_Battery,2050,8,9,9,0.0
46258,PT_Battery,2050,8,10,10,0.0
46259,PT_Battery,2050,8,11,11,0.0
46260,PT_Battery,2050,8,12,12,0.0
46261,PT_Battery,2050,8,13,13,0.0
46262,PT_Battery,2050,8,14,14,0.0
46263,PT_Battery,2050,8,15,15,0.0
46264,PT_Battery,2050,8,16,16,0.0
46265,PT_Battery,2050,8,17,17,0.0
46266,PT_Battery,2050,8,18,18,0.0
46267,PT_Battery,2050,8,19,19,0.0
46268,PT_Battery,2050,8,20,20,0.0
46269,PT_Battery,2050,8,21,21,0.0
46270,PT_Battery,2050,8,22,22,0.0
46271,PT_Battery,2050,8,23,23,0.0
46272,PT_Battery,2050,8,24,24,0.0
46273,PT_Battery,2050,9,1,1,0.0
46274,PT_Battery,2050,9,2,2,0.0
46275,PT_Battery,2050,9,3,3,0.0
46276,PT_Battery,2050,9,4,4,0.0
46277,PT_Battery,2050,9,5,5,0.0
46278,PT_Battery,2050,9,6,6,0.0
46279,PT_Battery,2050,9,7,7,0.0
46280,PT_Battery,2050,9,8,8,0.0
46281,PT_Battery,2050,9,9,9,0.0
46282,PT_Battery,2050,9,10,10,0.0
46283,PT_Battery,2050,9,11,11,0.0
46284,PT_Battery,2050,9,12,12,0.0
46285,PT_Battery,2050,9,13,13,0.0
46286,PT_Battery,2050,9,14,14,0.0
46287,PT_Battery,2050,9,15,15,0.0
46288,PT_Battery,2050,9,16,16,0.0
46289,PT_Battery,2050,9,17,17,0.0
46290,PT_Battery,2050,9,18,18,0.0
46291,PT_Battery,2050,9,19,19,0.0
46292,PT_Battery,2050,9,20,20,0.0
46293,PT_Battery,2050,9,21,21,0.0
46294,PT_Battery,2050,9,22,22,0.0
46295,PT_Battery,2050,9,23,23,0.0
46296,PT_Battery,2050,9,24,24,0.0
46297,PT_Battery,2050,10,1,1,0.0
46298,PT_Battery,2050,10,2,2,0.0
46299,PT_Battery,2050,10,3,3,0.0
46300,PT_Battery,2050,10,4,4,0.0
46301,PT_Battery,2050,10,5,5,0.0
46302,PT_Battery,2050,10,6,6,0.0
46303,PT_Battery,2050,10,7,7,0.0
46304,PT_Battery,2050,10,8,8,0.0
46305,PT_Battery,2050,10,9,9,0.0
46306,PT_Battery,2050,10,10,10,0.0
46307,PT_Battery,2050,10,11,11,0.0
46308,PT_Battery,2050,10,12,12,0.0
46309,PT_Battery,2050,10,13,13,0.0
46310,PT_Battery,2050,10,14,14,0.0
46311,PT_Battery,2050,10,15,15,0.0
46312,PT_Battery,2050,10,16,16,0.0
46313,PT_Battery,2050,10,17,17,0.0
46314,PT_Battery,2050,10,18,18,0.0
46315,PT_Battery,2050,10,19,19,0.0
46316,PT_Battery,2050,10,20,20,0.0
46317,PT_Battery,2050,10,21,21,0.0
46318,PT_Battery,2050,10,22,22,0.0
46319,PT_Battery,2050,10,23,23,0.0
46320,PT_Battery,2050,10,24,24,0.0
46321,PT_CCGT,2050,1,1,1,0.0
46322,PT_CCGT,2050,1,2,2,0.0
46323,PT_CCGT,2050,1,3,3,0.0
46324,PT_CCGT,2050,1,4,4,0.0
46325,PT_CCGT,2050,1,5,5,0.0
46326,PT_CCGT,2050,1,6,6,0.0
46327,PT_CCGT,2050,1,7,7,-0.9539999999999997
46328,PT_CCGT,2050,1,8,8,-0.9539999999999997
46329,PT_CCGT,2050,1,9,9,-0.9539999999999997
46330,PT_CCGT,2050,1,10,10,-0.9539999999999997
46331,PT_CCGT,2050,1,11,11,0.0
46332,PT_CCGT,2050,1,12,12,0.0
46333,PT_CCGT,2050,1,13,13,0.0
46334,PT_CCGT,2050,1,14,14,0.0
46335,PT_CCGT,2050,1,15,15,0.0
46336,PT_CCGT,2050,1,16,16,0.0
46337,PT_CCGT,2050,1,17,17,0.0
46338,PT_CCGT,2050,1,18,18,0.0
46339,PT_CCGT,2050,1,19,19,0.0
46340,PT_CCGT,2050,1,20,20,0.0
46341,PT_CCGT,2050,1,21,21,0.0
46342,PT_CCGT,2050,1,22,22,0.0
46343,PT_CCGT,2050,1,23,23,0.0
46344,PT_CCGT,2050,1,24,24,0.0
46345,PT_CCGT,2050,2,1,1,0.0
46346,PT_CCGT,2050,2,2,2,0.0
46347,PT_CCGT,2050,2,3,3,0.0
46348,PT_CCGT,2050,2,4,4,0.0
46349,PT_CCGT,2050,2,5,5,0.0
46350,PT_CCGT,2050,2,6,6,0.0
46351,PT_CCGT,2050,2,7,7,0.0
46352,PT_CCGT,2050,2,8,8,0.0
46353,PT_CCGT,2050,2,9,9,0.0
46354,PT_CCGT,2050,2,10,10,0.0
46355,PT_CCGT,2050,2,11,11,0.0
46356,PT_CCGT,2050,2,12,12,0.0
46357,PT_CCGT,2050,2,13,13,0.0
46358,PT_CCGT,2050,2,14,14,0.0
46359,PT_CCGT,2050,2,15,15,0.0
46360,PT_CCGT,2050,2,16,16,0.0
46361,PT_CCGT,2050,2,17,17,0.0
46362,PT_CCGT,2050,2,18,18,0.0
46363,PT_CCGT,2050,2,19,19,0.0
46364,PT_CCGT,2050,2,20,20,0.0
46365,PT_CCGT,2050,2,21,21,0.0
46366,PT_CCGT,2050,2,22,22,0.0
46367,PT_CCGT,2050,2,23,23,0.0
46368,PT_CCGT,2050,2,24,24,0.0
46369,PT_CCGT,2050,3,1,1,0.0
46370,PT_CCGT,2050,3,2,2,0.0
46371,PT_CCGT,2050,3,3,3,0.0
46372,PT_CCGT,2050,3,4,4,0.0
46373,PT_CCGT,2050,3,5,5,0.0
46374,PT_CCGT,2050,3,6,6,0.0
46375,PT_CCGT,2050,3,7,7,0.0
46376,PT_CCGT,2050,3,8,8,0.0
46377,PT_CCGT,2050,3,9,9,0.0
46378,PT_CCGT,2050,3,10,10,0.0
46379,PT_CCGT,2050,3,11,11,0.0
46380,PT_CCGT,2050,3,12,12,0.0
46381,PT_CCGT,2050,3,13,13,0.0
46382,PT_CCGT,2050,3,14,14,0.0
46383,PT_CCGT,2050,3,15,15,0.0
46384,PT_CCGT,2050,3,16,16,0.0
46385,PT_CCGT,2050,3,17,17,0.0
46386,PT_CCGT,2050,3,18,18,-0.5219999999999998
46387,PT_CCGT,2050,3,19,19,-21.453831411332672
46388,PT_CCGT,2050,3,20,20,-8.057665705666336
46389,PT_CCGT,2050,3,21,21,-0.5219999999999998
46390,PT_CCGT,2050,3,22,22,-0.5219999999999998
46391,PT_CCGT,2050,3,23,23,-0.5219999999999998
46392,PT_CCGT,2050,3,24,24,-0.5219999999999998
46393,PT_CCGT,2050,4,1,1,0.0
46394,PT_CCGT,2050,4,2,2,0.0
46395,PT_CCGT,2050,4,3,3,0.0
46396,PT_CCGT,2050,4,4,4,0.0
46397,PT_CCGT,2050,4,5,5,0.0
46398,PT_CCGT,2050,4,6,6,0.0
46399,PT_CCGT,2050,4,7,7,0.0
46400,PT_CCGT,2050,4,8,8,0.0
46401,PT_CCGT,2050,4,9,9,0.0
46402,PT_CCGT,2050,4,10,10,0.0
46403,PT_CCGT,2050,4,11,11,0.0
46404,PT_CCGT,2050,4,12,12,0.0
46405,PT_CCGT,2050,4,13,13,0.0
46406,PT_CCGT,2050,4,14,14,0.0
46407,PT_CCGT,2050,4,15,15,0.0
46408,PT_CCGT,2050,4,16,16,0.0
46409,PT_CCGT,2050,4,17,17,0.0
46410,PT_CCGT,2050,4,18,18,0.0
46411,PT_CCGT,2050,4,19,19,0.0
46412,PT_CCGT,2050,4,20,20,0.0
46413,PT_CCGT,2050,4,21,21,0.0
46414,PT_CCGT,2050,4,22,22,0.0
46415,PT_CCGT,2050,4,23,23,0.0
46416,PT_CCGT,2050,4,24,24,0.0
46417,PT_CCGT,2050,5,1,1,0.0
46418,PT_CCGT,2050,5,2,2,0.0
46419,PT_CCGT,2050,5,3,3,0.0
46420,PT_CCGT,2050,5,4,4,0.0
46421,PT_CCGT,2050,5,5,5,0.0
46422,PT_CCGT,2050,5,6,6,0.0
46423,PT_CCGT,2050,5,7,7,0.0
46424,PT_CCGT,2050,5,8,8,0.0
46425,PT_CCGT,2050,5,9,9,0.0
46426,PT_CCGT,2050,5,10,10,0.0
46427,PT_CCGT,2050,5,11,11,0.0
46428,PT_CCGT,2050,5,12,12,0.0
46429,PT_CCGT,2050,5,13,13,0.0
46430,PT_CCGT,2050,5,14,14,0.0
46431,PT_CCGT,2050,5,15,15,0.0
46432,PT_CCGT,2050,5,16,16,0.0
46433,PT_CCGT,2050,5,17,17,0.0
46434,PT_CCGT,2050,5,18,18,-0.9359999999999995
46435,PT_CCGT,2050,5,19,19,-0.9359999999999995
46436,PT_CCGT,2050,5,20,20,-0.9359999999999995
46437,PT_CCGT,2050,5,21,21,-0.9359999999999995
46438,PT_CCGT,2050,5,22,22,-0.9359999999999995
46439,PT_CCGT,2050,5,23,23,-0.9359999999999995
46440,PT_CCGT,2050,5,24,24,-0.9359999999999995
46441,PT_CCGT,2050,6,1,1,0.0
46442,PT_CCGT,2050,6,2,2,0.0
46443,PT_CCGT,2050,6,3,3,0.0
46444,PT_CCGT,2050,6,4,4,0.0
46445,PT_CCGT,2050,6,5,5,0.0
46446,PT_CCGT,2050,6,6,6,0.0
46447,PT_CCGT,2050,6,7,7,0.0
46448,PT_CCGT,2050,6,8,8,0.0
46449,PT_CCGT,2050,6,9,9,0.0
46450,PT_CCGT,2050,6,10,10,0.0
46451,PT_CCGT,2050,6,11,11,0.0
46452,PT_CCGT,2050,6,12,12,0.0
46453,PT_CCGT,2050,6,13,13,0.0
46454,PT_CCGT,2050,6,14,14,0.0
46455,PT_CCGT,2050,6,15,15,0.0
46456,PT_CCGT,2050,6,16,16,0.0
46457,PT_CCGT,2050,6,17,17,0.0
46458,PT_CCGT,2050,6,18,18,0.0
46459,PT_CCGT,2050,6,19,19,0.0
46460,PT_CCGT,2050,6,20,20,0.0
46461,PT_CCGT,2050,6,21,21,0.0
46462,PT_CCGT,2050,6,22,22,0.0
46463,PT_CCGT,2050,6,23,23,0.0
46464,PT_CCGT,2050,6,24,24,0.0
46465,PT_CCGT,2050,7,1,1,0.0
46466,PT_CCGT,2050,7,2,2,0.0
46467,PT_CCGT,2050,7,3,3,0.0
46468,PT_CCGT,2050,7,4,4,0.0
46469,PT_CCGT,2050,7,5,5,0.0
46470,PT_CCGT,2050,7,6,6,0.0
46471,PT_CCGT,2050,7,7,7,0.0
46472,PT_CCGT,2050,7,8,8,0.0
46473,PT_CCGT,2050,7,9,9,0.0
46474,PT_CCGT,2050,7,10,10,0.0
46475,PT_CCGT,2050,7,11,11,0.0
46476,PT_CCGT,2050,7,12,12,0.0
46477,PT_CCGT,2050,7,13,13,0.0
46478,PT_CCGT,2050,7,14,14,0.0
46479,PT_CCGT,2050,7,15,15,0.0
46480,PT_CCGT,2050,7,16,16,0.0
46481,PT_CCGT,2050,7,17,17,0.0
46482,PT_CCGT,2050,7,18,18,0.0
46483,PT_CCGT,2050,7,19,19,0.0
46484,PT_CCGT,2050,7,20,20,0.0
46485,PT_CCGT,2050,7,21,21,0.0
46486,PT_CCGT,2050,7,22,22,0.0
46487,PT_CCGT,2050,7,23,23,0.0
46488,PT_CCGT,2050,7,24,24,0.0
46489,PT_CCGT,2050,8,1,1,0.0
46490,PT_CCGT,2050,8,2,2,0.0
46491,PT_CCGT,2050,8,3,3,0.0
46492,PT_CCGT,2050,8,4,4,0.0
46493,PT_CCGT,2050,8,5,5,0.0
46494,PT_CCGT,2050,8,6,6,0.0
46495,PT_CCGT,2050,8,7,7,0.0
46496,PT_CCGT,2050,8,8,8,0.0
46497,PT_CCGT,2050,8,9,9,0.0
46498,PT_CCGT,2050,8,10,10,0.0
46499,PT_CCGT,2050,8,11,11,0.0
46500,PT_CCGT,2050,8,12,12,0.0
46501,PT_CCGT,2050,8,13,13,0.0
46502,PT_CCGT,2050,8,14,14,0.0
46503,PT_CCGT,2050,8,15,15,0.0
46504,PT_CCGT,2050,8,16,16,0.0
46505,PT_CCGT,2050,8,17,17,0.0
46506,PT_CCGT,2050,8,18,18,0.0
46507,PT_CCGT,2050,8,19,19,0.0
46508,PT_CCGT,2050,8,20,20,0.0
46509,PT_CCGT,2050,8,21,21,0.0
46510,PT_CCGT,2050,8,22,22,0.0
46511,PT_CCGT,2050,8,23,23,0.0
46512,PT_CCGT,2050,8,24,24,0.0
46513,PT_CCGT,2050,9,1,1,0.0
46514,PT_CCGT,2050,9,2,2,0.0
46515,PT_CCGT,2050,9,3,3,0.0
46516,PT_CCGT,2050,9,4,4,0.0
46517,PT_CCGT,2050,9,5,5,0.0
46518,PT_CCGT,2050,9,6,6,0.0
46519,PT_CCGT,2050,9,7,7,0.0
46520,PT_CCGT,2050,9,8,8,0.0
46521,PT_CCGT,2050,9,9,9,0.0
46522,PT_CCGT,2050,9,10,10,0.0
46523,PT_CCGT,2050,9,11,11,0.0
46524,PT_CCGT,2050,9,12,12,0.0
46525,PT_CCGT,2050,9,13,13,0.0
46526,PT_CCGT,2050,9,14,14,0.0
46527,PT_CCGT,2050,9,15,15,0.0
46528,PT_CCGT,2050,9,16,16,0.0
46529,PT_CCGT,2050,9,17,17,0.0
46530,PT_CCGT,2050,9,18,18,0.0
46531,PT_CCGT,2050,9,19,19,0.0
46532,PT_CCGT,2050,9,20,20,0.0
46533,PT_CCGT,2050,9,21,21,0.0
46534,PT_CCGT,2050,9,22,22,0.0
46535,PT_CCGT,2050,9,23,23,0.0
46536,PT_CCGT,2050,9,24,24,0.0
46537,PT_CCGT,2050,10,1,1,0.0
46538,PT_CCGT,2050,10,2,2,0.0
46539,PT_CCGT,2050,10,3,3,0.0
46540,PT_CCGT,2050,10,4,4,0.0
46541,PT_CCGT,2050,10,5,5,0.0
46542,PT_CCGT,2050,10,6,6,0.0
46543,PT_CCGT,2050,10,7,7,0.0
46544,PT_CCGT,2050,10,8,8,0.0
46545,PT_CCGT,2050,10,9,9,0.0
46546,PT_CCGT,2050,10,10,10,0.0
46547,PT_CCGT,2050,10,11,11,0.0
46548,PT_CCGT,2050,10,12,12,0.0
46549,PT_CCGT,2050,10,13,13,0.0
46550,PT_CCGT,2050,10,14,14,0.0
46551,PT_CCGT,2050,10,15,15,0.0
46552,PT_CCGT,2050,10,16,16,0.0
46553,PT_CCGT,2050,10,17,17,0.0
46554,PT_CCGT,2050,10,18,18,0.0
46555,PT_CCGT,2050,10,19,19,0.0
46556,PT_CCGT,2050,10,20,20,0.0
46557,PT_CCGT,2050,10,21,21,0.0
46558,PT_CCGT,2050,10,22,22,0.0
46559,PT_CCGT,2050,10,23,23,0.0
46560,PT_CCGT,2050,10,24,24,0.0
46561,PT_Coal,2050,1,1,1,0.0
46562,PT_Coal,2050,1,2,2,0.0
46563,PT_Coal,2050,1,3,3,0.0
46564,PT_Coal,2050,1,4,4,0.0
46565,PT_Coal,2050,1,5,5,0.0
46566,PT_Coal,2050,1,6,6,0.0
46567,PT_Coal,2050,1,7,7,-1.7649
46568,PT_Coal,2050,1,8,8,-1.7649
46569,PT_Coal,2050,1,9,9,-1.7649
46570,PT_Coal,2050,1,10,10,-1.7649
46571,PT_Coal,2050,1,11,11,-0.8109000000000001
46572,PT_Coal,2050,1,12,12,0.0
46573,PT_Coal,2050,1,13,13,0.0
46574,PT_Coal,2050,1,14,14,0.0
46575,PT_Coal,2050,1,15,15,0.0
46576,PT_Coal,2050,1,16,16,0.0
46577,PT_Coal,2050,1,17,17,0.0
46578,PT_Coal,2050,1,18,18,0.0
46579,PT_Coal,2050,1,19,19,0.0
46580,PT_Coal,2050,1,20,20,0.0
46581,PT_Coal,2050,1,21,21,0.0
46582,PT_Coal,2050,1,22,22,0.0
46583,PT_Coal,2050,1,23,23,0.0
46584,PT_Coal,2050,1,24,24,0.0
46585,PT_Coal,2050,2,1,1,0.0
46586,PT_Coal,2050,2,2,2,0.0
46587,PT_Coal,2050,2,3,3,0.0
46588,PT_Coal,2050,2,4,4,0.0
46589,PT_Coal,2050,2,5,5,0.0
46590,PT_Coal,2050,2,6,6,0.0
46591,PT_Coal,2050,2,7,7,0.0
46592,PT_Coal,2050,2,8,8,0.0
46593,PT_Coal,2050,2,9,9,0.0
46594,PT_Coal,2050,2,10,10,0.0
46595,PT_Coal,2050,2,11,11,0.0
46596,PT_Coal,2050,2,12,12,0.0
46597,PT_Coal,2050,2,13,13,0.0
46598,PT_Coal,2050,2,14,14,0.0
46599,PT_Coal,2050,2,15,15,0.0
46600,PT_Coal,2050,2,16,16,0.0
46601,PT_Coal,2050,2,17,17,0.0
46602,PT_Coal,2050,2,18,18,0.0
46603,PT_Coal,2050,2,19,19,0.0
46604,PT_Coal,2050,2,20,20,0.0
46605,PT_Coal,2050,2,21,21,0.0
46606,PT_Coal,2050,2,22,22,0.0
46607,PT_Coal,2050,2,23,23,0.0
46608,PT_Coal,2050,2,24,24,0.0
46609,PT_Coal,2050,3,1,1,0.0
46610,PT_Coal,2050,3,2,2,0.0
46611,PT_Coal,2050,3,3,3,0.0
46612,PT_Coal,2050,3,4,4,0.0
46613,PT_Coal,2050,3,5,5,0.0
46614,PT_Coal,2050,3,6,6,0.0
46615,PT_Coal,2050,3,7,7,0.0
46616,PT_Coal,2050,3,8,8,0.0
46617,PT_Coal,2050,3,9,9,-0.4437000000000001
46618,PT_Coal,2050,3,10,10,-0.4437000000000001
46619,PT_Coal,2050,3,11,11,-0.4437000000000001
46620,PT_Coal,2050,3,12,12,-0.4437000000000001
46621,PT_Coal,2050,3,13,13,-0.4437000000000001
46622,PT_Coal,2050,3,14,14,-0.4437000000000001
46623,PT_Coal,2050,3,15,15,-0.4437000000000001
46624,PT_Coal,2050,3,16,16,-0.4437000000000001
46625,PT_Coal,2050,3,17,17,-0.4437000000000001
46626,PT_Coal,2050,3,18,18,-0.9656999999999999
46627,PT_Coal,2050,3,19,19,-21.897531411332672
46628,PT_Coal,2050,3,20,20,-8.501365705666338
46629,PT_Coal,2050,3,21,21,-0.9656999999999999
46630,PT_Coal,2050,3,22,22,-0.9656999999999999
46631,PT_Coal,2050,3,23,23,-0.9656999999999999
46632,PT_Coal,2050,3,24,24,-0.9656999999999999
46633,PT_Coal,2050,4,1,1,0.0
46634,PT_Coal,2050,4,2,2,0.0
46635,PT_Coal,2050,4,3,3,0.0
46636,PT_Coal,2050,4,4,4,0.0
46637,PT_Coal,2050,4,5,5,0.0
46638,PT_Coal,2050,4,6,6,0.0
46639,PT_Coal,2050,4,7,7,0.0
46640,PT_Coal,2050,4,8,8,0.0
46641,PT_Coal,2050,4,9,9,0.0
46642,PT_Coal,2050,4,10,10,0.0
46643,PT_Coal,2050,4,11,11,0.0
46644,PT_Coal,2050,4,12,12,0.0
46645,PT_Coal,2050,4,13,13,0.0
46646,PT_Coal,2050,4,14,14,0.0
46647,PT_Coal,2050,4,15,15,0.0
46648,PT_Coal,2050,4,16,16,0.0
46649,PT_Coal,2050,4,17,17,0.0
46650,PT_Coal,2050,4,18,18,0.0
46651,PT_Coal,2050,4,19,19,0.0
46652,PT_Coal,2050,4,20,20,0.0
46653,PT_Coal,2050,4,21,21,0.0
46654,PT_Coal,2050,4,22,22,0.0
46655,PT_Coal,2050,4,23,23,0.0
46656,PT_Coal,2050,4,24,24,0.0
46657,PT_Coal,2050,5,1,1,-0.7956000000000002
46658,PT_Coal,2050,5,2,2,0.0
46659,PT_Coal,2050,5,3,3,0.0
46660,PT_Coal,2050,5,4,4,0.0
46661,PT_Coal,2050,5,5,5,0.0
46662,PT_Coal,2050,5,6,6,0.0
46663,PT_Coal,2050,5,7,7,0.0
46664,PT_Coal,2050,5,8,8,0.0
46665,PT_Coal,2050,5,9,9,0.0
46666,PT_Coal,2050,5,10,10,0.0
46667,PT_Coal,2050,5,11,11,0.0
46668,PT_Coal,2050,5,12,12,0.0
46669,PT_Coal,2050,5,13,13,0.0
46670,PT_Coal,2050,5,14,14,0.0
46671,PT_Coal,2050,5,15,15,0.0
46672,PT_Coal,2050,5,16,16,0.0
46673,PT_Coal,2050,5,17,17,0.0
46674,PT_Coal,2050,5,18,18,-1.7315999999999998
46675,PT_Coal,2050,5,19,19,-1.7315999999999998
46676,PT_Coal,2050,5,20,20,-1.7315999999999998
46677,PT_Coal,2050,5,21,21,-1.7315999999999998
46678,PT_Coal,2050,5,22,22,-1.7315999999999998
46679,PT_Coal,2050,5,23,23,-1.7315999999999998
46680,PT_Coal,2050,5,24,24,-1.7315999999999998
46681,PT_Coal,2050,6,1,1,0.0
46682,PT_Coal,2050,6,2,2,0.0
46683,PT_Coal,2050,6,3,3,0.0
46684,PT_Coal,2050,6,4,4,0.0
46685,PT_Coal,2050,6,5,5,0.0
46686,PT_Coal,2050,6,6,6,0.0
46687,PT_Coal,2050,6,7,7,0.0
46688,PT_Coal,2050,6,8,8,0.0
46689,PT_Coal,2050,6,9,9,0.0
46690,PT_Coal,2050,6,10,10,0.0
46691,PT_Coal,2050,6,11,11,0.0
46692,PT_Coal,2050,6,12,12,0.0
46693,PT_Coal,2050,6,13,13,0.0
46694,PT_Coal,2050,6,14,14,0.0
46695,PT_Coal,2050,6,15,15,0.0
46696,PT_Coal,2050,6,16,16,0.0
46697,PT_Coal,2050,6,17,17,0.0
46698,PT_Coal,2050,6,18,18,0.0
46699,PT_Coal,2050,6,19,19,0.0
46700,PT_Coal,2050,6,20,20,0.0
46701,PT_Coal,2050,6,21,21,0.0
46702,PT_Coal,2050,6,22,22,0.0
46703,PT_Coal,2050,6,23,23,0.0
46704,PT_Coal,2050,6,24,24,0.0
46705,PT_Coal,2050,7,1,1,0.0
46706,PT_Coal,2050,7,2,2,0.0
46707,PT_Coal,2050,7,3,3,0.0
46708,PT_Coal,2050,7,4,4,0.0
46709,PT_Coal,2050,7,5,5,0.0
46710,PT_Coal,2050,7,6,6,0.0
46711,PT_Coal,2050,7,7,7,0.0
46712,PT_Coal,2050,7,8,8,0.0
46713,PT_Coal,2050,7,9,9,0.0
46714,PT_Coal,2050,7,10,10,0.0
46715,PT_Coal,2050,7,11,11,0.0
46716,PT_Coal,2050,7,12,12,0.0
46717,PT_Coal,2050,7,13,13,0.0
46718,PT_Coal,2050,7,14,14,0.0
46719,PT_Coal,2050,7,15,15,0.0
46720,PT_Coal,2050,7,16,16,0.0
46721,PT_Coal,2050,7,17,17,0.0
46722,PT_Coal,2050,7,18,18,0.0
46723,PT_Coal,2050,7,19,19,0.0
46724,PT_Coal,2050,7,20,20,0.0
46725,PT_Coal,2050,7,21,21,0.0
46726,PT_Coal,2050,7,22,22,0.0
46727,PT_Coal,2050,7,23,23,0.0
46728,PT_Coal,2050,7,24,24,0.0
46729,PT_Coal,2050,8,1,1,0.0
46730,PT_Coal,2050,8,2,2,0.0
46731,PT_Coal,2050,8,3,3,0.0
46732,PT_Coal,2050,8,4,4,0.0
46733,PT_Coal,2050,8,5,5,0.0
46734,PT_Coal,2050,8,6,6,0.0
46735,PT_Coal,2050,8,7,7,0.0
46736,PT_Coal,2050,8,8,8,0.0
46737,PT_Coal,2050,8,9,9,0.0
46738,PT_Coal,2050,8,10,10,0.0
46739,PT_Coal,2050,8,11,11,0.0
46740,PT_Coal,2050,8,12,12,0.0
46741,PT_Coal,2050,8,13,13,0.0
46742,PT_Coal,2050,8,14,14,0.0
46743,PT_Coal,2050,8,15,15,0.0
46744,PT_Coal,2050,8,16,16,0.0
46745,PT_Coal,2050,8,17,17,0.0
46746,PT_Coal,2050,8,18,18,0.0
46747,PT_Coal,2050,8,19,19,0.0
46748,PT_Coal,2050,8,20,20,0.0
46749,PT_Coal,2050,8,21,21,0.0
46750,PT_Coal,2050,8,22,22,0.0
46751,PT_Coal,2050,8,23,23,0.0
46752,PT_Coal,2050,8,24,24,0.0
46753,PT_Coal,2050,9,1,1,0.0
46754,PT_Coal,2050,9,2,2,0.0
46755,PT_Coal,2050,9,3,3,0.0
46756,PT_Coal,2050,9,4,4,0.0
46757,PT_Coal,2050,9,5,5,0.0
46758,PT_Coal,2050,9,6,6,0.0
46759,PT_Coal,2050,9,7,7,0.0
46760,PT_Coal,2050,9,8,8,0.0
46761,PT_Coal,2050,9,9,9,0.0
46762,PT_Coal,2050,9,10,10,0.0
46763,PT_Coal,2050,9,11,11,0.0
46764,PT_Coal,2050,9,12,12,0.0
46765,PT_Coal,2050,9,13,13,0.0
46766,PT_Coal,2050,9,14,14,0.0
46767,PT_Coal,2050,9,15,15,0.0
46768,PT_Coal,2050,9,16,16,0.0
46769,PT_Coal,2050,9,17,17,0.0
46770,PT_Coal,2050,9,18,18,0.0
46771,PT_Coal,2050,9,19,19,0.0
46772,PT_Coal,2050,9,20,20,0.0
46773,PT_Coal,2050,9,21,21,0.0
46774,PT_Coal,2050,9,22,22,0.0
46775,PT_Coal,2050,9,23,23,0.0
46776,PT_Coal,2050,9,24,24,0.0
46777,PT_Coal,2050,10,1,1,0.0
46778,PT_Coal,2050,10,2,2,0.0
46779,PT_Coal,2050,10,3,3,0.0
46780,PT_Coal,2050,10,4,4,0.0
46781,PT_Coal,2050,10,5,5,0.0
46782,PT_Coal,2050,10,6,6,0.0
46783,PT_Coal,2050,10,7,7,0.0
46784,PT_Coal,2050,10,8,8,0.0
46785,PT_Coal,2050,10,9,9,0.0
46786,PT_Coal,2050,10,10,10,0.0
46787,PT_Coal,2050,10,11,11,0.0
46788,PT_Coal,2050,10,12,12,0.0
46789,PT_Coal,2050,10,13,13,0.0
46790,PT_Coal,2050,10,14,14,0.0
46791,PT_Coal,2050,10,15,15,0.0
46792,PT_Coal,2050,10,16,16,0.0
46793,PT_Coal,2050,10,17,17,0.0
46794,PT_Coal,2050,10,18,18,0.0
46795,PT_Coal,2050,10,19,19,0.0
46796,PT_Coal,2050,10,20,20,0.0
46797,PT_Coal,2050,10,21,21,0.0
46798,PT_Coal,2050,10,22,22,0.0
46799,PT_Coal,2050,10,23,23,0.0
46800,PT_Coal,2050,10,24,24,0.0
46801,PT_Nuclear,2050,1,1,1,-0.49290000000000006
46802,PT_Nuclear,2050,1,2,2,-0.49290000000000006
46803,PT_Nuclear,2050,1,3,3,-0.49290000000000006
46804,PT_Nuclear,2050,1,4,4,-0.49290000000000006
46805,PT_Nuclear,2050,1,5,5,-0.49290000000000006
46806,PT_Nuclear,2050,1,6,6,-0.49290000000000006
46807,PT_Nuclear,2050,1,7,7,-2.2578
46808,PT_Nuclear,2050,1,8,8,-2.2578
46809,PT_Nuclear,2050,1,9,9,-2.2578
46810,PT_Nuclear,2050,1,10,10,-2.2578
46811,PT_Nuclear,2050,1,11,11,-1.3038
46812,PT_Nuclear,2050,1,12,12,-0.49290000000000006
46813,PT_Nuclear,2050,1,13,13,-0.49290000000000006
46814,PT_Nuclear,2050,1,14,14,-0.49290000000000006
46815,PT_Nuclear,2050,1,15,15,-0.49290000000000006
46816,PT_Nuclear,2050,1,16,16,-0.49290000000000006
46817,PT_Nuclear,2050,1,17,17,-0.49290000000000006
46818,PT_Nuclear,2050,1,18,18,-0.49290000000000006
46819,PT_Nuclear,2050,1,19,19,-0.49290000000000006
46820,PT_Nuclear,2050,1,20,20,-0.49290000000000006
46821,PT_Nuclear,2050,1,21,21,-0.49290000000000006
46822,PT_Nuclear,2050,1,22,22,-0.49290000000000006
46823,PT_Nuclear,2050,1,23,23,-0.49290000000000006
46824,PT_Nuclear,2050,1,24,24,-0.49290000000000006
46825,PT_Nuclear,2050,2,1,1,-0.30690000000000006
46826,PT_Nuclear,2050,2,2,2,-0.30690000000000006
46827,PT_Nuclear,2050,2,3,3,-0.30690000000000006
46828,PT_Nuclear,2050,2,4,4,-0.30690000000000006
46829,PT_Nuclear,2050,2,5,5,-0.30690000000000006
46830,PT_Nuclear,2050,2,6,6,-0.30690000000000006
46831,PT_Nuclear,2050,2,7,7,-0.30690000000000006
46832,PT_Nuclear,2050,2,8,8,-0.30690000000000006
46833,PT_Nuclear,2050,2,9,9,-0.30690000000000006
46834,PT_Nuclear,2050,2,10,10,-0.30690000000000006
46835,PT_Nuclear,2050,2,11,11,-0.30690000000000006
46836,PT_Nuclear,2050,2,12,12,-0.30690000000000006
46837,PT_Nuclear,2050,2,13,13,-0.30690000000000006
46838,PT_Nuclear,2050,2,14,14,0.0
46839,PT_Nuclear,2050,2,15,15,0.0
46840,PT_Nuclear,2050,2,16,16,0.0
46841,PT_Nuclear,2050,2,17,17,0.0
46842,PT_Nuclear,2050,2,18,18,-0.30690000000000006
46843,PT_Nuclear,2050,2,19,19,-0.30690000000000006
46844,PT_Nuclear,2050,2,20,20,-0.30690000000000006
46845,PT_Nuclear,2050,2,21,21,-0.30690000000000006
46846,PT_Nuclear,2050,2,22,22,-0.30690000000000006
46847,PT_Nuclear,2050,2,23,23,-0.30690000000000006
46848,PT_Nuclear,2050,2,24,24,-0.30690000000000006
46849,PT_Nuclear,2050,3,1,1,-0.2697
46850,PT_Nuclear,2050,3,2,2,-0.2697
46851,PT_Nuclear,2050,3,3,3,-0.2697
46852,PT_Nuclear,2050,3,4,4,-0.2697
46853,PT_Nuclear,2050,3,5,5,-0.2697
46854,PT_Nuclear,2050,3,6,6,-0.2697
46855,PT_Nuclear,2050,3,7,7,-0.2697
46856,PT_Nuclear,2050,3,8,8,-0.2697
46857,PT_Nuclear,2050,3,9,9,-0.7134
46858,PT_Nuclear,2050,3,10,10,-0.7134
46859,PT_Nuclear,2050,3,11,11,-0.7134
46860,PT_Nuclear,2050,3,12,12,-0.7134
46861,PT_Nuclear,2050,3,13,13,-0.7134
46862,PT_Nuclear,2050,3,14,14,-0.7134
46863,PT_Nuclear,2050,3,15,15,-0.7134
46864,PT_Nuclear,2050,3,16,16,-0.7134
46865,PT_Nuclear,2050,3,17,17,-0.7134
46866,PT_Nuclear,2050,3,18,18,-1.2353999999999998
46867,PT_Nuclear,2050,3,19,19,-22.167231411332672
46868,PT_Nuclear,2050,3,20,20,-8.771065705666336
46869,PT_Nuclear,2050,3,21,21,-1.2353999999999998
46870,PT_Nuclear,2050,3,22,22,-1.2353999999999998
46871,PT_Nuclear,2050,3,23,23,-1.2353999999999998
46872,PT_Nuclear,2050,3,24,24,-1.2353999999999998
46873,PT_Nuclear,2050,4,1,1,0.0
46874,PT_Nuclear,2050,4,2,2,0.0
46875,PT_Nuclear,2050,4,3,3,0.0
46876,PT_Nuclear,2050,4,4,4,0.0
46877,PT_Nuclear,2050,4,5,5,0.0
46878,PT_Nuclear,2050,4,6,6,0.0
46879,PT_Nuclear,2050,4,7,7,0.0
46880,PT_Nuclear,2050,4,8,8,0.0
46881,PT_Nuclear,2050,4,9,9,0.0
46882,PT_Nuclear,2050,4,10,10,0.0
46883,PT_Nuclear,2050,4,11,11,0.0
46884,PT_Nuclear,2050,4,12,12,0.0
46885,PT_Nuclear,2050,4,13,13,0.0
46886,PT_Nuclear,2050,4,14,14,0.0
46887,PT_Nuclear,2050,4,15,15,0.0
46888,PT_Nuclear,2050,4,16,16,0.0
46889,PT_Nuclear,2050,4,17,17,0.0
46890,PT_Nuclear,2050,4,18,18,0.0
46891,PT_Nuclear,2050,4,19,19,0.0
46892,PT_Nuclear,2050,4,20,20,0.0
46893,PT_Nuclear,2050,4,21,21,0.0
46894,PT_Nuclear,2050,4,22,22,0.0
46895,PT_Nuclear,2050,4,23,23,0.0
46896,PT_Nuclear,2050,4,24,24,0.0
46897,PT_Nuclear,2050,5,1,1,-1.2792000000000003
46898,PT_Nuclear,2050,5,2,2,-0.48360000000000003
46899,PT_Nuclear,2050,5,3,3,-0.48360000000000003
46900,PT_Nuclear,2050,5,4,4,-0.48360000000000003
46901,PT_Nuclear,2050,5,5,5,-0.48360000000000003
46902,PT_Nuclear,2050,5,6,6,-0.48360000000000003
46903,PT_Nuclear,2050,5,7,7,-0.48360000000000003
46904,PT_Nuclear,2050,5,8,8,-0.48360000000000003
46905,PT_Nuclear,2050,5,9,9,-0.48360000000000003
46906,PT_Nuclear,2050,5,10,10,-0.48360000000000003
46907,PT_Nuclear,2050,5,11,11,-0.48360000000000003
46908,PT_Nuclear,2050,5,12,12,-0.48360000000000003
46909,PT_Nuclear,2050,5,13,13,-0.48360000000000003
46910,PT_Nuclear,2050,5,14,14,-0.48360000000000003
46911,PT_Nuclear,2050,5,15,15,-0.48360000000000003
46912,PT_Nuclear,2050,5,16,16,-0.48360000000000003
46913,PT_Nuclear,2050,5,17,17,-0.48360000000000003
46914,PT_Nuclear,2050,5,18,18,-2.2152
46915,PT_Nuclear,2050,5,19,19,-2.2152
46916,PT_Nuclear,2050,5,20,20,-2.2152
46917,PT_Nuclear,2050,5,21,21,-2.2152
46918,PT_Nuclear,2050,5,22,22,-2.2152
46919,PT_Nuclear,2050,5,23,23,-2.2152
46920,PT_Nuclear,2050,5,24,24,-2.2152
46921,PT_Nuclear,2050,6,1,1,0.0
46922,PT_Nuclear,2050,6,2,2,0.0
46923,PT_Nuclear,2050,6,3,3,0.0
46924,PT_Nuclear,2050,6,4,4,0.0
46925,PT_Nuclear,2050,6,5,5,0.0
46926,PT_Nuclear,2050,6,6,6,0.0
46927,PT_Nuclear,2050,6,7,7,0.0
46928,PT_Nuclear,2050,6,8,8,0.0
46929,PT_Nuclear,2050,6,9,9,0.0
46930,PT_Nuclear,2050,6,10,10,0.0
46931,PT_Nuclear,2050,6,11,11,0.0
46932,PT_Nuclear,2050,6,12,12,0.0
46933,PT_Nuclear,2050,6,13,13,0.0
46934,PT_Nuclear,2050,6,14,14,0.0
46935,PT_Nuclear,2050,6,15,15,0.0
46936,PT_Nuclear,2050,6,16,16,0.0
46937,PT_Nuclear,2050,6,17,17,0.0
46938,PT_Nuclear,2050,6,18,18,0.0
46939,PT_Nuclear,2050,6,19,19,0.0
46940,PT_Nuclear,2050,6,20,20,0.0
46941,PT_Nuclear,2050,6,21,21,0.0
46942,PT_Nuclear,2050,6,22,22,0.0
46943,PT_Nuclear,2050,6,23,23,0.0
46944,PT_Nuclear,2050,6,24,24,0.0
46945,PT_Nuclear,2050,7,1,1,-0.3441000000000001
46946,PT_Nuclear,2050,7,2,2,-0.3441000000000001
46947,PT_Nuclear,2050,7,3,3,-0.3441000000000001
46948,PT_Nuclear,2050,7,4,4,-0.3441000000000001
46949,PT_Nuclear,2050,7,5,5,-0.3441000000000001
46950,PT_Nuclear,2050,7,6,6,-0.3441000000000001
46951,PT_Nuclear,2050,7,7,7,-0.3441000000000001
46952,PT_Nuclear,2050,7,8,8,-0.3441000000000001
46953,PT_Nuclear,2050,7,9,9,-0.3441000000000001
46954,PT_Nuclear,2050,7,10,10,-0.3441000000000001
46955,PT_Nuclear,2050,7,11,11,-0.3441000000000001
46956,PT_Nuclear,2050,7,12,12,-0.3441000000000001
46957,PT_Nuclear,2050,7,13,13,-0.3441000000000001
46958,PT_Nuclear,2050,7,14,14,-0.3441000000000001
46959,PT_Nuclear,2050,7,15,15,-0.3441000000000001
46960,PT_Nuclear,2050,7,16,16,-0.3441000000000001
46961,PT_Nuclear,2050,7,17,17,-0.3441000000000001
46962,PT_Nuclear,2050,7,18,18,-0.3441000000000001
46963,PT_Nuclear,2050,7,19,19,-0.3441000000000001
46964,PT_Nuclear,2050,7,20,20,-0.3441000000000001
46965,PT_Nuclear,2050,7,21,21,-0.3441000000000001
46966,PT_Nuclear,2050,7,22,22,-0.3441000000000001
46967,PT_Nuclear,2050,7,23,23,-0.3441000000000001
46968,PT_Nuclear,2050,7,24,24,-0.3441000000000001
46969,PT_Nuclear,2050,8,1,1,-0.2883
46970,PT_Nuclear,2050,8,2,2,-0.2883
46971,PT_Nuclear,2050,8,3,3,-0.2883
46972,PT_Nuclear,2050,8,4,4,-0.2883
46973,PT_Nuclear,2050,8,5,5,-0.2883
46974,PT_Nuclear,2050,8,6,6,-0.2883
46975,PT_Nuclear,2050,8,7,7,-0.2883
46976,PT_Nuclear,2050,8,8,8,-0.2883
46977,PT_Nuclear,2050,8,9,9,-0.2883
46978,PT_Nuclear,2050,8,10,10,-0.2883
46979,PT_Nuclear,2050,8,11,11,-0.2883
46980,PT_Nuclear,2050,8,12,12,-0.2883
46981,PT_Nuclear,2050,8,13,13,-0.2883
46982,PT_Nuclear,2050,8,14,14,-0.2883
46983,PT_Nuclear,2050,8,15,15,-0.2883
46984,PT_Nuclear,2050,8,16,16,-0.2883
46985,PT_Nuclear,2050,8,17,17,-0.2883
46986,PT_Nuclear,2050,8,18,18,-0.2883
46987,PT_Nuclear,2050,8,19,19,-0.2883
46988,PT_Nuclear,2050,8,20,20,-0.2883
46989,PT_Nuclear,2050,8,21,21,-0.2883
46990,PT_Nuclear,2050,8,22,22,-0.2883
46991,PT_Nuclear,2050,8,23,23,-0.2883
46992,PT_Nuclear,2050,8,24,24,-0.2883
46993,PT_Nuclear,2050,9,1,1,-0.39990000000000003
46994,PT_Nuclear,2050,9,2,2,-0.39990000000000003
46995,PT_Nuclear,2050,9,3,3,-0.39990000000000003
46996,PT_Nuclear,2050,9,4,4,-0.39990000000000003
46997,PT_Nuclear,2050,9,5,5,-0.39990000000000003
46998,PT_Nuclear,2050,9,6,6,-0.39990000000000003
46999,PT_Nuclear,2050,9,7,7,-0.39990000000000003
47000,PT_Nuclear,2050,9,8,8,-0.39990000000000003
47001,PT_Nuclear,2050,9,9,9,-0.39990000000000003
47002,PT_Nuclear,2050,9,10,10,-0.39990000000000003
47003,PT_Nuclear,2050,9,11,11,-0.39990000000000003
47004,PT_Nuclear,2050,9,12,12,-0.39990000000000003
47005,PT_Nuclear,2050,9,13,13,-0.39990000000000003
47006,PT_Nuclear,2050,9,14,14,-0.39990000000000003
47007,PT_Nuclear,2050,9,15,15,-0.39990000000000003
47008,PT_Nuclear,2050,9,16,16,-0.39990000000000003
47009,PT_Nuclear,2050,9,17,17,-0.39990000000000003
47010,PT_Nuclear,2050,9,18,18,-0.39990000000000003
47011,PT_Nuclear,2050,9,19,19,-0.39990000000000003
47012,PT_Nuclear,2050,9,20,20,-0.39990000000000003
47013,PT_Nuclear,2050,9,21,21,-0.39990000000000003
47014,PT_Nuclear,2050,9,22,22,-0.39990000000000003
47015,PT_Nuclear,2050,9,23,23,-0.39990000000000003
47016,PT_Nuclear,2050,9,24,24,-0.39990000000000003
47017,PT_Nuclear,2050,10,1,1,0.0
47018,PT_Nuclear,2050,10,2,2,0.0
47019,PT_Nuclear,2050,10,3,3,0.0
47020,PT_Nuclear,2050,10,4,4,0.0
47021,PT_Nuclear,2050,10,5,5,0.0
47022,PT_Nuclear,2050,10,6,6,0.0
47023,PT_Nuclear,2050,10,7,7,0.0
47024,PT_Nuclear,2050,10,8,8,0.0
47025,PT_Nuclear,2050,10,9,9,0.0
47026,PT_Nuclear,2050,10,10,10,0.0
47027,PT_Nuclear,2050,10,11,11,0.0
47028,PT_Nuclear,2050,10,12,12,0.0
47029,PT_Nuclear,2050,10,13,13,0.0
47030,PT_Nuclear,2050,10,14,14,0.0
47031,PT_Nuclear,2050,10,15,15,0.0
47032,PT_Nuclear,2050,10,16,16,0.0
47033,PT_Nuclear,2050,10,17,17,0.0
47034,PT_Nuclear,2050,10,18,18,0.0
47035,PT_Nuclear,2050,10,19,19,-0.42780000000000007
47036,PT_Nuclear,2050,10,20,20,-0.42780000000000007
47037,PT_Nuclear,2050,10,21,21,-0.42780000000000007
47038,PT_Nuclear,2050,10,22,22,-0.42780000000000007
47039,PT_Nuclear,2050,10,23,23,-0.42780000000000007
47040,PT_Nuclear,2050,10,24,24,-0.42780000000000007
47041,PT_OCGT,2050,1,1,1,0.0
47042,PT_OCGT,2050,1,2,2,0.0
47043,PT_OCGT,2050,1,3,3,0.0
47044,PT_OCGT,2050,1,4,4,0.0
47045,PT_OCGT,2050,1,5,5,0.0
47046,PT_OCGT,2050,1,6,6,0.0
47047,PT_OCGT,2050,1,7,7,0.0
47048,PT_OCGT,2050,1,8,8,0.0
47049,PT_OCGT,2050,1,9,9,0.0
47050,PT_OCGT,2050,1,10,10,0.0
47051,PT_OCGT,2050,1,11,11,0.0
47052,PT_OCGT,2050,1,12,12,0.0
47053,PT_OCGT,2050,1,13,13,0.0
47054,PT_OCGT,2050,1,14,14,0.0
47055,PT_OCGT,2050,1,15,15,0.0
47056,PT_OCGT,2050,1,16,16,0.0
47057,PT_OCGT,2050,1,17,17,0.0
47058,PT_OCGT,2050,1,18,18,0.0
47059,PT_OCGT,2050,1,19,19,0.0
47060,PT_OCGT,2050,1,20,20,0.0
47061,PT_OCGT,2050,1,21,21,0.0
47062,PT_OCGT,2050,1,22,22,0.0
47063,PT_OCGT,2050,1,23,23,0.0
47064,PT_OCGT,2050,1,24,24,0.0
47065,PT_OCGT,2050,2,1,1,0.0
47066,PT_OCGT,2050,2,2,2,0.0
47067,PT_OCGT,2050,2,3,3,0.0
47068,PT_OCGT,2050,2,4,4,0.0
47069,PT_OCGT,2050,2,5,5,0.0
47070,PT_OCGT,2050,2,6,6,0.0
47071,PT_OCGT,2050,2,7,7,0.0
47072,PT_OCGT,2050,2,8,8,0.0
47073,PT_OCGT,2050,2,9,9,0.0
47074,PT_OCGT,2050,2,10,10,0.0
47075,PT_OCGT,2050,2,11,11,0.0
47076,PT_OCGT,2050,2,12,12,0.0
47077,PT_OCGT,2050,2,13,13,0.0
47078,PT_OCGT,2050,2,14,14,0.0
47079,PT_OCGT,2050,2,15,15,0.0
47080,PT_OCGT,2050,2,16,16,0.0
47081,PT_OCGT,2050,2,17,17,0.0
47082,PT_OCGT,2050,2,18,18,0.0
47083,PT_OCGT,2050,2,19,19,0.0
47084,PT_OCGT,2050,2,20,20,0.0
47085,PT_OCGT,2050,2,21,21,0.0
47086,PT_OCGT,2050,2,22,22,0.0
47087,PT_OCGT,2050,2,23,23,0.0
47088,PT_OCGT,2050,2,24,24,0.0
47089,PT_OCGT,2050,3,1,1,0.0
47090,PT_OCGT,2050,3,2,2,0.0
47091,PT_OCGT,2050,3,3,3,0.0
47092,PT_OCGT,2050,3,4,4,0.0
47093,PT_OCGT,2050,3,5,5,0.0
47094,PT_OCGT,2050,3,6,6,0.0
47095,PT_OCGT,2050,3,7,7,0.0
47096,PT_OCGT,2050,3,8,8,0.0
47097,PT_OCGT,2050,3,9,9,0.0
47098,PT_OCGT,2050,3,10,10,0.0
47099,PT_OCGT,2050,3,11,11,0.0
47100,PT_OCGT,2050,3,12,12,0.0
47101,PT_OCGT,2050,3,13,13,0.0
47102,PT_OCGT,2050,3,14,14,0.0
47103,PT_OCGT,2050,3,15,15,0.0
47104,PT_OCGT,2050,3,16,16,0.0
47105,PT_OCGT,2050,3,17,17,0.0
47106,PT_OCGT,2050,3,18,18,0.0
47107,PT_OCGT,2050,3,19,19,-20.931831411332674
47108,PT_OCGT,2050,3,20,20,-7.535665705666337
47109,PT_OCGT,2050,3,21,21,0.0
47110,PT_OCGT,2050,3,22,22,0.0
47111,PT_OCGT,2050,3,23,23,0.0
47112,PT_OCGT,2050,3,24,24,0.0
47113,PT_OCGT,2050,4,1,1,0.0
47114,PT_OCGT,2050,4,2,2,0.0
47115,PT_OCGT,2050,4,3,3,0.0
47116,PT_OCGT,2050,4,4,4,0.0
47117,PT_OCGT,2050,4,5,5,0.0
47118,PT_OCGT,2050,4,6,6,0.0
47119,PT_OCGT,2050,4,7,7,0.0
47120,PT_OCGT,2050,4,8,8,0.0
47121,PT_OCGT,2050,4,9,9,0.0
47122,PT_OCGT,2050,4,10,10,0.0
47123,PT_OCGT,2050,4,11,11,0.0
47124,PT_OCGT,2050,4,12,12,0.0
47125,PT_OCGT,2050,4,13,13,0.0
47126,PT_OCGT,2050,4,14,14,0.0
47127,PT_OCGT,2050,4,15,15,0.0
47128,PT_OCGT,2050,4,16,16,0.0
47129,PT_OCGT,2050,4,17,17,0.0
47130,PT_OCGT,2050,4,18,18,0.0
47131,PT_OCGT,2050,4,19,19,0.0
47132,PT_OCGT,2050,4,20,20,0.0
47133,PT_OCGT,2050,4,21,21,0.0
47134,PT_OCGT,2050,4,22,22,0.0
47135,PT_OCGT,2050,4,23,23,0.0
47136,PT_OCGT,2050,4,24,24,0.0
47137,PT_OCGT,2050,5,1,1,0.0
47138,PT_OCGT,2050,5,2,2,0.0
47139,PT_OCGT,2050,5,3,3,0.0
47140,PT_OCGT,2050,5,4,4,0.0
47141,PT_OCGT,2050,5,5,5,0.0
47142,PT_OCGT,2050,5,6,6,0.0
47143,PT_OCGT,2050,5,7,7,0.0
47144,PT_OCGT,2050,5,8,8,0.0
47145,PT_OCGT,2050,5,9,9,0.0
47146,PT_OCGT,2050,5,10,10,0.0
47147,PT_OCGT,2050,5,11,11,0.0
47148,PT_OCGT,2050,5,12,12,0.0
47149,PT_OCGT,2050,5,13,13,0.0
47150,PT_OCGT,2050,5,14,14,0.0
47151,PT_OCGT,2050,5,15,15,0.0
47152,PT_OCGT,2050,5,16,16,0.0
47153,PT_OCGT,2050,5,17,17,0.0
47154,PT_OCGT,2050,5,18,18,0.0
47155,PT_OCGT,2050,5,19,19,0.0
47156,PT_OCGT,2050,5,20,20,0.0
47157,PT_OCGT,2050,5,21,21,0.0
47158,PT_OCGT,2050,5,22,22,0.0
47159,PT_OCGT,2050,5,23,23,0.0
47160,PT_OCGT,2050,5,24,24,0.0
47161,PT_OCGT,2050,6,1,1,0.0
47162,PT_OCGT,2050,6,2,2,0.0
47163,PT_OCGT,2050,6,3,3,0.0
47164,PT_OCGT,2050,6,4,4,0.0
47165,PT_OCGT,2050,6,5,5,0.0
47166,PT_OCGT,2050,6,6,6,0.0
47167,PT_OCGT,2050,6,7,7,0.0
47168,PT_OCGT,2050,6,8,8,0.0
47169,PT_OCGT,2050,6,9,9,0.0
47170,PT_OCGT,2050,6,10,10,0.0
47171,PT_OCGT,2050,6,11,11,0.0
47172,PT_OCGT,2050,6,12,12,0.0
47173,PT_OCGT,2050,6,13,13,0.0
47174,PT_OCGT,2050,6,14,14,0.0
47175,PT_OCGT,2050,6,15,15,0.0
47176,PT_OCGT,2050,6,16,16,0.0
47177,PT_OCGT,2050,6,17,17,0.0
47178,PT_OCGT,2050,6,18,18,0.0
47179,PT_OCGT,2050,6,19,19,0.0
47180,PT_OCGT,2050,6,20,20,0.0
47181,PT_OCGT,2050,6,21,21,0.0
47182,PT_OCGT,2050,6,22,22,0.0
47183,PT_OCGT,2050,6,23,23,0.0
47184,PT_OCGT,2050,6,24,24,0.0
47185,PT_OCGT,2050,7,1,1,0.0
47186,PT_OCGT,2050,7,2,2,0.0
47187,PT_OCGT,2050,7,3,3,0.0
47188,PT_OCGT,2050,7,4,4,0.0
47189,PT_OCGT,2050,7,5,5,0.0
47190,PT_OCGT,2050,7,6,6,0.0
47191,PT_OCGT,2050,7,7,7,0.0
47192,PT_OCGT,2050,7,8,8,0.0
47193,PT_OCGT,2050,7,9,9,0.0
47194,PT_OCGT,2050,7,10,10,0.0
47195,PT_OCGT,2050,7,11,11,0.0
47196,PT_OCGT,2050,7,12,12,0.0
47197,PT_OCGT,2050,7,13,13,0.0
47198,PT_OCGT,2050,7,14,14,0.0
47199,PT_OCGT,2050,7,15,15,0.0
47200,PT_OCGT,2050,7,16,16,0.0
47201,PT_OCGT,2050,7,17,17,0.0
47202,PT_OCGT,2050,7,18,18,0.0
47203,PT_OCGT,2050,7,19,19,0.0
47204,PT_OCGT,2050,7,20,20,0.0
47205,PT_OCGT,2050,7,21,21,0.0
47206,PT_OCGT,2050,7,22,22,0.0
47207,PT_OCGT,2050,7,23,23,0.0
47208,PT_OCGT,2050,7,24,24,0.0
47209,PT_OCGT,2050,8,1,1,0.0
47210,PT_OCGT,2050,8,2,2,0.0
47211,PT_OCGT,2050,8,3,3,0.0
47212,PT_OCGT,2050,8,4,4,0.0
47213,PT_OCGT,2050,8,5,5,0.0
47214,PT_OCGT,2050,8,6,6,0.0
47215,PT_OCGT,2050,8,7,7,0.0
47216,PT_OCGT,2050,8,8,8,0.0
47217,PT_OCGT,2050,8,9,9,0.0
47218,PT_OCGT,2050,8,10,10,0.0
47219,PT_OCGT,2050,8,11,11,0.0
47220,PT_OCGT,2050,8,12,12,0.0
47221,PT_OCGT,2050,8,13,13,0.0
47222,PT_OCGT,2050,8,14,14,0.0
47223,PT_OCGT,2050,8,15,15,0.0
47224,PT_OCGT,2050,8,16,16,0.0
47225,PT_OCGT,2050,8,17,17,0.0
47226,PT_OCGT,2050,8,18,18,0.0
47227,PT_OCGT,2050,8,19,19,0.0
47228,PT_OCGT,2050,8,20,20,0.0
47229,PT_OCGT,2050,8,21,21,0.0
47230,PT_OCGT,2050,8,22,22,0.0
47231,PT_OCGT,2050,8,23,23,0.0
47232,PT_OCGT,2050,8,24,24,0.0
47233,PT_OCGT,2050,9,1,1,0.0
47234,PT_OCGT,2050,9,2,2,0.0
47235,PT_OCGT,2050,9,3,3,0.0
47236,PT_OCGT,2050,9,4,4,0.0
47237,PT_OCGT,2050,9,5,5,0.0
47238,PT_OCGT,2050,9,6,6,0.0
47239,PT_OCGT,2050,9,7,7,0.0
47240,PT_OCGT,2050,9,8,8,0.0
47241,PT_OCGT,2050,9,9,9,0.0
47242,PT_OCGT,2050,9,10,10,0.0
47243,PT_OCGT,2050,9,11,11,0.0
47244,PT_OCGT,2050,9,12,12,0.0
47245,PT_OCGT,2050,9,13,13,0.0
47246,PT_OCGT,2050,9,14,14,0.0
47247,PT_OCGT,2050,9,15,15,0.0
47248,PT_OCGT,2050,9,16,16,0.0
47249,PT_OCGT,2050,9,17,17,0.0
47250,PT_OCGT,2050,9,18,18,0.0
47251,PT_OCGT,2050,9,19,19,0.0
47252,PT_OCGT,2050,9,20,20,0.0
47253,PT_OCGT,2050,9,21,21,0.0
47254,PT_OCGT,2050,9,22,22,0.0
47255,PT_OCGT,2050,9,23,23,0.0
47256,PT_OCGT,2050,9,24,24,0.0
47257,PT_OCGT,2050,10,1,1,0.0
47258,PT_OCGT,2050,10,2,2,0.0
47259,PT_OCGT,2050,10,3,3,0.0
47260,PT_OCGT,2050,10,4,4,0.0
47261,PT_OCGT,2050,10,5,5,0.0
47262,PT_OCGT,2050,10,6,6,0.0
47263,PT_OCGT,2050,10,7,7,0.0
47264,PT_OCGT,2050,10,8,8,0.0
47265,PT_OCGT,2050,10,9,9,0.0
47266,PT_OCGT,2050,10,10,10,0.0
47267,PT_OCGT,2050,10,11,11,0.0
47268,PT_OCGT,2050,10,12,12,0.0
47269,PT_OCGT,2050,10,13,13,0.0
47270,PT_OCGT,2050,10,14,14,0.0
47271,PT_OCGT,2050,10,15,15,0.0
47272,PT_OCGT,2050,10,16,16,0.0
47273,PT_OCGT,2050,10,17,17,0.0
47274,PT_OCGT,2050,10,18,18,0.0
47275,PT_OCGT,2050,10,19,19,0.0
47276,PT_OCGT,2050,10,20,20,0.0
47277,PT_OCGT,2050,10,21,21,0.0
47278,PT_OCGT,2050,10,22,22,0.0
47279,PT_OCGT,2050,10,23,23,0.0
47280,PT_OCGT,2050,10,24,24,0.0
47281,PT_Solar,2050,1,1,1,-0.9381
47282,PT_Solar,2050,1,2,2,-0.9381
47283,PT_Solar,2050,1,3,3,-0.9381
47284,PT_Solar,2050,1,4,4,-0.9381
47285,PT_Solar,2050,1,5,5,-0.9381
47286,PT_Solar,2050,1,6,6,-0.9381
47287,PT_Solar,2050,1,7,7,-2.703
47288,PT_Solar,2050,1,8,8,-2.703
47289,PT_Solar,2050,1,9,9,-2.703
47290,PT_Solar,2050,1,10,10,-2.703
47291,PT_Solar,2050,1,11,11,-1.749
47292,PT_Solar,2050,1,12,12,-0.9381
47293,PT_Solar,2050,1,13,13,-0.9381
47294,PT_Solar,2050,1,14,14,-0.9381
47295,PT_Solar,2050,1,15,15,-0.9381
47296,PT_Solar,2050,1,16,16,-0.9381
47297,PT_Solar,2050,1,17,17,-0.9381
47298,PT_Solar,2050,1,18,18,-0.9381
47299,PT_Solar,2050,1,19,19,-0.9381
47300,PT_Solar,2050,1,20,20,-0.9381
47301,PT_Solar,2050,1,21,21,-0.9381
47302,PT_Solar,2050,1,22,22,-0.9381
47303,PT_Solar,2050,1,23,23,-0.9381
47304,PT_Solar,2050,1,24,24,-0.9381
47305,PT_Solar,2050,2,1,1,-0.5841000000000001
47306,PT_Solar,2050,2,2,2,-0.5841000000000001
47307,PT_Solar,2050,2,3,3,-0.5841000000000001
47308,PT_Solar,2050,2,4,4,-0.5841000000000001
47309,PT_Solar,2050,2,5,5,-0.5841000000000001
47310,PT_Solar,2050,2,6,6,-0.5841000000000001
47311,PT_Solar,2050,2,7,7,-0.5841000000000001
47312,PT_Solar,2050,2,8,8,-0.5841000000000001
47313,PT_Solar,2050,2,9,9,-0.5841000000000001
47314,PT_Solar,2050,2,10,10,-0.5841000000000001
47315,PT_Solar,2050,2,11,11,-0.5841000000000001
47316,PT_Solar,2050,2,12,12,-0.5841000000000001
47317,PT_Solar,2050,2,13,13,-0.5841000000000001
47318,PT_Solar,2050,2,14,14,0.0
47319,PT_Solar,2050,2,15,15,0.0
47320,PT_Solar,2050,2,16,16,0.0
47321,PT_Solar,2050,2,17,17,0.0
47322,PT_Solar,2050,2,18,18,-0.5841000000000001
47323,PT_Solar,2050,2,19,19,-0.5841000000000001
47324,PT_Solar,2050,2,20,20,-0.5841000000000001
47325,PT_Solar,2050,2,21,21,-0.5841000000000001
47326,PT_Solar,2050,2,22,22,-0.5841000000000001
47327,PT_Solar,2050,2,23,23,-0.5841000000000001
47328,PT_Solar,2050,2,24,24,-0.5841000000000001
47329,PT_Solar,2050,3,1,1,-0.5133
47330,PT_Solar,2050,3,2,2,-0.5133
47331,PT_Solar,2050,3,3,3,-0.5133
47332,PT_Solar,2050,3,4,4,-0.5133
47333,PT_Solar,2050,3,5,5,-0.5133
47334,PT_Solar,2050,3,6,6,-0.5133
47335,PT_Solar,2050,3,7,7,-0.5133
47336,PT_Solar,2050,3,8,8,-0.5133
47337,PT_Solar,2050,3,9,9,-0.9570000000000001
47338,PT_Solar,2050,3,10,10,-0.9570000000000001
47339,PT_Solar,2050,3,11,11,-0.9570000000000001
47340,PT_Solar,2050,3,12,12,-0.9570000000000001
47341,PT_Solar,2050,3,13,13,-0.9570000000000001
47342,PT_Solar,2050,3,14,14,-0.9570000000000001
47343,PT_Solar,2050,3,15,15,-0.9570000000000001
47344,PT_Solar,2050,3,16,16,-0.9570000000000001
47345,PT_Solar,2050,3,17,17,-0.9570000000000001
47346,PT_Solar,2050,3,18,18,-1.4789999999999999
47347,PT_Solar,2050,3,19,19,-22.410831411332673
47348,PT_Solar,2050,3,20,20,-9.014665705666337
47349,PT_Solar,2050,3,21,21,-1.4789999999999999
47350,PT_Solar,2050,3,22,22,-1.4789999999999999
47351,PT_Solar,2050,3,23,23,-1.4789999999999999
47352,PT_Solar,2050,3,24,24,-1.4789999999999999
47353,PT_Solar,2050,4,1,1,0.0
47354,PT_Solar,2050,4,2,2,0.0
47355,PT_Solar,2050,4,3,3,0.0
47356,PT_Solar,2050,4,4,4,0.0
47357,PT_Solar,2050,4,5,5,0.0
47358,PT_Solar,2050,4,6,6,0.0
47359,PT_Solar,2050,4,7,7,0.0
47360,PT_Solar,2050,4,8,8,0.0
47361,PT_Solar,2050,4,9,9,0.0
47362,PT_Solar,2050,4,10,10,0.0
47363,PT_Solar,2050,4,11,11,0.0
47364,PT_Solar,2050,4,12,12,0.0
47365,PT_Solar,2050,4,13,13,0.0
47366,PT_Solar,2050,4,14,14,0.0
47367,PT_Solar,2050,4,15,15,0.0
47368,PT_Solar,2050,4,16,16,0.0
47369,PT_Solar,2050,4,17,17,0.0
47370,PT_Solar,2050,4,18,18,0.0
47371,PT_Solar,2050,4,19,19,0.0
47372,PT_Solar,2050,4,20,20,0.0
47373,PT_Solar,2050,4,21,21,0.0
47374,PT_Solar,2050,4,22,22,0.0
47375,PT_Solar,2050,4,23,23,0.0
47376,PT_Solar,2050,4,24,24,0.0
47377,PT_Solar,2050,5,1,1,-1.7160000000000002
47378,PT_Solar,2050,5,2,2,-0.9204
47379,PT_Solar,2050,5,3,3,-0.9204
47380,PT_Solar,2050,5,4,4,-0.9204
47381,PT_Solar,2050,5,5,5,-0.9204
47382,PT_Solar,2050,5,6,6,-0.9204
47383,PT_Solar,2050,5,7,7,-0.9204
47384,PT_Solar,2050,5,8,8,-0.9204
47385,PT_Solar,2050,5,9,9,-0.9204
47386,PT_Solar,2050,5,10,10,-0.9204
47387,PT_Solar,2050,5,11,11,-0.9204
47388,PT_Solar,2050,5,12,12,-0.9204
47389,PT_Solar,2050,5,13,13,-0.9204
47390,PT_Solar,2050,5,14,14,-0.9204
47391,PT_Solar,2050,5,15,15,-0.9204
47392,PT_Solar,2050,5,16,16,-0.9204
47393,PT_Solar,2050,5,17,17,-0.9204
47394,PT_Solar,2050,5,18,18,-2.6519999999999997
47395,PT_Solar,2050,5,19,19,-2.6519999999999997
47396,PT_Solar,2050,5,20,20,-2.6519999999999997
47397,PT_Solar,2050,5,21,21,-2.6519999999999997
47398,PT_Solar,2050,5,22,22,-2.6519999999999997
47399,PT_Solar,2050,5,23,23,-2.6519999999999997
47400,PT_Solar,2050,5,24,24,-2.6519999999999997
47401,PT_Solar,2050,6,1,1,0.0
47402,PT_Solar,2050,6,2,2,0.0
47403,PT_Solar,2050,6,3,3,0.0
47404,PT_Solar,2050,6,4,4,0.0
47405,PT_Solar,2050,6,5,5,0.0
47406,PT_Solar,2050,6,6,6,0.0
47407,PT_Solar,2050,6,7,7,0.0
47408,PT_Solar,2050,6,8,8,0.0
47409,PT_Solar,2050,6,9,9,0.0
47410,PT_Solar,2050,6,10,10,0.0
47411,PT_Solar,2050,6,11,11,0.0
47412,PT_Solar,2050,6,12,12,0.0
47413,PT_Solar,2050,6,13,13,0.0
47414,PT_Solar,2050,6,14,14,0.0
47415,PT_Solar,2050,6,15,15,0.0
47416,PT_Solar,2050,6,16,16,0.0
47417,PT_Solar,2050,6,17,17,0.0
47418,PT_Solar,2050,6,18,18,0.0
47419,PT_Solar,2050,6,19,19,0.0
47420,PT_Solar,2050,6,20,20,0.0
47421,PT_Solar,2050,6,21,21,0.0
47422,PT_Solar,2050,6,22,22,0.0
47423,PT_Solar,2050,6,23,23,0.0
47424,PT_Solar,2050,6,24,24,0.0
47425,PT_Solar,2050,7,1,1,-0.6549
47426,PT_Solar,2050,7,2,2,-0.6549
47427,PT_Solar,2050,7,3,3,-0.6549
47428,PT_Solar,2050,7,4,4,-0.6549
47429,PT_Solar,2050,7,5,5,-0.6549
47430,PT_Solar,2050,7,6,6,-0.6549
47431,PT_Solar,2050,7,7,7,-0.6549
47432,PT_Solar,2050,7,8,8,-0.6549
47433,PT_Solar,2050,7,9,9,-0.6549
47434,PT_Solar,2050,7,10,10,-0.6549
47435,PT_Solar,2050,7,11,11,-0.6549
47436,PT_Solar,2050,7,12,12,-0.6549
47437,PT_Solar,2050,7,13,13,-0.6549
47438,PT_Solar,2050,7,14,14,-0.6549
47439,PT_Solar,2050,7,15,15,-0.6549
47440,PT_Solar,2050,7,16,16,-0.6549
47441,PT_Solar,2050,7,17,17,-0.6549
47442,PT_Solar,2050,7,18,18,-0.6549
47443,PT_Solar,2050,7,19,19,-0.6549
47444,PT_Solar,2050,7,20,20,-0.6549
47445,PT_Solar,2050,7,21,21,-0.6549
47446,PT_Solar,2050,7,22,22,-0.6549
47447,PT_Solar,2050,7,23,23,-0.6549
47448,PT_Solar,2050,7,24,24,-0.6549
47449,PT_Solar,2050,8,1,1,-0.5487
47450,PT_Solar,2050,8,2,2,-0.5487
47451,PT_Solar,2050,8,3,3,-0.5487
47452,PT_Solar,2050,8,4,4,-0.5487
47453,PT_Solar,2050,8,5,5,-0.5487
47454,PT_Solar,2050,8,6,6,-0.5487
47455,PT_Solar,2050,8,7,7,-0.5487
47456,PT_Solar,2050,8,8,8,-0.5487
47457,PT_Solar,2050,8,9,9,-0.5487
47458,PT_Solar,2050,8,10,10,-0.5487
47459,PT_Solar,2050,8,11,11,-0.5487
47460,PT_Solar,2050,8,12,12,-0.5487
47461,PT_Solar,2050,8,13,13,-0.5487
47462,PT_Solar,2050,8,14,14,-0.5487
47463,PT_Solar,2050,8,15,15,-0.5487
47464,PT_Solar,2050,8,16,16,-0.5487
47465,PT_Solar,2050,8,17,17,-0.5487
47466,PT_Solar,2050,8,18,18,-0.5487
47467,PT_Solar,2050,8,19,19,-0.5487
47468,PT_Solar,2050,8,20,20,-0.5487
47469,PT_Solar,2050,8,21,21,-0.5487
47470,PT_Solar,2050,8,22,22,-0.5487
47471,PT_Solar,2050,8,23,23,-0.5487
47472,PT_Solar,2050,8,24,24,-0.5487
47473,PT_Solar,2050,9,1,1,-0.7611
47474,PT_Solar,2050,9,2,2,-0.7611
47475,PT_Solar,2050,9,3,3,-0.7611
47476,PT_Solar,2050,9,4,4,-0.7611
47477,PT_Solar,2050,9,5,5,-0.7611
47478,PT_Solar,2050,9,6,6,-0.7611
47479,PT_Solar,2050,9,7,7,-0.7611
47480,PT_Solar,2050,9,8,8,-0.7611
47481,PT_Solar,2050,9,9,9,-0.7611
47482,PT_Solar,2050,9,10,10,-0.7611
47483,PT_Solar,2050,9,11,11,-0.7611
47484,PT_Solar,2050,9,12,12,-0.7611
47485,PT_Solar,2050,9,13,13,-0.7611
47486,PT_Solar,2050,9,14,14,-0.7611
47487,PT_Solar,2050,9,15,15,-0.7611
47488,PT_Solar,2050,9,16,16,-0.7611
47489,PT_Solar,2050,9,17,17,-0.7611
47490,PT_Solar,2050,9,18,18,-0.7611
47491,PT_Solar,2050,9,19,19,-0.7611
47492,PT_Solar,2050,9,20,20,-0.7611
47493,PT_Solar,2050,9,21,21,-0.7611
47494,PT_Solar,2050,9,22,22,-0.7611
47495,PT_Solar,2050,9,23,23,-0.7611
47496,PT_Solar,2050,9,24,24,-0.7611
47497,PT_Solar,2050,10,1,1,0.0
47498,PT_Solar,2050,10,2,2,0.0
47499,PT_Solar,2050,10,3,3,0.0
47500,PT_Solar,2050,10,4,4,0.0
47501,PT_Solar,2050,10,5,5,0.0
47502,PT_Solar,2050,10,6,6,0.0
47503,PT_Solar,2050,10,7,7,0.0
47504,PT_Solar,2050,10,8,8,0.0
47505,PT_Solar,2050,10,9,9,0.0
47506,PT_Solar,2050,10,10,10,0.0
47507,PT_Solar,2050,10,11,11,0.0
47508,PT_Solar,2050,10,12,12,0.0
47509,PT_Solar,2050,10,13,13,0.0
47510,PT_Solar,2050,10,14,14,0.0
47511,PT_Solar,2050,10,15,15,0.0
47512,PT_Solar,2050,10,16,16,0.0
47513,PT_Solar,2050,10,17,17,0.0
47514,PT_Solar,2050,10,18,18,0.0
47515,PT_Solar,2050,10,19,19,-0.8142
47516,PT_Solar,2050,10,20,20,-0.8142
47517,PT_Solar,2050,10,21,21,-0.8142
47518,PT_Solar,2050,10,22,22,-0.8142
47519,PT_Solar,2050,10,23,23,-0.8142
47520,PT_Solar,2050,10,24,24,-0.8142
47521,PT_Wind_Offshore,2050,1,1,1,-0.9381
47522,PT_Wind_Offshore,2050,1,2,2,-0.9381
47523,PT_Wind_Offshore,2050,1,3,3,-0.9381
47524,PT_Wind_Offshore,2050,1,4,4,-0.9381
47525,PT_Wind_Offshore,2050,1,5,5,-0.9381
47526,PT_Wind_Offshore,2050,1,6,6,-0.9381
47527,PT_Wind_Offshore,2050,1,7,7,-2.703
47528,PT_Wind_Offshore,2050,1,8,8,-2.703
47529,PT_Wind_Offshore,2050,1,9,9,-2.703
47530,PT_Wind_Offshore,2050,1,10,10,-2.703
47531,PT_Wind_Offshore,2050,1,11,11,-1.749
47532,PT_Wind_Offshore,2050,1,12,12,-0.9381
47533,PT_Wind_Offshore,2050,1,13,13,-0.9381
47534,PT_Wind_Offshore,2050,1,14,14,-0.9381
47535,PT_Wind_Offshore,2050,1,15,15,-0.9381
47536,PT_Wind_Offshore,2050,1,16,16,-0.9381
47537,PT_Wind_Offshore,2050,1,17,17,-0.9381
47538,PT_Wind_Offshore,2050,1,18,18,-0.9381
47539,PT_Wind_Offshore,2050,1,19,19,-0.9381
47540,PT_Wind_Offshore,2050,1,20,20,-0.9381
47541,PT_Wind_Offshore,2050,1,21,21,-0.9381
47542,PT_Wind_Offshore,2050,1,22,22,-0.9381
47543,PT_Wind_Offshore,2050,1,23,23,-0.9381
47544,PT_Wind_Offshore,2050,1,24,24,-0.9381
47545,PT_Wind_Offshore,2050,2,1,1,-0.5841000000000001
47546,PT_Wind_Offshore,2050,2,2,2,-0.5841000000000001
47547,PT_Wind_Offshore,2050,2,3,3,-0.5841000000000001
47548,PT_Wind_Offshore,2050,2,4,4,-0.5841000000000001
47549,PT_Wind_Offshore,2050,2,5,5,-0.5841000000000001
47550,PT_Wind_Offshore,2050,2,6,6,-0.5841000000000001
47551,PT_Wind_Offshore,2050,2,7,7,-0.5841000000000001
47552,PT_Wind_Offshore,2050,2,8,8,-0.5841000000000001
47553,PT_Wind_Offshore,2050,2,9,9,-0.5841000000000001
47554,PT_Wind_Offshore,2050,2,10,10,-0.5841000000000001
47555,PT_Wind_Offshore,2050,2,11,11,-0.5841000000000001
47556,PT_Wind_Offshore,2050,2,12,12,-0.5841000000000001
47557,PT_Wind_Offshore,2050,2,13,13,-0.5841000000000001
47558,PT_Wind_Offshore,2050,2,14,14,0.0
47559,PT_Wind_Offshore,2050,2,15,15,0.0
47560,PT_Wind_Offshore,2050,2,16,16,0.0
47561,PT_Wind_Offshore,2050,2,17,17,0.0
47562,PT_Wind_Offshore,2050,2,18,18,-0.5841000000000001
47563,PT_Wind_Offshore,2050,2,19,19,-0.5841000000000001
47564,PT_Wind_Offshore,2050,2,20,20,-0.5841000000000001
47565,PT_Wind_Offshore,2050,2,21,21,-0.5841000000000001
47566,PT_Wind_Offshore,2050,2,22,22,-0.5841000000000001
47567,PT_Wind_Offshore,2050,2,23,23,-0.5841000000000001
47568,PT_Wind_Offshore,2050,2,24,24,-0.5841000000000001
47569,PT_Wind_Offshore,2050,3,1,1,-0.5133
47570,PT_Wind_Offshore,2050,3,2,2,-0.5133
47571,PT_Wind_Offshore,2050,3,3,3,-0.5133
47572,PT_Wind_Offshore,2050,3,4,4,-0.5133
47573,PT_Wind_Offshore,2050,3,5,5,-0.5133
47574,PT_Wind_Offshore,2050,3,6,6,-0.5133
47575,PT_Wind_Offshore,2050,3,7,7,-0.5133
47576,PT_Wind_Offshore,2050,3,8,8,-0.5133
47577,PT_Wind_Offshore,2050,3,9,9,-0.9570000000000001
47578,PT_Wind_Offshore,2050,3,10,10,-0.9570000000000001
47579,PT_Wind_Offshore,2050,3,11,11,-0.9570000000000001
47580,PT_Wind_Offshore,2050,3,12,12,-0.9570000000000001
47581,PT_Wind_Offshore,2050,3,13,13,-0.9570000000000001
47582,PT_Wind_Offshore,2050,3,14,14,-0.9570000000000001
47583,PT_Wind_Offshore,2050,3,15,15,-0.9570000000000001
47584,PT_Wind_Offshore,2050,3,16,16,-0.9570000000000001
47585,PT_Wind_Offshore,2050,3,17,17,-0.9570000000000001
47586,PT_Wind_Offshore,2050,3,18,18,-1.4789999999999999
47587,PT_Wind_Offshore,2050,3,19,19,-22.410831411332673
47588,PT_Wind_Offshore,2050,3,20,20,-9.014665705666337
47589,PT_Wind_Offshore,2050,3,21,21,-1.4789999999999999
47590,PT_Wind_Offshore,2050,3,22,22,-1.4789999999999999
47591,PT_Wind_Offshore,2050,3,23,23,-1.4789999999999999
47592,PT_Wind_Offshore,2050,3,24,24,-1.4789999999999999
47593,PT_Wind_Offshore,2050,4,1,1,0.0
47594,PT_Wind_Offshore,2050,4,2,2,0.0
47595,PT_Wind_Offshore,2050,4,3,3,0.0
47596,PT_Wind_Offshore,2050,4,4,4,0.0
47597,PT_Wind_Offshore,2050,4,5,5,0.0
47598,PT_Wind_Offshore,2050,4,6,6,0.0
47599,PT_Wind_Offshore,2050,4,7,7,0.0
47600,PT_Wind_Offshore,2050,4,8,8,0.0
47601,PT_Wind_Offshore,2050,4,9,9,0.0
47602,PT_Wind_Offshore,2050,4,10,10,0.0
47603,PT_Wind_Offshore,2050,4,11,11,0.0
47604,PT_Wind_Offshore,2050,4,12,12,0.0
47605,PT_Wind_Offshore,2050,4,13,13,0.0
47606,PT_Wind_Offshore,2050,4,14,14,0.0
47607,PT_Wind_Offshore,2050,4,15,15,0.0
47608,PT_Wind_Offshore,2050,4,16,16,0.0
47609,PT_Wind_Offshore,2050,4,17,17,0.0
47610,PT_Wind_Offshore,2050,4,18,18,0.0
47611,PT_Wind_Offshore,2050,4,19,19,0.0
47612,PT_Wind_Offshore,2050,4,20,20,0.0
47613,PT_Wind_Offshore,2050,4,21,21,0.0
47614,PT_Wind_Offshore,2050,4,22,22,0.0
47615,PT_Wind_Offshore,2050,4,23,23,0.0
47616,PT_Wind_Offshore,2050,4,24,24,0.0
47617,PT_Wind_Offshore,2050,5,1,1,-1.7160000000000002
47618,PT_Wind_Offshore,2050,5,2,2,-0.9204
47619,PT_Wind_Offshore,2050,5,3,3,-0.9204
47620,PT_Wind_Offshore,2050,5,4,4,-0.9204
47621,PT_Wind_Offshore,2050,5,5,5,-0.9204
47622,PT_Wind_Offshore,2050,5,6,6,-0.9204
47623,PT_Wind_Offshore,2050,5,7,7,-0.9204
47624,PT_Wind_Offshore,2050,5,8,8,-0.9204
47625,PT_Wind_Offshore,2050,5,9,9,-0.9204
47626,PT_Wind_Offshore,2050,5,10,10,-0.9204
47627,PT_Wind_Offshore,2050,5,11,11,-0.9204
47628,PT_Wind_Offshore,2050,5,12,12,-0.9204
47629,PT_Wind_Offshore,2050,5,13,13,-0.9204
47630,PT_Wind_Offshore,2050,5,14,14,-0.9204
47631,PT_Wind_Offshore,2050,5,15,15,-0.9204
47632,PT_Wind_Offshore,2050,5,16,16,-0.9204
47633,PT_Wind_Offshore,2050,5,17,17,-0.9204
47634,PT_Wind_Offshore,2050,5,18,18,-2.6519999999999997
47635,PT_Wind_Offshore,2050,5,19,19,-2.6519999999999997
47636,PT_Wind_Offshore,2050,5,20,20,-2.6519999999999997
47637,PT_Wind_Offshore,2050,5,21,21,-2.6519999999999997
47638,PT_Wind_Offshore,2050,5,22,22,-2.6519999999999997
47639,PT_Wind_Offshore,2050,5,23,23,-2.6519999999999997
47640,PT_Wind_Offshore,2050,5,24,24,-2.6519999999999997
47641,PT_Wind_Offshore,2050,6,1,1,0.0
47642,PT_Wind_Offshore,2050,6,2,2,0.0
47643,PT_Wind_Offshore,2050,6,3,3,0.0
47644,PT_Wind_Offshore,2050,6,4,4,0.0
47645,PT_Wind_Offshore,2050,6,5,5,0.0
47646,PT_Wind_Offshore,2050,6,6,6,0.0
47647,PT_Wind_Offshore,2050,6,7,7,0.0
47648,PT_Wind_Offshore,2050,6,8,8,0.0
47649,PT_Wind_Offshore,2050,6,9,9,0.0
47650,PT_Wind_Offshore,2050,6,10,10,0.0
47651,PT_Wind_Offshore,2050,6,11,11,0.0
47652,PT_Wind_Offshore,2050,6,12,12,0.0
47653,PT_Wind_Offshore,2050,6,13,13,0.0
47654,PT_Wind_Offshore,2050,6,14,14,0.0
47655,PT_Wind_Offshore,2050,6,15,15,0.0
47656,PT_Wind_Offshore,2050,6,16,16,0.0
47657,PT_Wind_Offshore,2050,6,17,17,0.0
47658,PT_Wind_Offshore,2050,6,18,18,0.0
47659,PT_Wind_Offshore,2050,6,19,19,0.0
47660,PT_Wind_Offshore,2050,6,20,20,0.0
47661,PT_Wind_Offshore,2050,6,21,21,0.0
47662,PT_Wind_Offshore,2050,6,22,22,0.0
47663,PT_Wind_Offshore,2050,6,23,23,0.0
47664,PT_Wind_Offshore,2050,6,24,24,0.0
47665,PT_Wind_Offshore,2050,7,1,1,-0.6549
47666,PT_Wind_Offshore,2050,7,2,2,-0.6549
47667,PT_Wind_Offshore,2050,7,3,3,-0.6549
47668,PT_Wind_Offshore,2050,7,4,4,-0.6549
47669,PT_Wind_Offshore,2050,7,5,5,-0.6549
47670,PT_Wind_Offshore,2050,7,6,6,-0.6549
47671,PT_Wind_Offshore,2050,7,7,7,-0.6549
47672,PT_Wind_Offshore,2050,7,8,8,-0.6549
47673,PT_Wind_Offshore,2050,7,9,9,-0.6549
47674,PT_Wind_Offshore,2050,7,10,10,-0.6549
47675,PT_Wind_Offshore,2050,7,11,11,-0.6549
47676,PT_Wind_Offshore,2050,7,12,12,-0.6549
47677,PT_Wind_Offshore,2050,7,13,13,-0.6549
47678,PT_Wind_Offshore,2050,7,14,14,-0.6549
47679,PT_Wind_Offshore,2050,7,15,15,-0.6549
47680,PT_Wind_Offshore,2050,7,16,16,-0.6549
47681,PT_Wind_Offshore,2050,7,17,17,-0.6549
47682,PT_Wind_Offshore,2050,7,18,18,-0.6549
47683,PT_Wind_Offshore,2050,7,19,19,-0.6549
47684,PT_Wind_Offshore,2050,7,20,20,-0.6549
47685,PT_Wind_Offshore,2050,7,21,21,-0.6549
47686,PT_Wind_Offshore,2050,7,22,22,-0.6549
47687,PT_Wind_Offshore,2050,7,23,23,-0.6549
47688,PT_Wind_Offshore,2050,7,24,24,-0.6549
47689,PT_Wind_Offshore,2050,8,1,1,-0.5487
47690,PT_Wind_Offshore,2050,8,2,2,-0.5487
47691,PT_Wind_Offshore,2050,8,3,3,-0.5487
47692,PT_Wind_Offshore,2050,8,4,4,-0.5487
47693,PT_Wind_Offshore,2050,8,5,5,-0.5487
47694,PT_Wind_Offshore,2050,8,6,6,-0.5487
47695,PT_Wind_Offshore,2050,8,7,7,-0.5487
47696,PT_Wind_Offshore,2050,8,8,8,-0.5487
47697,PT_Wind_Offshore,2050,8,9,9,-0.5487
47698,PT_Wind_Offshore,2050,8,10,10,-0.5487
47699,PT_Wind_Offshore,2050,8,11,11,-0.5487
47700,PT_Wind_Offshore,2050,8,12,12,-0.5487
47701,PT_Wind_Offshore,2050,8,13,13,-0.5487
47702,PT_Wind_Offshore,2050,8,14,14,-0.5487
47703,PT_Wind_Offshore,2050,8,15,15,-0.5487
47704,PT_Wind_Offshore,2050,8,16,16,-0.5487
47705,PT_Wind_Offshore,2050,8,17,17,-0.5487
47706,PT_Wind_Offshore,2050,8,18,18,-0.5487
47707,PT_Wind_Offshore,2050,8,19,19,-0.5487
47708,PT_Wind_Offshore,2050,8,20,20,-0.5487
47709,PT_Wind_Offshore,2050,8,21,21,-0.5487
47710,PT_Wind_Offshore,2050,8,22,22,-0.5487
47711,PT_Wind_Offshore,2050,8,23,23,-0.5487
47712,PT_Wind_Offshore,2050,8,24,24,-0.5487
47713,PT_Wind_Offshore,2050,9,1,1,-0.7611
47714,PT_Wind_Offshore,2050,9,2,2,-0.7611
47715,PT_Wind_Offshore,2050,9,3,3,-0.7611
47716,PT_Wind_Offshore,2050,9,4,4,-0.7611
47717,PT_Wind_Offshore,2050,9,5,5,-0.7611
47718,PT_Wind_Offshore,2050,9,6,6,-0.7611
47719,PT_Wind_Offshore,2050,9,7,7,-0.7611
47720,PT_Wind_Offshore,2050,9,8,8,-0.7611
47721,PT_Wind_Offshore,2050,9,9,9,-0.7611
47722,PT_Wind_Offshore,2050,9,10,10,-0.7611
47723,PT_Wind_Offshore,2050,9,11,11,-0.7611
47724,PT_Wind_Offshore,2050,9,12,12,-0.7611
47725,PT_Wind_Offshore,2050,9,13,13,-0.7611
47726,PT_Wind_Offshore,2050,9,14,14,-0.7611
47727,PT_Wind_Offshore,2050,9,15,15,-0.7611
47728,PT_Wind_Offshore,2050,9,16,16,-0.7611
47729,PT_Wind_Offshore,2050,9,17,17,-0.7611
47730,PT_Wind_Offshore,2050,9,18,18,-0.7611
47731,PT_Wind_Offshore,2050,9,19,19,-0.7611
47732,PT_Wind_Offshore,2050,9,20,20,-0.7611
47733,PT_Wind_Offshore,2050,9,21,21,-0.7611
47734,PT_Wind_Offshore,2050,9,22,22,-0.7611
47735,PT_Wind_Offshore,2050,9,23,23,-0.7611
47736,PT_Wind_Offshore,2050,9,24,24,-0.7611
47737,PT_Wind_Offshore,2050,10,1,1,0.0
47738,PT_Wind_Offshore,2050,10,2,2,0.0
47739,PT_Wind_Offshore,2050,10,3,3,0.0
47740,PT_Wind_Offshore,2050,10,4,4,0.0
47741,PT_Wind_Offshore,2050,10,5,5,0.0
47742,PT_Wind_Offshore,2050,10,6,6,0.0
47743,PT_Wind_Offshore,2050,10,7,7,0.0
47744,PT_Wind_Offshore,2050,10,8,8,0.0
47745,PT_Wind_Offshore,2050,10,9,9,0.0
47746,PT_Wind_Offshore,2050,10,10,10,0.0
47747,PT_Wind_Offshore,2050,10,11,11,0.0
47748,PT_Wind_Offshore,2050,10,12,12,0.0
47749,PT_Wind_Offshore,2050,10,13,13,0.0
47750,PT_Wind_Offshore,2050,10,14,14,0.0
47751,PT_Wind_Offshore,2050,10,15,15,0.0
47752,PT_Wind_Offshore,2050,10,16,16,0.0
47753,PT_Wind_Offshore,2050,10,17,17,0.0
47754,PT_Wind_Offshore,2050,10,18,18,0.0
47755,PT_Wind_Offshore,2050,10,19,19,-0.8142
47756,PT_Wind_Offshore,2050,10,20,20,-0.8142
47757,PT_Wind_Offshore,2050,10,21,21,-0.8142
47758,PT_Wind_Offshore,2050,10,22,22,-0.8142
47759,PT_Wind_Offshore,2050,10,23,23,-0.8142
47760,PT_Wind_Offshore,2050,10,24,24,-0.8142
47761,PT_Wind_Onshore,2050,1,1,1,-0.9381
47762,PT_Wind_Onshore,2050,1,2,2,-0.9381
47763,PT_Wind_Onshore,2050,1,3,3,-0.9381
47764,PT_Wind_Onshore,2050,1,4,4,-0.9381
47765,PT_Wind_Onshore,2050,1,5,5,-0.9381
47766,PT_Wind_Onshore,2050,1,6,6,-0.9381
47767,PT_Wind_Onshore,2050,1,7,7,-2.703
47768,PT_Wind_Onshore,2050,1,8,8,-2.703
47769,PT_Wind_Onshore,2050,1,9,9,-2.703
47770,PT_Wind_Onshore,2050,1,10,10,-2.703
47771,PT_Wind_Onshore,2050,1,11,11,-1.749
47772,PT_Wind_Onshore,2050,1,12,12,-0.9381
47773,PT_Wind_Onshore,2050,1,13,13,-0.9381
47774,PT_Wind_Onshore,2050,1,14,14,-0.9381
47775,PT_Wind_Onshore,2050,1,15,15,-0.9381
47776,PT_Wind_Onshore,2050,1,16,16,-0.9381
47777,PT_Wind_Onshore,2050,1,17,17,-0.9381
47778,PT_Wind_Onshore,2050,1,18,18,-0.9381
47779,PT_Wind_Onshore,2050,1,19,19,-0.9381
47780,PT_Wind_Onshore,2050,1,20,20,-0.9381
47781,PT_Wind_Onshore,2050,1,21,21,-0.9381
47782,PT_Wind_Onshore,2050,1,22,22,-0.9381
47783,PT_Wind_Onshore,2050,1,23,23,-0.9381
47784,PT_Wind_Onshore,2050,1,24,24,-0.9381
47785,PT_Wind_Onshore,2050,2,1,1,-0.5841000000000001
47786,PT_Wind_Onshore,2050,2,2,2,-0.5841000000000001
47787,PT_Wind_Onshore,2050,2,3,3,-0.5841000000000001
47788,PT_Wind_Onshore,2050,2,4,4,-0.5841000000000001
47789,PT_Wind_Onshore,2050,2,5,5,-0.5841000000000001
47790,PT_Wind_Onshore,2050,2,6,6,-0.5841000000000001
47791,PT_Wind_Onshore,2050,2,7,7,-0.5841000000000001
47792,PT_Wind_Onshore,2050,2,8,8,-0.5841000000000001
47793,PT_Wind_Onshore,2050,2,9,9,-0.5841000000000001
47794,PT_Wind_Onshore,2050,2,10,10,-0.5841000000000001
47795,PT_Wind_Onshore,2050,2,11,11,-0.5841000000000001
47796,PT_Wind_Onshore,2050,2,12,12,-0.5841000000000001
47797,PT_Wind_Onshore,2050,2,13,13,-0.5841000000000001
47798,PT_Wind_Onshore,2050,2,14,14,0.0
47799,PT_Wind_Onshore,2050,2,15,15,0.0
47800,PT_Wind_Onshore,2050,2,16,16,0.0
47801,PT_Wind_Onshore,2050,2,17,17,0.0
47802,PT_Wind_Onshore,2050,2,18,18,-0.5841000000000001
47803,PT_Wind_Onshore,2050,2,19,19,-0.5841000000000001
47804,PT_Wind_Onshore,2050,2,20,20,-0.5841000000000001
47805,PT_Wind_Onshore,2050,2,21,21,-0.5841000000000001
47806,PT_Wind_Onshore,2050,2,22,22,-0.5841000000000001
47807,PT_Wind_Onshore,2050,2,23,23,-0.5841000000000001
47808,PT_Wind_Onshore,2050,2,24,24,-0.5841000000000001
47809,PT_Wind_Onshore,2050,3,1,1,-0.5133
47810,PT_Wind_Onshore,2050,3,2,2,-0.5133
47811,PT_Wind_Onshore,2050,3,3,3,-0.5133
47812,PT_Wind_Onshore,2050,3,4,4,-0.5133
47813,PT_Wind_Onshore,2050,3,5,5,-0.5133
47814,PT_Wind_Onshore,2050,3,6,6,-0.5133
47815,PT_Wind_Onshore,2050,3,7,7,-0.5133
47816,PT_Wind_Onshore,2050,3,8,8,-0.5133
47817,PT_Wind_Onshore,2050,3,9,9,-0.9570000000000001
47818,PT_Wind_Onshore,2050,3,10,10,-0.9570000000000001
47819,PT_Wind_Onshore,2050,3,11,11,-0.9570000000000001
47820,PT_Wind_Onshore,2050,3,12,12,-0.9570000000000001
47821,PT_Wind_Onshore,2050,3,13,13,-0.9570000000000001
47822,PT_Wind_Onshore,2050,3,14,14,-0.9570000000000001
47823,PT_Wind_Onshore,2050,3,15,15,-0.9570000000000001
47824,PT_Wind_Onshore,2050,3,16,16,-0.9570000000000001
47825,PT_Wind_Onshore,2050,3,17,17,-0.9570000000000001
47826,PT_Wind_Onshore,2050,3,18,18,-1.4789999999999999
47827,PT_Wind_Onshore,2050,3,19,19,-22.410831411332673
47828,PT_Wind_Onshore,2050,3,20,20,-9.014665705666337
47829,PT_Wind_Onshore,2050,3,21,21,-1.4789999999999999
47830,PT_Wind_Onshore,2050,3,22,22,-1.4789999999999999
47831,PT_Wind_Onshore,2050,3,23,23,-1.4789999999999999
47832,PT_Wind_Onshore,2050,3,24,24,-1.4789999999999999
47833,PT_Wind_Onshore,2050,4,1,1,0.0
47834,PT_Wind_Onshore,2050,4,2,2,0.0
47835,PT_Wind_Onshore,2050,4,3,3,0.0
47836,PT_Wind_Onshore,2050,4,4,4,0.0
47837,PT_Wind_Onshore,2050,4,5,5,0.0
47838,PT_Wind_Onshore,2050,4,6,6,0.0
47839,PT_Wind_Onshore,2050,4,7,7,0.0
47840,PT_Wind_Onshore,2050,4,8,8,0.0
47841,PT_Wind_Onshore,2050,4,9,9,0.0
47842,PT_Wind_Onshore,2050,4,10,10,0.0
47843,PT_Wind_Onshore,2050,4,11,11,0.0
47844,PT_Wind_Onshore,2050,4,12,12,0.0
47845,PT_Wind_Onshore,2050,4,13,13,0.0
47846,PT_Wind_Onshore,2050,4,14,14,0.0
47847,PT_Wind_Onshore,2050,4,15,15,0.0
47848,PT_Wind_Onshore,2050,4,16,16,0.0
47849,PT_Wind_Onshore,2050,4,17,17,0.0
47850,PT_Wind_Onshore,2050,4,18,18,0.0
47851,PT_Wind_Onshore,2050,4,19,19,0.0
47852,PT_Wind_Onshore,2050,4,20,20,0.0
47853,PT_Wind_Onshore,2050,4,21,21,0.0
47854,PT_Wind_Onshore,2050,4,22,22,0.0
47855,PT_Wind_Onshore,2050,4,23,23,0.0
47856,PT_Wind_Onshore,2050,4,24,24,0.0
47857,PT_Wind_Onshore,2050,5,1,1,-1.7160000000000002
47858,PT_Wind_Onshore,2050,5,2,2,-0.9204
47859,PT_Wind_Onshore,2050,5,3,3,-0.9204
47860,PT_Wind_Onshore,2050,5,4,4,-0.9204
47861,PT_Wind_Onshore,2050,5,5,5,-0.9204
47862,PT_Wind_Onshore,2050,5,6,6,-0.9204
47863,PT_Wind_Onshore,2050,5,7,7,-0.9204
47864,PT_Wind_Onshore,2050,5,8,8,-0.9204
47865,PT_Wind_Onshore,2050,5,9,9,-0.9204
47866,PT_Wind_Onshore,2050,5,10,10,-0.9204
47867,PT_Wind_Onshore,2050,5,11,11,-0.9204
47868,PT_Wind_Onshore,2050,5,12,12,-0.9204
47869,PT_Wind_Onshore,2050,5,13,13,-0.9204
47870,PT_Wind_Onshore,2050,5,14,14,-0.9204
47871,PT_Wind_Onshore,2050,5,15,15,-0.9204
47872,PT_Wind_Onshore,2050,5,16,16,-0.9204
47873,PT_Wind_Onshore,2050,5,17,17,-0.9204
47874,PT_Wind_Onshore,2050,5,18,18,-2.6519999999999997
47875,PT_Wind_Onshore,2050,5,19,19,-2.6519999999999997
47876,PT_Wind_Onshore,2050,5,20,20,-2.6519999999999997
47877,PT_Wind_Onshore,2050,5,21,21,-2.6519999999999997
47878,PT_Wind_Onshore,2050,5,22,22,-2.6519999999999997
47879,PT_Wind_Onshore,2050,5,23,23,-2.6519999999999997
47880,PT_Wind_Onshore,2050,5,24,24,-2.6519999999999997
47881,PT_Wind_Onshore,2050,6,1,1,0.0
47882,PT_Wind_Onshore,2050,6,2,2,0.0
47883,PT_Wind_Onshore,2050,6,3,3,0.0
47884,PT_Wind_Onshore,2050,6,4,4,0.0
47885,PT_Wind_Onshore,2050,6,5,5,0.0
47886,PT_Wind_Onshore,2050,6,6,6,0.0
47887,PT_Wind_Onshore,2050,6,7,7,0.0
47888,PT_Wind_Onshore,2050,6,8,8,0.0
47889,PT_Wind_Onshore,2050,6,9,9,0.0
47890,PT_Wind_Onshore,2050,6,10,10,0.0
47891,PT_Wind_Onshore,2050,6,11,11,0.0
47892,PT_Wind_Onshore,2050,6,12,12,0.0
47893,PT_Wind_Onshore,2050,6,13,13,0.0
47894,PT_Wind_Onshore,2050,6,14,14,0.0
47895,PT_Wind_Onshore,2050,6,15,15,0.0
47896,PT_Wind_Onshore,2050,6,16,16,0.0
47897,PT_Wind_Onshore,2050,6,17,17,0.0
47898,PT_Wind_Onshore,2050,6,18,18,0.0
47899,PT_Wind_Onshore,2050,6,19,19,0.0
47900,PT_Wind_Onshore,2050,6,20,20,0.0
47901,PT_Wind_Onshore,2050,6,21,21,0.0
47902,PT_Wind_Onshore,2050,6,22,22,0.0
47903,PT_Wind_Onshore,2050,6,23,23,0.0
47904,PT_Wind_Onshore,2050,6,24,24,0.0
47905,PT_Wind_Onshore,2050,7,1,1,-0.6549
47906,PT_Wind_Onshore,2050,7,2,2,-0.6549
47907,PT_Wind_Onshore,2050,7,3,3,-0.6549
47908,PT_Wind_Onshore,2050,7,4,4,-0.6549
47909,PT_Wind_Onshore,2050,7,5,5,-0.6549
47910,PT_Wind_Onshore,2050,7,6,6,-0.6549
47911,PT_Wind_Onshore,2050,7,7,7,-0.6549
47912,PT_Wind_Onshore,2050,7,8,8,-0.6549
47913,PT_Wind_Onshore,2050,7,9,9,-0.6549
47914,PT_Wind_Onshore,2050,7,10,10,-0.6549
47915,PT_Wind_Onshore,2050,7,11,11,-0.6549
47916,PT_Wind_Onshore,2050,7,12,12,-0.6549
47917,PT_Wind_Onshore,2050,7,13,13,-0.6549
47918,PT_Wind_Onshore,2050,7,14,14,-0.6549
47919,PT_Wind_Onshore,2050,7,15,15,-0.6549
47920,PT_Wind_Onshore,2050,7,16,16,-0.6549
47921,PT_Wind_Onshore,2050,7,17,17,-0.6549
47922,PT_Wind_Onshore,2050,7,18,18,-0.6549
47923,PT_Wind_Onshore,2050,7,19,19,-0.6549
47924,PT_Wind_Onshore,2050,7,20,20,-0.6549
47925,PT_Wind_Onshore,2050,7,21,21,-0.6549
47926,PT_Wind_Onshore,2050,7,22,22,-0.6549
47927,PT_Wind_Onshore,2050,7,23,23,-0.6549
47928,PT_Wind_Onshore,2050,7,24,24,-0.6549
47929,PT_Wind_Onshore,2050,8,1,1,-0.5487
47930,PT_Wind_Onshore,2050,8,2,2,-0.5487
47931,PT_Wind_Onshore,2050,8,3,3,-0.5487
47932,PT_Wind_Onshore,2050,8,4,4,-0.5487
47933,PT_Wind_Onshore,2050,8,5,5,-0.5487
47934,PT_Wind_Onshore,2050,8,6,6,-0.5487
47935,PT_Wind_Onshore,2050,8,7,7,-0.5487
47936,PT_Wind_Onshore,2050,8,8,8,-0.5487
47937,PT_Wind_Onshore,2050,8,9,9,-0.5487
47938,PT_Wind_Onshore,2050,8,10,10,-0.5487
47939,PT_Wind_Onshore,2050,8,11,11,-0.5487
47940,PT_Wind_Onshore,2050,8,12,12,-0.5487
47941,PT_Wind_Onshore,2050,8,13,13,-0.5487
47942,PT_Wind_Onshore,2050,8,14,14,-0.5487
47943,PT_Wind_Onshore,2050,8,15,15,-0.5487
47944,PT_Wind_Onshore,2050,8,16,16,-0.5487
47945,PT_Wind_Onshore,2050,8,17,17,-0.5487
47946,PT_Wind_Onshore,2050,8,18,18,-0.5487
47947,PT_Wind_Onshore,2050,8,19,19,-0.5487
47948,PT_Wind_Onshore,2050,8,20,20,-0.5487
47949,PT_Wind_Onshore,2050,8,21,21,-0.5487
47950,PT_Wind_Onshore,2050,8,22,22,-0.5487
47951,PT_Wind_Onshore,2050,8,23,23,-0.5487
47952,PT_Wind_Onshore,2050,8,24,24,-0.5487
47953,PT_Wind_Onshore,2050,9,1,1,-0.7611
47954,PT_Wind_Onshore,2050,9,2,2,-0.7611
47955,PT_Wind_Onshore,2050,9,3,3,-0.7611
47956,PT_Wind_Onshore,2050,9,4,4,-0.7611
47957,PT_Wind_Onshore,2050,9,5,5,-0.7611
47958,PT_Wind_Onshore,2050,9,6,6,-0.7611
47959,PT_Wind_Onshore,2050,9,7,7,-0.7611
47960,PT_Wind_Onshore,2050,9,8,8,-0.7611
47961,PT_Wind_Onshore,2050,9,9,9,-0.7611
47962,PT_Wind_Onshore,2050,9,10,10,-0.7611
47963,PT_Wind_Onshore,2050,9,11,11,-0.7611
47964,PT_Wind_Onshore,2050,9,12,12,-0.7611
47965,PT_Wind_Onshore,2050,9,13,13,-0.7611
47966,PT_Wind_Onshore,2050,9,14,14,-0.7611
47967,PT_Wind_Onshore,2050,9,15,15,-0.7611
47968,PT_Wind_Onshore,2050,9,16,16,-0.7611
47969,PT_Wind_Onshore,2050,9,17,17,-0.7611
47970,PT_Wind_Onshore,2050,9,18,18,-0.7611
47971,PT_Wind_Onshore,2050,9,19,19,-0.7611
47972,PT_Wind_Onshore,2050,9,20,20,-0.7611
47973,PT_Wind_Onshore,2050,9,21,21,-0.7611
47974,PT_Wind_Onshore,2050,9,22,22,-0.7611
47975,PT_Wind_Onshore,2050,9,23,23,-0.7611
47976,PT_Wind_Onshore,2050,9,24,24,-0.7611
47977,PT_Wind_Onshore,2050,10,1,1,0.0
47978,PT_Wind_Onshore,2050,10,2,2,0.0
47979,PT_Wind_Onshore,2050,10,3,3,0.0
47980,PT_Wind_Onshore,2050,10,4,4,0.0
47981,PT_Wind_Onshore,2050,10,5,5,0.0
47982,PT_Wind_Onshore,2050,10,6,6,0.0
47983,PT_Wind_Onshore,2050,10,7,7,0.0
47984,PT_Wind_Onshore,2050,10,8,8,0.0
47985,PT_Wind_Onshore,2050,10,9,9,0.0
47986,PT_Wind_Onshore,2050,10,10,10,0.0
47987,PT_Wind_Onshore,2050,10,11,11,0.0
47988,PT_Wind_Onshore,2050,10,12,12,0.0
47989,PT_Wind_Onshore,2050,10,13,13,0.0
47990,PT_Wind_Onshore,2050,10,14,14,0.0
47991,PT_Wind_Onshore,2050,10,15,15,0.0
47992,PT_Wind_Onshore,2050,10,16,16,0.0
47993,PT_Wind_Onshore,2050,10,17,17,0.0
47994,PT_Wind_Onshore,2050,10,18,18,0.0
47995,PT_Wind_Onshore,2050,10,19,19,-0.8142
47996,PT_Wind_Onshore,2050,10,20,20,-0.8142
47997,PT_Wind_Onshore,2050,10,21,21,-0.8142
47998,PT_Wind_Onshore,2050,10,22,22,-0.8142
47999,PT_Wind_Onshore,2050,10,23,23,-0.8142
48000,PT_Wind_Onshore,2050,10,24,24,-0.8142
48001,RO_Battery,2050,1,1,1,0.0
48002,RO_Battery,2050,1,2,2,0.0
48003,RO_Battery,2050,1,3,3,0.0
48004,RO_Battery,2050,1,4,4,0.0
48005,RO_Battery,2050,1,5,5,0.0
48006,RO_Battery,2050,1,6,6,0.0
48007,RO_Battery,2050,1,7,7,0.0
48008,RO_Battery,2050,1,8,8,0.0
48009,RO_Battery,2050,1,9,9,0.0
48010,RO_Battery,2050,1,10,10,0.0
48011,RO_Battery,2050,1,11,11,0.0
48012,RO_Battery,2050,1,12,12,0.0
48013,RO_Battery,2050,1,13,13,0.0
48014,RO_Battery,2050,1,14,14,0.0
48015,RO_Battery,2050,1,15,15,0.0
48016,RO_Battery,2050,1,16,16,0.0
48017,RO_Battery,2050,1,17,17,0.0
48018,RO_Battery,2050,1,18,18,0.0
48019,RO_Battery,2050,1,19,19,0.0
48020,RO_Battery,2050,1,20,20,0.0
48021,RO_Battery,2050,1,21,21,0.0
48022,RO_Battery,2050,1,22,22,0.0
48023,RO_Battery,2050,1,23,23,0.0
48024,RO_Battery,2050,1,24,24,0.0
48025,RO_Battery,2050,2,1,1,0.0
48026,RO_Battery,2050,2,2,2,0.0
48027,RO_Battery,2050,2,3,3,0.0
48028,RO_Battery,2050,2,4,4,0.0
48029,RO_Battery,2050,2,5,5,0.0
48030,RO_Battery,2050,2,6,6,0.0
48031,RO_Battery,2050,2,7,7,0.0
48032,RO_Battery,2050,2,8,8,0.0
48033,RO_Battery,2050,2,9,9,0.0
48034,RO_Battery,2050,2,10,10,0.0
48035,RO_Battery,2050,2,11,11,0.0
48036,RO_Battery,2050,2,12,12,0.0
48037,RO_Battery,2050,2,13,13,0.0
48038,RO_Battery,2050,2,14,14,0.0
48039,RO_Battery,2050,2,15,15,0.0
48040,RO_Battery,2050,2,16,16,0.0
48041,RO_Battery,2050,2,17,17,0.0
48042,RO_Battery,2050,2,18,18,0.0
48043,RO_Battery,2050,2,19,19,0.0
48044,RO_Battery,2050,2,20,20,0.0
48045,RO_Battery,2050,2,21,21,0.0
48046,RO_Battery,2050,2,22,22,0.0
48047,RO_Battery,2050,2,23,23,0.0
48048,RO_Battery,2050,2,24,24,0.0
48049,RO_Battery,2050,3,1,1,0.0
48050,RO_Battery,2050,3,2,2,0.0
48051,RO_Battery,2050,3,3,3,0.0
48052,RO_Battery,2050,3,4,4,0.0
48053,RO_Battery,2050,3,5,5,0.0
48054,RO_Battery,2050,3,6,6,0.0
48055,RO_Battery,2050,3,7,7,0.0
48056,RO_Battery,2050,3,8,8,0.0
48057,RO_Battery,2050,3,9,9,0.0
48058,RO_Battery,2050,3,10,10,0.0
48059,RO_Battery,2050,3,11,11,0.0
48060,RO_Battery,2050,3,12,12,0.0
48061,RO_Battery,2050,3,13,13,0.0
48062,RO_Battery,2050,3,14,14,0.0
48063,RO_Battery,2050,3,15,15,0.0
48064,RO_Battery,2050,3,16,16,-13.396165705666336
48065,RO_Battery,2050,3,17,17,0.0
48066,RO_Battery,2050,3,18,18,0.0
48067,RO_Battery,2050,3,19,19,0.0
48068,RO_Battery,2050,3,20,20,0.0
48069,RO_Battery,2050,3,21,21,0.0
48070,RO_Battery,2050,3,22,22,0.0
48071,RO_Battery,2050,3,23,23,0.0
48072,RO_Battery,2050,3,24,24,0.0
48073,RO_Battery,2050,4,1,1,0.0
48074,RO_Battery,2050,4,2,2,0.0
48075,RO_Battery,2050,4,3,3,0.0
48076,RO_Battery,2050,4,4,4,0.0
48077,RO_Battery,2050,4,5,5,0.0
48078,RO_Battery,2050,4,6,6,0.0
48079,RO_Battery,2050,4,7,7,0.0
48080,RO_Battery,2050,4,8,8,0.0
48081,RO_Battery,2050,4,9,9,0.0
48082,RO_Battery,2050,4,10,10,0.0
48083,RO_Battery,2050,4,11,11,0.0
48084,RO_Battery,2050,4,12,12,0.0
48085,RO_Battery,2050,4,13,13,0.0
48086,RO_Battery,2050,4,14,14,0.0
48087,RO_Battery,2050,4,15,15,0.0
48088,RO_Battery,2050,4,16,16,0.0
48089,RO_Battery,2050,4,17,17,0.0
48090,RO_Battery,2050,4,18,18,0.0
48091,RO_Battery,2050,4,19,19,0.0
48092,RO_Battery,2050,4,20,20,0.0
48093,RO_Battery,2050,4,21,21,0.0
48094,RO_Battery,2050,4,22,22,0.0
48095,RO_Battery,2050,4,23,23,0.0
48096,RO_Battery,2050,4,24,24,0.0
48097,RO_Battery,2050,5,1,1,0.0
48098,RO_Battery,2050,5,2,2,0.0
48099,RO_Battery,2050,5,3,3,0.0
48100,RO_Battery,2050,5,4,4,0.0
48101,RO_Battery,2050,5,5,5,0.0
48102,RO_Battery,2050,5,6,6,0.0
48103,RO_Battery,2050,5,7,7,0.0
48104,RO_Battery,2050,5,8,8,0.0
48105,RO_Battery,2050,5,9,9,0.0
48106,RO_Battery,2050,5,10,10,0.0
48107,RO_Battery,2050,5,11,11,0.0
48108,RO_Battery,2050,5,12,12,0.0
48109,RO_Battery,2050,5,13,13,0.0
48110,RO_Battery,2050,5,14,14,0.0
48111,RO_Battery,2050,5,15,15,0.0
48112,RO_Battery,2050,5,16,16,0.0
48113,RO_Battery,2050,5,17,17,0.0
48114,RO_Battery,2050,5,18,18,0.0
48115,RO_Battery,2050,5,19,19,0.0
48116,RO_Battery,2050,5,20,20,0.0
48117,RO_Battery,2050,5,21,21,0.0
48118,RO_Battery,2050,5,22,22,0.0
48119,RO_Battery,2050,5,23,23,0.0
48120,RO_Battery,2050,5,24,24,0.0
48121,RO_Battery,2050,6,1,1,0.0
48122,RO_Battery,2050,6,2,2,0.0
48123,RO_Battery,2050,6,3,3,0.0
48124,RO_Battery,2050,6,4,4,0.0
48125,RO_Battery,2050,6,5,5,0.0
48126,RO_Battery,2050,6,6,6,0.0
48127,RO_Battery,2050,6,7,7,0.0
48128,RO_Battery,2050,6,8,8,0.0
48129,RO_Battery,2050,6,9,9,0.0
48130,RO_Battery,2050,6,10,10,0.0
48131,RO_Battery,2050,6,11,11,0.0
48132,RO_Battery,2050,6,12,12,0.0
48133,RO_Battery,2050,6,13,13,0.0
48134,RO_Battery,2050,6,14,14,0.0
48135,RO_Battery,2050,6,15,15,0.0
48136,RO_Battery,2050,6,16,16,0.0
48137,RO_Battery,2050,6,17,17,0.0
48138,RO_Battery,2050,6,18,18,0.0
48139,RO_Battery,2050,6,19,19,0.0
48140,RO_Battery,2050,6,20,20,0.0
48141,RO_Battery,2050,6,21,21,0.0
48142,RO_Battery,2050,6,22,22,0.0
48143,RO_Battery,2050,6,23,23,0.0
48144,RO_Battery,2050,6,24,24,0.0
48145,RO_Battery,2050,7,1,1,0.0
48146,RO_Battery,2050,7,2,2,0.0
48147,RO_Battery,2050,7,3,3,0.0
48148,RO_Battery,2050,7,4,4,0.0
48149,RO_Battery,2050,7,5,5,0.0
48150,RO_Battery,2050,7,6,6,0.0
48151,RO_Battery,2050,7,7,7,0.0
48152,RO_Battery,2050,7,8,8,0.0
48153,RO_Battery,2050,7,9,9,0.0
48154,RO_Battery,2050,7,10,10,0.0
48155,RO_Battery,2050,7,11,11,0.0
48156,RO_Battery,2050,7,12,12,0.0
48157,RO_Battery,2050,7,13,13,0.0
48158,RO_Battery,2050,7,14,14,0.0
48159,RO_Battery,2050,7,15,15,0.0
48160,RO_Battery,2050,7,16,16,0.0
48161,RO_Battery,2050,7,17,17,0.0
48162,RO_Battery,2050,7,18,18,0.0
48163,RO_Battery,2050,7,19,19,0.0
48164,RO_Battery,2050,7,20,20,0.0
48165,RO_Battery,2050,7,21,21,0.0
48166,RO_Battery,2050,7,22,22,0.0
48167,RO_Battery,2050,7,23,23,0.0
48168,RO_Battery,2050,7,24,24,0.0
48169,RO_Battery,2050,8,1,1,0.0
48170,RO_Battery,2050,8,2,2,0.0
48171,RO_Battery,2050,8,3,3,0.0
48172,RO_Battery,2050,8,4,4,0.0
48173,RO_Battery,2050,8,5,5,0.0
48174,RO_Battery,2050,8,6,6,0.0
48175,RO_Battery,2050,8,7,7,0.0
48176,RO_Battery,2050,8,8,8,0.0
48177,RO_Battery,2050,8,9,9,0.0
48178,RO_Battery,2050,8,10,10,0.0
48179,RO_Battery,2050,8,11,11,0.0
48180,RO_Battery,2050,8,12,12,0.0
48181,RO_Battery,2050,8,13,13,0.0
48182,RO_Battery,2050,8,14,14,0.0
48183,RO_Battery,2050,8,15,15,0.0
48184,RO_Battery,2050,8,16,16,0.0
48185,RO_Battery,2050,8,17,17,0.0
48186,RO_Battery,2050,8,18,18,0.0
48187,RO_Battery,2050,8,19,19,0.0
48188,RO_Battery,2050,8,20,20,0.0
48189,RO_Battery,2050,8,21,21,0.0
48190,RO_Battery,2050,8,22,22,0.0
48191,RO_Battery,2050,8,23,23,0.0
48192,RO_Battery,2050,8,24,24,0.0
48193,RO_Battery,2050,9,1,1,0.0
48194,RO_Battery,2050,9,2,2,0.0
48195,RO_Battery,2050,9,3,3,0.0
48196,RO_Battery,2050,9,4,4,0.0
48197,RO_Battery,2050,9,5,5,0.0
48198,RO_Battery,2050,9,6,6,0.0
48199,RO_Battery,2050,9,7,7,0.0
48200,RO_Battery,2050,9,8,8,0.0
48201,RO_Battery,2050,9,9,9,0.0
48202,RO_Battery,2050,9,10,10,0.0
48203,RO_Battery,2050,9,11,11,0.0
48204,RO_Battery,2050,9,12,12,0.0
48205,RO_Battery,2050,9,13,13,0.0
48206,RO_Battery,2050,9,14,14,0.0
48207,RO_Battery,2050,9,15,15,0.0
48208,RO_Battery,2050,9,16,16,0.0
48209,RO_Battery,2050,9,17,17,0.0
48210,RO_Battery,2050,9,18,18,0.0
48211,RO_Battery,2050,9,19,19,0.0
48212,RO_Battery,2050,9,20,20,0.0
48213,RO_Battery,2050,9,21,21,0.0
48214,RO_Battery,2050,9,22,22,0.0
48215,RO_Battery,2050,9,23,23,0.0
48216,RO_Battery,2050,9,24,24,0.0
48217,RO_Battery,2050,10,1,1,0.0
48218,RO_Battery,2050,10,2,2,0.0
48219,RO_Battery,2050,10,3,3,0.0
48220,RO_Battery,2050,10,4,4,0.0
48221,RO_Battery,2050,10,5,5,0.0
48222,RO_Battery,2050,10,6,6,0.0
48223,RO_Battery,2050,10,7,7,0.0
48224,RO_Battery,2050,10,8,8,0.0
48225,RO_Battery,2050,10,9,9,0.0
48226,RO_Battery,2050,10,10,10,0.0
48227,RO_Battery,2050,10,11,11,0.0
48228,RO_Battery,2050,10,12,12,0.0
48229,RO_Battery,2050,10,13,13,0.0
48230,RO_Battery,2050,10,14,14,0.0
48231,RO_Battery,2050,10,15,15,0.0
48232,RO_Battery,2050,10,16,16,0.0
48233,RO_Battery,2050,10,17,17,0.0
48234,RO_Battery,2050,10,18,18,0.0
48235,RO_Battery,2050,10,19,19,0.0
48236,RO_Battery,2050,10,20,20,0.0
48237,RO_Battery,2050,10,21,21,0.0
48238,RO_Battery,2050,10,22,22,0.0
48239,RO_Battery,2050,10,23,23,0.0
48240,RO_Battery,2050,10,24,24,0.0
48241,RO_CCGT,2050,1,1,1,0.0
48242,RO_CCGT,2050,1,2,2,0.0
48243,RO_CCGT,2050,1,3,3,0.0
48244,RO_CCGT,2050,1,4,4,0.0
48245,RO_CCGT,2050,1,5,5,0.0
48246,RO_CCGT,2050,1,6,6,0.0
48247,RO_CCGT,2050,1,7,7,0.0
48248,RO_CCGT,2050,1,8,8,0.0
48249,RO_CCGT,2050,1,9,9,0.0
48250,RO_CCGT,2050,1,10,10,0.0
48251,RO_CCGT,2050,1,11,11,0.0
48252,RO_CCGT,2050,1,12,12,0.0
48253,RO_CCGT,2050,1,13,13,0.0
48254,RO_CCGT,2050,1,14,14,0.0
48255,RO_CCGT,2050,1,15,15,0.0
48256,RO_CCGT,2050,1,16,16,0.0
48257,RO_CCGT,2050,1,17,17,0.0
48258,RO_CCGT,2050,1,18,18,0.0
48259,RO_CCGT,2050,1,19,19,0.0
48260,RO_CCGT,2050,1,20,20,0.0
48261,RO_CCGT,2050,1,21,21,0.0
48262,RO_CCGT,2050,1,22,22,0.0
48263,RO_CCGT,2050,1,23,23,0.0
48264,RO_CCGT,2050,1,24,24,0.0
48265,RO_CCGT,2050,2,1,1,0.0
48266,RO_CCGT,2050,2,2,2,0.0
48267,RO_CCGT,2050,2,3,3,0.0
48268,RO_CCGT,2050,2,4,4,0.0
48269,RO_CCGT,2050,2,5,5,0.0
48270,RO_CCGT,2050,2,6,6,0.0
48271,RO_CCGT,2050,2,7,7,0.0
48272,RO_CCGT,2050,2,8,8,0.0
48273,RO_CCGT,2050,2,9,9,0.0
48274,RO_CCGT,2050,2,10,10,0.0
48275,RO_CCGT,2050,2,11,11,0.0
48276,RO_CCGT,2050,2,12,12,0.0
48277,RO_CCGT,2050,2,13,13,0.0
48278,RO_CCGT,2050,2,14,14,0.0
48279,RO_CCGT,2050,2,15,15,0.0
48280,RO_CCGT,2050,2,16,16,0.0
48281,RO_CCGT,2050,2,17,17,0.0
48282,RO_CCGT,2050,2,18,18,0.0
48283,RO_CCGT,2050,2,19,19,0.0
48284,RO_CCGT,2050,2,20,20,0.0
48285,RO_CCGT,2050,2,21,21,0.0
48286,RO_CCGT,2050,2,22,22,0.0
48287,RO_CCGT,2050,2,23,23,0.0
48288,RO_CCGT,2050,2,24,24,0.0
48289,RO_CCGT,2050,3,1,1,0.0
48290,RO_CCGT,2050,3,2,2,0.0
48291,RO_CCGT,2050,3,3,3,0.0
48292,RO_CCGT,2050,3,4,4,0.0
48293,RO_CCGT,2050,3,5,5,0.0
48294,RO_CCGT,2050,3,6,6,0.0
48295,RO_CCGT,2050,3,7,7,0.0
48296,RO_CCGT,2050,3,8,8,0.0
48297,RO_CCGT,2050,3,9,9,0.0
48298,RO_CCGT,2050,3,10,10,0.0
48299,RO_CCGT,2050,3,11,11,-0.5219999999999998
48300,RO_CCGT,2050,3,12,12,-0.5219999999999998
48301,RO_CCGT,2050,3,13,13,-0.5219999999999998
48302,RO_CCGT,2050,3,14,14,-0.5219999999999998
48303,RO_CCGT,2050,3,15,15,-0.5219999999999998
48304,RO_CCGT,2050,3,16,16,-20.746431411332672
48305,RO_CCGT,2050,3,17,17,-7.350265705666337
48306,RO_CCGT,2050,3,18,18,-0.5219999999999998
48307,RO_CCGT,2050,3,19,19,-0.5219999999999998
48308,RO_CCGT,2050,3,20,20,-0.5219999999999998
48309,RO_CCGT,2050,3,21,21,0.0
48310,RO_CCGT,2050,3,22,22,0.0
48311,RO_CCGT,2050,3,23,23,0.0
48312,RO_CCGT,2050,3,24,24,0.0
48313,RO_CCGT,2050,4,1,1,0.0
48314,RO_CCGT,2050,4,2,2,0.0
48315,RO_CCGT,2050,4,3,3,0.0
48316,RO_CCGT,2050,4,4,4,0.0
48317,RO_CCGT,2050,4,5,5,0.0
48318,RO_CCGT,2050,4,6,6,0.0
48319,RO_CCGT,2050,4,7,7,0.0
48320,RO_CCGT,2050,4,8,8,0.0
48321,RO_CCGT,2050,4,9,9,0.0
48322,RO_CCGT,2050,4,10,10,0.0
48323,RO_CCGT,2050,4,11,11,0.0
48324,RO_CCGT,2050,4,12,12,0.0
48325,RO_CCGT,2050,4,13,13,0.0
48326,RO_CCGT,2050,4,14,14,0.0
48327,RO_CCGT,2050,4,15,15,0.0
48328,RO_CCGT,2050,4,16,16,-0.4139999999999998
48329,RO_CCGT,2050,4,17,17,-0.4139999999999998
48330,RO_CCGT,2050,4,18,18,-0.4139999999999998
48331,RO_CCGT,2050,4,19,19,-0.4139999999999998
48332,RO_CCGT,2050,4,20,20,0.0
48333,RO_CCGT,2050,4,21,21,0.0
48334,RO_CCGT,2050,4,22,22,0.0
48335,RO_CCGT,2050,4,23,23,0.0
48336,RO_CCGT,2050,4,24,24,0.0
48337,RO_CCGT,2050,5,1,1,0.0
48338,RO_CCGT,2050,5,2,2,0.0
48339,RO_CCGT,2050,5,3,3,0.0
48340,RO_CCGT,2050,5,4,4,0.0
48341,RO_CCGT,2050,5,5,5,0.0
48342,RO_CCGT,2050,5,6,6,0.0
48343,RO_CCGT,2050,5,7,7,0.0
48344,RO_CCGT,2050,5,8,8,0.0
48345,RO_CCGT,2050,5,9,9,0.0
48346,RO_CCGT,2050,5,10,10,0.0
48347,RO_CCGT,2050,5,11,11,0.0
48348,RO_CCGT,2050,5,12,12,0.0
48349,RO_CCGT,2050,5,13,13,0.0
48350,RO_CCGT,2050,5,14,14,0.0
48351,RO_CCGT,2050,5,15,15,0.0
48352,RO_CCGT,2050,5,16,16,0.0
48353,RO_CCGT,2050,5,17,17,0.0
48354,RO_CCGT,2050,5,18,18,0.0
48355,RO_CCGT,2050,5,19,19,0.0
48356,RO_CCGT,2050,5,20,20,0.0
48357,RO_CCGT,2050,5,21,21,0.0
48358,RO_CCGT,2050,5,22,22,0.0
48359,RO_CCGT,2050,5,23,23,0.0
48360,RO_CCGT,2050,5,24,24,0.0
48361,RO_CCGT,2050,6,1,1,0.0
48362,RO_CCGT,2050,6,2,2,0.0
48363,RO_CCGT,2050,6,3,3,0.0
48364,RO_CCGT,2050,6,4,4,0.0
48365,RO_CCGT,2050,6,5,5,0.0
48366,RO_CCGT,2050,6,6,6,0.0
48367,RO_CCGT,2050,6,7,7,0.0
48368,RO_CCGT,2050,6,8,8,0.0
48369,RO_CCGT,2050,6,9,9,0.0
48370,RO_CCGT,2050,6,10,10,0.0
48371,RO_CCGT,2050,6,11,11,0.0
48372,RO_CCGT,2050,6,12,12,0.0
48373,RO_CCGT,2050,6,13,13,0.0
48374,RO_CCGT,2050,6,14,14,0.0
48375,RO_CCGT,2050,6,15,15,0.0
48376,RO_CCGT,2050,6,16,16,0.0
48377,RO_CCGT,2050,6,17,17,0.0
48378,RO_CCGT,2050,6,18,18,0.0
48379,RO_CCGT,2050,6,19,19,0.0
48380,RO_CCGT,2050,6,20,20,0.0
48381,RO_CCGT,2050,6,21,21,0.0
48382,RO_CCGT,2050,6,22,22,0.0
48383,RO_CCGT,2050,6,23,23,0.0
48384,RO_CCGT,2050,6,24,24,0.0
48385,RO_CCGT,2050,7,1,1,0.0
48386,RO_CCGT,2050,7,2,2,0.0
48387,RO_CCGT,2050,7,3,3,0.0
48388,RO_CCGT,2050,7,4,4,0.0
48389,RO_CCGT,2050,7,5,5,0.0
48390,RO_CCGT,2050,7,6,6,0.0
48391,RO_CCGT,2050,7,7,7,0.0
48392,RO_CCGT,2050,7,8,8,0.0
48393,RO_CCGT,2050,7,9,9,0.0
48394,RO_CCGT,2050,7,10,10,0.0
48395,RO_CCGT,2050,7,11,11,0.0
48396,RO_CCGT,2050,7,12,12,0.0
48397,RO_CCGT,2050,7,13,13,0.0
48398,RO_CCGT,2050,7,14,14,0.0
48399,RO_CCGT,2050,7,15,15,0.0
48400,RO_CCGT,2050,7,16,16,0.0
48401,RO_CCGT,2050,7,17,17,0.0
48402,RO_CCGT,2050,7,18,18,0.0
48403,RO_CCGT,2050,7,19,19,0.0
48404,RO_CCGT,2050,7,20,20,0.0
48405,RO_CCGT,2050,7,21,21,0.0
48406,RO_CCGT,2050,7,22,22,0.0
48407,RO_CCGT,2050,7,23,23,0.0
48408,RO_CCGT,2050,7,24,24,0.0
48409,RO_CCGT,2050,8,1,1,0.0
48410,RO_CCGT,2050,8,2,2,0.0
48411,RO_CCGT,2050,8,3,3,0.0
48412,RO_CCGT,2050,8,4,4,0.0
48413,RO_CCGT,2050,8,5,5,0.0
48414,RO_CCGT,2050,8,6,6,0.0
48415,RO_CCGT,2050,8,7,7,0.0
48416,RO_CCGT,2050,8,8,8,0.0
48417,RO_CCGT,2050,8,9,9,0.0
48418,RO_CCGT,2050,8,10,10,0.0
48419,RO_CCGT,2050,8,11,11,0.0
48420,RO_CCGT,2050,8,12,12,0.0
48421,RO_CCGT,2050,8,13,13,0.0
48422,RO_CCGT,2050,8,14,14,0.0
48423,RO_CCGT,2050,8,15,15,0.0
48424,RO_CCGT,2050,8,16,16,0.0
48425,RO_CCGT,2050,8,17,17,0.0
48426,RO_CCGT,2050,8,18,18,0.0
48427,RO_CCGT,2050,8,19,19,0.0
48428,RO_CCGT,2050,8,20,20,0.0
48429,RO_CCGT,2050,8,21,21,0.0
48430,RO_CCGT,2050,8,22,22,0.0
48431,RO_CCGT,2050,8,23,23,0.0
48432,RO_CCGT,2050,8,24,24,0.0
48433,RO_CCGT,2050,9,1,1,0.0
48434,RO_CCGT,2050,9,2,2,0.0
48435,RO_CCGT,2050,9,3,3,0.0
48436,RO_CCGT,2050,9,4,4,0.0
48437,RO_CCGT,2050,9,5,5,0.0
48438,RO_CCGT,2050,9,6,6,0.0
48439,RO_CCGT,2050,9,7,7,0.0
48440,RO_CCGT,2050,9,8,8,0.0
48441,RO_CCGT,2050,9,9,9,0.0
48442,RO_CCGT,2050,9,10,10,0.0
48443,RO_CCGT,2050,9,11,11,0.0
48444,RO_CCGT,2050,9,12,12,0.0
48445,RO_CCGT,2050,9,13,13,0.0
48446,RO_CCGT,2050,9,14,14,0.0
48447,RO_CCGT,2050,9,15,15,0.0
48448,RO_CCGT,2050,9,16,16,0.0
48449,RO_CCGT,2050,9,17,17,0.0
48450,RO_CCGT,2050,9,18,18,0.0
48451,RO_CCGT,2050,9,19,19,0.0
48452,RO_CCGT,2050,9,20,20,0.0
48453,RO_CCGT,2050,9,21,21,0.0
48454,RO_CCGT,2050,9,22,22,0.0
48455,RO_CCGT,2050,9,23,23,0.0
48456,RO_CCGT,2050,9,24,24,0.0
48457,RO_CCGT,2050,10,1,1,0.0
48458,RO_CCGT,2050,10,2,2,0.0
48459,RO_CCGT,2050,10,3,3,0.0
48460,RO_CCGT,2050,10,4,4,0.0
48461,RO_CCGT,2050,10,5,5,0.0
48462,RO_CCGT,2050,10,6,6,0.0
48463,RO_CCGT,2050,10,7,7,0.0
48464,RO_CCGT,2050,10,8,8,0.0
48465,RO_CCGT,2050,10,9,9,0.0
48466,RO_CCGT,2050,10,10,10,0.0
48467,RO_CCGT,2050,10,11,11,0.0
48468,RO_CCGT,2050,10,12,12,0.0
48469,RO_CCGT,2050,10,13,13,0.0
48470,RO_CCGT,2050,10,14,14,0.0
48471,RO_CCGT,2050,10,15,15,0.0
48472,RO_CCGT,2050,10,16,16,-0.8279999999999996
48473,RO_CCGT,2050,10,17,17,-0.8279999999999996
48474,RO_CCGT,2050,10,18,18,-0.8279999999999996
48475,RO_CCGT,2050,10,19,19,-0.8279999999999996
48476,RO_CCGT,2050,10,20,20,0.0
48477,RO_CCGT,2050,10,21,21,0.0
48478,RO_CCGT,2050,10,22,22,0.0
48479,RO_CCGT,2050,10,23,23,0.0
48480,RO_CCGT,2050,10,24,24,0.0
48481,RO_Coal,2050,1,1,1,0.0
48482,RO_Coal,2050,1,2,2,0.0
48483,RO_Coal,2050,1,3,3,0.0
48484,RO_Coal,2050,1,4,4,0.0
48485,RO_Coal,2050,1,5,5,0.0
48486,RO_Coal,2050,1,6,6,0.0
48487,RO_Coal,2050,1,7,7,0.0
48488,RO_Coal,2050,1,8,8,0.0
48489,RO_Coal,2050,1,9,9,0.0
48490,RO_Coal,2050,1,10,10,0.0
48491,RO_Coal,2050,1,11,11,0.0
48492,RO_Coal,2050,1,12,12,0.0
48493,RO_Coal,2050,1,13,13,0.0
48494,RO_Coal,2050,1,14,14,0.0
48495,RO_Coal,2050,1,15,15,0.0
48496,RO_Coal,2050,1,16,16,-0.8109000000000001
48497,RO_Coal,2050,1,17,17,-0.8109000000000001
48498,RO_Coal,2050,1,18,18,-0.8109000000000001
48499,RO_Coal,2050,1,19,19,-0.8109000000000001
48500,RO_Coal,2050,1,20,20,-0.8109000000000001
48501,RO_Coal,2050,1,21,21,0.0
48502,RO_Coal,2050,1,22,22,0.0
48503,RO_Coal,2050,1,23,23,0.0
48504,RO_Coal,2050,1,24,24,0.0
48505,RO_Coal,2050,2,1,1,0.0
48506,RO_Coal,2050,2,2,2,0.0
48507,RO_Coal,2050,2,3,3,0.0
48508,RO_Coal,2050,2,4,4,0.0
48509,RO_Coal,2050,2,5,5,0.0
48510,RO_Coal,2050,2,6,6,0.0
48511,RO_Coal,2050,2,7,7,0.0
48512,RO_Coal,2050,2,8,8,0.0
48513,RO_Coal,2050,2,9,9,0.0
48514,RO_Coal,2050,2,10,10,0.0
48515,RO_Coal,2050,2,11,11,0.0
48516,RO_Coal,2050,2,12,12,0.0
48517,RO_Coal,2050,2,13,13,0.0
48518,RO_Coal,2050,2,14,14,0.0
48519,RO_Coal,2050,2,15,15,0.0
48520,RO_Coal,2050,2,16,16,0.0
48521,RO_Coal,2050,2,17,17,0.0
48522,RO_Coal,2050,2,18,18,0.0
48523,RO_Coal,2050,2,19,19,0.0
48524,RO_Coal,2050,2,20,20,0.0
48525,RO_Coal,2050,2,21,21,0.0
48526,RO_Coal,2050,2,22,22,0.0
48527,RO_Coal,2050,2,23,23,0.0
48528,RO_Coal,2050,2,24,24,0.0
48529,RO_Coal,2050,3,1,1,-0.4437000000000001
48530,RO_Coal,2050,3,2,2,-0.4437000000000001
48531,RO_Coal,2050,3,3,3,-0.4437000000000001
48532,RO_Coal,2050,3,4,4,-0.4437000000000001
48533,RO_Coal,2050,3,5,5,-0.4437000000000001
48534,RO_Coal,2050,3,6,6,-0.4437000000000001
48535,RO_Coal,2050,3,7,7,-0.4437000000000001
48536,RO_Coal,2050,3,8,8,-0.4437000000000001
48537,RO_Coal,2050,3,9,9,-0.4437000000000001
48538,RO_Coal,2050,3,10,10,-0.4437000000000001
48539,RO_Coal,2050,3,11,11,-0.9656999999999999
48540,RO_Coal,2050,3,12,12,-0.9656999999999999
48541,RO_Coal,2050,3,13,13,-0.9656999999999999
48542,RO_Coal,2050,3,14,14,-0.9656999999999999
48543,RO_Coal,2050,3,15,15,-0.9656999999999999
48544,RO_Coal,2050,3,16,16,-21.190131411332672
48545,RO_Coal,2050,3,17,17,-7.793965705666337
48546,RO_Coal,2050,3,18,18,-0.9656999999999999
48547,RO_Coal,2050,3,19,19,-0.9656999999999999
48548,RO_Coal,2050,3,20,20,-0.9656999999999999
48549,RO_Coal,2050,3,21,21,-0.4437000000000001
48550,RO_Coal,2050,3,22,22,-0.4437000000000001
48551,RO_Coal,2050,3,23,23,0.0
48552,RO_Coal,2050,3,24,24,0.0
48553,RO_Coal,2050,4,1,1,0.0
48554,RO_Coal,2050,4,2,2,0.0
48555,RO_Coal,2050,4,3,3,0.0
48556,RO_Coal,2050,4,4,4,0.0
48557,RO_Coal,2050,4,5,5,0.0
48558,RO_Coal,2050,4,6,6,0.0
48559,RO_Coal,2050,4,7,7,0.0
48560,RO_Coal,2050,4,8,8,0.0
48561,RO_Coal,2050,4,9,9,0.0
48562,RO_Coal,2050,4,10,10,0.0
48563,RO_Coal,2050,4,11,11,0.0
48564,RO_Coal,2050,4,12,12,0.0
48565,RO_Coal,2050,4,13,13,0.0
48566,RO_Coal,2050,4,14,14,-0.3519
48567,RO_Coal,2050,4,15,15,-0.3519
48568,RO_Coal,2050,4,16,16,-0.7658999999999998
48569,RO_Coal,2050,4,17,17,-0.7658999999999998
48570,RO_Coal,2050,4,18,18,-0.7658999999999998
48571,RO_Coal,2050,4,19,19,-0.7658999999999998
48572,RO_Coal,2050,4,20,20,-0.3519
48573,RO_Coal,2050,4,21,21,-0.3519
48574,RO_Coal,2050,4,22,22,0.0
48575,RO_Coal,2050,4,23,23,0.0
48576,RO_Coal,2050,4,24,24,0.0
48577,RO_Coal,2050,5,1,1,0.0
48578,RO_Coal,2050,5,2,2,0.0
48579,RO_Coal,2050,5,3,3,0.0
48580,RO_Coal,2050,5,4,4,0.0
48581,RO_Coal,2050,5,5,5,0.0
48582,RO_Coal,2050,5,6,6,0.0
48583,RO_Coal,2050,5,7,7,0.0
48584,RO_Coal,2050,5,8,8,0.0
48585,RO_Coal,2050,5,9,9,0.0
48586,RO_Coal,2050,5,10,10,0.0
48587,RO_Coal,2050,5,11,11,0.0
48588,RO_Coal,2050,5,12,12,0.0
48589,RO_Coal,2050,5,13,13,0.0
48590,RO_Coal,2050,5,14,14,0.0
48591,RO_Coal,2050,5,15,15,0.0
48592,RO_Coal,2050,5,16,16,0.0
48593,RO_Coal,2050,5,17,17,0.0
48594,RO_Coal,2050,5,18,18,0.0
48595,RO_Coal,2050,5,19,19,0.0
48596,RO_Coal,2050,5,20,20,0.0
48597,RO_Coal,2050,5,21,21,0.0
48598,RO_Coal,2050,5,22,22,0.0
48599,RO_Coal,2050,5,23,23,0.0
48600,RO_Coal,2050,5,24,24,0.0
48601,RO_Coal,2050,6,1,1,0.0
48602,RO_Coal,2050,6,2,2,0.0
48603,RO_Coal,2050,6,3,3,0.0
48604,RO_Coal,2050,6,4,4,0.0
48605,RO_Coal,2050,6,5,5,0.0
48606,RO_Coal,2050,6,6,6,0.0
48607,RO_Coal,2050,6,7,7,0.0
48608,RO_Coal,2050,6,8,8,0.0
48609,RO_Coal,2050,6,9,9,0.0
48610,RO_Coal,2050,6,10,10,0.0
48611,RO_Coal,2050,6,11,11,0.0
48612,RO_Coal,2050,6,12,12,0.0
48613,RO_Coal,2050,6,13,13,0.0
48614,RO_Coal,2050,6,14,14,0.0
48615,RO_Coal,2050,6,15,15,0.0
48616,RO_Coal,2050,6,16,16,0.0
48617,RO_Coal,2050,6,17,17,0.0
48618,RO_Coal,2050,6,18,18,0.0
48619,RO_Coal,2050,6,19,19,0.0
48620,RO_Coal,2050,6,20,20,0.0
48621,RO_Coal,2050,6,21,21,0.0
48622,RO_Coal,2050,6,22,22,0.0
48623,RO_Coal,2050,6,23,23,0.0
48624,RO_Coal,2050,6,24,24,0.0
48625,RO_Coal,2050,7,1,1,0.0
48626,RO_Coal,2050,7,2,2,0.0
48627,RO_Coal,2050,7,3,3,0.0
48628,RO_Coal,2050,7,4,4,0.0
48629,RO_Coal,2050,7,5,5,0.0
48630,RO_Coal,2050,7,6,6,0.0
48631,RO_Coal,2050,7,7,7,0.0
48632,RO_Coal,2050,7,8,8,0.0
48633,RO_Coal,2050,7,9,9,0.0
48634,RO_Coal,2050,7,10,10,0.0
48635,RO_Coal,2050,7,11,11,0.0
48636,RO_Coal,2050,7,12,12,0.0
48637,RO_Coal,2050,7,13,13,0.0
48638,RO_Coal,2050,7,14,14,0.0
48639,RO_Coal,2050,7,15,15,0.0
48640,RO_Coal,2050,7,16,16,-0.5661
48641,RO_Coal,2050,7,17,17,-0.5661
48642,RO_Coal,2050,7,18,18,-0.5661
48643,RO_Coal,2050,7,19,19,-0.5661
48644,RO_Coal,2050,7,20,20,-0.5661
48645,RO_Coal,2050,7,21,21,0.0
48646,RO_Coal,2050,7,22,22,0.0
48647,RO_Coal,2050,7,23,23,0.0
48648,RO_Coal,2050,7,24,24,0.0
48649,RO_Coal,2050,8,1,1,0.0
48650,RO_Coal,2050,8,2,2,0.0
48651,RO_Coal,2050,8,3,3,0.0
48652,RO_Coal,2050,8,4,4,0.0
48653,RO_Coal,2050,8,5,5,0.0
48654,RO_Coal,2050,8,6,6,0.0
48655,RO_Coal,2050,8,7,7,0.0
48656,RO_Coal,2050,8,8,8,0.0
48657,RO_Coal,2050,8,9,9,0.0
48658,RO_Coal,2050,8,10,10,0.0
48659,RO_Coal,2050,8,11,11,0.0
48660,RO_Coal,2050,8,12,12,0.0
48661,RO_Coal,2050,8,13,13,0.0
48662,RO_Coal,2050,8,14,14,0.0
48663,RO_Coal,2050,8,15,15,0.0
48664,RO_Coal,2050,8,16,16,0.0
48665,RO_Coal,2050,8,17,17,-0.47430000000000017
48666,RO_Coal,2050,8,18,18,-0.47430000000000017
48667,RO_Coal,2050,8,19,19,-0.47430000000000017
48668,RO_Coal,2050,8,20,20,-0.47430000000000017
48669,RO_Coal,2050,8,21,21,0.0
48670,RO_Coal,2050,8,22,22,0.0
48671,RO_Coal,2050,8,23,23,0.0
48672,RO_Coal,2050,8,24,24,0.0
48673,RO_Coal,2050,9,1,1,0.0
48674,RO_Coal,2050,9,2,2,0.0
48675,RO_Coal,2050,9,3,3,0.0
48676,RO_Coal,2050,9,4,4,0.0
48677,RO_Coal,2050,9,5,5,0.0
48678,RO_Coal,2050,9,6,6,0.0
48679,RO_Coal,2050,9,7,7,0.0
48680,RO_Coal,2050,9,8,8,0.0
48681,RO_Coal,2050,9,9,9,0.0
48682,RO_Coal,2050,9,10,10,0.0
48683,RO_Coal,2050,9,11,11,0.0
48684,RO_Coal,2050,9,12,12,0.0
48685,RO_Coal,2050,9,13,13,0.0
48686,RO_Coal,2050,9,14,14,0.0
48687,RO_Coal,2050,9,15,15,0.0
48688,RO_Coal,2050,9,16,16,0.0
48689,RO_Coal,2050,9,17,17,-0.6579
48690,RO_Coal,2050,9,18,18,-0.6579
48691,RO_Coal,2050,9,19,19,-0.6579
48692,RO_Coal,2050,9,20,20,0.0
48693,RO_Coal,2050,9,21,21,0.0
48694,RO_Coal,2050,9,22,22,0.0
48695,RO_Coal,2050,9,23,23,0.0
48696,RO_Coal,2050,9,24,24,0.0
48697,RO_Coal,2050,10,1,1,-0.7038
48698,RO_Coal,2050,10,2,2,-0.7038
48699,RO_Coal,2050,10,3,3,-0.7038
48700,RO_Coal,2050,10,4,4,-0.7038
48701,RO_Coal,2050,10,5,5,-0.7038
48702,RO_Coal,2050,10,6,6,-0.7038
48703,RO_Coal,2050,10,7,7,-0.7038
48704,RO_Coal,2050,10,8,8,0.0
48705,RO_Coal,2050,10,9,9,0.0
48706,RO_Coal,2050,10,10,10,0.0
48707,RO_Coal,2050,10,11,11,0.0
48708,RO_Coal,2050,10,12,12,0.0
48709,RO_Coal,2050,10,13,13,-0.7038
48710,RO_Coal,2050,10,14,14,-0.7038
48711,RO_Coal,2050,10,15,15,-0.7038
48712,RO_Coal,2050,10,16,16,-1.5317999999999996
48713,RO_Coal,2050,10,17,17,-1.5317999999999996
48714,RO_Coal,2050,10,18,18,-1.5317999999999996
48715,RO_Coal,2050,10,19,19,-1.5317999999999996
48716,RO_Coal,2050,10,20,20,-0.7038
48717,RO_Coal,2050,10,21,21,-0.7038
48718,RO_Coal,2050,10,22,22,-0.7038
48719,RO_Coal,2050,10,23,23,0.0
48720,RO_Coal,2050,10,24,24,0.0
48721,RO_Nuclear,2050,1,1,1,-0.49290000000000006
48722,RO_Nuclear,2050,1,2,2,-0.49290000000000006
48723,RO_Nuclear,2050,1,3,3,-0.49290000000000006
48724,RO_Nuclear,2050,1,4,4,-0.49290000000000006
48725,RO_Nuclear,2050,1,5,5,-0.49290000000000006
48726,RO_Nuclear,2050,1,6,6,-0.49290000000000006
48727,RO_Nuclear,2050,1,7,7,-0.49290000000000006
48728,RO_Nuclear,2050,1,8,8,-0.49290000000000006
48729,RO_Nuclear,2050,1,9,9,-0.49290000000000006
48730,RO_Nuclear,2050,1,10,10,-0.49290000000000006
48731,RO_Nuclear,2050,1,11,11,-0.49290000000000006
48732,RO_Nuclear,2050,1,12,12,-0.49290000000000006
48733,RO_Nuclear,2050,1,13,13,-0.49290000000000006
48734,RO_Nuclear,2050,1,14,14,-0.49290000000000006
48735,RO_Nuclear,2050,1,15,15,-0.49290000000000006
48736,RO_Nuclear,2050,1,16,16,-1.3038
48737,RO_Nuclear,2050,1,17,17,-1.3038
48738,RO_Nuclear,2050,1,18,18,-1.3038
48739,RO_Nuclear,2050,1,19,19,-1.3038
48740,RO_Nuclear,2050,1,20,20,-1.3038
48741,RO_Nuclear,2050,1,21,21,-0.49290000000000006
48742,RO_Nuclear,2050,1,22,22,-0.49290000000000006
48743,RO_Nuclear,2050,1,23,23,-0.49290000000000006
48744,RO_Nuclear,2050,1,24,24,0.0
48745,RO_Nuclear,2050,2,1,1,0.0
48746,RO_Nuclear,2050,2,2,2,0.0
48747,RO_Nuclear,2050,2,3,3,0.0
48748,RO_Nuclear,2050,2,4,4,0.0
48749,RO_Nuclear,2050,2,5,5,0.0
48750,RO_Nuclear,2050,2,6,6,0.0
48751,RO_Nuclear,2050,2,7,7,0.0
48752,RO_Nuclear,2050,2,8,8,0.0
48753,RO_Nuclear,2050,2,9,9,0.0
48754,RO_Nuclear,2050,2,10,10,0.0
48755,RO_Nuclear,2050,2,11,11,0.0
48756,RO_Nuclear,2050,2,12,12,0.0
48757,RO_Nuclear,2050,2,13,13,0.0
48758,RO_Nuclear,2050,2,14,14,0.0
48759,RO_Nuclear,2050,2,15,15,0.0
48760,RO_Nuclear,2050,2,16,16,0.0
48761,RO_Nuclear,2050,2,17,17,0.0
48762,RO_Nuclear,2050,2,18,18,0.0
48763,RO_Nuclear,2050,2,19,19,0.0
48764,RO_Nuclear,2050,2,20,20,0.0
48765,RO_Nuclear,2050,2,21,21,0.0
48766,RO_Nuclear,2050,2,22,22,0.0
48767,RO_Nuclear,2050,2,23,23,0.0
48768,RO_Nuclear,2050,2,24,24,0.0
48769,RO_Nuclear,2050,3,1,1,-0.7134
48770,RO_Nuclear,2050,3,2,2,-0.7134
48771,RO_Nuclear,2050,3,3,3,-0.7134
48772,RO_Nuclear,2050,3,4,4,-0.7134
48773,RO_Nuclear,2050,3,5,5,-0.7134
48774,RO_Nuclear,2050,3,6,6,-0.7134
48775,RO_Nuclear,2050,3,7,7,-0.7134
48776,RO_Nuclear,2050,3,8,8,-0.7134
48777,RO_Nuclear,2050,3,9,9,-0.7134
48778,RO_Nuclear,2050,3,10,10,-0.7134
48779,RO_Nuclear,2050,3,11,11,-1.2353999999999998
48780,RO_Nuclear,2050,3,12,12,-1.2353999999999998
48781,RO_Nuclear,2050,3,13,13,-1.2353999999999998
48782,RO_Nuclear,2050,3,14,14,-1.2353999999999998
48783,RO_Nuclear,2050,3,15,15,-1.2353999999999998
48784,RO_Nuclear,2050,3,16,16,-21.459831411332672
48785,RO_Nuclear,2050,3,17,17,-8.063665705666336
48786,RO_Nuclear,2050,3,18,18,-1.2353999999999998
48787,RO_Nuclear,2050,3,19,19,-1.2353999999999998
48788,RO_Nuclear,2050,3,20,20,-1.2353999999999998
48789,RO_Nuclear,2050,3,21,21,-0.7134
48790,RO_Nuclear,2050,3,22,22,-0.7134
48791,RO_Nuclear,2050,3,23,23,-0.2697
48792,RO_Nuclear,2050,3,24,24,-0.2697
48793,RO_Nuclear,2050,4,1,1,-0.21390000000000003
48794,RO_Nuclear,2050,4,2,2,-0.21390000000000003
48795,RO_Nuclear,2050,4,3,3,-0.21390000000000003
48796,RO_Nuclear,2050,4,4,4,-0.21390000000000003
48797,RO_Nuclear,2050,4,5,5,-0.21390000000000003
48798,RO_Nuclear,2050,4,6,6,-0.21390000000000003
48799,RO_Nuclear,2050,4,7,7,-0.21390000000000003
48800,RO_Nuclear,2050,4,8,8,-0.21390000000000003
48801,RO_Nuclear,2050,4,9,9,-0.21390000000000003
48802,RO_Nuclear,2050,4,10,10,-0.21390000000000003
48803,RO_Nuclear,2050,4,11,11,-0.21390000000000003
48804,RO_Nuclear,2050,4,12,12,-0.21390000000000003
48805,RO_Nuclear,2050,4,13,13,-0.21390000000000003
48806,RO_Nuclear,2050,4,14,14,-0.5658000000000001
48807,RO_Nuclear,2050,4,15,15,-0.5658000000000001
48808,RO_Nuclear,2050,4,16,16,-0.9797999999999998
48809,RO_Nuclear,2050,4,17,17,-0.9797999999999998
48810,RO_Nuclear,2050,4,18,18,-0.9797999999999998
48811,RO_Nuclear,2050,4,19,19,-0.9797999999999998
48812,RO_Nuclear,2050,4,20,20,-0.5658000000000001
48813,RO_Nuclear,2050,4,21,21,-0.5658000000000001
48814,RO_Nuclear,2050,4,22,22,-0.21390000000000003
48815,RO_Nuclear,2050,4,23,23,-0.21390000000000003
48816,RO_Nuclear,2050,4,24,24,-0.21390000000000003
48817,RO_Nuclear,2050,5,1,1,-0.48360000000000003
48818,RO_Nuclear,2050,5,2,2,-0.48360000000000003
48819,RO_Nuclear,2050,5,3,3,-0.48360000000000003
48820,RO_Nuclear,2050,5,4,4,-0.48360000000000003
48821,RO_Nuclear,2050,5,5,5,-0.48360000000000003
48822,RO_Nuclear,2050,5,6,6,-0.48360000000000003
48823,RO_Nuclear,2050,5,7,7,-0.48360000000000003
48824,RO_Nuclear,2050,5,8,8,-0.48360000000000003
48825,RO_Nuclear,2050,5,9,9,0.0
48826,RO_Nuclear,2050,5,10,10,0.0
48827,RO_Nuclear,2050,5,11,11,0.0
48828,RO_Nuclear,2050,5,12,12,0.0
48829,RO_Nuclear,2050,5,13,13,0.0
48830,RO_Nuclear,2050,5,14,14,-0.48360000000000003
48831,RO_Nuclear,2050,5,15,15,-0.48360000000000003
48832,RO_Nuclear,2050,5,16,16,-0.48360000000000003
48833,RO_Nuclear,2050,5,17,17,-0.48360000000000003
48834,RO_Nuclear,2050,5,18,18,-0.48360000000000003
48835,RO_Nuclear,2050,5,19,19,-0.48360000000000003
48836,RO_Nuclear,2050,5,20,20,-0.48360000000000003
48837,RO_Nuclear,2050,5,21,21,0.0
48838,RO_Nuclear,2050,5,22,22,0.0
48839,RO_Nuclear,2050,5,23,23,0.0
48840,RO_Nuclear,2050,5,24,24,0.0
48841,RO_Nuclear,2050,6,1,1,-0.1674
48842,RO_Nuclear,2050,6,2,2,-0.1674
48843,RO_Nuclear,2050,6,3,3,-0.1674
48844,RO_Nuclear,2050,6,4,4,-0.1674
48845,RO_Nuclear,2050,6,5,5,-0.1674
48846,RO_Nuclear,2050,6,6,6,-0.1674
48847,RO_Nuclear,2050,6,7,7,-0.1674
48848,RO_Nuclear,2050,6,8,8,-0.1674
48849,RO_Nuclear,2050,6,9,9,-0.1674
48850,RO_Nuclear,2050,6,10,10,0.0
48851,RO_Nuclear,2050,6,11,11,0.0
48852,RO_Nuclear,2050,6,12,12,0.0
48853,RO_Nuclear,2050,6,13,13,0.0
48854,RO_Nuclear,2050,6,14,14,0.0
48855,RO_Nuclear,2050,6,15,15,0.0
48856,RO_Nuclear,2050,6,16,16,-0.1674
48857,RO_Nuclear,2050,6,17,17,-0.1674
48858,RO_Nuclear,2050,6,18,18,-0.1674
48859,RO_Nuclear,2050,6,19,19,-0.1674
48860,RO_Nuclear,2050,6,20,20,-0.1674
48861,RO_Nuclear,2050,6,21,21,-0.1674
48862,RO_Nuclear,2050,6,22,22,0.0
48863,RO_Nuclear,2050,6,23,23,0.0
48864,RO_Nuclear,2050,6,24,24,0.0
48865,RO_Nuclear,2050,7,1,1,-0.3441000000000001
48866,RO_Nuclear,2050,7,2,2,-0.3441000000000001
48867,RO_Nuclear,2050,7,3,3,-0.3441000000000001
48868,RO_Nuclear,2050,7,4,4,-0.3441000000000001
48869,RO_Nuclear,2050,7,5,5,-0.3441000000000001
48870,RO_Nuclear,2050,7,6,6,-0.3441000000000001
48871,RO_Nuclear,2050,7,7,7,-0.3441000000000001
48872,RO_Nuclear,2050,7,8,8,-0.3441000000000001
48873,RO_Nuclear,2050,7,9,9,-0.3441000000000001
48874,RO_Nuclear,2050,7,10,10,-0.3441000000000001
48875,RO_Nuclear,2050,7,11,11,-0.3441000000000001
48876,RO_Nuclear,2050,7,12,12,-0.3441000000000001
48877,RO_Nuclear,2050,7,13,13,-0.3441000000000001
48878,RO_Nuclear,2050,7,14,14,-0.3441000000000001
48879,RO_Nuclear,2050,7,15,15,-0.3441000000000001
48880,RO_Nuclear,2050,7,16,16,-0.9102000000000001
48881,RO_Nuclear,2050,7,17,17,-0.9102000000000001
48882,RO_Nuclear,2050,7,18,18,-0.9102000000000001
48883,RO_Nuclear,2050,7,19,19,-0.9102000000000001
48884,RO_Nuclear,2050,7,20,20,-0.9102000000000001
48885,RO_Nuclear,2050,7,21,21,-0.3441000000000001
48886,RO_Nuclear,2050,7,22,22,-0.3441000000000001
48887,RO_Nuclear,2050,7,23,23,-0.3441000000000001
48888,RO_Nuclear,2050,7,24,24,-0.3441000000000001
48889,RO_Nuclear,2050,8,1,1,-0.2883
48890,RO_Nuclear,2050,8,2,2,-0.2883
48891,RO_Nuclear,2050,8,3,3,-0.2883
48892,RO_Nuclear,2050,8,4,4,-0.2883
48893,RO_Nuclear,2050,8,5,5,-0.2883
48894,RO_Nuclear,2050,8,6,6,-0.2883
48895,RO_Nuclear,2050,8,7,7,-0.2883
48896,RO_Nuclear,2050,8,8,8,-0.2883
48897,RO_Nuclear,2050,8,9,9,-0.2883
48898,RO_Nuclear,2050,8,10,10,-0.2883
48899,RO_Nuclear,2050,8,11,11,-0.2883
48900,RO_Nuclear,2050,8,12,12,-0.2883
48901,RO_Nuclear,2050,8,13,13,-0.2883
48902,RO_Nuclear,2050,8,14,14,-0.2883
48903,RO_Nuclear,2050,8,15,15,-0.2883
48904,RO_Nuclear,2050,8,16,16,-0.2883
48905,RO_Nuclear,2050,8,17,17,-0.7626000000000002
48906,RO_Nuclear,2050,8,18,18,-0.7626000000000002
48907,RO_Nuclear,2050,8,19,19,-0.7626000000000002
48908,RO_Nuclear,2050,8,20,20,-0.7626000000000002
48909,RO_Nuclear,2050,8,21,21,-0.2883
48910,RO_Nuclear,2050,8,22,22,-0.2883
48911,RO_Nuclear,2050,8,23,23,-0.2883
48912,RO_Nuclear,2050,8,24,24,-0.2883
48913,RO_Nuclear,2050,9,1,1,-0.39990000000000003
48914,RO_Nuclear,2050,9,2,2,-0.39990000000000003
48915,RO_Nuclear,2050,9,3,3,-0.39990000000000003
48916,RO_Nuclear,2050,9,4,4,-0.39990000000000003
48917,RO_Nuclear,2050,9,5,5,-0.39990000000000003
48918,RO_Nuclear,2050,9,6,6,-0.39990000000000003
48919,RO_Nuclear,2050,9,7,7,-0.39990000000000003
48920,RO_Nuclear,2050,9,8,8,-0.39990000000000003
48921,RO_Nuclear,2050,9,9,9,-0.39990000000000003
48922,RO_Nuclear,2050,9,10,10,-0.39990000000000003
48923,RO_Nuclear,2050,9,11,11,-0.39990000000000003
48924,RO_Nuclear,2050,9,12,12,-0.39990000000000003
48925,RO_Nuclear,2050,9,13,13,-0.39990000000000003
48926,RO_Nuclear,2050,9,14,14,-0.39990000000000003
48927,RO_Nuclear,2050,9,15,15,-0.39990000000000003
48928,RO_Nuclear,2050,9,16,16,-0.39990000000000003
48929,RO_Nuclear,2050,9,17,17,-1.0578
48930,RO_Nuclear,2050,9,18,18,-1.0578
48931,RO_Nuclear,2050,9,19,19,-1.0578
48932,RO_Nuclear,2050,9,20,20,-0.39990000000000003
48933,RO_Nuclear,2050,9,21,21,-0.39990000000000003
48934,RO_Nuclear,2050,9,22,22,-0.39990000000000003
48935,RO_Nuclear,2050,9,23,23,-0.39990000000000003
48936,RO_Nuclear,2050,9,24,24,-0.39990000000000003
48937,RO_Nuclear,2050,10,1,1,-1.1316000000000002
48938,RO_Nuclear,2050,10,2,2,-1.1316000000000002
48939,RO_Nuclear,2050,10,3,3,-1.1316000000000002
48940,RO_Nuclear,2050,10,4,4,-1.1316000000000002
48941,RO_Nuclear,2050,10,5,5,-1.1316000000000002
48942,RO_Nuclear,2050,10,6,6,-1.1316000000000002
48943,RO_Nuclear,2050,10,7,7,-1.1316000000000002
48944,RO_Nuclear,2050,10,8,8,-0.42780000000000007
48945,RO_Nuclear,2050,10,9,9,-0.42780000000000007
48946,RO_Nuclear,2050,10,10,10,-0.42780000000000007
48947,RO_Nuclear,2050,10,11,11,-0.42780000000000007
48948,RO_Nuclear,2050,10,12,12,-0.42780000000000007
48949,RO_Nuclear,2050,10,13,13,-1.1316000000000002
48950,RO_Nuclear,2050,10,14,14,-1.1316000000000002
48951,RO_Nuclear,2050,10,15,15,-1.1316000000000002
48952,RO_Nuclear,2050,10,16,16,-1.9595999999999996
48953,RO_Nuclear,2050,10,17,17,-1.9595999999999996
48954,RO_Nuclear,2050,10,18,18,-1.9595999999999996
48955,RO_Nuclear,2050,10,19,19,-1.9595999999999996
48956,RO_Nuclear,2050,10,20,20,-1.1316000000000002
48957,RO_Nuclear,2050,10,21,21,-1.1316000000000002
48958,RO_Nuclear,2050,10,22,22,-1.1316000000000002
48959,RO_Nuclear,2050,10,23,23,-0.42780000000000007
48960,RO_Nuclear,2050,10,24,24,-0.42780000000000007
48961,RO_OCGT,2050,1,1,1,0.0
48962,RO_OCGT,2050,1,2,2,0.0
48963,RO_OCGT,2050,1,3,3,0.0
48964,RO_OCGT,2050,1,4,4,0.0
48965,RO_OCGT,2050,1,5,5,0.0
48966,RO_OCGT,2050,1,6,6,0.0
48967,RO_OCGT,2050,1,7,7,0.0
48968,RO_OCGT,2050,1,8,8,0.0
48969,RO_OCGT,2050,1,9,9,0.0
48970,RO_OCGT,2050,1,10,10,0.0
48971,RO_OCGT,2050,1,11,11,0.0
48972,RO_OCGT,2050,1,12,12,0.0
48973,RO_OCGT,2050,1,13,13,0.0
48974,RO_OCGT,2050,1,14,14,0.0
48975,RO_OCGT,2050,1,15,15,0.0
48976,RO_OCGT,2050,1,16,16,0.0
48977,RO_OCGT,2050,1,17,17,0.0
48978,RO_OCGT,2050,1,18,18,0.0
48979,RO_OCGT,2050,1,19,19,0.0
48980,RO_OCGT,2050,1,20,20,0.0
48981,RO_OCGT,2050,1,21,21,0.0
48982,RO_OCGT,2050,1,22,22,0.0
48983,RO_OCGT,2050,1,23,23,0.0
48984,RO_OCGT,2050,1,24,24,0.0
48985,RO_OCGT,2050,2,1,1,0.0
48986,RO_OCGT,2050,2,2,2,0.0
48987,RO_OCGT,2050,2,3,3,0.0
48988,RO_OCGT,2050,2,4,4,0.0
48989,RO_OCGT,2050,2,5,5,0.0
48990,RO_OCGT,2050,2,6,6,0.0
48991,RO_OCGT,2050,2,7,7,0.0
48992,RO_OCGT,2050,2,8,8,0.0
48993,RO_OCGT,2050,2,9,9,0.0
48994,RO_OCGT,2050,2,10,10,0.0
48995,RO_OCGT,2050,2,11,11,0.0
48996,RO_OCGT,2050,2,12,12,0.0
48997,RO_OCGT,2050,2,13,13,0.0
48998,RO_OCGT,2050,2,14,14,0.0
48999,RO_OCGT,2050,2,15,15,0.0
49000,RO_OCGT,2050,2,16,16,0.0
49001,RO_OCGT,2050,2,17,17,0.0
49002,RO_OCGT,2050,2,18,18,0.0
49003,RO_OCGT,2050,2,19,19,0.0
49004,RO_OCGT,2050,2,20,20,0.0
49005,RO_OCGT,2050,2,21,21,0.0
49006,RO_OCGT,2050,2,22,22,0.0
49007,RO_OCGT,2050,2,23,23,0.0
49008,RO_OCGT,2050,2,24,24,0.0
49009,RO_OCGT,2050,3,1,1,0.0
49010,RO_OCGT,2050,3,2,2,0.0
49011,RO_OCGT,2050,3,3,3,0.0
49012,RO_OCGT,2050,3,4,4,0.0
49013,RO_OCGT,2050,3,5,5,0.0
49014,RO_OCGT,2050,3,6,6,0.0
49015,RO_OCGT,2050,3,7,7,0.0
49016,RO_OCGT,2050,3,8,8,0.0
49017,RO_OCGT,2050,3,9,9,0.0
49018,RO_OCGT,2050,3,10,10,0.0
49019,RO_OCGT,2050,3,11,11,0.0
49020,RO_OCGT,2050,3,12,12,0.0
49021,RO_OCGT,2050,3,13,13,0.0
49022,RO_OCGT,2050,3,14,14,0.0
49023,RO_OCGT,2050,3,15,15,0.0
49024,RO_OCGT,2050,3,16,16,-20.224431411332674
49025,RO_OCGT,2050,3,17,17,-6.828265705666337
49026,RO_OCGT,2050,3,18,18,0.0
49027,RO_OCGT,2050,3,19,19,0.0
49028,RO_OCGT,2050,3,20,20,0.0
49029,RO_OCGT,2050,3,21,21,0.0
49030,RO_OCGT,2050,3,22,22,0.0
49031,RO_OCGT,2050,3,23,23,0.0
49032,RO_OCGT,2050,3,24,24,0.0
49033,RO_OCGT,2050,4,1,1,0.0
49034,RO_OCGT,2050,4,2,2,0.0
49035,RO_OCGT,2050,4,3,3,0.0
49036,RO_OCGT,2050,4,4,4,0.0
49037,RO_OCGT,2050,4,5,5,0.0
49038,RO_OCGT,2050,4,6,6,0.0
49039,RO_OCGT,2050,4,7,7,0.0
49040,RO_OCGT,2050,4,8,8,0.0
49041,RO_OCGT,2050,4,9,9,0.0
49042,RO_OCGT,2050,4,10,10,0.0
49043,RO_OCGT,2050,4,11,11,0.0
49044,RO_OCGT,2050,4,12,12,0.0
49045,RO_OCGT,2050,4,13,13,0.0
49046,RO_OCGT,2050,4,14,14,0.0
49047,RO_OCGT,2050,4,15,15,0.0
49048,RO_OCGT,2050,4,16,16,0.0
49049,RO_OCGT,2050,4,17,17,0.0
49050,RO_OCGT,2050,4,18,18,0.0
49051,RO_OCGT,2050,4,19,19,0.0
49052,RO_OCGT,2050,4,20,20,0.0
49053,RO_OCGT,2050,4,21,21,0.0
49054,RO_OCGT,2050,4,22,22,0.0
49055,RO_OCGT,2050,4,23,23,0.0
49056,RO_OCGT,2050,4,24,24,0.0
49057,RO_OCGT,2050,5,1,1,0.0
49058,RO_OCGT,2050,5,2,2,0.0
49059,RO_OCGT,2050,5,3,3,0.0
49060,RO_OCGT,2050,5,4,4,0.0
49061,RO_OCGT,2050,5,5,5,0.0
49062,RO_OCGT,2050,5,6,6,0.0
49063,RO_OCGT,2050,5,7,7,0.0
49064,RO_OCGT,2050,5,8,8,0.0
49065,RO_OCGT,2050,5,9,9,0.0
49066,RO_OCGT,2050,5,10,10,0.0
49067,RO_OCGT,2050,5,11,11,0.0
49068,RO_OCGT,2050,5,12,12,0.0
49069,RO_OCGT,2050,5,13,13,0.0
49070,RO_OCGT,2050,5,14,14,0.0
49071,RO_OCGT,2050,5,15,15,0.0
49072,RO_OCGT,2050,5,16,16,0.0
49073,RO_OCGT,2050,5,17,17,0.0
49074,RO_OCGT,2050,5,18,18,0.0
49075,RO_OCGT,2050,5,19,19,0.0
49076,RO_OCGT,2050,5,20,20,0.0
49077,RO_OCGT,2050,5,21,21,0.0
49078,RO_OCGT,2050,5,22,22,0.0
49079,RO_OCGT,2050,5,23,23,0.0
49080,RO_OCGT,2050,5,24,24,0.0
49081,RO_OCGT,2050,6,1,1,0.0
49082,RO_OCGT,2050,6,2,2,0.0
49083,RO_OCGT,2050,6,3,3,0.0
49084,RO_OCGT,2050,6,4,4,0.0
49085,RO_OCGT,2050,6,5,5,0.0
49086,RO_OCGT,2050,6,6,6,0.0
49087,RO_OCGT,2050,6,7,7,0.0
49088,RO_OCGT,2050,6,8,8,0.0
49089,RO_OCGT,2050,6,9,9,0.0
49090,RO_OCGT,2050,6,10,10,0.0
49091,RO_OCGT,2050,6,11,11,0.0
49092,RO_OCGT,2050,6,12,12,0.0
49093,RO_OCGT,2050,6,13,13,0.0
49094,RO_OCGT,2050,6,14,14,0.0
49095,RO_OCGT,2050,6,15,15,0.0
49096,RO_OCGT,2050,6,16,16,0.0
49097,RO_OCGT,2050,6,17,17,0.0
49098,RO_OCGT,2050,6,18,18,0.0
49099,RO_OCGT,2050,6,19,19,0.0
49100,RO_OCGT,2050,6,20,20,0.0
49101,RO_OCGT,2050,6,21,21,0.0
49102,RO_OCGT,2050,6,22,22,0.0
49103,RO_OCGT,2050,6,23,23,0.0
49104,RO_OCGT,2050,6,24,24,0.0
49105,RO_OCGT,2050,7,1,1,0.0
49106,RO_OCGT,2050,7,2,2,0.0
49107,RO_OCGT,2050,7,3,3,0.0
49108,RO_OCGT,2050,7,4,4,0.0
49109,RO_OCGT,2050,7,5,5,0.0
49110,RO_OCGT,2050,7,6,6,0.0
49111,RO_OCGT,2050,7,7,7,0.0
49112,RO_OCGT,2050,7,8,8,0.0
49113,RO_OCGT,2050,7,9,9,0.0
49114,RO_OCGT,2050,7,10,10,0.0
49115,RO_OCGT,2050,7,11,11,0.0
49116,RO_OCGT,2050,7,12,12,0.0
49117,RO_OCGT,2050,7,13,13,0.0
49118,RO_OCGT,2050,7,14,14,0.0
49119,RO_OCGT,2050,7,15,15,0.0
49120,RO_OCGT,2050,7,16,16,0.0
49121,RO_OCGT,2050,7,17,17,0.0
49122,RO_OCGT,2050,7,18,18,0.0
49123,RO_OCGT,2050,7,19,19,0.0
49124,RO_OCGT,2050,7,20,20,0.0
49125,RO_OCGT,2050,7,21,21,0.0
49126,RO_OCGT,2050,7,22,22,0.0
49127,RO_OCGT,2050,7,23,23,0.0
49128,RO_OCGT,2050,7,24,24,0.0
49129,RO_OCGT,2050,8,1,1,0.0
49130,RO_OCGT,2050,8,2,2,0.0
49131,RO_OCGT,2050,8,3,3,0.0
49132,RO_OCGT,2050,8,4,4,0.0
49133,RO_OCGT,2050,8,5,5,0.0
49134,RO_OCGT,2050,8,6,6,0.0
49135,RO_OCGT,2050,8,7,7,0.0
49136,RO_OCGT,2050,8,8,8,0.0
49137,RO_OCGT,2050,8,9,9,0.0
49138,RO_OCGT,2050,8,10,10,0.0
49139,RO_OCGT,2050,8,11,11,0.0
49140,RO_OCGT,2050,8,12,12,0.0
49141,RO_OCGT,2050,8,13,13,0.0
49142,RO_OCGT,2050,8,14,14,0.0
49143,RO_OCGT,2050,8,15,15,0.0
49144,RO_OCGT,2050,8,16,16,0.0
49145,RO_OCGT,2050,8,17,17,0.0
49146,RO_OCGT,2050,8,18,18,0.0
49147,RO_OCGT,2050,8,19,19,0.0
49148,RO_OCGT,2050,8,20,20,0.0
49149,RO_OCGT,2050,8,21,21,0.0
49150,RO_OCGT,2050,8,22,22,0.0
49151,RO_OCGT,2050,8,23,23,0.0
49152,RO_OCGT,2050,8,24,24,0.0
49153,RO_OCGT,2050,9,1,1,0.0
49154,RO_OCGT,2050,9,2,2,0.0
49155,RO_OCGT,2050,9,3,3,0.0
49156,RO_OCGT,2050,9,4,4,0.0
49157,RO_OCGT,2050,9,5,5,0.0
49158,RO_OCGT,2050,9,6,6,0.0
49159,RO_OCGT,2050,9,7,7,0.0
49160,RO_OCGT,2050,9,8,8,0.0
49161,RO_OCGT,2050,9,9,9,0.0
49162,RO_OCGT,2050,9,10,10,0.0
49163,RO_OCGT,2050,9,11,11,0.0
49164,RO_OCGT,2050,9,12,12,0.0
49165,RO_OCGT,2050,9,13,13,0.0
49166,RO_OCGT,2050,9,14,14,0.0
49167,RO_OCGT,2050,9,15,15,0.0
49168,RO_OCGT,2050,9,16,16,0.0
49169,RO_OCGT,2050,9,17,17,0.0
49170,RO_OCGT,2050,9,18,18,0.0
49171,RO_OCGT,2050,9,19,19,0.0
49172,RO_OCGT,2050,9,20,20,0.0
49173,RO_OCGT,2050,9,21,21,0.0
49174,RO_OCGT,2050,9,22,22,0.0
49175,RO_OCGT,2050,9,23,23,0.0
49176,RO_OCGT,2050,9,24,24,0.0
49177,RO_OCGT,2050,10,1,1,0.0
49178,RO_OCGT,2050,10,2,2,0.0
49179,RO_OCGT,2050,10,3,3,0.0
49180,RO_OCGT,2050,10,4,4,0.0
49181,RO_OCGT,2050,10,5,5,0.0
49182,RO_OCGT,2050,10,6,6,0.0
49183,RO_OCGT,2050,10,7,7,0.0
49184,RO_OCGT,2050,10,8,8,0.0
49185,RO_OCGT,2050,10,9,9,0.0
49186,RO_OCGT,2050,10,10,10,0.0
49187,RO_OCGT,2050,10,11,11,0.0
49188,RO_OCGT,2050,10,12,12,0.0
49189,RO_OCGT,2050,10,13,13,0.0
49190,RO_OCGT,2050,10,14,14,0.0
49191,RO_OCGT,2050,10,15,15,0.0
49192,RO_OCGT,2050,10,16,16,0.0
49193,RO_OCGT,2050,10,17,17,0.0
49194,RO_OCGT,2050,10,18,18,0.0
49195,RO_OCGT,2050,10,19,19,0.0
49196,RO_OCGT,2050,10,20,20,0.0
49197,RO_OCGT,2050,10,21,21,0.0
49198,RO_OCGT,2050,10,22,22,0.0
49199,RO_OCGT,2050,10,23,23,0.0
49200,RO_OCGT,2050,10,24,24,0.0
49201,RO_Solar,2050,1,1,1,-0.9381
49202,RO_Solar,2050,1,2,2,-0.9381
49203,RO_Solar,2050,1,3,3,-0.9381
49204,RO_Solar,2050,1,4,4,-0.9381
49205,RO_Solar,2050,1,5,5,-0.9381
49206,RO_Solar,2050,1,6,6,-0.9381
49207,RO_Solar,2050,1,7,7,-0.9381
49208,RO_Solar,2050,1,8,8,-0.9381
49209,RO_Solar,2050,1,9,9,-0.9381
49210,RO_Solar,2050,1,10,10,-0.9381
49211,RO_Solar,2050,1,11,11,-0.9381
49212,RO_Solar,2050,1,12,12,-0.9381
49213,RO_Solar,2050,1,13,13,-0.9381
49214,RO_Solar,2050,1,14,14,-0.9381
49215,RO_Solar,2050,1,15,15,-0.9381
49216,RO_Solar,2050,1,16,16,-1.749
49217,RO_Solar,2050,1,17,17,-1.749
49218,RO_Solar,2050,1,18,18,-1.749
49219,RO_Solar,2050,1,19,19,-1.749
49220,RO_Solar,2050,1,20,20,-1.749
49221,RO_Solar,2050,1,21,21,-0.9381
49222,RO_Solar,2050,1,22,22,-0.9381
49223,RO_Solar,2050,1,23,23,-0.9381
49224,RO_Solar,2050,1,24,24,0.0
49225,RO_Solar,2050,2,1,1,0.0
49226,RO_Solar,2050,2,2,2,0.0
49227,RO_Solar,2050,2,3,3,0.0
49228,RO_Solar,2050,2,4,4,0.0
49229,RO_Solar,2050,2,5,5,0.0
49230,RO_Solar,2050,2,6,6,0.0
49231,RO_Solar,2050,2,7,7,0.0
49232,RO_Solar,2050,2,8,8,0.0
49233,RO_Solar,2050,2,9,9,0.0
49234,RO_Solar,2050,2,10,10,0.0
49235,RO_Solar,2050,2,11,11,0.0
49236,RO_Solar,2050,2,12,12,0.0
49237,RO_Solar,2050,2,13,13,0.0
49238,RO_Solar,2050,2,14,14,0.0
49239,RO_Solar,2050,2,15,15,0.0
49240,RO_Solar,2050,2,16,16,0.0
49241,RO_Solar,2050,2,17,17,0.0
49242,RO_Solar,2050,2,18,18,0.0
49243,RO_Solar,2050,2,19,19,0.0
49244,RO_Solar,2050,2,20,20,0.0
49245,RO_Solar,2050,2,21,21,0.0
49246,RO_Solar,2050,2,22,22,0.0
49247,RO_Solar,2050,2,23,23,0.0
49248,RO_Solar,2050,2,24,24,0.0
49249,RO_Solar,2050,3,1,1,-0.9570000000000001
49250,RO_Solar,2050,3,2,2,-0.9570000000000001
49251,RO_Solar,2050,3,3,3,-0.9570000000000001
49252,RO_Solar,2050,3,4,4,-0.9570000000000001
49253,RO_Solar,2050,3,5,5,-0.9570000000000001
49254,RO_Solar,2050,3,6,6,-0.9570000000000001
49255,RO_Solar,2050,3,7,7,-0.9570000000000001
49256,RO_Solar,2050,3,8,8,-0.9570000000000001
49257,RO_Solar,2050,3,9,9,-0.9570000000000001
49258,RO_Solar,2050,3,10,10,-0.9570000000000001
49259,RO_Solar,2050,3,11,11,-1.4789999999999999
49260,RO_Solar,2050,3,12,12,-1.4789999999999999
49261,RO_Solar,2050,3,13,13,-1.4789999999999999
49262,RO_Solar,2050,3,14,14,-1.4789999999999999
49263,RO_Solar,2050,3,15,15,-1.4789999999999999
49264,RO_Solar,2050,3,16,16,-21.703431411332673
49265,RO_Solar,2050,3,17,17,-8.307265705666337
49266,RO_Solar,2050,3,18,18,-1.4789999999999999
49267,RO_Solar,2050,3,19,19,-1.4789999999999999
49268,RO_Solar,2050,3,20,20,-1.4789999999999999
49269,RO_Solar,2050,3,21,21,-0.9570000000000001
49270,RO_Solar,2050,3,22,22,-0.9570000000000001
49271,RO_Solar,2050,3,23,23,-0.5133
49272,RO_Solar,2050,3,24,24,-0.5133
49273,RO_Solar,2050,4,1,1,-0.4071
49274,RO_Solar,2050,4,2,2,-0.4071
49275,RO_Solar,2050,4,3,3,-0.4071
49276,RO_Solar,2050,4,4,4,-0.4071
49277,RO_Solar,2050,4,5,5,-0.4071
49278,RO_Solar,2050,4,6,6,-0.4071
49279,RO_Solar,2050,4,7,7,-0.4071
49280,RO_Solar,2050,4,8,8,-0.4071
49281,RO_Solar,2050,4,9,9,-0.4071
49282,RO_Solar,2050,4,10,10,-0.4071
49283,RO_Solar,2050,4,11,11,-0.4071
49284,RO_Solar,2050,4,12,12,-0.4071
49285,RO_Solar,2050,4,13,13,-0.4071
49286,RO_Solar,2050,4,14,14,-0.759
49287,RO_Solar,2050,4,15,15,-0.759
49288,RO_Solar,2050,4,16,16,-1.1729999999999998
49289,RO_Solar,2050,4,17,17,-1.1729999999999998
49290,RO_Solar,2050,4,18,18,-1.1729999999999998
49291,RO_Solar,2050,4,19,19,-1.1729999999999998
49292,RO_Solar,2050,4,20,20,-0.759
49293,RO_Solar,2050,4,21,21,-0.759
49294,RO_Solar,2050,4,22,22,-0.4071
49295,RO_Solar,2050,4,23,23,-0.4071
49296,RO_Solar,2050,4,24,24,-0.4071
49297,RO_Solar,2050,5,1,1,-0.9204
49298,RO_Solar,2050,5,2,2,-0.9204
49299,RO_Solar,2050,5,3,3,-0.9204
49300,RO_Solar,2050,5,4,4,-0.9204
49301,RO_Solar,2050,5,5,5,-0.9204
49302,RO_Solar,2050,5,6,6,-0.9204
49303,RO_Solar,2050,5,7,7,-0.9204
49304,RO_Solar,2050,5,8,8,-0.9204
49305,RO_Solar,2050,5,9,9,0.0
49306,RO_Solar,2050,5,10,10,0.0
49307,RO_Solar,2050,5,11,11,0.0
49308,RO_Solar,2050,5,12,12,0.0
49309,RO_Solar,2050,5,13,13,0.0
49310,RO_Solar,2050,5,14,14,-0.9204
49311,RO_Solar,2050,5,15,15,-0.9204
49312,RO_Solar,2050,5,16,16,-0.9204
49313,RO_Solar,2050,5,17,17,-0.9204
49314,RO_Solar,2050,5,18,18,-0.9204
49315,RO_Solar,2050,5,19,19,-0.9204
49316,RO_Solar,2050,5,20,20,-0.9204
49317,RO_Solar,2050,5,21,21,0.0
49318,RO_Solar,2050,5,22,22,0.0
49319,RO_Solar,2050,5,23,23,0.0
49320,RO_Solar,2050,5,24,24,0.0
49321,RO_Solar,2050,6,1,1,-0.3186
49322,RO_Solar,2050,6,2,2,-0.3186
49323,RO_Solar,2050,6,3,3,-0.3186
49324,RO_Solar,2050,6,4,4,-0.3186
49325,RO_Solar,2050,6,5,5,-0.3186
49326,RO_Solar,2050,6,6,6,-0.3186
49327,RO_Solar,2050,6,7,7,-0.3186
49328,RO_Solar,2050,6,8,8,-0.3186
49329,RO_Solar,2050,6,9,9,-0.3186
49330,RO_Solar,2050,6,10,10,0.0
49331,RO_Solar,2050,6,11,11,0.0
49332,RO_Solar,2050,6,12,12,0.0
49333,RO_Solar,2050,6,13,13,0.0
49334,RO_Solar,2050,6,14,14,0.0
49335,RO_Solar,2050,6,15,15,0.0
49336,RO_Solar,2050,6,16,16,-0.3186
49337,RO_Solar,2050,6,17,17,-0.3186
49338,RO_Solar,2050,6,18,18,-0.3186
49339,RO_Solar,2050,6,19,19,-0.3186
49340,RO_Solar,2050,6,20,20,-0.3186
49341,RO_Solar,2050,6,21,21,-0.3186
49342,RO_Solar,2050,6,22,22,0.0
49343,RO_Solar,2050,6,23,23,0.0
49344,RO_Solar,2050,6,24,24,0.0
49345,RO_Solar,2050,7,1,1,-0.6549
49346,RO_Solar,2050,7,2,2,-0.6549
49347,RO_Solar,2050,7,3,3,-0.6549
49348,RO_Solar,2050,7,4,4,-0.6549
49349,RO_Solar,2050,7,5,5,-0.6549
49350,RO_Solar,2050,7,6,6,-0.6549
49351,RO_Solar,2050,7,7,7,-0.6549
49352,RO_Solar,2050,7,8,8,-0.6549
49353,RO_Solar,2050,7,9,9,-0.6549
49354,RO_Solar,2050,7,10,10,-0.6549
49355,RO_Solar,2050,7,11,11,-0.6549
49356,RO_Solar,2050,7,12,12,-0.6549
49357,RO_Solar,2050,7,13,13,-0.6549
49358,RO_Solar,2050,7,14,14,-0.6549
49359,RO_Solar,2050,7,15,15,-0.6549
49360,RO_Solar,2050,7,16,16,-1.221
49361,RO_Solar,2050,7,17,17,-1.221
49362,RO_Solar,2050,7,18,18,-1.221
49363,RO_Solar,2050,7,19,19,-1.221
49364,RO_Solar,2050,7,20,20,-1.221
49365,RO_Solar,2050,7,21,21,-0.6549
49366,RO_Solar,2050,7,22,22,-0.6549
49367,RO_Solar,2050,7,23,23,-0.6549
49368,RO_Solar,2050,7,24,24,-0.6549
49369,RO_Solar,2050,8,1,1,-0.5487
49370,RO_Solar,2050,8,2,2,-0.5487
49371,RO_Solar,2050,8,3,3,-0.5487
49372,RO_Solar,2050,8,4,4,-0.5487
49373,RO_Solar,2050,8,5,5,-0.5487
49374,RO_Solar,2050,8,6,6,-0.5487
49375,RO_Solar,2050,8,7,7,-0.5487
49376,RO_Solar,2050,8,8,8,-0.5487
49377,RO_Solar,2050,8,9,9,-0.5487
49378,RO_Solar,2050,8,10,10,-0.5487
49379,RO_Solar,2050,8,11,11,-0.5487
49380,RO_Solar,2050,8,12,12,-0.5487
49381,RO_Solar,2050,8,13,13,-0.5487
49382,RO_Solar,2050,8,14,14,-0.5487
49383,RO_Solar,2050,8,15,15,-0.5487
49384,RO_Solar,2050,8,16,16,-0.5487
49385,RO_Solar,2050,8,17,17,-1.0230000000000001
49386,RO_Solar,2050,8,18,18,-1.0230000000000001
49387,RO_Solar,2050,8,19,19,-1.0230000000000001
49388,RO_Solar,2050,8,20,20,-1.0230000000000001
49389,RO_Solar,2050,8,21,21,-0.5487
49390,RO_Solar,2050,8,22,22,-0.5487
49391,RO_Solar,2050,8,23,23,-0.5487
49392,RO_Solar,2050,8,24,24,-0.5487
49393,RO_Solar,2050,9,1,1,-0.7611
49394,RO_Solar,2050,9,2,2,-0.7611
49395,RO_Solar,2050,9,3,3,-0.7611
49396,RO_Solar,2050,9,4,4,-0.7611
49397,RO_Solar,2050,9,5,5,-0.7611
49398,RO_Solar,2050,9,6,6,-0.7611
49399,RO_Solar,2050,9,7,7,-0.7611
49400,RO_Solar,2050,9,8,8,-0.7611
49401,RO_Solar,2050,9,9,9,-0.7611
49402,RO_Solar,2050,9,10,10,-0.7611
49403,RO_Solar,2050,9,11,11,-0.7611
49404,RO_Solar,2050,9,12,12,-0.7611
49405,RO_Solar,2050,9,13,13,-0.7611
49406,RO_Solar,2050,9,14,14,-0.7611
49407,RO_Solar,2050,9,15,15,-0.7611
49408,RO_Solar,2050,9,16,16,-0.7611
49409,RO_Solar,2050,9,17,17,-1.419
49410,RO_Solar,2050,9,18,18,-1.419
49411,RO_Solar,2050,9,19,19,-1.419
49412,RO_Solar,2050,9,20,20,-0.7611
49413,RO_Solar,2050,9,21,21,-0.7611
49414,RO_Solar,2050,9,22,22,-0.7611
49415,RO_Solar,2050,9,23,23,-0.7611
49416,RO_Solar,2050,9,24,24,-0.7611
49417,RO_Solar,2050,10,1,1,-1.518
49418,RO_Solar,2050,10,2,2,-1.518
49419,RO_Solar,2050,10,3,3,-1.518
49420,RO_Solar,2050,10,4,4,-1.518
49421,RO_Solar,2050,10,5,5,-1.518
49422,RO_Solar,2050,10,6,6,-1.518
49423,RO_Solar,2050,10,7,7,-1.518
49424,RO_Solar,2050,10,8,8,-0.8142
49425,RO_Solar,2050,10,9,9,-0.8142
49426,RO_Solar,2050,10,10,10,-0.8142
49427,RO_Solar,2050,10,11,11,-0.8142
49428,RO_Solar,2050,10,12,12,-0.8142
49429,RO_Solar,2050,10,13,13,-1.518
49430,RO_Solar,2050,10,14,14,-1.518
49431,RO_Solar,2050,10,15,15,-1.518
49432,RO_Solar,2050,10,16,16,-2.3459999999999996
49433,RO_Solar,2050,10,17,17,-2.3459999999999996
49434,RO_Solar,2050,10,18,18,-2.3459999999999996
49435,RO_Solar,2050,10,19,19,-2.3459999999999996
49436,RO_Solar,2050,10,20,20,-1.518
49437,RO_Solar,2050,10,21,21,-1.518
49438,RO_Solar,2050,10,22,22,-1.518
49439,RO_Solar,2050,10,23,23,-0.8142
49440,RO_Solar,2050,10,24,24,-0.8142
49441,RO_Wind_Offshore,2050,1,1,1,-0.9381
49442,RO_Wind_Offshore,2050,1,2,2,-0.9381
49443,RO_Wind_Offshore,2050,1,3,3,-0.9381
49444,RO_Wind_Offshore,2050,1,4,4,-0.9381
49445,RO_Wind_Offshore,2050,1,5,5,-0.9381
49446,RO_Wind_Offshore,2050,1,6,6,-0.9381
49447,RO_Wind_Offshore,2050,1,7,7,-0.9381
49448,RO_Wind_Offshore,2050,1,8,8,-0.9381
49449,RO_Wind_Offshore,2050,1,9,9,-0.9381
49450,RO_Wind_Offshore,2050,1,10,10,-0.9381
49451,RO_Wind_Offshore,2050,1,11,11,-0.9381
49452,RO_Wind_Offshore,2050,1,12,12,-0.9381
49453,RO_Wind_Offshore,2050,1,13,13,-0.9381
49454,RO_Wind_Offshore,2050,1,14,14,-0.9381
49455,RO_Wind_Offshore,2050,1,15,15,-0.9381
49456,RO_Wind_Offshore,2050,1,16,16,-1.749
49457,RO_Wind_Offshore,2050,1,17,17,-1.749
49458,RO_Wind_Offshore,2050,1,18,18,-1.749
49459,RO_Wind_Offshore,2050,1,19,19,-1.749
49460,RO_Wind_Offshore,2050,1,20,20,-1.749
49461,RO_Wind_Offshore,2050,1,21,21,-0.9381
49462,RO_Wind_Offshore,2050,1,22,22,-0.9381
49463,RO_Wind_Offshore,2050,1,23,23,-0.9381
49464,RO_Wind_Offshore,2050,1,24,24,0.0
49465,RO_Wind_Offshore,2050,2,1,1,0.0
49466,RO_Wind_Offshore,2050,2,2,2,0.0
49467,RO_Wind_Offshore,2050,2,3,3,0.0
49468,RO_Wind_Offshore,2050,2,4,4,0.0
49469,RO_Wind_Offshore,2050,2,5,5,0.0
49470,RO_Wind_Offshore,2050,2,6,6,0.0
49471,RO_Wind_Offshore,2050,2,7,7,0.0
49472,RO_Wind_Offshore,2050,2,8,8,0.0
49473,RO_Wind_Offshore,2050,2,9,9,0.0
49474,RO_Wind_Offshore,2050,2,10,10,0.0
49475,RO_Wind_Offshore,2050,2,11,11,0.0
49476,RO_Wind_Offshore,2050,2,12,12,0.0
49477,RO_Wind_Offshore,2050,2,13,13,0.0
49478,RO_Wind_Offshore,2050,2,14,14,0.0
49479,RO_Wind_Offshore,2050,2,15,15,0.0
49480,RO_Wind_Offshore,2050,2,16,16,0.0
49481,RO_Wind_Offshore,2050,2,17,17,0.0
49482,RO_Wind_Offshore,2050,2,18,18,0.0
49483,RO_Wind_Offshore,2050,2,19,19,0.0
49484,RO_Wind_Offshore,2050,2,20,20,0.0
49485,RO_Wind_Offshore,2050,2,21,21,0.0
49486,RO_Wind_Offshore,2050,2,22,22,0.0
49487,RO_Wind_Offshore,2050,2,23,23,0.0
49488,RO_Wind_Offshore,2050,2,24,24,0.0
49489,RO_Wind_Offshore,2050,3,1,1,-0.9570000000000001
49490,RO_Wind_Offshore,2050,3,2,2,-0.9570000000000001
49491,RO_Wind_Offshore,2050,3,3,3,-0.9570000000000001
49492,RO_Wind_Offshore,2050,3,4,4,-0.9570000000000001
49493,RO_Wind_Offshore,2050,3,5,5,-0.9570000000000001
49494,RO_Wind_Offshore,2050,3,6,6,-0.9570000000000001
49495,RO_Wind_Offshore,2050,3,7,7,-0.9570000000000001
49496,RO_Wind_Offshore,2050,3,8,8,-0.9570000000000001
49497,RO_Wind_Offshore,2050,3,9,9,-0.9570000000000001
49498,RO_Wind_Offshore,2050,3,10,10,-0.9570000000000001
49499,RO_Wind_Offshore,2050,3,11,11,-1.4789999999999999
49500,RO_Wind_Offshore,2050,3,12,12,-1.4789999999999999
49501,RO_Wind_Offshore,2050,3,13,13,-1.4789999999999999
49502,RO_Wind_Offshore,2050,3,14,14,-1.4789999999999999
49503,RO_Wind_Offshore,2050,3,15,15,-1.4789999999999999
49504,RO_Wind_Offshore,2050,3,16,16,-21.703431411332673
49505,RO_Wind_Offshore,2050,3,17,17,-8.307265705666337
49506,RO_Wind_Offshore,2050,3,18,18,-1.4789999999999999
49507,RO_Wind_Offshore,2050,3,19,19,-1.4789999999999999
49508,RO_Wind_Offshore,2050,3,20,20,-1.4789999999999999
49509,RO_Wind_Offshore,2050,3,21,21,-0.9570000000000001
49510,RO_Wind_Offshore,2050,3,22,22,-0.9570000000000001
49511,RO_Wind_Offshore,2050,3,23,23,-0.5133
49512,RO_Wind_Offshore,2050,3,24,24,-0.5133
49513,RO_Wind_Offshore,2050,4,1,1,-0.4071
49514,RO_Wind_Offshore,2050,4,2,2,-0.4071
49515,RO_Wind_Offshore,2050,4,3,3,-0.4071
49516,RO_Wind_Offshore,2050,4,4,4,-0.4071
49517,RO_Wind_Offshore,2050,4,5,5,-0.4071
49518,RO_Wind_Offshore,2050,4,6,6,-0.4071
49519,RO_Wind_Offshore,2050,4,7,7,-0.4071
49520,RO_Wind_Offshore,2050,4,8,8,-0.4071
49521,RO_Wind_Offshore,2050,4,9,9,-0.4071
49522,RO_Wind_Offshore,2050,4,10,10,-0.4071
49523,RO_Wind_Offshore,2050,4,11,11,-0.4071
49524,RO_Wind_Offshore,2050,4,12,12,-0.4071
49525,RO_Wind_Offshore,2050,4,13,13,-0.4071
49526,RO_Wind_Offshore,2050,4,14,14,-0.759
49527,RO_Wind_Offshore,2050,4,15,15,-0.759
49528,RO_Wind_Offshore,2050,4,16,16,-1.1729999999999998
49529,RO_Wind_Offshore,2050,4,17,17,-1.1729999999999998
49530,RO_Wind_Offshore,2050,4,18,18,-1.1729999999999998
49531,RO_Wind_Offshore,2050,4,19,19,-1.1729999999999998
49532,RO_Wind_Offshore,2050,4,20,20,-0.759
49533,RO_Wind_Offshore,2050,4,21,21,-0.759
49534,RO_Wind_Offshore,2050,4,22,22,-0.4071
49535,RO_Wind_Offshore,2050,4,23,23,-0.4071
49536,RO_Wind_Offshore,2050,4,24,24,-0.4071
49537,RO_Wind_Offshore,2050,5,1,1,-0.9204
49538,RO_Wind_Offshore,2050,5,2,2,-0.9204
49539,RO_Wind_Offshore,2050,5,3,3,-0.9204
49540,RO_Wind_Offshore,2050,5,4,4,-0.9204
49541,RO_Wind_Offshore,2050,5,5,5,-0.9204
49542,RO_Wind_Offshore,2050,5,6,6,-0.9204
49543,RO_Wind_Offshore,2050,5,7,7,-0.9204
49544,RO_Wind_Offshore,2050,5,8,8,-0.9204
49545,RO_Wind_Offshore,2050,5,9,9,0.0
49546,RO_Wind_Offshore,2050,5,10,10,0.0
49547,RO_Wind_Offshore,2050,5,11,11,0.0
49548,RO_Wind_Offshore,2050,5,12,12,0.0
49549,RO_Wind_Offshore,2050,5,13,13,0.0
49550,RO_Wind_Offshore,2050,5,14,14,-0.9204
49551,RO_Wind_Offshore,2050,5,15,15,-0.9204
49552,RO_Wind_Offshore,2050,5,16,16,-0.9204
49553,RO_Wind_Offshore,2050,5,17,17,-0.9204
49554,RO_Wind_Offshore,2050,5,18,18,-0.9204
49555,RO_Wind_Offshore,2050,5,19,19,-0.9204
49556,RO_Wind_Offshore,2050,5,20,20,-0.9204
49557,RO_Wind_Offshore,2050,5,21,21,0.0
49558,RO_Wind_Offshore,2050,5,22,22,0.0
49559,RO_Wind_Offshore,2050,5,23,23,0.0
49560,RO_Wind_Offshore,2050,5,24,24,0.0
49561,RO_Wind_Offshore,2050,6,1,1,-0.3186
49562,RO_Wind_Offshore,2050,6,2,2,-0.3186
49563,RO_Wind_Offshore,2050,6,3,3,-0.3186
49564,RO_Wind_Offshore,2050,6,4,4,-0.3186
49565,RO_Wind_Offshore,2050,6,5,5,-0.3186
49566,RO_Wind_Offshore,2050,6,6,6,-0.3186
49567,RO_Wind_Offshore,2050,6,7,7,-0.3186
49568,RO_Wind_Offshore,2050,6,8,8,-0.3186
49569,RO_Wind_Offshore,2050,6,9,9,-0.3186
49570,RO_Wind_Offshore,2050,6,10,10,0.0
49571,RO_Wind_Offshore,2050,6,11,11,0.0
49572,RO_Wind_Offshore,2050,6,12,12,0.0
49573,RO_Wind_Offshore,2050,6,13,13,0.0
49574,RO_Wind_Offshore,2050,6,14,14,0.0
49575,RO_Wind_Offshore,2050,6,15,15,0.0
49576,RO_Wind_Offshore,2050,6,16,16,-0.3186
49577,RO_Wind_Offshore,2050,6,17,17,-0.3186
49578,RO_Wind_Offshore,2050,6,18,18,-0.3186
49579,RO_Wind_Offshore,2050,6,19,19,-0.3186
49580,RO_Wind_Offshore,2050,6,20,20,-0.3186
49581,RO_Wind_Offshore,2050,6,21,21,-0.3186
49582,RO_Wind_Offshore,2050,6,22,22,0.0
49583,RO_Wind_Offshore,2050,6,23,23,0.0
49584,RO_Wind_Offshore,2050,6,24,24,0.0
49585,RO_Wind_Offshore,2050,7,1,1,-0.6549
49586,RO_Wind_Offshore,2050,7,2,2,-0.6549
49587,RO_Wind_Offshore,2050,7,3,3,-0.6549
49588,RO_Wind_Offshore,2050,7,4,4,-0.6549
49589,RO_Wind_Offshore,2050,7,5,5,-0.6549
49590,RO_Wind_Offshore,2050,7,6,6,-0.6549
49591,RO_Wind_Offshore,2050,7,7,7,-0.6549
49592,RO_Wind_Offshore,2050,7,8,8,-0.6549
49593,RO_Wind_Offshore,2050,7,9,9,-0.6549
49594,RO_Wind_Offshore,2050,7,10,10,-0.6549
49595,RO_Wind_Offshore,2050,7,11,11,-0.6549
49596,RO_Wind_Offshore,2050,7,12,12,-0.6549
49597,RO_Wind_Offshore,2050,7,13,13,-0.6549
49598,RO_Wind_Offshore,2050,7,14,14,-0.6549
49599,RO_Wind_Offshore,2050,7,15,15,-0.6549
49600,RO_Wind_Offshore,2050,7,16,16,-1.221
49601,RO_Wind_Offshore,2050,7,17,17,-1.221
49602,RO_Wind_Offshore,2050,7,18,18,-1.221
49603,RO_Wind_Offshore,2050,7,19,19,-1.221
49604,RO_Wind_Offshore,2050,7,20,20,-1.221
49605,RO_Wind_Offshore,2050,7,21,21,-0.6549
49606,RO_Wind_Offshore,2050,7,22,22,-0.6549
49607,RO_Wind_Offshore,2050,7,23,23,-0.6549
49608,RO_Wind_Offshore,2050,7,24,24,-0.6549
49609,RO_Wind_Offshore,2050,8,1,1,-0.5487
49610,RO_Wind_Offshore,2050,8,2,2,-0.5487
49611,RO_Wind_Offshore,2050,8,3,3,-0.5487
49612,RO_Wind_Offshore,2050,8,4,4,-0.5487
49613,RO_Wind_Offshore,2050,8,5,5,-0.5487
49614,RO_Wind_Offshore,2050,8,6,6,-0.5487
49615,RO_Wind_Offshore,2050,8,7,7,-0.5487
49616,RO_Wind_Offshore,2050,8,8,8,-0.5487
49617,RO_Wind_Offshore,2050,8,9,9,-0.5487
49618,RO_Wind_Offshore,2050,8,10,10,-0.5487
49619,RO_Wind_Offshore,2050,8,11,11,-0.5487
49620,RO_Wind_Offshore,2050,8,12,12,-0.5487
49621,RO_Wind_Offshore,2050,8,13,13,-0.5487
49622,RO_Wind_Offshore,2050,8,14,14,-0.5487
49623,RO_Wind_Offshore,2050,8,15,15,-0.5487
49624,RO_Wind_Offshore,2050,8,16,16,-0.5487
49625,RO_Wind_Offshore,2050,8,17,17,-1.0230000000000001
49626,RO_Wind_Offshore,2050,8,18,18,-1.0230000000000001
49627,RO_Wind_Offshore,2050,8,19,19,-1.0230000000000001
49628,RO_Wind_Offshore,2050,8,20,20,-1.0230000000000001
49629,RO_Wind_Offshore,2050,8,21,21,-0.5487
49630,RO_Wind_Offshore,2050,8,22,22,-0.5487
49631,RO_Wind_Offshore,2050,8,23,23,-0.5487
49632,RO_Wind_Offshore,2050,8,24,24,-0.5487
49633,RO_Wind_Offshore,2050,9,1,1,-0.7611
49634,RO_Wind_Offshore,2050,9,2,2,-0.7611
49635,RO_Wind_Offshore,2050,9,3,3,-0.7611
49636,RO_Wind_Offshore,2050,9,4,4,-0.7611
49637,RO_Wind_Offshore,2050,9,5,5,-0.7611
49638,RO_Wind_Offshore,2050,9,6,6,-0.7611
49639,RO_Wind_Offshore,2050,9,7,7,-0.7611
49640,RO_Wind_Offshore,2050,9,8,8,-0.7611
49641,RO_Wind_Offshore,2050,9,9,9,-0.7611
49642,RO_Wind_Offshore,2050,9,10,10,-0.7611
49643,RO_Wind_Offshore,2050,9,11,11,-0.7611
49644,RO_Wind_Offshore,2050,9,12,12,-0.7611
49645,RO_Wind_Offshore,2050,9,13,13,-0.7611
49646,RO_Wind_Offshore,2050,9,14,14,-0.7611
49647,RO_Wind_Offshore,2050,9,15,15,-0.7611
49648,RO_Wind_Offshore,2050,9,16,16,-0.7611
49649,RO_Wind_Offshore,2050,9,17,17,-1.419
49650,RO_Wind_Offshore,2050,9,18,18,-1.419
49651,RO_Wind_Offshore,2050,9,19,19,-1.419
49652,RO_Wind_Offshore,2050,9,20,20,-0.7611
49653,RO_Wind_Offshore,2050,9,21,21,-0.7611
49654,RO_Wind_Offshore,2050,9,22,22,-0.7611
49655,RO_Wind_Offshore,2050,9,23,23,-0.7611
49656,RO_Wind_Offshore,2050,9,24,24,-0.7611
49657,RO_Wind_Offshore,2050,10,1,1,-1.518
49658,RO_Wind_Offshore,2050,10,2,2,-1.518
49659,RO_Wind_Offshore,2050,10,3,3,-1.518
49660,RO_Wind_Offshore,2050,10,4,4,-1.518
49661,RO_Wind_Offshore,2050,10,5,5,-1.518
49662,RO_Wind_Offshore,2050,10,6,6,-1.518
49663,RO_Wind_Offshore,2050,10,7,7,-1.518
49664,RO_Wind_Offshore,2050,10,8,8,-0.8142
49665,RO_Wind_Offshore,2050,10,9,9,-0.8142
49666,RO_Wind_Offshore,2050,10,10,10,-0.8142
49667,RO_Wind_Offshore,2050,10,11,11,-0.8142
49668,RO_Wind_Offshore,2050,10,12,12,-0.8142
49669,RO_Wind_Offshore,2050,10,13,13,-1.518
49670,RO_Wind_Offshore,2050,10,14,14,-1.518
49671,RO_Wind_Offshore,2050,10,15,15,-1.518
49672,RO_Wind_Offshore,2050,10,16,16,-2.3459999999999996
49673,RO_Wind_Offshore,2050,10,17,17,-2.3459999999999996
49674,RO_Wind_Offshore,2050,10,18,18,-2.3459999999999996
49675,RO_Wind_Offshore,2050,10,19,19,-2.3459999999999996
49676,RO_Wind_Offshore,2050,10,20,20,-1.518
49677,RO_Wind_Offshore,2050,10,21,21,-1.518
49678,RO_Wind_Offshore,2050,10,22,22,-1.518
49679,RO_Wind_Offshore,2050,10,23,23,-0.8142
49680,RO_Wind_Offshore,2050,10,24,24,-0.8142
49681,RO_Wind_Onshore,2050,1,1,1,-0.9381
49682,RO_Wind_Onshore,2050,1,2,2,-0.9381
49683,RO_Wind_Onshore,2050,1,3,3,-0.9381
49684,RO_Wind_Onshore,2050,1,4,4,-0.9381
49685,RO_Wind_Onshore,2050,1,5,5,-0.9381
49686,RO_Wind_Onshore,2050,1,6,6,-0.9381
49687,RO_Wind_Onshore,2050,1,7,7,-0.9381
49688,RO_Wind_Onshore,2050,1,8,8,-0.9381
49689,RO_Wind_Onshore,2050,1,9,9,-0.9381
49690,RO_Wind_Onshore,2050,1,10,10,-0.9381
49691,RO_Wind_Onshore,2050,1,11,11,-0.9381
49692,RO_Wind_Onshore,2050,1,12,12,-0.9381
49693,RO_Wind_Onshore,2050,1,13,13,-0.9381
49694,RO_Wind_Onshore,2050,1,14,14,-0.9381
49695,RO_Wind_Onshore,2050,1,15,15,-0.9381
49696,RO_Wind_Onshore,2050,1,16,16,-1.749
49697,RO_Wind_Onshore,2050,1,17,17,-1.749
49698,RO_Wind_Onshore,2050,1,18,18,-1.749
49699,RO_Wind_Onshore,2050,1,19,19,-1.749
49700,RO_Wind_Onshore,2050,1,20,20,-1.749
49701,RO_Wind_Onshore,2050,1,21,21,-0.9381
49702,RO_Wind_Onshore,2050,1,22,22,-0.9381
49703,RO_Wind_Onshore,2050,1,23,23,-0.9381
49704,RO_Wind_Onshore,2050,1,24,24,0.0
49705,RO_Wind_Onshore,2050,2,1,1,0.0
49706,RO_Wind_Onshore,2050,2,2,2,0.0
49707,RO_Wind_Onshore,2050,2,3,3,0.0
49708,RO_Wind_Onshore,2050,2,4,4,0.0
49709,RO_Wind_Onshore,2050,2,5,5,0.0
49710,RO_Wind_Onshore,2050,2,6,6,0.0
49711,RO_Wind_Onshore,2050,2,7,7,0.0
49712,RO_Wind_Onshore,2050,2,8,8,0.0
49713,RO_Wind_Onshore,2050,2,9,9,0.0
49714,RO_Wind_Onshore,2050,2,10,10,0.0
49715,RO_Wind_Onshore,2050,2,11,11,0.0
49716,RO_Wind_Onshore,2050,2,12,12,0.0
49717,RO_Wind_Onshore,2050,2,13,13,0.0
49718,RO_Wind_Onshore,2050,2,14,14,0.0
49719,RO_Wind_Onshore,2050,2,15,15,0.0
49720,RO_Wind_Onshore,2050,2,16,16,0.0
49721,RO_Wind_Onshore,2050,2,17,17,0.0
49722,RO_Wind_Onshore,2050,2,18,18,0.0
49723,RO_Wind_Onshore,2050,2,19,19,0.0
49724,RO_Wind_Onshore,2050,2,20,20,0.0
49725,RO_Wind_Onshore,2050,2,21,21,0.0
49726,RO_Wind_Onshore,2050,2,22,22,0.0
49727,RO_Wind_Onshore,2050,2,23,23,0.0
49728,RO_Wind_Onshore,2050,2,24,24,0.0
49729,RO_Wind_Onshore,2050,3,1,1,-0.9570000000000001
49730,RO_Wind_Onshore,2050,3,2,2,-0.9570000000000001
49731,RO_Wind_Onshore,2050,3,3,3,-0.9570000000000001
49732,RO_Wind_Onshore,2050,3,4,4,-0.9570000000000001
49733,RO_Wind_Onshore,2050,3,5,5,-0.9570000000000001
49734,RO_Wind_Onshore,2050,3,6,6,-0.9570000000000001
49735,RO_Wind_Onshore,2050,3,7,7,-0.9570000000000001
49736,RO_Wind_Onshore,2050,3,8,8,-0.9570000000000001
49737,RO_Wind_Onshore,2050,3,9,9,-0.9570000000000001
49738,RO_Wind_Onshore,2050,3,10,10,-0.9570000000000001
49739,RO_Wind_Onshore,2050,3,11,11,-1.4789999999999999
49740,RO_Wind_Onshore,2050,3,12,12,-1.4789999999999999
49741,RO_Wind_Onshore,2050,3,13,13,-1.4789999999999999
49742,RO_Wind_Onshore,2050,3,14,14,-1.4789999999999999
49743,RO_Wind_Onshore,2050,3,15,15,-1.4789999999999999
49744,RO_Wind_Onshore,2050,3,16,16,-21.703431411332673
49745,RO_Wind_Onshore,2050,3,17,17,-8.307265705666337
49746,RO_Wind_Onshore,2050,3,18,18,-1.4789999999999999
49747,RO_Wind_Onshore,2050,3,19,19,-1.4789999999999999
49748,RO_Wind_Onshore,2050,3,20,20,-1.4789999999999999
49749,RO_Wind_Onshore,2050,3,21,21,-0.9570000000000001
49750,RO_Wind_Onshore,2050,3,22,22,-0.9570000000000001
49751,RO_Wind_Onshore,2050,3,23,23,-0.5133
49752,RO_Wind_Onshore,2050,3,24,24,-0.5133
49753,RO_Wind_Onshore,2050,4,1,1,-0.4071
49754,RO_Wind_Onshore,2050,4,2,2,-0.4071
49755,RO_Wind_Onshore,2050,4,3,3,-0.4071
49756,RO_Wind_Onshore,2050,4,4,4,-0.4071
49757,RO_Wind_Onshore,2050,4,5,5,-0.4071
49758,RO_Wind_Onshore,2050,4,6,6,-0.4071
49759,RO_Wind_Onshore,2050,4,7,7,-0.4071
49760,RO_Wind_Onshore,2050,4,8,8,-0.4071
49761,RO_Wind_Onshore,2050,4,9,9,-0.4071
49762,RO_Wind_Onshore,2050,4,10,10,-0.4071
49763,RO_Wind_Onshore,2050,4,11,11,-0.4071
49764,RO_Wind_Onshore,2050,4,12,12,-0.4071
49765,RO_Wind_Onshore,2050,4,13,13,-0.4071
49766,RO_Wind_Onshore,2050,4,14,14,-0.759
49767,RO_Wind_Onshore,2050,4,15,15,-0.759
49768,RO_Wind_Onshore,2050,4,16,16,-1.1729999999999998
49769,RO_Wind_Onshore,2050,4,17,17,-1.1729999999999998
49770,RO_Wind_Onshore,2050,4,18,18,-1.1729999999999998
49771,RO_Wind_Onshore,2050,4,19,19,-1.1729999999999998
49772,RO_Wind_Onshore,2050,4,20,20,-0.759
49773,RO_Wind_Onshore,2050,4,21,21,-0.759
49774,RO_Wind_Onshore,2050,4,22,22,-0.4071
49775,RO_Wind_Onshore,2050,4,23,23,-0.4071
49776,RO_Wind_Onshore,2050,4,24,24,-0.4071
49777,RO_Wind_Onshore,2050,5,1,1,-0.9204
49778,RO_Wind_Onshore,2050,5,2,2,-0.9204
49779,RO_Wind_Onshore,2050,5,3,3,-0.9204
49780,RO_Wind_Onshore,2050,5,4,4,-0.9204
49781,RO_Wind_Onshore,2050,5,5,5,-0.9204
49782,RO_Wind_Onshore,2050,5,6,6,-0.9204
49783,RO_Wind_Onshore,2050,5,7,7,-0.9204
49784,RO_Wind_Onshore,2050,5,8,8,-0.9204
49785,RO_Wind_Onshore,2050,5,9,9,0.0
49786,RO_Wind_Onshore,2050,5,10,10,0.0
49787,RO_Wind_Onshore,2050,5,11,11,0.0
49788,RO_Wind_Onshore,2050,5,12,12,0.0
49789,RO_Wind_Onshore,2050,5,13,13,0.0
49790,RO_Wind_Onshore,2050,5,14,14,-0.9204
49791,RO_Wind_Onshore,2050,5,15,15,-0.9204
49792,RO_Wind_Onshore,2050,5,16,16,-0.9204
49793,RO_Wind_Onshore,2050,5,17,17,-0.9204
49794,RO_Wind_Onshore,2050,5,18,18,-0.9204
49795,RO_Wind_Onshore,2050,5,19,19,-0.9204
49796,RO_Wind_Onshore,2050,5,20,20,-0.9204
49797,RO_Wind_Onshore,2050,5,21,21,0.0
49798,RO_Wind_Onshore,2050,5,22,22,0.0
49799,RO_Wind_Onshore,2050,5,23,23,0.0
49800,RO_Wind_Onshore,2050,5,24,24,0.0
49801,RO_Wind_Onshore,2050,6,1,1,-0.3186
49802,RO_Wind_Onshore,2050,6,2,2,-0.3186
49803,RO_Wind_Onshore,2050,6,3,3,-0.3186
49804,RO_Wind_Onshore,2050,6,4,4,-0.3186
49805,RO_Wind_Onshore,2050,6,5,5,-0.3186
49806,RO_Wind_Onshore,2050,6,6,6,-0.3186
49807,RO_Wind_Onshore,2050,6,7,7,-0.3186
49808,RO_Wind_Onshore,2050,6,8,8,-0.3186
49809,RO_Wind_Onshore,2050,6,9,9,-0.3186
49810,RO_Wind_Onshore,2050,6,10,10,0.0
49811,RO_Wind_Onshore,2050,6,11,11,0.0
49812,RO_Wind_Onshore,2050,6,12,12,0.0
49813,RO_Wind_Onshore,2050,6,13,13,0.0
49814,RO_Wind_Onshore,2050,6,14,14,0.0
49815,RO_Wind_Onshore,2050,6,15,15,0.0
49816,RO_Wind_Onshore,2050,6,16,16,-0.3186
49817,RO_Wind_Onshore,2050,6,17,17,-0.3186
49818,RO_Wind_Onshore,2050,6,18,18,-0.3186
49819,RO_Wind_Onshore,2050,6,19,19,-0.3186
49820,RO_Wind_Onshore,2050,6,20,20,-0.3186
49821,RO_Wind_Onshore,2050,6,21,21,-0.3186
49822,RO_Wind_Onshore,2050,6,22,22,0.0
49823,RO_Wind_Onshore,2050,6,23,23,0.0
49824,RO_Wind_Onshore,2050,6,24,24,0.0
49825,RO_Wind_Onshore,2050,7,1,1,-0.6549
49826,RO_Wind_Onshore,2050,7,2,2,-0.6549
49827,RO_Wind_Onshore,2050,7,3,3,-0.6549
49828,RO_Wind_Onshore,2050,7,4,4,-0.6549
49829,RO_Wind_Onshore,2050,7,5,5,-0.6549
49830,RO_Wind_Onshore,2050,7,6,6,-0.6549
49831,RO_Wind_Onshore,2050,7,7,7,-0.6549
49832,RO_Wind_Onshore,2050,7,8,8,-0.6549
49833,RO_Wind_Onshore,2050,7,9,9,-0.6549
49834,RO_Wind_Onshore,2050,7,10,10,-0.6549
49835,RO_Wind_Onshore,2050,7,11,11,-0.6549
49836,RO_Wind_Onshore,2050,7,12,12,-0.6549
49837,RO_Wind_Onshore,2050,7,13,13,-0.6549
49838,RO_Wind_Onshore,2050,7,14,14,-0.6549
49839,RO_Wind_Onshore,2050,7,15,15,-0.6549
49840,RO_Wind_Onshore,2050,7,16,16,-1.221
49841,RO_Wind_Onshore,2050,7,17,17,-1.221
49842,RO_Wind_Onshore,2050,7,18,18,-1.221
49843,RO_Wind_Onshore,2050,7,19,19,-1.221
49844,RO_Wind_Onshore,2050,7,20,20,-1.221
49845,RO_Wind_Onshore,2050,7,21,21,-0.6549
49846,RO_Wind_Onshore,2050,7,22,22,-0.6549
49847,RO_Wind_Onshore,2050,7,23,23,-0.6549
49848,RO_Wind_Onshore,2050,7,24,24,-0.6549
49849,RO_Wind_Onshore,2050,8,1,1,-0.5487
49850,RO_Wind_Onshore,2050,8,2,2,-0.5487
49851,RO_Wind_Onshore,2050,8,3,3,-0.5487
49852,RO_Wind_Onshore,2050,8,4,4,-0.5487
49853,RO_Wind_Onshore,2050,8,5,5,-0.5487
49854,RO_Wind_Onshore,2050,8,6,6,-0.5487
49855,RO_Wind_Onshore,2050,8,7,7,-0.5487
49856,RO_Wind_Onshore,2050,8,8,8,-0.5487
49857,RO_Wind_Onshore,2050,8,9,9,-0.5487
49858,RO_Wind_Onshore,2050,8,10,10,-0.5487
49859,RO_Wind_Onshore,2050,8,11,11,-0.5487
49860,RO_Wind_Onshore,2050,8,12,12,-0.5487
49861,RO_Wind_Onshore,2050,8,13,13,-0.5487
49862,RO_Wind_Onshore,2050,8,14,14,-0.5487
49863,RO_Wind_Onshore,2050,8,15,15,-0.5487
49864,RO_Wind_Onshore,2050,8,16,16,-0.5487
49865,RO_Wind_Onshore,2050,8,17,17,-1.0230000000000001
49866,RO_Wind_Onshore,2050,8,18,18,-1.0230000000000001
49867,RO_Wind_Onshore,2050,8,19,19,-1.0230000000000001
49868,RO_Wind_Onshore,2050,8,20,20,-1.0230000000000001
49869,RO_Wind_Onshore,2050,8,21,21,-0.5487
49870,RO_Wind_Onshore,2050,8,22,22,-0.5487
49871,RO_Wind_Onshore,2050,8,23,23,-0.5487
49872,RO_Wind_Onshore,2050,8,24,24,-0.5487
49873,RO_Wind_Onshore,2050,9,1,1,-0.7611
49874,RO_Wind_Onshore,2050,9,2,2,-0.7611
49875,RO_Wind_Onshore,2050,9,3,3,-0.7611
49876,RO_Wind_Onshore,2050,9,4,4,-0.7611
49877,RO_Wind_Onshore,2050,9,5,5,-0.7611
49878,RO_Wind_Onshore,2050,9,6,6,-0.7611
49879,RO_Wind_Onshore,2050,9,7,7,-0.7611
49880,RO_Wind_Onshore,2050,9,8,8,-0.7611
49881,RO_Wind_Onshore,2050,9,9,9,-0.7611
49882,RO_Wind_Onshore,2050,9,10,10,-0.7611
49883,RO_Wind_Onshore,2050,9,11,11,-0.7611
49884,RO_Wind_Onshore,2050,9,12,12,-0.7611
49885,RO_Wind_Onshore,2050,9,13,13,-0.7611
49886,RO_Wind_Onshore,2050,9,14,14,-0.7611
49887,RO_Wind_Onshore,2050,9,15,15,-0.7611
49888,RO_Wind_Onshore,2050,9,16,16,-0.7611
49889,RO_Wind_Onshore,2050,9,17,17,-1.419
49890,RO_Wind_Onshore,2050,9,18,18,-1.419
49891,RO_Wind_Onshore,2050,9,19,19,-1.419
49892,RO_Wind_Onshore,2050,9,20,20,-0.7611
49893,RO_Wind_Onshore,2050,9,21,21,-0.7611
49894,RO_Wind_Onshore,2050,9,22,22,-0.7611
49895,RO_Wind_Onshore,2050,9,23,23,-0.7611
49896,RO_Wind_Onshore,2050,9,24,24,-0.7611
49897,RO_Wind_Onshore,2050,10,1,1,-1.518
49898,RO_Wind_Onshore,2050,10,2,2,-1.518
49899,RO_Wind_Onshore,2050,10,3,3,-1.518
49900,RO_Wind_Onshore,2050,10,4,4,-1.518
49901,RO_Wind_Onshore,2050,10,5,5,-1.518
49902,RO_Wind_Onshore,2050,10,6,6,-1.518
49903,RO_Wind_Onshore,2050,10,7,7,-1.518
49904,RO_Wind_Onshore,2050,10,8,8,-0.8142
49905,RO_Wind_Onshore,2050,10,9,9,-0.8142
49906,RO_Wind_Onshore,2050,10,10,10,-0.8142
49907,RO_Wind_Onshore,2050,10,11,11,-0.8142
49908,RO_Wind_Onshore,2050,10,12,12,-0.8142
49909,RO_Wind_Onshore,2050,10,13,13,-1.518
49910,RO_Wind_Onshore,2050,10,14,14,-1.518
49911,RO_Wind_Onshore,2050,10,15,15,-1.518
49912,RO_Wind_Onshore,2050,10,16,16,-2.3459999999999996
49913,RO_Wind_Onshore,2050,10,17,17,-2.3459999999999996
49914,RO_Wind_Onshore,2050,10,18,18,-2.3459999999999996
49915,RO_Wind_Onshore,2050,10,19,19,-2.3459999999999996
49916,RO_Wind_Onshore,2050,10,20,20,-1.518
49917,RO_Wind_Onshore,2050,10,21,21,-1.518
49918,RO_Wind_Onshore,2050,10,22,22,-1.518
49919,RO_Wind_Onshore,2050,10,23,23,-0.8142
49920,RO_Wind_Onshore,2050,10,24,24,-0.8142
49921,SE_Battery,2050,1,1,1,0.0
49922,SE_Battery,2050,1,2,2,0.0
49923,SE_Battery,2050,1,3,3,0.0
49924,SE_Battery,2050,1,4,4,0.0
49925,SE_Battery,2050,1,5,5,0.0
49926,SE_Battery,2050,1,6,6,0.0
49927,SE_Battery,2050,1,7,7,0.0
49928,SE_Battery,2050,1,8,8,0.0
49929,SE_Battery,2050,1,9,9,0.0
49930,SE_Battery,2050,1,10,10,0.0
49931,SE_Battery,2050,1,11,11,0.0
49932,SE_Battery,2050,1,12,12,0.0
49933,SE_Battery,2050,1,13,13,0.0
49934,SE_Battery,2050,1,14,14,0.0
49935,SE_Battery,2050,1,15,15,0.0
49936,SE_Battery,2050,1,16,16,0.0
49937,SE_Battery,2050,1,17,17,0.0
49938,SE_Battery,2050,1,18,18,0.0
49939,SE_Battery,2050,1,19,19,-13.396165705666336
49940,SE_Battery,2050,1,20,20,0.0
49941,SE_Battery,2050,1,21,21,0.0
49942,SE_Battery,2050,1,22,22,0.0
49943,SE_Battery,2050,1,23,23,0.0
49944,SE_Battery,2050,1,24,24,0.0
49945,SE_Battery,2050,2,1,1,0.0
49946,SE_Battery,2050,2,2,2,0.0
49947,SE_Battery,2050,2,3,3,0.0
49948,SE_Battery,2050,2,4,4,0.0
49949,SE_Battery,2050,2,5,5,0.0
49950,SE_Battery,2050,2,6,6,0.0
49951,SE_Battery,2050,2,7,7,0.0
49952,SE_Battery,2050,2,8,8,0.0
49953,SE_Battery,2050,2,9,9,0.0
49954,SE_Battery,2050,2,10,10,0.0
49955,SE_Battery,2050,2,11,11,0.0
49956,SE_Battery,2050,2,12,12,0.0
49957,SE_Battery,2050,2,13,13,0.0
49958,SE_Battery,2050,2,14,14,0.0
49959,SE_Battery,2050,2,15,15,0.0
49960,SE_Battery,2050,2,16,16,0.0
49961,SE_Battery,2050,2,17,17,0.0
49962,SE_Battery,2050,2,18,18,0.0
49963,SE_Battery,2050,2,19,19,0.0
49964,SE_Battery,2050,2,20,20,0.0
49965,SE_Battery,2050,2,21,21,0.0
49966,SE_Battery,2050,2,22,22,0.0
49967,SE_Battery,2050,2,23,23,0.0
49968,SE_Battery,2050,2,24,24,0.0
49969,SE_Battery,2050,3,1,1,0.0
49970,SE_Battery,2050,3,2,2,0.0
49971,SE_Battery,2050,3,3,3,0.0
49972,SE_Battery,2050,3,4,4,0.0
49973,SE_Battery,2050,3,5,5,0.0
49974,SE_Battery,2050,3,6,6,0.0
49975,SE_Battery,2050,3,7,7,0.0
49976,SE_Battery,2050,3,8,8,0.0
49977,SE_Battery,2050,3,9,9,0.0
49978,SE_Battery,2050,3,10,10,0.0
49979,SE_Battery,2050,3,11,11,0.0
49980,SE_Battery,2050,3,12,12,0.0
49981,SE_Battery,2050,3,13,13,0.0
49982,SE_Battery,2050,3,14,14,0.0
49983,SE_Battery,2050,3,15,15,0.0
49984,SE_Battery,2050,3,16,16,0.0
49985,SE_Battery,2050,3,17,17,0.0
49986,SE_Battery,2050,3,18,18,0.0
49987,SE_Battery,2050,3,19,19,0.0
49988,SE_Battery,2050,3,20,20,0.0
49989,SE_Battery,2050,3,21,21,0.0
49990,SE_Battery,2050,3,22,22,0.0
49991,SE_Battery,2050,3,23,23,0.0
49992,SE_Battery,2050,3,24,24,0.0
49993,SE_Battery,2050,4,1,1,0.0
49994,SE_Battery,2050,4,2,2,0.0
49995,SE_Battery,2050,4,3,3,0.0
49996,SE_Battery,2050,4,4,4,0.0
49997,SE_Battery,2050,4,5,5,0.0
49998,SE_Battery,2050,4,6,6,0.0
49999,SE_Battery,2050,4,7,7,0.0
50000,SE_Battery,2050,4,8,8,0.0
50001,SE_Battery,2050,4,9,9,0.0
50002,SE_Battery,2050,4,10,10,0.0
50003,SE_Battery,2050,4,11,11,0.0
50004,SE_Battery,2050,4,12,12,0.0
50005,SE_Battery,2050,4,13,13,0.0
50006,SE_Battery,2050,4,14,14,0.0
50007,SE_Battery,2050,4,15,15,0.0
50008,SE_Battery,2050,4,16,16,0.0
50009,SE_Battery,2050,4,17,17,0.0
50010,SE_Battery,2050,4,18,18,0.0
50011,SE_Battery,2050,4,19,19,0.0
50012,SE_Battery,2050,4,20,20,0.0
50013,SE_Battery,2050,4,21,21,0.0
50014,SE_Battery,2050,4,22,22,0.0
50015,SE_Battery,2050,4,23,23,0.0
50016,SE_Battery,2050,4,24,24,0.0
50017,SE_Battery,2050,5,1,1,0.0
50018,SE_Battery,2050,5,2,2,0.0
50019,SE_Battery,2050,5,3,3,0.0
50020,SE_Battery,2050,5,4,4,0.0
50021,SE_Battery,2050,5,5,5,0.0
50022,SE_Battery,2050,5,6,6,0.0
50023,SE_Battery,2050,5,7,7,0.0
50024,SE_Battery,2050,5,8,8,0.0
50025,SE_Battery,2050,5,9,9,0.0
50026,SE_Battery,2050,5,10,10,0.0
50027,SE_Battery,2050,5,11,11,0.0
50028,SE_Battery,2050,5,12,12,0.0
50029,SE_Battery,2050,5,13,13,0.0
50030,SE_Battery,2050,5,14,14,0.0
50031,SE_Battery,2050,5,15,15,0.0
50032,SE_Battery,2050,5,16,16,0.0
50033,SE_Battery,2050,5,17,17,0.0
50034,SE_Battery,2050,5,18,18,0.0
50035,SE_Battery,2050,5,19,19,0.0
50036,SE_Battery,2050,5,20,20,0.0
50037,SE_Battery,2050,5,21,21,0.0
50038,SE_Battery,2050,5,22,22,0.0
50039,SE_Battery,2050,5,23,23,0.0
50040,SE_Battery,2050,5,24,24,0.0
50041,SE_Battery,2050,6,1,1,0.0
50042,SE_Battery,2050,6,2,2,0.0
50043,SE_Battery,2050,6,3,3,0.0
50044,SE_Battery,2050,6,4,4,0.0
50045,SE_Battery,2050,6,5,5,0.0
50046,SE_Battery,2050,6,6,6,0.0
50047,SE_Battery,2050,6,7,7,0.0
50048,SE_Battery,2050,6,8,8,0.0
50049,SE_Battery,2050,6,9,9,0.0
50050,SE_Battery,2050,6,10,10,0.0
50051,SE_Battery,2050,6,11,11,0.0
50052,SE_Battery,2050,6,12,12,0.0
50053,SE_Battery,2050,6,13,13,0.0
50054,SE_Battery,2050,6,14,14,0.0
50055,SE_Battery,2050,6,15,15,0.0
50056,SE_Battery,2050,6,16,16,0.0
50057,SE_Battery,2050,6,17,17,0.0
50058,SE_Battery,2050,6,18,18,0.0
50059,SE_Battery,2050,6,19,19,0.0
50060,SE_Battery,2050,6,20,20,0.0
50061,SE_Battery,2050,6,21,21,0.0
50062,SE_Battery,2050,6,22,22,0.0
50063,SE_Battery,2050,6,23,23,0.0
50064,SE_Battery,2050,6,24,24,0.0
50065,SE_Battery,2050,7,1,1,0.0
50066,SE_Battery,2050,7,2,2,0.0
50067,SE_Battery,2050,7,3,3,0.0
50068,SE_Battery,2050,7,4,4,0.0
50069,SE_Battery,2050,7,5,5,0.0
50070,SE_Battery,2050,7,6,6,0.0
50071,SE_Battery,2050,7,7,7,0.0
50072,SE_Battery,2050,7,8,8,0.0
50073,SE_Battery,2050,7,9,9,0.0
50074,SE_Battery,2050,7,10,10,0.0
50075,SE_Battery,2050,7,11,11,0.0
50076,SE_Battery,2050,7,12,12,0.0
50077,SE_Battery,2050,7,13,13,0.0
50078,SE_Battery,2050,7,14,14,0.0
50079,SE_Battery,2050,7,15,15,0.0
50080,SE_Battery,2050,7,16,16,0.0
50081,SE_Battery,2050,7,17,17,0.0
50082,SE_Battery,2050,7,18,18,0.0
50083,SE_Battery,2050,7,19,19,0.0
50084,SE_Battery,2050,7,20,20,0.0
50085,SE_Battery,2050,7,21,21,0.0
50086,SE_Battery,2050,7,22,22,0.0
50087,SE_Battery,2050,7,23,23,0.0
50088,SE_Battery,2050,7,24,24,0.0
50089,SE_Battery,2050,8,1,1,0.0
50090,SE_Battery,2050,8,2,2,0.0
50091,SE_Battery,2050,8,3,3,0.0
50092,SE_Battery,2050,8,4,4,0.0
50093,SE_Battery,2050,8,5,5,0.0
50094,SE_Battery,2050,8,6,6,0.0
50095,SE_Battery,2050,8,7,7,0.0
50096,SE_Battery,2050,8,8,8,0.0
50097,SE_Battery,2050,8,9,9,0.0
50098,SE_Battery,2050,8,10,10,0.0
50099,SE_Battery,2050,8,11,11,0.0
50100,SE_Battery,2050,8,12,12,0.0
50101,SE_Battery,2050,8,13,13,0.0
50102,SE_Battery,2050,8,14,14,0.0
50103,SE_Battery,2050,8,15,15,0.0
50104,SE_Battery,2050,8,16,16,0.0
50105,SE_Battery,2050,8,17,17,0.0
50106,SE_Battery,2050,8,18,18,0.0
50107,SE_Battery,2050,8,19,19,0.0
50108,SE_Battery,2050,8,20,20,0.0
50109,SE_Battery,2050,8,21,21,0.0
50110,SE_Battery,2050,8,22,22,0.0
50111,SE_Battery,2050,8,23,23,0.0
50112,SE_Battery,2050,8,24,24,0.0
50113,SE_Battery,2050,9,1,1,0.0
50114,SE_Battery,2050,9,2,2,0.0
50115,SE_Battery,2050,9,3,3,0.0
50116,SE_Battery,2050,9,4,4,0.0
50117,SE_Battery,2050,9,5,5,0.0
50118,SE_Battery,2050,9,6,6,0.0
50119,SE_Battery,2050,9,7,7,0.0
50120,SE_Battery,2050,9,8,8,0.0
50121,SE_Battery,2050,9,9,9,0.0
50122,SE_Battery,2050,9,10,10,0.0
50123,SE_Battery,2050,9,11,11,0.0
50124,SE_Battery,2050,9,12,12,0.0
50125,SE_Battery,2050,9,13,13,0.0
50126,SE_Battery,2050,9,14,14,0.0
50127,SE_Battery,2050,9,15,15,0.0
50128,SE_Battery,2050,9,16,16,0.0
50129,SE_Battery,2050,9,17,17,0.0
50130,SE_Battery,2050,9,18,18,0.0
50131,SE_Battery,2050,9,19,19,0.0
50132,SE_Battery,2050,9,20,20,0.0
50133,SE_Battery,2050,9,21,21,0.0
50134,SE_Battery,2050,9,22,22,0.0
50135,SE_Battery,2050,9,23,23,0.0
50136,SE_Battery,2050,9,24,24,0.0
50137,SE_Battery,2050,10,1,1,0.0
50138,SE_Battery,2050,10,2,2,0.0
50139,SE_Battery,2050,10,3,3,0.0
50140,SE_Battery,2050,10,4,4,0.0
50141,SE_Battery,2050,10,5,5,0.0
50142,SE_Battery,2050,10,6,6,0.0
50143,SE_Battery,2050,10,7,7,0.0
50144,SE_Battery,2050,10,8,8,0.0
50145,SE_Battery,2050,10,9,9,0.0
50146,SE_Battery,2050,10,10,10,0.0
50147,SE_Battery,2050,10,11,11,0.0
50148,SE_Battery,2050,10,12,12,0.0
50149,SE_Battery,2050,10,13,13,0.0
50150,SE_Battery,2050,10,14,14,0.0
50151,SE_Battery,2050,10,15,15,0.0
50152,SE_Battery,2050,10,16,16,0.0
50153,SE_Battery,2050,10,17,17,0.0
50154,SE_Battery,2050,10,18,18,0.0
50155,SE_Battery,2050,10,19,19,0.0
50156,SE_Battery,2050,10,20,20,0.0
50157,SE_Battery,2050,10,21,21,0.0
50158,SE_Battery,2050,10,22,22,0.0
50159,SE_Battery,2050,10,23,23,0.0
50160,SE_Battery,2050,10,24,24,0.0
50161,SE_CCGT,2050,1,1,1,0.0
50162,SE_CCGT,2050,1,2,2,0.0
50163,SE_CCGT,2050,1,3,3,0.0
50164,SE_CCGT,2050,1,4,4,0.0
50165,SE_CCGT,2050,1,5,5,0.0
50166,SE_CCGT,2050,1,6,6,0.0
50167,SE_CCGT,2050,1,7,7,-0.9539999999999997
50168,SE_CCGT,2050,1,8,8,-0.9539999999999997
50169,SE_CCGT,2050,1,9,9,-0.9539999999999997
50170,SE_CCGT,2050,1,10,10,-0.9539999999999997
50171,SE_CCGT,2050,1,11,11,-0.9539999999999997
50172,SE_CCGT,2050,1,12,12,-0.9539999999999997
50173,SE_CCGT,2050,1,13,13,-0.9539999999999997
50174,SE_CCGT,2050,1,14,14,-0.9539999999999997
50175,SE_CCGT,2050,1,15,15,-0.9539999999999997
50176,SE_CCGT,2050,1,16,16,-0.9539999999999997
50177,SE_CCGT,2050,1,17,17,-0.9539999999999997
50178,SE_CCGT,2050,1,18,18,-7.525765705666338
50179,SE_CCGT,2050,1,19,19,-20.921931411332675
50180,SE_CCGT,2050,1,20,20,-0.9539999999999997
50181,SE_CCGT,2050,1,21,21,0.0
50182,SE_CCGT,2050,1,22,22,0.0
50183,SE_CCGT,2050,1,23,23,0.0
50184,SE_CCGT,2050,1,24,24,0.0
50185,SE_CCGT,2050,2,1,1,0.0
50186,SE_CCGT,2050,2,2,2,0.0
50187,SE_CCGT,2050,2,3,3,0.0
50188,SE_CCGT,2050,2,4,4,0.0
50189,SE_CCGT,2050,2,5,5,0.0
50190,SE_CCGT,2050,2,6,6,0.0
50191,SE_CCGT,2050,2,7,7,0.0
50192,SE_CCGT,2050,2,8,8,0.0
50193,SE_CCGT,2050,2,9,9,0.0
50194,SE_CCGT,2050,2,10,10,0.0
50195,SE_CCGT,2050,2,11,11,0.0
50196,SE_CCGT,2050,2,12,12,0.0
50197,SE_CCGT,2050,2,13,13,0.0
50198,SE_CCGT,2050,2,14,14,0.0
50199,SE_CCGT,2050,2,15,15,0.0
50200,SE_CCGT,2050,2,16,16,0.0
50201,SE_CCGT,2050,2,17,17,0.0
50202,SE_CCGT,2050,2,18,18,0.0
50203,SE_CCGT,2050,2,19,19,0.0
50204,SE_CCGT,2050,2,20,20,0.0
50205,SE_CCGT,2050,2,21,21,0.0
50206,SE_CCGT,2050,2,22,22,0.0
50207,SE_CCGT,2050,2,23,23,0.0
50208,SE_CCGT,2050,2,24,24,0.0
50209,SE_CCGT,2050,3,1,1,0.0
50210,SE_CCGT,2050,3,2,2,0.0
50211,SE_CCGT,2050,3,3,3,0.0
50212,SE_CCGT,2050,3,4,4,0.0
50213,SE_CCGT,2050,3,5,5,0.0
50214,SE_CCGT,2050,3,6,6,0.0
50215,SE_CCGT,2050,3,7,7,0.0
50216,SE_CCGT,2050,3,8,8,0.0
50217,SE_CCGT,2050,3,9,9,0.0
50218,SE_CCGT,2050,3,10,10,0.0
50219,SE_CCGT,2050,3,11,11,0.0
50220,SE_CCGT,2050,3,12,12,0.0
50221,SE_CCGT,2050,3,13,13,0.0
50222,SE_CCGT,2050,3,14,14,0.0
50223,SE_CCGT,2050,3,15,15,0.0
50224,SE_CCGT,2050,3,16,16,0.0
50225,SE_CCGT,2050,3,17,17,0.0
50226,SE_CCGT,2050,3,18,18,0.0
50227,SE_CCGT,2050,3,19,19,0.0
50228,SE_CCGT,2050,3,20,20,0.0
50229,SE_CCGT,2050,3,21,21,0.0
50230,SE_CCGT,2050,3,22,22,0.0
50231,SE_CCGT,2050,3,23,23,0.0
50232,SE_CCGT,2050,3,24,24,0.0
50233,SE_CCGT,2050,4,1,1,0.0
50234,SE_CCGT,2050,4,2,2,0.0
50235,SE_CCGT,2050,4,3,3,0.0
50236,SE_CCGT,2050,4,4,4,0.0
50237,SE_CCGT,2050,4,5,5,0.0
50238,SE_CCGT,2050,4,6,6,0.0
50239,SE_CCGT,2050,4,7,7,0.0
50240,SE_CCGT,2050,4,8,8,0.0
50241,SE_CCGT,2050,4,9,9,0.0
50242,SE_CCGT,2050,4,10,10,0.0
50243,SE_CCGT,2050,4,11,11,0.0
50244,SE_CCGT,2050,4,12,12,0.0
50245,SE_CCGT,2050,4,13,13,0.0
50246,SE_CCGT,2050,4,14,14,0.0
50247,SE_CCGT,2050,4,15,15,0.0
50248,SE_CCGT,2050,4,16,16,0.0
50249,SE_CCGT,2050,4,17,17,0.0
50250,SE_CCGT,2050,4,18,18,0.0
50251,SE_CCGT,2050,4,19,19,0.0
50252,SE_CCGT,2050,4,20,20,0.0
50253,SE_CCGT,2050,4,21,21,0.0
50254,SE_CCGT,2050,4,22,22,0.0
50255,SE_CCGT,2050,4,23,23,0.0
50256,SE_CCGT,2050,4,24,24,0.0
50257,SE_CCGT,2050,5,1,1,0.0
50258,SE_CCGT,2050,5,2,2,0.0
50259,SE_CCGT,2050,5,3,3,0.0
50260,SE_CCGT,2050,5,4,4,0.0
50261,SE_CCGT,2050,5,5,5,0.0
50262,SE_CCGT,2050,5,6,6,0.0
50263,SE_CCGT,2050,5,7,7,0.0
50264,SE_CCGT,2050,5,8,8,0.0
50265,SE_CCGT,2050,5,9,9,0.0
50266,SE_CCGT,2050,5,10,10,0.0
50267,SE_CCGT,2050,5,11,11,0.0
50268,SE_CCGT,2050,5,12,12,0.0
50269,SE_CCGT,2050,5,13,13,0.0
50270,SE_CCGT,2050,5,14,14,0.0
50271,SE_CCGT,2050,5,15,15,0.0
50272,SE_CCGT,2050,5,16,16,0.0
50273,SE_CCGT,2050,5,17,17,0.0
50274,SE_CCGT,2050,5,18,18,0.0
50275,SE_CCGT,2050,5,19,19,0.0
50276,SE_CCGT,2050,5,20,20,0.0
50277,SE_CCGT,2050,5,21,21,0.0
50278,SE_CCGT,2050,5,22,22,0.0
50279,SE_CCGT,2050,5,23,23,0.0
50280,SE_CCGT,2050,5,24,24,0.0
50281,SE_CCGT,2050,6,1,1,0.0
50282,SE_CCGT,2050,6,2,2,0.0
50283,SE_CCGT,2050,6,3,3,0.0
50284,SE_CCGT,2050,6,4,4,0.0
50285,SE_CCGT,2050,6,5,5,0.0
50286,SE_CCGT,2050,6,6,6,0.0
50287,SE_CCGT,2050,6,7,7,0.0
50288,SE_CCGT,2050,6,8,8,0.0
50289,SE_CCGT,2050,6,9,9,0.0
50290,SE_CCGT,2050,6,10,10,0.0
50291,SE_CCGT,2050,6,11,11,0.0
50292,SE_CCGT,2050,6,12,12,0.0
50293,SE_CCGT,2050,6,13,13,0.0
50294,SE_CCGT,2050,6,14,14,0.0
50295,SE_CCGT,2050,6,15,15,0.0
50296,SE_CCGT,2050,6,16,16,0.0
50297,SE_CCGT,2050,6,17,17,0.0
50298,SE_CCGT,2050,6,18,18,0.0
50299,SE_CCGT,2050,6,19,19,0.0
50300,SE_CCGT,2050,6,20,20,0.0
50301,SE_CCGT,2050,6,21,21,0.0
50302,SE_CCGT,2050,6,22,22,0.0
50303,SE_CCGT,2050,6,23,23,0.0
50304,SE_CCGT,2050,6,24,24,0.0
50305,SE_CCGT,2050,7,1,1,0.0
50306,SE_CCGT,2050,7,2,2,0.0
50307,SE_CCGT,2050,7,3,3,0.0
50308,SE_CCGT,2050,7,4,4,0.0
50309,SE_CCGT,2050,7,5,5,0.0
50310,SE_CCGT,2050,7,6,6,0.0
50311,SE_CCGT,2050,7,7,7,0.0
50312,SE_CCGT,2050,7,8,8,0.0
50313,SE_CCGT,2050,7,9,9,0.0
50314,SE_CCGT,2050,7,10,10,0.0
50315,SE_CCGT,2050,7,11,11,0.0
50316,SE_CCGT,2050,7,12,12,0.0
50317,SE_CCGT,2050,7,13,13,0.0
50318,SE_CCGT,2050,7,14,14,0.0
50319,SE_CCGT,2050,7,15,15,0.0
50320,SE_CCGT,2050,7,16,16,0.0
50321,SE_CCGT,2050,7,17,17,0.0
50322,SE_CCGT,2050,7,18,18,0.0
50323,SE_CCGT,2050,7,19,19,0.0
50324,SE_CCGT,2050,7,20,20,0.0
50325,SE_CCGT,2050,7,21,21,0.0
50326,SE_CCGT,2050,7,22,22,0.0
50327,SE_CCGT,2050,7,23,23,0.0
50328,SE_CCGT,2050,7,24,24,0.0
50329,SE_CCGT,2050,8,1,1,0.0
50330,SE_CCGT,2050,8,2,2,0.0
50331,SE_CCGT,2050,8,3,3,0.0
50332,SE_CCGT,2050,8,4,4,0.0
50333,SE_CCGT,2050,8,5,5,0.0
50334,SE_CCGT,2050,8,6,6,0.0
50335,SE_CCGT,2050,8,7,7,0.0
50336,SE_CCGT,2050,8,8,8,0.0
50337,SE_CCGT,2050,8,9,9,0.0
50338,SE_CCGT,2050,8,10,10,0.0
50339,SE_CCGT,2050,8,11,11,0.0
50340,SE_CCGT,2050,8,12,12,0.0
50341,SE_CCGT,2050,8,13,13,0.0
50342,SE_CCGT,2050,8,14,14,0.0
50343,SE_CCGT,2050,8,15,15,0.0
50344,SE_CCGT,2050,8,16,16,0.0
50345,SE_CCGT,2050,8,17,17,0.0
50346,SE_CCGT,2050,8,18,18,0.0
50347,SE_CCGT,2050,8,19,19,0.0
50348,SE_CCGT,2050,8,20,20,0.0
50349,SE_CCGT,2050,8,21,21,0.0
50350,SE_CCGT,2050,8,22,22,0.0
50351,SE_CCGT,2050,8,23,23,0.0
50352,SE_CCGT,2050,8,24,24,0.0
50353,SE_CCGT,2050,9,1,1,0.0
50354,SE_CCGT,2050,9,2,2,0.0
50355,SE_CCGT,2050,9,3,3,0.0
50356,SE_CCGT,2050,9,4,4,0.0
50357,SE_CCGT,2050,9,5,5,0.0
50358,SE_CCGT,2050,9,6,6,0.0
50359,SE_CCGT,2050,9,7,7,0.0
50360,SE_CCGT,2050,9,8,8,0.0
50361,SE_CCGT,2050,9,9,9,0.0
50362,SE_CCGT,2050,9,10,10,0.0
50363,SE_CCGT,2050,9,11,11,0.0
50364,SE_CCGT,2050,9,12,12,0.0
50365,SE_CCGT,2050,9,13,13,0.0
50366,SE_CCGT,2050,9,14,14,0.0
50367,SE_CCGT,2050,9,15,15,0.0
50368,SE_CCGT,2050,9,16,16,0.0
50369,SE_CCGT,2050,9,17,17,0.0
50370,SE_CCGT,2050,9,18,18,0.0
50371,SE_CCGT,2050,9,19,19,0.0
50372,SE_CCGT,2050,9,20,20,0.0
50373,SE_CCGT,2050,9,21,21,0.0
50374,SE_CCGT,2050,9,22,22,0.0
50375,SE_CCGT,2050,9,23,23,0.0
50376,SE_CCGT,2050,9,24,24,0.0
50377,SE_CCGT,2050,10,1,1,0.0
50378,SE_CCGT,2050,10,2,2,0.0
50379,SE_CCGT,2050,10,3,3,0.0
50380,SE_CCGT,2050,10,4,4,0.0
50381,SE_CCGT,2050,10,5,5,0.0
50382,SE_CCGT,2050,10,6,6,0.0
50383,SE_CCGT,2050,10,7,7,0.0
50384,SE_CCGT,2050,10,8,8,0.0
50385,SE_CCGT,2050,10,9,9,0.0
50386,SE_CCGT,2050,10,10,10,0.0
50387,SE_CCGT,2050,10,11,11,0.0
50388,SE_CCGT,2050,10,12,12,0.0
50389,SE_CCGT,2050,10,13,13,0.0
50390,SE_CCGT,2050,10,14,14,0.0
50391,SE_CCGT,2050,10,15,15,0.0
50392,SE_CCGT,2050,10,16,16,-0.8279999999999996
50393,SE_CCGT,2050,10,17,17,-0.8279999999999996
50394,SE_CCGT,2050,10,18,18,0.0
50395,SE_CCGT,2050,10,19,19,0.0
50396,SE_CCGT,2050,10,20,20,0.0
50397,SE_CCGT,2050,10,21,21,0.0
50398,SE_CCGT,2050,10,22,22,0.0
50399,SE_CCGT,2050,10,23,23,0.0
50400,SE_CCGT,2050,10,24,24,0.0
50401,SE_Coal,2050,1,1,1,0.0
50402,SE_Coal,2050,1,2,2,0.0
50403,SE_Coal,2050,1,3,3,-0.8109000000000001
50404,SE_Coal,2050,1,4,4,-0.8109000000000001
50405,SE_Coal,2050,1,5,5,-0.8109000000000001
50406,SE_Coal,2050,1,6,6,-0.8109000000000001
50407,SE_Coal,2050,1,7,7,-1.7649
50408,SE_Coal,2050,1,8,8,-1.7649
50409,SE_Coal,2050,1,9,9,-1.7649
50410,SE_Coal,2050,1,10,10,-1.7649
50411,SE_Coal,2050,1,11,11,-1.7649
50412,SE_Coal,2050,1,12,12,-1.7649
50413,SE_Coal,2050,1,13,13,-1.7649
50414,SE_Coal,2050,1,14,14,-1.7649
50415,SE_Coal,2050,1,15,15,-1.7649
50416,SE_Coal,2050,1,16,16,-1.7649
50417,SE_Coal,2050,1,17,17,-1.7649
50418,SE_Coal,2050,1,18,18,-8.336665705666338
50419,SE_Coal,2050,1,19,19,-21.732831411332675
50420,SE_Coal,2050,1,20,20,-1.7649
50421,SE_Coal,2050,1,21,21,-0.8109000000000001
50422,SE_Coal,2050,1,22,22,-0.8109000000000001
50423,SE_Coal,2050,1,23,23,-0.8109000000000001
50424,SE_Coal,2050,1,24,24,-0.8109000000000001
50425,SE_Coal,2050,2,1,1,0.0
50426,SE_Coal,2050,2,2,2,0.0
50427,SE_Coal,2050,2,3,3,0.0
50428,SE_Coal,2050,2,4,4,0.0
50429,SE_Coal,2050,2,5,5,0.0
50430,SE_Coal,2050,2,6,6,0.0
50431,SE_Coal,2050,2,7,7,0.0
50432,SE_Coal,2050,2,8,8,0.0
50433,SE_Coal,2050,2,9,9,0.0
50434,SE_Coal,2050,2,10,10,0.0
50435,SE_Coal,2050,2,11,11,0.0
50436,SE_Coal,2050,2,12,12,0.0
50437,SE_Coal,2050,2,13,13,0.0
50438,SE_Coal,2050,2,14,14,0.0
50439,SE_Coal,2050,2,15,15,0.0
50440,SE_Coal,2050,2,16,16,0.0
50441,SE_Coal,2050,2,17,17,0.0
50442,SE_Coal,2050,2,18,18,0.0
50443,SE_Coal,2050,2,19,19,0.0
50444,SE_Coal,2050,2,20,20,0.0
50445,SE_Coal,2050,2,21,21,0.0
50446,SE_Coal,2050,2,22,22,0.0
50447,SE_Coal,2050,2,23,23,0.0
50448,SE_Coal,2050,2,24,24,0.0
50449,SE_Coal,2050,3,1,1,0.0
50450,SE_Coal,2050,3,2,2,0.0
50451,SE_Coal,2050,3,3,3,0.0
50452,SE_Coal,2050,3,4,4,0.0
50453,SE_Coal,2050,3,5,5,0.0
50454,SE_Coal,2050,3,6,6,0.0
50455,SE_Coal,2050,3,7,7,0.0
50456,SE_Coal,2050,3,8,8,0.0
50457,SE_Coal,2050,3,9,9,0.0
50458,SE_Coal,2050,3,10,10,0.0
50459,SE_Coal,2050,3,11,11,0.0
50460,SE_Coal,2050,3,12,12,0.0
50461,SE_Coal,2050,3,13,13,0.0
50462,SE_Coal,2050,3,14,14,0.0
50463,SE_Coal,2050,3,15,15,0.0
50464,SE_Coal,2050,3,16,16,0.0
50465,SE_Coal,2050,3,17,17,0.0
50466,SE_Coal,2050,3,18,18,0.0
50467,SE_Coal,2050,3,19,19,0.0
50468,SE_Coal,2050,3,20,20,0.0
50469,SE_Coal,2050,3,21,21,0.0
50470,SE_Coal,2050,3,22,22,0.0
50471,SE_Coal,2050,3,23,23,0.0
50472,SE_Coal,2050,3,24,24,0.0
50473,SE_Coal,2050,4,1,1,0.0
50474,SE_Coal,2050,4,2,2,0.0
50475,SE_Coal,2050,4,3,3,0.0
50476,SE_Coal,2050,4,4,4,0.0
50477,SE_Coal,2050,4,5,5,0.0
50478,SE_Coal,2050,4,6,6,0.0
50479,SE_Coal,2050,4,7,7,0.0
50480,SE_Coal,2050,4,8,8,0.0
50481,SE_Coal,2050,4,9,9,0.0
50482,SE_Coal,2050,4,10,10,0.0
50483,SE_Coal,2050,4,11,11,0.0
50484,SE_Coal,2050,4,12,12,0.0
50485,SE_Coal,2050,4,13,13,0.0
50486,SE_Coal,2050,4,14,14,0.0
50487,SE_Coal,2050,4,15,15,0.0
50488,SE_Coal,2050,4,16,16,0.0
50489,SE_Coal,2050,4,17,17,-0.3519
50490,SE_Coal,2050,4,18,18,-0.3519
50491,SE_Coal,2050,4,19,19,0.0
50492,SE_Coal,2050,4,20,20,0.0
50493,SE_Coal,2050,4,21,21,0.0
50494,SE_Coal,2050,4,22,22,0.0
50495,SE_Coal,2050,4,23,23,0.0
50496,SE_Coal,2050,4,24,24,0.0
50497,SE_Coal,2050,5,1,1,0.0
50498,SE_Coal,2050,5,2,2,0.0
50499,SE_Coal,2050,5,3,3,0.0
50500,SE_Coal,2050,5,4,4,0.0
50501,SE_Coal,2050,5,5,5,0.0
50502,SE_Coal,2050,5,6,6,0.0
50503,SE_Coal,2050,5,7,7,0.0
50504,SE_Coal,2050,5,8,8,0.0
50505,SE_Coal,2050,5,9,9,0.0
50506,SE_Coal,2050,5,10,10,0.0
50507,SE_Coal,2050,5,11,11,0.0
50508,SE_Coal,2050,5,12,12,0.0
50509,SE_Coal,2050,5,13,13,0.0
50510,SE_Coal,2050,5,14,14,0.0
50511,SE_Coal,2050,5,15,15,0.0
50512,SE_Coal,2050,5,16,16,0.0
50513,SE_Coal,2050,5,17,17,0.0
50514,SE_Coal,2050,5,18,18,0.0
50515,SE_Coal,2050,5,19,19,0.0
50516,SE_Coal,2050,5,20,20,0.0
50517,SE_Coal,2050,5,21,21,0.0
50518,SE_Coal,2050,5,22,22,0.0
50519,SE_Coal,2050,5,23,23,0.0
50520,SE_Coal,2050,5,24,24,0.0
50521,SE_Coal,2050,6,1,1,0.0
50522,SE_Coal,2050,6,2,2,0.0
50523,SE_Coal,2050,6,3,3,0.0
50524,SE_Coal,2050,6,4,4,0.0
50525,SE_Coal,2050,6,5,5,0.0
50526,SE_Coal,2050,6,6,6,-0.2754000000000001
50527,SE_Coal,2050,6,7,7,-0.2754000000000001
50528,SE_Coal,2050,6,8,8,-0.2754000000000001
50529,SE_Coal,2050,6,9,9,-0.2754000000000001
50530,SE_Coal,2050,6,10,10,0.0
50531,SE_Coal,2050,6,11,11,0.0
50532,SE_Coal,2050,6,12,12,0.0
50533,SE_Coal,2050,6,13,13,0.0
50534,SE_Coal,2050,6,14,14,0.0
50535,SE_Coal,2050,6,15,15,0.0
50536,SE_Coal,2050,6,16,16,0.0
50537,SE_Coal,2050,6,17,17,-0.2754000000000001
50538,SE_Coal,2050,6,18,18,-0.2754000000000001
50539,SE_Coal,2050,6,19,19,-0.5993999999999999
50540,SE_Coal,2050,6,20,20,-0.5993999999999999
50541,SE_Coal,2050,6,21,21,-0.2754000000000001
50542,SE_Coal,2050,6,22,22,-0.2754000000000001
50543,SE_Coal,2050,6,23,23,0.0
50544,SE_Coal,2050,6,24,24,0.0
50545,SE_Coal,2050,7,1,1,0.0
50546,SE_Coal,2050,7,2,2,0.0
50547,SE_Coal,2050,7,3,3,0.0
50548,SE_Coal,2050,7,4,4,0.0
50549,SE_Coal,2050,7,5,5,0.0
50550,SE_Coal,2050,7,6,6,0.0
50551,SE_Coal,2050,7,7,7,0.0
50552,SE_Coal,2050,7,8,8,0.0
50553,SE_Coal,2050,7,9,9,0.0
50554,SE_Coal,2050,7,10,10,0.0
50555,SE_Coal,2050,7,11,11,0.0
50556,SE_Coal,2050,7,12,12,0.0
50557,SE_Coal,2050,7,13,13,0.0
50558,SE_Coal,2050,7,14,14,0.0
50559,SE_Coal,2050,7,15,15,0.0
50560,SE_Coal,2050,7,16,16,0.0
50561,SE_Coal,2050,7,17,17,0.0
50562,SE_Coal,2050,7,18,18,0.0
50563,SE_Coal,2050,7,19,19,0.0
50564,SE_Coal,2050,7,20,20,0.0
50565,SE_Coal,2050,7,21,21,0.0
50566,SE_Coal,2050,7,22,22,0.0
50567,SE_Coal,2050,7,23,23,0.0
50568,SE_Coal,2050,7,24,24,0.0
50569,SE_Coal,2050,8,1,1,0.0
50570,SE_Coal,2050,8,2,2,0.0
50571,SE_Coal,2050,8,3,3,0.0
50572,SE_Coal,2050,8,4,4,0.0
50573,SE_Coal,2050,8,5,5,0.0
50574,SE_Coal,2050,8,6,6,0.0
50575,SE_Coal,2050,8,7,7,0.0
50576,SE_Coal,2050,8,8,8,0.0
50577,SE_Coal,2050,8,9,9,0.0
50578,SE_Coal,2050,8,10,10,0.0
50579,SE_Coal,2050,8,11,11,0.0
50580,SE_Coal,2050,8,12,12,0.0
50581,SE_Coal,2050,8,13,13,0.0
50582,SE_Coal,2050,8,14,14,0.0
50583,SE_Coal,2050,8,15,15,0.0
50584,SE_Coal,2050,8,16,16,0.0
50585,SE_Coal,2050,8,17,17,0.0
50586,SE_Coal,2050,8,18,18,0.0
50587,SE_Coal,2050,8,19,19,0.0
50588,SE_Coal,2050,8,20,20,0.0
50589,SE_Coal,2050,8,21,21,0.0
50590,SE_Coal,2050,8,22,22,0.0
50591,SE_Coal,2050,8,23,23,0.0
50592,SE_Coal,2050,8,24,24,0.0
50593,SE_Coal,2050,9,1,1,0.0
50594,SE_Coal,2050,9,2,2,0.0
50595,SE_Coal,2050,9,3,3,0.0
50596,SE_Coal,2050,9,4,4,0.0
50597,SE_Coal,2050,9,5,5,0.0
50598,SE_Coal,2050,9,6,6,0.0
50599,SE_Coal,2050,9,7,7,0.0
50600,SE_Coal,2050,9,8,8,0.0
50601,SE_Coal,2050,9,9,9,0.0
50602,SE_Coal,2050,9,10,10,0.0
50603,SE_Coal,2050,9,11,11,0.0
50604,SE_Coal,2050,9,12,12,0.0
50605,SE_Coal,2050,9,13,13,0.0
50606,SE_Coal,2050,9,14,14,0.0
50607,SE_Coal,2050,9,15,15,0.0
50608,SE_Coal,2050,9,16,16,0.0
50609,SE_Coal,2050,9,17,17,0.0
50610,SE_Coal,2050,9,18,18,0.0
50611,SE_Coal,2050,9,19,19,0.0
50612,SE_Coal,2050,9,20,20,0.0
50613,SE_Coal,2050,9,21,21,0.0
50614,SE_Coal,2050,9,22,22,0.0
50615,SE_Coal,2050,9,23,23,0.0
50616,SE_Coal,2050,9,24,24,0.0
50617,SE_Coal,2050,10,1,1,0.0
50618,SE_Coal,2050,10,2,2,0.0
50619,SE_Coal,2050,10,3,3,0.0
50620,SE_Coal,2050,10,4,4,0.0
50621,SE_Coal,2050,10,5,5,0.0
50622,SE_Coal,2050,10,6,6,-0.7038
50623,SE_Coal,2050,10,7,7,-0.7038
50624,SE_Coal,2050,10,8,8,-0.7038
50625,SE_Coal,2050,10,9,9,-0.7038
50626,SE_Coal,2050,10,10,10,-0.7038
50627,SE_Coal,2050,10,11,11,-0.7038
50628,SE_Coal,2050,10,12,12,-0.7038
50629,SE_Coal,2050,10,13,13,-0.7038
50630,SE_Coal,2050,10,14,14,-0.7038
50631,SE_Coal,2050,10,15,15,-0.7038
50632,SE_Coal,2050,10,16,16,-1.5317999999999996
50633,SE_Coal,2050,10,17,17,-1.5317999999999996
50634,SE_Coal,2050,10,18,18,-0.7038
50635,SE_Coal,2050,10,19,19,-0.7038
50636,SE_Coal,2050,10,20,20,-0.7038
50637,SE_Coal,2050,10,21,21,-0.7038
50638,SE_Coal,2050,10,22,22,0.0
50639,SE_Coal,2050,10,23,23,0.0
50640,SE_Coal,2050,10,24,24,0.0
50641,SE_Nuclear,2050,1,1,1,-0.49290000000000006
50642,SE_Nuclear,2050,1,2,2,-0.49290000000000006
50643,SE_Nuclear,2050,1,3,3,-1.3038
50644,SE_Nuclear,2050,1,4,4,-1.3038
50645,SE_Nuclear,2050,1,5,5,-1.3038
50646,SE_Nuclear,2050,1,6,6,-1.3038
50647,SE_Nuclear,2050,1,7,7,-2.2578
50648,SE_Nuclear,2050,1,8,8,-2.2578
50649,SE_Nuclear,2050,1,9,9,-2.2578
50650,SE_Nuclear,2050,1,10,10,-2.2578
50651,SE_Nuclear,2050,1,11,11,-2.2578
50652,SE_Nuclear,2050,1,12,12,-2.2578
50653,SE_Nuclear,2050,1,13,13,-2.2578
50654,SE_Nuclear,2050,1,14,14,-2.2578
50655,SE_Nuclear,2050,1,15,15,-2.2578
50656,SE_Nuclear,2050,1,16,16,-2.2578
50657,SE_Nuclear,2050,1,17,17,-2.2578
50658,SE_Nuclear,2050,1,18,18,-8.829565705666338
50659,SE_Nuclear,2050,1,19,19,-22.225731411332674
50660,SE_Nuclear,2050,1,20,20,-2.2578
50661,SE_Nuclear,2050,1,21,21,-1.3038
50662,SE_Nuclear,2050,1,22,22,-1.3038
50663,SE_Nuclear,2050,1,23,23,-1.3038
50664,SE_Nuclear,2050,1,24,24,-1.3038
50665,SE_Nuclear,2050,2,1,1,0.0
50666,SE_Nuclear,2050,2,2,2,0.0
50667,SE_Nuclear,2050,2,3,3,0.0
50668,SE_Nuclear,2050,2,4,4,0.0
50669,SE_Nuclear,2050,2,5,5,0.0
50670,SE_Nuclear,2050,2,6,6,0.0
50671,SE_Nuclear,2050,2,7,7,0.0
50672,SE_Nuclear,2050,2,8,8,0.0
50673,SE_Nuclear,2050,2,9,9,0.0
50674,SE_Nuclear,2050,2,10,10,-0.30690000000000006
50675,SE_Nuclear,2050,2,11,11,-0.30690000000000006
50676,SE_Nuclear,2050,2,12,12,-0.30690000000000006
50677,SE_Nuclear,2050,2,13,13,-0.30690000000000006
50678,SE_Nuclear,2050,2,14,14,-0.30690000000000006
50679,SE_Nuclear,2050,2,15,15,-0.30690000000000006
50680,SE_Nuclear,2050,2,16,16,-0.30690000000000006
50681,SE_Nuclear,2050,2,17,17,-0.30690000000000006
50682,SE_Nuclear,2050,2,18,18,-0.30690000000000006
50683,SE_Nuclear,2050,2,19,19,-0.30690000000000006
50684,SE_Nuclear,2050,2,20,20,0.0
50685,SE_Nuclear,2050,2,21,21,0.0
50686,SE_Nuclear,2050,2,22,22,0.0
50687,SE_Nuclear,2050,2,23,23,0.0
50688,SE_Nuclear,2050,2,24,24,0.0
50689,SE_Nuclear,2050,3,1,1,0.0
50690,SE_Nuclear,2050,3,2,2,0.0
50691,SE_Nuclear,2050,3,3,3,0.0
50692,SE_Nuclear,2050,3,4,4,0.0
50693,SE_Nuclear,2050,3,5,5,0.0
50694,SE_Nuclear,2050,3,6,6,0.0
50695,SE_Nuclear,2050,3,7,7,0.0
50696,SE_Nuclear,2050,3,8,8,0.0
50697,SE_Nuclear,2050,3,9,9,0.0
50698,SE_Nuclear,2050,3,10,10,0.0
50699,SE_Nuclear,2050,3,11,11,0.0
50700,SE_Nuclear,2050,3,12,12,0.0
50701,SE_Nuclear,2050,3,13,13,0.0
50702,SE_Nuclear,2050,3,14,14,0.0
50703,SE_Nuclear,2050,3,15,15,0.0
50704,SE_Nuclear,2050,3,16,16,0.0
50705,SE_Nuclear,2050,3,17,17,0.0
50706,SE_Nuclear,2050,3,18,18,0.0
50707,SE_Nuclear,2050,3,19,19,0.0
50708,SE_Nuclear,2050,3,20,20,0.0
50709,SE_Nuclear,2050,3,21,21,0.0
50710,SE_Nuclear,2050,3,22,22,0.0
50711,SE_Nuclear,2050,3,23,23,0.0
50712,SE_Nuclear,2050,3,24,24,0.0
50713,SE_Nuclear,2050,4,1,1,0.0
50714,SE_Nuclear,2050,4,2,2,0.0
50715,SE_Nuclear,2050,4,3,3,0.0
50716,SE_Nuclear,2050,4,4,4,0.0
50717,SE_Nuclear,2050,4,5,5,0.0
50718,SE_Nuclear,2050,4,6,6,-0.21390000000000003
50719,SE_Nuclear,2050,4,7,7,-0.21390000000000003
50720,SE_Nuclear,2050,4,8,8,-0.21390000000000003
50721,SE_Nuclear,2050,4,9,9,-0.21390000000000003
50722,SE_Nuclear,2050,4,10,10,-0.21390000000000003
50723,SE_Nuclear,2050,4,11,11,-0.21390000000000003
50724,SE_Nuclear,2050,4,12,12,-0.21390000000000003
50725,SE_Nuclear,2050,4,13,13,-0.21390000000000003
50726,SE_Nuclear,2050,4,14,14,-0.21390000000000003
50727,SE_Nuclear,2050,4,15,15,-0.21390000000000003
50728,SE_Nuclear,2050,4,16,16,-0.21390000000000003
50729,SE_Nuclear,2050,4,17,17,-0.5658000000000001
50730,SE_Nuclear,2050,4,18,18,-0.5658000000000001
50731,SE_Nuclear,2050,4,19,19,-0.21390000000000003
50732,SE_Nuclear,2050,4,20,20,-0.21390000000000003
50733,SE_Nuclear,2050,4,21,21,0.0
50734,SE_Nuclear,2050,4,22,22,0.0
50735,SE_Nuclear,2050,4,23,23,0.0
50736,SE_Nuclear,2050,4,24,24,0.0
50737,SE_Nuclear,2050,5,1,1,0.0
50738,SE_Nuclear,2050,5,2,2,0.0
50739,SE_Nuclear,2050,5,3,3,0.0
50740,SE_Nuclear,2050,5,4,4,0.0
50741,SE_Nuclear,2050,5,5,5,0.0
50742,SE_Nuclear,2050,5,6,6,0.0
50743,SE_Nuclear,2050,5,7,7,0.0
50744,SE_Nuclear,2050,5,8,8,0.0
50745,SE_Nuclear,2050,5,9,9,0.0
50746,SE_Nuclear,2050,5,10,10,0.0
50747,SE_Nuclear,2050,5,11,11,0.0
50748,SE_Nuclear,2050,5,12,12,0.0
50749,SE_Nuclear,2050,5,13,13,0.0
50750,SE_Nuclear,2050,5,14,14,0.0
50751,SE_Nuclear,2050,5,15,15,0.0
50752,SE_Nuclear,2050,5,16,16,0.0
50753,SE_Nuclear,2050,5,17,17,0.0
50754,SE_Nuclear,2050,5,18,18,0.0
50755,SE_Nuclear,2050,5,19,19,0.0
50756,SE_Nuclear,2050,5,20,20,0.0
50757,SE_Nuclear,2050,5,21,21,0.0
50758,SE_Nuclear,2050,5,22,22,0.0
50759,SE_Nuclear,2050,5,23,23,0.0
50760,SE_Nuclear,2050,5,24,24,0.0
50761,SE_Nuclear,2050,6,1,1,-0.1674
50762,SE_Nuclear,2050,6,2,2,-0.1674
50763,SE_Nuclear,2050,6,3,3,-0.1674
50764,SE_Nuclear,2050,6,4,4,-0.1674
50765,SE_Nuclear,2050,6,5,5,-0.1674
50766,SE_Nuclear,2050,6,6,6,-0.4428000000000001
50767,SE_Nuclear,2050,6,7,7,-0.4428000000000001
50768,SE_Nuclear,2050,6,8,8,-0.4428000000000001
50769,SE_Nuclear,2050,6,9,9,-0.4428000000000001
50770,SE_Nuclear,2050,6,10,10,-0.1674
50771,SE_Nuclear,2050,6,11,11,-0.1674
50772,SE_Nuclear,2050,6,12,12,-0.1674
50773,SE_Nuclear,2050,6,13,13,-0.1674
50774,SE_Nuclear,2050,6,14,14,-0.1674
50775,SE_Nuclear,2050,6,15,15,-0.1674
50776,SE_Nuclear,2050,6,16,16,-0.1674
50777,SE_Nuclear,2050,6,17,17,-0.4428000000000001
50778,SE_Nuclear,2050,6,18,18,-0.4428000000000001
50779,SE_Nuclear,2050,6,19,19,-0.7667999999999999
50780,SE_Nuclear,2050,6,20,20,-0.7667999999999999
50781,SE_Nuclear,2050,6,21,21,-0.4428000000000001
50782,SE_Nuclear,2050,6,22,22,-0.4428000000000001
50783,SE_Nuclear,2050,6,23,23,-0.1674
50784,SE_Nuclear,2050,6,24,24,-0.1674
50785,SE_Nuclear,2050,7,1,1,0.0
50786,SE_Nuclear,2050,7,2,2,0.0
50787,SE_Nuclear,2050,7,3,3,0.0
50788,SE_Nuclear,2050,7,4,4,0.0
50789,SE_Nuclear,2050,7,5,5,0.0
50790,SE_Nuclear,2050,7,6,6,0.0
50791,SE_Nuclear,2050,7,7,7,0.0
50792,SE_Nuclear,2050,7,8,8,0.0
50793,SE_Nuclear,2050,7,9,9,0.0
50794,SE_Nuclear,2050,7,10,10,0.0
50795,SE_Nuclear,2050,7,11,11,0.0
50796,SE_Nuclear,2050,7,12,12,0.0
50797,SE_Nuclear,2050,7,13,13,0.0
50798,SE_Nuclear,2050,7,14,14,0.0
50799,SE_Nuclear,2050,7,15,15,0.0
50800,SE_Nuclear,2050,7,16,16,0.0
50801,SE_Nuclear,2050,7,17,17,0.0
50802,SE_Nuclear,2050,7,18,18,0.0
50803,SE_Nuclear,2050,7,19,19,0.0
50804,SE_Nuclear,2050,7,20,20,0.0
50805,SE_Nuclear,2050,7,21,21,0.0
50806,SE_Nuclear,2050,7,22,22,0.0
50807,SE_Nuclear,2050,7,23,23,0.0
50808,SE_Nuclear,2050,7,24,24,0.0
50809,SE_Nuclear,2050,8,1,1,0.0
50810,SE_Nuclear,2050,8,2,2,0.0
50811,SE_Nuclear,2050,8,3,3,0.0
50812,SE_Nuclear,2050,8,4,4,0.0
50813,SE_Nuclear,2050,8,5,5,0.0
50814,SE_Nuclear,2050,8,6,6,-0.2883
50815,SE_Nuclear,2050,8,7,7,-0.2883
50816,SE_Nuclear,2050,8,8,8,-0.2883
50817,SE_Nuclear,2050,8,9,9,-0.2883
50818,SE_Nuclear,2050,8,10,10,0.0
50819,SE_Nuclear,2050,8,11,11,0.0
50820,SE_Nuclear,2050,8,12,12,0.0
50821,SE_Nuclear,2050,8,13,13,0.0
50822,SE_Nuclear,2050,8,14,14,0.0
50823,SE_Nuclear,2050,8,15,15,0.0
50824,SE_Nuclear,2050,8,16,16,0.0
50825,SE_Nuclear,2050,8,17,17,0.0
50826,SE_Nuclear,2050,8,18,18,0.0
50827,SE_Nuclear,2050,8,19,19,0.0
50828,SE_Nuclear,2050,8,20,20,0.0
50829,SE_Nuclear,2050,8,21,21,0.0
50830,SE_Nuclear,2050,8,22,22,0.0
50831,SE_Nuclear,2050,8,23,23,0.0
50832,SE_Nuclear,2050,8,24,24,0.0
50833,SE_Nuclear,2050,9,1,1,0.0
50834,SE_Nuclear,2050,9,2,2,0.0
50835,SE_Nuclear,2050,9,3,3,0.0
50836,SE_Nuclear,2050,9,4,4,-0.39990000000000003
50837,SE_Nuclear,2050,9,5,5,-0.39990000000000003
50838,SE_Nuclear,2050,9,6,6,-0.39990000000000003
50839,SE_Nuclear,2050,9,7,7,-0.39990000000000003
50840,SE_Nuclear,2050,9,8,8,-0.39990000000000003
50841,SE_Nuclear,2050,9,9,9,-0.39990000000000003
50842,SE_Nuclear,2050,9,10,10,-0.39990000000000003
50843,SE_Nuclear,2050,9,11,11,-0.39990000000000003
50844,SE_Nuclear,2050,9,12,12,-0.39990000000000003
50845,SE_Nuclear,2050,9,13,13,-0.39990000000000003
50846,SE_Nuclear,2050,9,14,14,-0.39990000000000003
50847,SE_Nuclear,2050,9,15,15,-0.39990000000000003
50848,SE_Nuclear,2050,9,16,16,-0.39990000000000003
50849,SE_Nuclear,2050,9,17,17,-0.39990000000000003
50850,SE_Nuclear,2050,9,18,18,-0.39990000000000003
50851,SE_Nuclear,2050,9,19,19,-0.39990000000000003
50852,SE_Nuclear,2050,9,20,20,-0.39990000000000003
50853,SE_Nuclear,2050,9,21,21,0.0
50854,SE_Nuclear,2050,9,22,22,0.0
50855,SE_Nuclear,2050,9,23,23,0.0
50856,SE_Nuclear,2050,9,24,24,0.0
50857,SE_Nuclear,2050,10,1,1,-0.42780000000000007
50858,SE_Nuclear,2050,10,2,2,-0.42780000000000007
50859,SE_Nuclear,2050,10,3,3,-0.42780000000000007
50860,SE_Nuclear,2050,10,4,4,-0.42780000000000007
50861,SE_Nuclear,2050,10,5,5,-0.42780000000000007
50862,SE_Nuclear,2050,10,6,6,-1.1316000000000002
50863,SE_Nuclear,2050,10,7,7,-1.1316000000000002
50864,SE_Nuclear,2050,10,8,8,-1.1316000000000002
50865,SE_Nuclear,2050,10,9,9,-1.1316000000000002
50866,SE_Nuclear,2050,10,10,10,-1.1316000000000002
50867,SE_Nuclear,2050,10,11,11,-1.1316000000000002
50868,SE_Nuclear,2050,10,12,12,-1.1316000000000002
50869,SE_Nuclear,2050,10,13,13,-1.1316000000000002
50870,SE_Nuclear,2050,10,14,14,-1.1316000000000002
50871,SE_Nuclear,2050,10,15,15,-1.1316000000000002
50872,SE_Nuclear,2050,10,16,16,-1.9595999999999996
50873,SE_Nuclear,2050,10,17,17,-1.9595999999999996
50874,SE_Nuclear,2050,10,18,18,-1.1316000000000002
50875,SE_Nuclear,2050,10,19,19,-1.1316000000000002
50876,SE_Nuclear,2050,10,20,20,-1.1316000000000002
50877,SE_Nuclear,2050,10,21,21,-1.1316000000000002
50878,SE_Nuclear,2050,10,22,22,-0.42780000000000007
50879,SE_Nuclear,2050,10,23,23,-0.42780000000000007
50880,SE_Nuclear,2050,10,24,24,-0.42780000000000007
50881,SE_OCGT,2050,1,1,1,0.0
50882,SE_OCGT,2050,1,2,2,0.0
50883,SE_OCGT,2050,1,3,3,0.0
50884,SE_OCGT,2050,1,4,4,0.0
50885,SE_OCGT,2050,1,5,5,0.0
50886,SE_OCGT,2050,1,6,6,0.0
50887,SE_OCGT,2050,1,7,7,0.0
50888,SE_OCGT,2050,1,8,8,0.0
50889,SE_OCGT,2050,1,9,9,0.0
50890,SE_OCGT,2050,1,10,10,0.0
50891,SE_OCGT,2050,1,11,11,0.0
50892,SE_OCGT,2050,1,12,12,0.0
50893,SE_OCGT,2050,1,13,13,0.0
50894,SE_OCGT,2050,1,14,14,0.0
50895,SE_OCGT,2050,1,15,15,0.0
50896,SE_OCGT,2050,1,16,16,0.0
50897,SE_OCGT,2050,1,17,17,0.0
50898,SE_OCGT,2050,1,18,18,-6.571765705666339
50899,SE_OCGT,2050,1,19,19,-19.967931411332675
50900,SE_OCGT,2050,1,20,20,0.0
50901,SE_OCGT,2050,1,21,21,0.0
50902,SE_OCGT,2050,1,22,22,0.0
50903,SE_OCGT,2050,1,23,23,0.0
50904,SE_OCGT,2050,1,24,24,0.0
50905,SE_OCGT,2050,2,1,1,0.0
50906,SE_OCGT,2050,2,2,2,0.0
50907,SE_OCGT,2050,2,3,3,0.0
50908,SE_OCGT,2050,2,4,4,0.0
50909,SE_OCGT,2050,2,5,5,0.0
50910,SE_OCGT,2050,2,6,6,0.0
50911,SE_OCGT,2050,2,7,7,0.0
50912,SE_OCGT,2050,2,8,8,0.0
50913,SE_OCGT,2050,2,9,9,0.0
50914,SE_OCGT,2050,2,10,10,0.0
50915,SE_OCGT,2050,2,11,11,0.0
50916,SE_OCGT,2050,2,12,12,0.0
50917,SE_OCGT,2050,2,13,13,0.0
50918,SE_OCGT,2050,2,14,14,0.0
50919,SE_OCGT,2050,2,15,15,0.0
50920,SE_OCGT,2050,2,16,16,0.0
50921,SE_OCGT,2050,2,17,17,0.0
50922,SE_OCGT,2050,2,18,18,0.0
50923,SE_OCGT,2050,2,19,19,0.0
50924,SE_OCGT,2050,2,20,20,0.0
50925,SE_OCGT,2050,2,21,21,0.0
50926,SE_OCGT,2050,2,22,22,0.0
50927,SE_OCGT,2050,2,23,23,0.0
50928,SE_OCGT,2050,2,24,24,0.0
50929,SE_OCGT,2050,3,1,1,0.0
50930,SE_OCGT,2050,3,2,2,0.0
50931,SE_OCGT,2050,3,3,3,0.0
50932,SE_OCGT,2050,3,4,4,0.0
50933,SE_OCGT,2050,3,5,5,0.0
50934,SE_OCGT,2050,3,6,6,0.0
50935,SE_OCGT,2050,3,7,7,0.0
50936,SE_OCGT,2050,3,8,8,0.0
50937,SE_OCGT,2050,3,9,9,0.0
50938,SE_OCGT,2050,3,10,10,0.0
50939,SE_OCGT,2050,3,11,11,0.0
50940,SE_OCGT,2050,3,12,12,0.0
50941,SE_OCGT,2050,3,13,13,0.0
50942,SE_OCGT,2050,3,14,14,0.0
50943,SE_OCGT,2050,3,15,15,0.0
50944,SE_OCGT,2050,3,16,16,0.0
50945,SE_OCGT,2050,3,17,17,0.0
50946,SE_OCGT,2050,3,18,18,0.0
50947,SE_OCGT,2050,3,19,19,0.0
50948,SE_OCGT,2050,3,20,20,0.0
50949,SE_OCGT,2050,3,21,21,0.0
50950,SE_OCGT,2050,3,22,22,0.0
50951,SE_OCGT,2050,3,23,23,0.0
50952,SE_OCGT,2050,3,24,24,0.0
50953,SE_OCGT,2050,4,1,1,0.0
50954,SE_OCGT,2050,4,2,2,0.0
50955,SE_OCGT,2050,4,3,3,0.0
50956,SE_OCGT,2050,4,4,4,0.0
50957,SE_OCGT,2050,4,5,5,0.0
50958,SE_OCGT,2050,4,6,6,0.0
50959,SE_OCGT,2050,4,7,7,0.0
50960,SE_OCGT,2050,4,8,8,0.0
50961,SE_OCGT,2050,4,9,9,0.0
50962,SE_OCGT,2050,4,10,10,0.0
50963,SE_OCGT,2050,4,11,11,0.0
50964,SE_OCGT,2050,4,12,12,0.0
50965,SE_OCGT,2050,4,13,13,0.0
50966,SE_OCGT,2050,4,14,14,0.0
50967,SE_OCGT,2050,4,15,15,0.0
50968,SE_OCGT,2050,4,16,16,0.0
50969,SE_OCGT,2050,4,17,17,0.0
50970,SE_OCGT,2050,4,18,18,0.0
50971,SE_OCGT,2050,4,19,19,0.0
50972,SE_OCGT,2050,4,20,20,0.0
50973,SE_OCGT,2050,4,21,21,0.0
50974,SE_OCGT,2050,4,22,22,0.0
50975,SE_OCGT,2050,4,23,23,0.0
50976,SE_OCGT,2050,4,24,24,0.0
50977,SE_OCGT,2050,5,1,1,0.0
50978,SE_OCGT,2050,5,2,2,0.0
50979,SE_OCGT,2050,5,3,3,0.0
50980,SE_OCGT,2050,5,4,4,0.0
50981,SE_OCGT,2050,5,5,5,0.0
50982,SE_OCGT,2050,5,6,6,0.0
50983,SE_OCGT,2050,5,7,7,0.0
50984,SE_OCGT,2050,5,8,8,0.0
50985,SE_OCGT,2050,5,9,9,0.0
50986,SE_OCGT,2050,5,10,10,0.0
50987,SE_OCGT,2050,5,11,11,0.0
50988,SE_OCGT,2050,5,12,12,0.0
50989,SE_OCGT,2050,5,13,13,0.0
50990,SE_OCGT,2050,5,14,14,0.0
50991,SE_OCGT,2050,5,15,15,0.0
50992,SE_OCGT,2050,5,16,16,0.0
50993,SE_OCGT,2050,5,17,17,0.0
50994,SE_OCGT,2050,5,18,18,0.0
50995,SE_OCGT,2050,5,19,19,0.0
50996,SE_OCGT,2050,5,20,20,0.0
50997,SE_OCGT,2050,5,21,21,0.0
50998,SE_OCGT,2050,5,22,22,0.0
50999,SE_OCGT,2050,5,23,23,0.0
51000,SE_OCGT,2050,5,24,24,0.0
51001,SE_OCGT,2050,6,1,1,0.0
51002,SE_OCGT,2050,6,2,2,0.0
51003,SE_OCGT,2050,6,3,3,0.0
51004,SE_OCGT,2050,6,4,4,0.0
51005,SE_OCGT,2050,6,5,5,0.0
51006,SE_OCGT,2050,6,6,6,0.0
51007,SE_OCGT,2050,6,7,7,0.0
51008,SE_OCGT,2050,6,8,8,0.0
51009,SE_OCGT,2050,6,9,9,0.0
51010,SE_OCGT,2050,6,10,10,0.0
51011,SE_OCGT,2050,6,11,11,0.0
51012,SE_OCGT,2050,6,12,12,0.0
51013,SE_OCGT,2050,6,13,13,0.0
51014,SE_OCGT,2050,6,14,14,0.0
51015,SE_OCGT,2050,6,15,15,0.0
51016,SE_OCGT,2050,6,16,16,0.0
51017,SE_OCGT,2050,6,17,17,0.0
51018,SE_OCGT,2050,6,18,18,0.0
51019,SE_OCGT,2050,6,19,19,0.0
51020,SE_OCGT,2050,6,20,20,0.0
51021,SE_OCGT,2050,6,21,21,0.0
51022,SE_OCGT,2050,6,22,22,0.0
51023,SE_OCGT,2050,6,23,23,0.0
51024,SE_OCGT,2050,6,24,24,0.0
51025,SE_OCGT,2050,7,1,1,0.0
51026,SE_OCGT,2050,7,2,2,0.0
51027,SE_OCGT,2050,7,3,3,0.0
51028,SE_OCGT,2050,7,4,4,0.0
51029,SE_OCGT,2050,7,5,5,0.0
51030,SE_OCGT,2050,7,6,6,0.0
51031,SE_OCGT,2050,7,7,7,0.0
51032,SE_OCGT,2050,7,8,8,0.0
51033,SE_OCGT,2050,7,9,9,0.0
51034,SE_OCGT,2050,7,10,10,0.0
51035,SE_OCGT,2050,7,11,11,0.0
51036,SE_OCGT,2050,7,12,12,0.0
51037,SE_OCGT,2050,7,13,13,0.0
51038,SE_OCGT,2050,7,14,14,0.0
51039,SE_OCGT,2050,7,15,15,0.0
51040,SE_OCGT,2050,7,16,16,0.0
51041,SE_OCGT,2050,7,17,17,0.0
51042,SE_OCGT,2050,7,18,18,0.0
51043,SE_OCGT,2050,7,19,19,0.0
51044,SE_OCGT,2050,7,20,20,0.0
51045,SE_OCGT,2050,7,21,21,0.0
51046,SE_OCGT,2050,7,22,22,0.0
51047,SE_OCGT,2050,7,23,23,0.0
51048,SE_OCGT,2050,7,24,24,0.0
51049,SE_OCGT,2050,8,1,1,0.0
51050,SE_OCGT,2050,8,2,2,0.0
51051,SE_OCGT,2050,8,3,3,0.0
51052,SE_OCGT,2050,8,4,4,0.0
51053,SE_OCGT,2050,8,5,5,0.0
51054,SE_OCGT,2050,8,6,6,0.0
51055,SE_OCGT,2050,8,7,7,0.0
51056,SE_OCGT,2050,8,8,8,0.0
51057,SE_OCGT,2050,8,9,9,0.0
51058,SE_OCGT,2050,8,10,10,0.0
51059,SE_OCGT,2050,8,11,11,0.0
51060,SE_OCGT,2050,8,12,12,0.0
51061,SE_OCGT,2050,8,13,13,0.0
51062,SE_OCGT,2050,8,14,14,0.0
51063,SE_OCGT,2050,8,15,15,0.0
51064,SE_OCGT,2050,8,16,16,0.0
51065,SE_OCGT,2050,8,17,17,0.0
51066,SE_OCGT,2050,8,18,18,0.0
51067,SE_OCGT,2050,8,19,19,0.0
51068,SE_OCGT,2050,8,20,20,0.0
51069,SE_OCGT,2050,8,21,21,0.0
51070,SE_OCGT,2050,8,22,22,0.0
51071,SE_OCGT,2050,8,23,23,0.0
51072,SE_OCGT,2050,8,24,24,0.0
51073,SE_OCGT,2050,9,1,1,0.0
51074,SE_OCGT,2050,9,2,2,0.0
51075,SE_OCGT,2050,9,3,3,0.0
51076,SE_OCGT,2050,9,4,4,0.0
51077,SE_OCGT,2050,9,5,5,0.0
51078,SE_OCGT,2050,9,6,6,0.0
51079,SE_OCGT,2050,9,7,7,0.0
51080,SE_OCGT,2050,9,8,8,0.0
51081,SE_OCGT,2050,9,9,9,0.0
51082,SE_OCGT,2050,9,10,10,0.0
51083,SE_OCGT,2050,9,11,11,0.0
51084,SE_OCGT,2050,9,12,12,0.0
51085,SE_OCGT,2050,9,13,13,0.0
51086,SE_OCGT,2050,9,14,14,0.0
51087,SE_OCGT,2050,9,15,15,0.0
51088,SE_OCGT,2050,9,16,16,0.0
51089,SE_OCGT,2050,9,17,17,0.0
51090,SE_OCGT,2050,9,18,18,0.0
51091,SE_OCGT,2050,9,19,19,0.0
51092,SE_OCGT,2050,9,20,20,0.0
51093,SE_OCGT,2050,9,21,21,0.0
51094,SE_OCGT,2050,9,22,22,0.0
51095,SE_OCGT,2050,9,23,23,0.0
51096,SE_OCGT,2050,9,24,24,0.0
51097,SE_OCGT,2050,10,1,1,0.0
51098,SE_OCGT,2050,10,2,2,0.0
51099,SE_OCGT,2050,10,3,3,0.0
51100,SE_OCGT,2050,10,4,4,0.0
51101,SE_OCGT,2050,10,5,5,0.0
51102,SE_OCGT,2050,10,6,6,0.0
51103,SE_OCGT,2050,10,7,7,0.0
51104,SE_OCGT,2050,10,8,8,0.0
51105,SE_OCGT,2050,10,9,9,0.0
51106,SE_OCGT,2050,10,10,10,0.0
51107,SE_OCGT,2050,10,11,11,0.0
51108,SE_OCGT,2050,10,12,12,0.0
51109,SE_OCGT,2050,10,13,13,0.0
51110,SE_OCGT,2050,10,14,14,0.0
51111,SE_OCGT,2050,10,15,15,0.0
51112,SE_OCGT,2050,10,16,16,0.0
51113,SE_OCGT,2050,10,17,17,0.0
51114,SE_OCGT,2050,10,18,18,0.0
51115,SE_OCGT,2050,10,19,19,0.0
51116,SE_OCGT,2050,10,20,20,0.0
51117,SE_OCGT,2050,10,21,21,0.0
51118,SE_OCGT,2050,10,22,22,0.0
51119,SE_OCGT,2050,10,23,23,0.0
51120,SE_OCGT,2050,10,24,24,0.0
51121,SE_Wind_Onshore,2050,1,1,1,-0.9381
51122,SE_Wind_Onshore,2050,1,2,2,-0.9381
51123,SE_Wind_Onshore,2050,1,3,3,-1.749
51124,SE_Wind_Onshore,2050,1,4,4,-1.749
51125,SE_Wind_Onshore,2050,1,5,5,-1.749
51126,SE_Wind_Onshore,2050,1,6,6,-1.749
51127,SE_Wind_Onshore,2050,1,7,7,-2.703
51128,SE_Wind_Onshore,2050,1,8,8,-2.703
51129,SE_Wind_Onshore,2050,1,9,9,-2.703
51130,SE_Wind_Onshore,2050,1,10,10,-2.703
51131,SE_Wind_Onshore,2050,1,11,11,-2.703
51132,SE_Wind_Onshore,2050,1,12,12,-2.703
51133,SE_Wind_Onshore,2050,1,13,13,-2.703
51134,SE_Wind_Onshore,2050,1,14,14,-2.703
51135,SE_Wind_Onshore,2050,1,15,15,-2.703
51136,SE_Wind_Onshore,2050,1,16,16,-2.703
51137,SE_Wind_Onshore,2050,1,17,17,-2.703
51138,SE_Wind_Onshore,2050,1,18,18,-9.274765705666338
51139,SE_Wind_Onshore,2050,1,19,19,-22.670931411332674
51140,SE_Wind_Onshore,2050,1,20,20,-2.703
51141,SE_Wind_Onshore,2050,1,21,21,-1.749
51142,SE_Wind_Onshore,2050,1,22,22,-1.749
51143,SE_Wind_Onshore,2050,1,23,23,-1.749
51144,SE_Wind_Onshore,2050,1,24,24,-1.749
51145,SE_Wind_Onshore,2050,2,1,1,0.0
51146,SE_Wind_Onshore,2050,2,2,2,0.0
51147,SE_Wind_Onshore,2050,2,3,3,0.0
51148,SE_Wind_Onshore,2050,2,4,4,0.0
51149,SE_Wind_Onshore,2050,2,5,5,0.0
51150,SE_Wind_Onshore,2050,2,6,6,0.0
51151,SE_Wind_Onshore,2050,2,7,7,0.0
51152,SE_Wind_Onshore,2050,2,8,8,0.0
51153,SE_Wind_Onshore,2050,2,9,9,0.0
51154,SE_Wind_Onshore,2050,2,10,10,-0.5841000000000001
51155,SE_Wind_Onshore,2050,2,11,11,-0.5841000000000001
51156,SE_Wind_Onshore,2050,2,12,12,-0.5841000000000001
51157,SE_Wind_Onshore,2050,2,13,13,-0.5841000000000001
51158,SE_Wind_Onshore,2050,2,14,14,-0.5841000000000001
51159,SE_Wind_Onshore,2050,2,15,15,-0.5841000000000001
51160,SE_Wind_Onshore,2050,2,16,16,-0.5841000000000001
51161,SE_Wind_Onshore,2050,2,17,17,-0.5841000000000001
51162,SE_Wind_Onshore,2050,2,18,18,-0.5841000000000001
51163,SE_Wind_Onshore,2050,2,19,19,-0.5841000000000001
51164,SE_Wind_Onshore,2050,2,20,20,0.0
51165,SE_Wind_Onshore,2050,2,21,21,0.0
51166,SE_Wind_Onshore,2050,2,22,22,0.0
51167,SE_Wind_Onshore,2050,2,23,23,0.0
51168,SE_Wind_Onshore,2050,2,24,24,0.0
51169,SE_Wind_Onshore,2050,3,1,1,0.0
51170,SE_Wind_Onshore,2050,3,2,2,0.0
51171,SE_Wind_Onshore,2050,3,3,3,0.0
51172,SE_Wind_Onshore,2050,3,4,4,0.0
51173,SE_Wind_Onshore,2050,3,5,5,0.0
51174,SE_Wind_Onshore,2050,3,6,6,0.0
51175,SE_Wind_Onshore,2050,3,7,7,0.0
51176,SE_Wind_Onshore,2050,3,8,8,0.0
51177,SE_Wind_Onshore,2050,3,9,9,0.0
51178,SE_Wind_Onshore,2050,3,10,10,0.0
51179,SE_Wind_Onshore,2050,3,11,11,0.0
51180,SE_Wind_Onshore,2050,3,12,12,0.0
51181,SE_Wind_Onshore,2050,3,13,13,0.0
51182,SE_Wind_Onshore,2050,3,14,14,0.0
51183,SE_Wind_Onshore,2050,3,15,15,0.0
51184,SE_Wind_Onshore,2050,3,16,16,0.0
51185,SE_Wind_Onshore,2050,3,17,17,0.0
51186,SE_Wind_Onshore,2050,3,18,18,0.0
51187,SE_Wind_Onshore,2050,3,19,19,0.0
51188,SE_Wind_Onshore,2050,3,20,20,0.0
51189,SE_Wind_Onshore,2050,3,21,21,0.0
51190,SE_Wind_Onshore,2050,3,22,22,0.0
51191,SE_Wind_Onshore,2050,3,23,23,0.0
51192,SE_Wind_Onshore,2050,3,24,24,0.0
51193,SE_Wind_Onshore,2050,4,1,1,0.0
51194,SE_Wind_Onshore,2050,4,2,2,0.0
51195,SE_Wind_Onshore,2050,4,3,3,0.0
51196,SE_Wind_Onshore,2050,4,4,4,0.0
51197,SE_Wind_Onshore,2050,4,5,5,0.0
51198,SE_Wind_Onshore,2050,4,6,6,-0.4071
51199,SE_Wind_Onshore,2050,4,7,7,-0.4071
51200,SE_Wind_Onshore,2050,4,8,8,-0.4071
51201,SE_Wind_Onshore,2050,4,9,9,-0.4071
51202,SE_Wind_Onshore,2050,4,10,10,-0.4071
51203,SE_Wind_Onshore,2050,4,11,11,-0.4071
51204,SE_Wind_Onshore,2050,4,12,12,-0.4071
51205,SE_Wind_Onshore,2050,4,13,13,-0.4071
51206,SE_Wind_Onshore,2050,4,14,14,-0.4071
51207,SE_Wind_Onshore,2050,4,15,15,-0.4071
51208,SE_Wind_Onshore,2050,4,16,16,-0.4071
51209,SE_Wind_Onshore,2050,4,17,17,-0.759
51210,SE_Wind_Onshore,2050,4,18,18,-0.759
51211,SE_Wind_Onshore,2050,4,19,19,-0.4071
51212,SE_Wind_Onshore,2050,4,20,20,-0.4071
51213,SE_Wind_Onshore,2050,4,21,21,0.0
51214,SE_Wind_Onshore,2050,4,22,22,0.0
51215,SE_Wind_Onshore,2050,4,23,23,0.0
51216,SE_Wind_Onshore,2050,4,24,24,0.0
51217,SE_Wind_Onshore,2050,5,1,1,0.0
51218,SE_Wind_Onshore,2050,5,2,2,0.0
51219,SE_Wind_Onshore,2050,5,3,3,0.0
51220,SE_Wind_Onshore,2050,5,4,4,0.0
51221,SE_Wind_Onshore,2050,5,5,5,0.0
51222,SE_Wind_Onshore,2050,5,6,6,0.0
51223,SE_Wind_Onshore,2050,5,7,7,0.0
51224,SE_Wind_Onshore,2050,5,8,8,0.0
51225,SE_Wind_Onshore,2050,5,9,9,0.0
51226,SE_Wind_Onshore,2050,5,10,10,0.0
51227,SE_Wind_Onshore,2050,5,11,11,0.0
51228,SE_Wind_Onshore,2050,5,12,12,0.0
51229,SE_Wind_Onshore,2050,5,13,13,0.0
51230,SE_Wind_Onshore,2050,5,14,14,0.0
51231,SE_Wind_Onshore,2050,5,15,15,0.0
51232,SE_Wind_Onshore,2050,5,16,16,0.0
51233,SE_Wind_Onshore,2050,5,17,17,0.0
51234,SE_Wind_Onshore,2050,5,18,18,0.0
51235,SE_Wind_Onshore,2050,5,19,19,0.0
51236,SE_Wind_Onshore,2050,5,20,20,0.0
51237,SE_Wind_Onshore,2050,5,21,21,0.0
51238,SE_Wind_Onshore,2050,5,22,22,0.0
51239,SE_Wind_Onshore,2050,5,23,23,0.0
51240,SE_Wind_Onshore,2050,5,24,24,0.0
51241,SE_Wind_Onshore,2050,6,1,1,-0.3186
51242,SE_Wind_Onshore,2050,6,2,2,-0.3186
51243,SE_Wind_Onshore,2050,6,3,3,-0.3186
51244,SE_Wind_Onshore,2050,6,4,4,-0.3186
51245,SE_Wind_Onshore,2050,6,5,5,-0.3186
51246,SE_Wind_Onshore,2050,6,6,6,-0.5940000000000001
51247,SE_Wind_Onshore,2050,6,7,7,-0.5940000000000001
51248,SE_Wind_Onshore,2050,6,8,8,-0.5940000000000001
51249,SE_Wind_Onshore,2050,6,9,9,-0.5940000000000001
51250,SE_Wind_Onshore,2050,6,10,10,-0.3186
51251,SE_Wind_Onshore,2050,6,11,11,-0.3186
51252,SE_Wind_Onshore,2050,6,12,12,-0.3186
51253,SE_Wind_Onshore,2050,6,13,13,-0.3186
51254,SE_Wind_Onshore,2050,6,14,14,-0.3186
51255,SE_Wind_Onshore,2050,6,15,15,-0.3186
51256,SE_Wind_Onshore,2050,6,16,16,-0.3186
51257,SE_Wind_Onshore,2050,6,17,17,-0.5940000000000001
51258,SE_Wind_Onshore,2050,6,18,18,-0.5940000000000001
51259,SE_Wind_Onshore,2050,6,19,19,-0.9179999999999999
51260,SE_Wind_Onshore,2050,6,20,20,-0.9179999999999999
51261,SE_Wind_Onshore,2050,6,21,21,-0.5940000000000001
51262,SE_Wind_Onshore,2050,6,22,22,-0.5940000000000001
51263,SE_Wind_Onshore,2050,6,23,23,-0.3186
51264,SE_Wind_Onshore,2050,6,24,24,-0.3186
51265,SE_Wind_Onshore,2050,7,1,1,0.0
51266,SE_Wind_Onshore,2050,7,2,2,0.0
51267,SE_Wind_Onshore,2050,7,3,3,0.0
51268,SE_Wind_Onshore,2050,7,4,4,0.0
51269,SE_Wind_Onshore,2050,7,5,5,0.0
51270,SE_Wind_Onshore,2050,7,6,6,0.0
51271,SE_Wind_Onshore,2050,7,7,7,0.0
51272,SE_Wind_Onshore,2050,7,8,8,0.0
51273,SE_Wind_Onshore,2050,7,9,9,0.0
51274,SE_Wind_Onshore,2050,7,10,10,0.0
51275,SE_Wind_Onshore,2050,7,11,11,0.0
51276,SE_Wind_Onshore,2050,7,12,12,0.0
51277,SE_Wind_Onshore,2050,7,13,13,0.0
51278,SE_Wind_Onshore,2050,7,14,14,0.0
51279,SE_Wind_Onshore,2050,7,15,15,0.0
51280,SE_Wind_Onshore,2050,7,16,16,0.0
51281,SE_Wind_Onshore,2050,7,17,17,0.0
51282,SE_Wind_Onshore,2050,7,18,18,0.0
51283,SE_Wind_Onshore,2050,7,19,19,0.0
51284,SE_Wind_Onshore,2050,7,20,20,0.0
51285,SE_Wind_Onshore,2050,7,21,21,0.0
51286,SE_Wind_Onshore,2050,7,22,22,0.0
51287,SE_Wind_Onshore,2050,7,23,23,0.0
51288,SE_Wind_Onshore,2050,7,24,24,0.0
51289,SE_Wind_Onshore,2050,8,1,1,0.0
51290,SE_Wind_Onshore,2050,8,2,2,0.0
51291,SE_Wind_Onshore,2050,8,3,3,0.0
51292,SE_Wind_Onshore,2050,8,4,4,0.0
51293,SE_Wind_Onshore,2050,8,5,5,0.0
51294,SE_Wind_Onshore,2050,8,6,6,-0.5487
51295,SE_Wind_Onshore,2050,8,7,7,-0.5487
51296,SE_Wind_Onshore,2050,8,8,8,-0.5487
51297,SE_Wind_Onshore,2050,8,9,9,-0.5487
51298,SE_Wind_Onshore,2050,8,10,10,0.0
51299,SE_Wind_Onshore,2050,8,11,11,0.0
51300,SE_Wind_Onshore,2050,8,12,12,0.0
51301,SE_Wind_Onshore,2050,8,13,13,0.0
51302,SE_Wind_Onshore,2050,8,14,14,0.0
51303,SE_Wind_Onshore,2050,8,15,15,0.0
51304,SE_Wind_Onshore,2050,8,16,16,0.0
51305,SE_Wind_Onshore,2050,8,17,17,0.0
51306,SE_Wind_Onshore,2050,8,18,18,0.0
51307,SE_Wind_Onshore,2050,8,19,19,0.0
51308,SE_Wind_Onshore,2050,8,20,20,0.0
51309,SE_Wind_Onshore,2050,8,21,21,0.0
51310,SE_Wind_Onshore,2050,8,22,22,0.0
51311,SE_Wind_Onshore,2050,8,23,23,0.0
51312,SE_Wind_Onshore,2050,8,24,24,0.0
51313,SE_Wind_Onshore,2050,9,1,1,0.0
51314,SE_Wind_Onshore,2050,9,2,2,0.0
51315,SE_Wind_Onshore,2050,9,3,3,0.0
51316,SE_Wind_Onshore,2050,9,4,4,-0.7611
51317,SE_Wind_Onshore,2050,9,5,5,-0.7611
51318,SE_Wind_Onshore,2050,9,6,6,-0.7611
51319,SE_Wind_Onshore,2050,9,7,7,-0.7611
51320,SE_Wind_Onshore,2050,9,8,8,-0.7611
51321,SE_Wind_Onshore,2050,9,9,9,-0.7611
51322,SE_Wind_Onshore,2050,9,10,10,-0.7611
51323,SE_Wind_Onshore,2050,9,11,11,-0.7611
51324,SE_Wind_Onshore,2050,9,12,12,-0.7611
51325,SE_Wind_Onshore,2050,9,13,13,-0.7611
51326,SE_Wind_Onshore,2050,9,14,14,-0.7611
51327,SE_Wind_Onshore,2050,9,15,15,-0.7611
51328,SE_Wind_Onshore,2050,9,16,16,-0.7611
51329,SE_Wind_Onshore,2050,9,17,17,-0.7611
51330,SE_Wind_Onshore,2050,9,18,18,-0.7611
51331,SE_Wind_Onshore,2050,9,19,19,-0.7611
51332,SE_Wind_Onshore,2050,9,20,20,-0.7611
51333,SE_Wind_Onshore,2050,9,21,21,0.0
51334,SE_Wind_Onshore,2050,9,22,22,0.0
51335,SE_Wind_Onshore,2050,9,23,23,0.0
51336,SE_Wind_Onshore,2050,9,24,24,0.0
51337,SE_Wind_Onshore,2050,10,1,1,-0.8142
51338,SE_Wind_Onshore,2050,10,2,2,-0.8142
51339,SE_Wind_Onshore,2050,10,3,3,-0.8142
51340,SE_Wind_Onshore,2050,10,4,4,-0.8142
51341,SE_Wind_Onshore,2050,10,5,5,-0.8142
51342,SE_Wind_Onshore,2050,10,6,6,-1.518
51343,SE_Wind_Onshore,2050,10,7,7,-1.518
51344,SE_Wind_Onshore,2050,10,8,8,-1.518
51345,SE_Wind_Onshore,2050,10,9,9,-1.518
51346,SE_Wind_Onshore,2050,10,10,10,-1.518
51347,SE_Wind_Onshore,2050,10,11,11,-1.518
51348,SE_Wind_Onshore,2050,10,12,12,-1.518
51349,SE_Wind_Onshore,2050,10,13,13,-1.518
51350,SE_Wind_Onshore,2050,10,14,14,-1.518
51351,SE_Wind_Onshore,2050,10,15,15,-1.518
51352,SE_Wind_Onshore,2050,10,16,16,-2.3459999999999996
51353,SE_Wind_Onshore,2050,10,17,17,-2.3459999999999996
51354,SE_Wind_Onshore,2050,10,18,18,-1.518
51355,SE_Wind_Onshore,2050,10,19,19,-1.518
51356,SE_Wind_Onshore,2050,10,20,20,-1.518
51357,SE_Wind_Onshore,2050,10,21,21,-1.518
51358,SE_Wind_Onshore,2050,10,22,22,-0.8142
51359,SE_Wind_Onshore,2050,10,23,23,-0.8142
51360,SE_Wind_Onshore,2050,10,24,24,-0.8142
51361,SI_Battery,2050,1,1,1,0.0
51362,SI_Battery,2050,1,2,2,0.0
51363,SI_Battery,2050,1,3,3,0.0
51364,SI_Battery,2050,1,4,4,0.0
51365,SI_Battery,2050,1,5,5,0.0
51366,SI_Battery,2050,1,6,6,0.0
51367,SI_Battery,2050,1,7,7,0.0
51368,SI_Battery,2050,1,8,8,0.0
51369,SI_Battery,2050,1,9,9,0.0
51370,SI_Battery,2050,1,10,10,0.0
51371,SI_Battery,2050,1,11,11,0.0
51372,SI_Battery,2050,1,12,12,0.0
51373,SI_Battery,2050,1,13,13,0.0
51374,SI_Battery,2050,1,14,14,0.0
51375,SI_Battery,2050,1,15,15,0.0
51376,SI_Battery,2050,1,16,16,0.0
51377,SI_Battery,2050,1,17,17,0.0
51378,SI_Battery,2050,1,18,18,0.0
51379,SI_Battery,2050,1,19,19,0.0
51380,SI_Battery,2050,1,20,20,0.0
51381,SI_Battery,2050,1,21,21,0.0
51382,SI_Battery,2050,1,22,22,0.0
51383,SI_Battery,2050,1,23,23,0.0
51384,SI_Battery,2050,1,24,24,0.0
51385,SI_Battery,2050,2,1,1,0.0
51386,SI_Battery,2050,2,2,2,0.0
51387,SI_Battery,2050,2,3,3,0.0
51388,SI_Battery,2050,2,4,4,0.0
51389,SI_Battery,2050,2,5,5,0.0
51390,SI_Battery,2050,2,6,6,0.0
51391,SI_Battery,2050,2,7,7,0.0
51392,SI_Battery,2050,2,8,8,0.0
51393,SI_Battery,2050,2,9,9,0.0
51394,SI_Battery,2050,2,10,10,0.0
51395,SI_Battery,2050,2,11,11,0.0
51396,SI_Battery,2050,2,12,12,0.0
51397,SI_Battery,2050,2,13,13,0.0
51398,SI_Battery,2050,2,14,14,0.0
51399,SI_Battery,2050,2,15,15,0.0
51400,SI_Battery,2050,2,16,16,0.0
51401,SI_Battery,2050,2,17,17,0.0
51402,SI_Battery,2050,2,18,18,0.0
51403,SI_Battery,2050,2,19,19,0.0
51404,SI_Battery,2050,2,20,20,0.0
51405,SI_Battery,2050,2,21,21,0.0
51406,SI_Battery,2050,2,22,22,0.0
51407,SI_Battery,2050,2,23,23,0.0
51408,SI_Battery,2050,2,24,24,0.0
51409,SI_Battery,2050,3,1,1,0.0
51410,SI_Battery,2050,3,2,2,0.0
51411,SI_Battery,2050,3,3,3,0.0
51412,SI_Battery,2050,3,4,4,0.0
51413,SI_Battery,2050,3,5,5,0.0
51414,SI_Battery,2050,3,6,6,0.0
51415,SI_Battery,2050,3,7,7,0.0
51416,SI_Battery,2050,3,8,8,0.0
51417,SI_Battery,2050,3,9,9,0.0
51418,SI_Battery,2050,3,10,10,0.0
51419,SI_Battery,2050,3,11,11,0.0
51420,SI_Battery,2050,3,12,12,0.0
51421,SI_Battery,2050,3,13,13,0.0
51422,SI_Battery,2050,3,14,14,0.0
51423,SI_Battery,2050,3,15,15,0.0
51424,SI_Battery,2050,3,16,16,0.0
51425,SI_Battery,2050,3,17,17,0.0
51426,SI_Battery,2050,3,18,18,-11.512465705666337
51427,SI_Battery,2050,3,19,19,0.0
51428,SI_Battery,2050,3,20,20,0.0
51429,SI_Battery,2050,3,21,21,0.0
51430,SI_Battery,2050,3,22,22,0.0
51431,SI_Battery,2050,3,23,23,0.0
51432,SI_Battery,2050,3,24,24,0.0
51433,SI_Battery,2050,4,1,1,0.0
51434,SI_Battery,2050,4,2,2,0.0
51435,SI_Battery,2050,4,3,3,0.0
51436,SI_Battery,2050,4,4,4,0.0
51437,SI_Battery,2050,4,5,5,0.0
51438,SI_Battery,2050,4,6,6,0.0
51439,SI_Battery,2050,4,7,7,0.0
51440,SI_Battery,2050,4,8,8,0.0
51441,SI_Battery,2050,4,9,9,0.0
51442,SI_Battery,2050,4,10,10,0.0
51443,SI_Battery,2050,4,11,11,0.0
51444,SI_Battery,2050,4,12,12,0.0
51445,SI_Battery,2050,4,13,13,0.0
51446,SI_Battery,2050,4,14,14,0.0
51447,SI_Battery,2050,4,15,15,0.0
51448,SI_Battery,2050,4,16,16,0.0
51449,SI_Battery,2050,4,17,17,0.0
51450,SI_Battery,2050,4,18,18,0.0
51451,SI_Battery,2050,4,19,19,0.0
51452,SI_Battery,2050,4,20,20,0.0
51453,SI_Battery,2050,4,21,21,0.0
51454,SI_Battery,2050,4,22,22,0.0
51455,SI_Battery,2050,4,23,23,0.0
51456,SI_Battery,2050,4,24,24,0.0
51457,SI_Battery,2050,5,1,1,0.0
51458,SI_Battery,2050,5,2,2,0.0
51459,SI_Battery,2050,5,3,3,0.0
51460,SI_Battery,2050,5,4,4,0.0
51461,SI_Battery,2050,5,5,5,0.0
51462,SI_Battery,2050,5,6,6,0.0
51463,SI_Battery,2050,5,7,7,0.0
51464,SI_Battery,2050,5,8,8,0.0
51465,SI_Battery,2050,5,9,9,0.0
51466,SI_Battery,2050,5,10,10,0.0
51467,SI_Battery,2050,5,11,11,0.0
51468,SI_Battery,2050,5,12,12,0.0
51469,SI_Battery,2050,5,13,13,0.0
51470,SI_Battery,2050,5,14,14,0.0
51471,SI_Battery,2050,5,15,15,0.0
51472,SI_Battery,2050,5,16,16,0.0
51473,SI_Battery,2050,5,17,17,0.0
51474,SI_Battery,2050,5,18,18,0.0
51475,SI_Battery,2050,5,19,19,0.0
51476,SI_Battery,2050,5,20,20,0.0
51477,SI_Battery,2050,5,21,21,0.0
51478,SI_Battery,2050,5,22,22,0.0
51479,SI_Battery,2050,5,23,23,0.0
51480,SI_Battery,2050,5,24,24,0.0
51481,SI_Battery,2050,6,1,1,0.0
51482,SI_Battery,2050,6,2,2,0.0
51483,SI_Battery,2050,6,3,3,0.0
51484,SI_Battery,2050,6,4,4,0.0
51485,SI_Battery,2050,6,5,5,0.0
51486,SI_Battery,2050,6,6,6,0.0
51487,SI_Battery,2050,6,7,7,0.0
51488,SI_Battery,2050,6,8,8,0.0
51489,SI_Battery,2050,6,9,9,0.0
51490,SI_Battery,2050,6,10,10,0.0
51491,SI_Battery,2050,6,11,11,0.0
51492,SI_Battery,2050,6,12,12,0.0
51493,SI_Battery,2050,6,13,13,0.0
51494,SI_Battery,2050,6,14,14,0.0
51495,SI_Battery,2050,6,15,15,0.0
51496,SI_Battery,2050,6,16,16,0.0
51497,SI_Battery,2050,6,17,17,0.0
51498,SI_Battery,2050,6,18,18,0.0
51499,SI_Battery,2050,6,19,19,0.0
51500,SI_Battery,2050,6,20,20,-0.5993999999999999
51501,SI_Battery,2050,6,21,21,0.0
51502,SI_Battery,2050,6,22,22,0.0
51503,SI_Battery,2050,6,23,23,0.0
51504,SI_Battery,2050,6,24,24,0.0
51505,SI_Battery,2050,7,1,1,0.0
51506,SI_Battery,2050,7,2,2,0.0
51507,SI_Battery,2050,7,3,3,0.0
51508,SI_Battery,2050,7,4,4,0.0
51509,SI_Battery,2050,7,5,5,0.0
51510,SI_Battery,2050,7,6,6,0.0
51511,SI_Battery,2050,7,7,7,0.0
51512,SI_Battery,2050,7,8,8,0.0
51513,SI_Battery,2050,7,9,9,0.0
51514,SI_Battery,2050,7,10,10,0.0
51515,SI_Battery,2050,7,11,11,0.0
51516,SI_Battery,2050,7,12,12,0.0
51517,SI_Battery,2050,7,13,13,0.0
51518,SI_Battery,2050,7,14,14,0.0
51519,SI_Battery,2050,7,15,15,0.0
51520,SI_Battery,2050,7,16,16,0.0
51521,SI_Battery,2050,7,17,17,0.0
51522,SI_Battery,2050,7,18,18,0.0
51523,SI_Battery,2050,7,19,19,0.0
51524,SI_Battery,2050,7,20,20,0.0
51525,SI_Battery,2050,7,21,21,0.0
51526,SI_Battery,2050,7,22,22,0.0
51527,SI_Battery,2050,7,23,23,0.0
51528,SI_Battery,2050,7,24,24,0.0
51529,SI_Battery,2050,8,1,1,0.0
51530,SI_Battery,2050,8,2,2,0.0
51531,SI_Battery,2050,8,3,3,0.0
51532,SI_Battery,2050,8,4,4,0.0
51533,SI_Battery,2050,8,5,5,0.0
51534,SI_Battery,2050,8,6,6,0.0
51535,SI_Battery,2050,8,7,7,0.0
51536,SI_Battery,2050,8,8,8,0.0
51537,SI_Battery,2050,8,9,9,0.0
51538,SI_Battery,2050,8,10,10,0.0
51539,SI_Battery,2050,8,11,11,0.0
51540,SI_Battery,2050,8,12,12,0.0
51541,SI_Battery,2050,8,13,13,0.0
51542,SI_Battery,2050,8,14,14,0.0
51543,SI_Battery,2050,8,15,15,0.0
51544,SI_Battery,2050,8,16,16,0.0
51545,SI_Battery,2050,8,17,17,0.0
51546,SI_Battery,2050,8,18,18,0.0
51547,SI_Battery,2050,8,19,19,0.0
51548,SI_Battery,2050,8,20,20,0.0
51549,SI_Battery,2050,8,21,21,0.0
51550,SI_Battery,2050,8,22,22,0.0
51551,SI_Battery,2050,8,23,23,0.0
51552,SI_Battery,2050,8,24,24,0.0
51553,SI_Battery,2050,9,1,1,0.0
51554,SI_Battery,2050,9,2,2,0.0
51555,SI_Battery,2050,9,3,3,0.0
51556,SI_Battery,2050,9,4,4,0.0
51557,SI_Battery,2050,9,5,5,0.0
51558,SI_Battery,2050,9,6,6,0.0
51559,SI_Battery,2050,9,7,7,0.0
51560,SI_Battery,2050,9,8,8,0.0
51561,SI_Battery,2050,9,9,9,0.0
51562,SI_Battery,2050,9,10,10,0.0
51563,SI_Battery,2050,9,11,11,0.0
51564,SI_Battery,2050,9,12,12,0.0
51565,SI_Battery,2050,9,13,13,0.0
51566,SI_Battery,2050,9,14,14,0.0
51567,SI_Battery,2050,9,15,15,0.0
51568,SI_Battery,2050,9,16,16,0.0
51569,SI_Battery,2050,9,17,17,0.0
51570,SI_Battery,2050,9,18,18,0.0
51571,SI_Battery,2050,9,19,19,0.0
51572,SI_Battery,2050,9,20,20,0.0
51573,SI_Battery,2050,9,21,21,0.0
51574,SI_Battery,2050,9,22,22,0.0
51575,SI_Battery,2050,9,23,23,0.0
51576,SI_Battery,2050,9,24,24,0.0
51577,SI_Battery,2050,10,1,1,0.0
51578,SI_Battery,2050,10,2,2,0.0
51579,SI_Battery,2050,10,3,3,0.0
51580,SI_Battery,2050,10,4,4,0.0
51581,SI_Battery,2050,10,5,5,0.0
51582,SI_Battery,2050,10,6,6,0.0
51583,SI_Battery,2050,10,7,7,0.0
51584,SI_Battery,2050,10,8,8,0.0
51585,SI_Battery,2050,10,9,9,0.0
51586,SI_Battery,2050,10,10,10,0.0
51587,SI_Battery,2050,10,11,11,0.0
51588,SI_Battery,2050,10,12,12,0.0
51589,SI_Battery,2050,10,13,13,0.0
51590,SI_Battery,2050,10,14,14,0.0
51591,SI_Battery,2050,10,15,15,0.0
51592,SI_Battery,2050,10,16,16,0.0
51593,SI_Battery,2050,10,17,17,0.0
51594,SI_Battery,2050,10,18,18,0.0
51595,SI_Battery,2050,10,19,19,0.0
51596,SI_Battery,2050,10,20,20,0.0
51597,SI_Battery,2050,10,21,21,0.0
51598,SI_Battery,2050,10,22,22,0.0
51599,SI_Battery,2050,10,23,23,0.0
51600,SI_Battery,2050,10,24,24,0.0
51601,SI_Coal,2050,1,1,1,0.0
51602,SI_Coal,2050,1,2,2,0.0
51603,SI_Coal,2050,1,3,3,0.0
51604,SI_Coal,2050,1,4,4,0.0
51605,SI_Coal,2050,1,5,5,0.0
51606,SI_Coal,2050,1,6,6,0.0
51607,SI_Coal,2050,1,7,7,0.0
51608,SI_Coal,2050,1,8,8,0.0
51609,SI_Coal,2050,1,9,9,0.0
51610,SI_Coal,2050,1,10,10,0.0
51611,SI_Coal,2050,1,11,11,0.0
51612,SI_Coal,2050,1,12,12,0.0
51613,SI_Coal,2050,1,13,13,0.0
51614,SI_Coal,2050,1,14,14,0.0
51615,SI_Coal,2050,1,15,15,0.0
51616,SI_Coal,2050,1,16,16,0.0
51617,SI_Coal,2050,1,17,17,0.0
51618,SI_Coal,2050,1,18,18,0.0
51619,SI_Coal,2050,1,19,19,0.0
51620,SI_Coal,2050,1,20,20,0.0
51621,SI_Coal,2050,1,21,21,0.0
51622,SI_Coal,2050,1,22,22,0.0
51623,SI_Coal,2050,1,23,23,0.0
51624,SI_Coal,2050,1,24,24,0.0
51625,SI_Coal,2050,2,1,1,0.0
51626,SI_Coal,2050,2,2,2,0.0
51627,SI_Coal,2050,2,3,3,0.0
51628,SI_Coal,2050,2,4,4,0.0
51629,SI_Coal,2050,2,5,5,0.0
51630,SI_Coal,2050,2,6,6,0.0
51631,SI_Coal,2050,2,7,7,0.0
51632,SI_Coal,2050,2,8,8,0.0
51633,SI_Coal,2050,2,9,9,0.0
51634,SI_Coal,2050,2,10,10,0.0
51635,SI_Coal,2050,2,11,11,0.0
51636,SI_Coal,2050,2,12,12,0.0
51637,SI_Coal,2050,2,13,13,0.0
51638,SI_Coal,2050,2,14,14,0.0
51639,SI_Coal,2050,2,15,15,0.0
51640,SI_Coal,2050,2,16,16,0.0
51641,SI_Coal,2050,2,17,17,0.0
51642,SI_Coal,2050,2,18,18,0.0
51643,SI_Coal,2050,2,19,19,0.0
51644,SI_Coal,2050,2,20,20,0.0
51645,SI_Coal,2050,2,21,21,0.0
51646,SI_Coal,2050,2,22,22,0.0
51647,SI_Coal,2050,2,23,23,0.0
51648,SI_Coal,2050,2,24,24,0.0
51649,SI_Coal,2050,3,1,1,-0.9656999999999999
51650,SI_Coal,2050,3,2,2,-0.9656999999999999
51651,SI_Coal,2050,3,3,3,-0.9656999999999999
51652,SI_Coal,2050,3,4,4,-0.9656999999999999
51653,SI_Coal,2050,3,5,5,-0.9656999999999999
51654,SI_Coal,2050,3,6,6,0.0
51655,SI_Coal,2050,3,7,7,-0.9656999999999999
51656,SI_Coal,2050,3,8,8,-0.9656999999999999
51657,SI_Coal,2050,3,9,9,-0.9656999999999999
51658,SI_Coal,2050,3,10,10,-0.9656999999999999
51659,SI_Coal,2050,3,11,11,-0.9656999999999999
51660,SI_Coal,2050,3,12,12,-0.9656999999999999
51661,SI_Coal,2050,3,13,13,-0.9656999999999999
51662,SI_Coal,2050,3,14,14,-0.9656999999999999
51663,SI_Coal,2050,3,15,15,-0.9656999999999999
51664,SI_Coal,2050,3,16,16,-0.9656999999999999
51665,SI_Coal,2050,3,17,17,-12.715765705666337
51666,SI_Coal,2050,3,18,18,-24.228231411332672
51667,SI_Coal,2050,3,19,19,-12.715765705666337
51668,SI_Coal,2050,3,20,20,-12.715765705666337
51669,SI_Coal,2050,3,21,21,-0.9656999999999999
51670,SI_Coal,2050,3,22,22,-0.9656999999999999
51671,SI_Coal,2050,3,23,23,-0.9656999999999999
51672,SI_Coal,2050,3,24,24,-0.9656999999999999
51673,SI_Coal,2050,4,1,1,0.0
51674,SI_Coal,2050,4,2,2,0.0
51675,SI_Coal,2050,4,3,3,0.0
51676,SI_Coal,2050,4,4,4,0.0
51677,SI_Coal,2050,4,5,5,0.0
51678,SI_Coal,2050,4,6,6,0.0
51679,SI_Coal,2050,4,7,7,0.0
51680,SI_Coal,2050,4,8,8,0.0
51681,SI_Coal,2050,4,9,9,0.0
51682,SI_Coal,2050,4,10,10,0.0
51683,SI_Coal,2050,4,11,11,0.0
51684,SI_Coal,2050,4,12,12,0.0
51685,SI_Coal,2050,4,13,13,0.0
51686,SI_Coal,2050,4,14,14,0.0
51687,SI_Coal,2050,4,15,15,0.0
51688,SI_Coal,2050,4,16,16,0.0
51689,SI_Coal,2050,4,17,17,0.0
51690,SI_Coal,2050,4,18,18,0.0
51691,SI_Coal,2050,4,19,19,0.0
51692,SI_Coal,2050,4,20,20,0.0
51693,SI_Coal,2050,4,21,21,0.0
51694,SI_Coal,2050,4,22,22,0.0
51695,SI_Coal,2050,4,23,23,0.0
51696,SI_Coal,2050,4,24,24,0.0
51697,SI_Coal,2050,5,1,1,0.0
51698,SI_Coal,2050,5,2,2,0.0
51699,SI_Coal,2050,5,3,3,0.0
51700,SI_Coal,2050,5,4,4,0.0
51701,SI_Coal,2050,5,5,5,0.0
51702,SI_Coal,2050,5,6,6,0.0
51703,SI_Coal,2050,5,7,7,0.0
51704,SI_Coal,2050,5,8,8,0.0
51705,SI_Coal,2050,5,9,9,0.0
51706,SI_Coal,2050,5,10,10,0.0
51707,SI_Coal,2050,5,11,11,0.0
51708,SI_Coal,2050,5,12,12,0.0
51709,SI_Coal,2050,5,13,13,0.0
51710,SI_Coal,2050,5,14,14,0.0
51711,SI_Coal,2050,5,15,15,0.0
51712,SI_Coal,2050,5,16,16,0.0
51713,SI_Coal,2050,5,17,17,0.0
51714,SI_Coal,2050,5,18,18,0.0
51715,SI_Coal,2050,5,19,19,0.0
51716,SI_Coal,2050,5,20,20,0.0
51717,SI_Coal,2050,5,21,21,0.0
51718,SI_Coal,2050,5,22,22,0.0
51719,SI_Coal,2050,5,23,23,0.0
51720,SI_Coal,2050,5,24,24,0.0
51721,SI_Coal,2050,6,1,1,0.0
51722,SI_Coal,2050,6,2,2,0.0
51723,SI_Coal,2050,6,3,3,0.0
51724,SI_Coal,2050,6,4,4,0.0
51725,SI_Coal,2050,6,5,5,0.0
51726,SI_Coal,2050,6,6,6,0.0
51727,SI_Coal,2050,6,7,7,0.0
51728,SI_Coal,2050,6,8,8,0.0
51729,SI_Coal,2050,6,9,9,0.0
51730,SI_Coal,2050,6,10,10,0.0
51731,SI_Coal,2050,6,11,11,0.0
51732,SI_Coal,2050,6,12,12,0.0
51733,SI_Coal,2050,6,13,13,0.0
51734,SI_Coal,2050,6,14,14,0.0
51735,SI_Coal,2050,6,15,15,0.0
51736,SI_Coal,2050,6,16,16,0.0
51737,SI_Coal,2050,6,17,17,0.0
51738,SI_Coal,2050,6,18,18,0.0
51739,SI_Coal,2050,6,19,19,0.0
51740,SI_Coal,2050,6,20,20,0.0
51741,SI_Coal,2050,6,21,21,0.0
51742,SI_Coal,2050,6,22,22,0.0
51743,SI_Coal,2050,6,23,23,0.0
51744,SI_Coal,2050,6,24,24,0.0
51745,SI_Coal,2050,7,1,1,0.0
51746,SI_Coal,2050,7,2,2,0.0
51747,SI_Coal,2050,7,3,3,0.0
51748,SI_Coal,2050,7,4,4,0.0
51749,SI_Coal,2050,7,5,5,0.0
51750,SI_Coal,2050,7,6,6,0.0
51751,SI_Coal,2050,7,7,7,0.0
51752,SI_Coal,2050,7,8,8,0.0
51753,SI_Coal,2050,7,9,9,0.0
51754,SI_Coal,2050,7,10,10,0.0
51755,SI_Coal,2050,7,11,11,0.0
51756,SI_Coal,2050,7,12,12,0.0
51757,SI_Coal,2050,7,13,13,0.0
51758,SI_Coal,2050,7,14,14,0.0
51759,SI_Coal,2050,7,15,15,0.0
51760,SI_Coal,2050,7,16,16,0.0
51761,SI_Coal,2050,7,17,17,0.0
51762,SI_Coal,2050,7,18,18,0.0
51763,SI_Coal,2050,7,19,19,0.0
51764,SI_Coal,2050,7,20,20,0.0
51765,SI_Coal,2050,7,21,21,0.0
51766,SI_Coal,2050,7,22,22,0.0
51767,SI_Coal,2050,7,23,23,0.0
51768,SI_Coal,2050,7,24,24,0.0
51769,SI_Coal,2050,8,1,1,0.0
51770,SI_Coal,2050,8,2,2,0.0
51771,SI_Coal,2050,8,3,3,0.0
51772,SI_Coal,2050,8,4,4,0.0
51773,SI_Coal,2050,8,5,5,0.0
51774,SI_Coal,2050,8,6,6,0.0
51775,SI_Coal,2050,8,7,7,0.0
51776,SI_Coal,2050,8,8,8,0.0
51777,SI_Coal,2050,8,9,9,0.0
51778,SI_Coal,2050,8,10,10,0.0
51779,SI_Coal,2050,8,11,11,0.0
51780,SI_Coal,2050,8,12,12,0.0
51781,SI_Coal,2050,8,13,13,0.0
51782,SI_Coal,2050,8,14,14,0.0
51783,SI_Coal,2050,8,15,15,0.0
51784,SI_Coal,2050,8,16,16,0.0
51785,SI_Coal,2050,8,17,17,0.0
51786,SI_Coal,2050,8,18,18,0.0
51787,SI_Coal,2050,8,19,19,0.0
51788,SI_Coal,2050,8,20,20,0.0
51789,SI_Coal,2050,8,21,21,0.0
51790,SI_Coal,2050,8,22,22,0.0
51791,SI_Coal,2050,8,23,23,0.0
51792,SI_Coal,2050,8,24,24,0.0
51793,SI_Coal,2050,9,1,1,0.0
51794,SI_Coal,2050,9,2,2,0.0
51795,SI_Coal,2050,9,3,3,0.0
51796,SI_Coal,2050,9,4,4,0.0
51797,SI_Coal,2050,9,5,5,0.0
51798,SI_Coal,2050,9,6,6,0.0
51799,SI_Coal,2050,9,7,7,0.0
51800,SI_Coal,2050,9,8,8,0.0
51801,SI_Coal,2050,9,9,9,0.0
51802,SI_Coal,2050,9,10,10,0.0
51803,SI_Coal,2050,9,11,11,0.0
51804,SI_Coal,2050,9,12,12,0.0
51805,SI_Coal,2050,9,13,13,0.0
51806,SI_Coal,2050,9,14,14,0.0
51807,SI_Coal,2050,9,15,15,0.0
51808,SI_Coal,2050,9,16,16,0.0
51809,SI_Coal,2050,9,17,17,0.0
51810,SI_Coal,2050,9,18,18,0.0
51811,SI_Coal,2050,9,19,19,0.0
51812,SI_Coal,2050,9,20,20,0.0
51813,SI_Coal,2050,9,21,21,0.0
51814,SI_Coal,2050,9,22,22,0.0
51815,SI_Coal,2050,9,23,23,0.0
51816,SI_Coal,2050,9,24,24,0.0
51817,SI_Coal,2050,10,1,1,0.0
51818,SI_Coal,2050,10,2,2,0.0
51819,SI_Coal,2050,10,3,3,0.0
51820,SI_Coal,2050,10,4,4,0.0
51821,SI_Coal,2050,10,5,5,0.0
51822,SI_Coal,2050,10,6,6,0.0
51823,SI_Coal,2050,10,7,7,0.0
51824,SI_Coal,2050,10,8,8,0.0
51825,SI_Coal,2050,10,9,9,0.0
51826,SI_Coal,2050,10,10,10,0.0
51827,SI_Coal,2050,10,11,11,0.0
51828,SI_Coal,2050,10,12,12,0.0
51829,SI_Coal,2050,10,13,13,0.0
51830,SI_Coal,2050,10,14,14,0.0
51831,SI_Coal,2050,10,15,15,0.0
51832,SI_Coal,2050,10,16,16,0.0
51833,SI_Coal,2050,10,17,17,0.0
51834,SI_Coal,2050,10,18,18,0.0
51835,SI_Coal,2050,10,19,19,0.0
51836,SI_Coal,2050,10,20,20,0.0
51837,SI_Coal,2050,10,21,21,0.0
51838,SI_Coal,2050,10,22,22,0.0
51839,SI_Coal,2050,10,23,23,0.0
51840,SI_Coal,2050,10,24,24,0.0
51841,SI_Nuclear,2050,1,1,1,-0.49290000000000006
51842,SI_Nuclear,2050,1,2,2,-0.49290000000000006
51843,SI_Nuclear,2050,1,3,3,-0.49290000000000006
51844,SI_Nuclear,2050,1,4,4,-0.49290000000000006
51845,SI_Nuclear,2050,1,5,5,-0.49290000000000006
51846,SI_Nuclear,2050,1,6,6,-0.49290000000000006
51847,SI_Nuclear,2050,1,7,7,-0.49290000000000006
51848,SI_Nuclear,2050,1,8,8,-0.49290000000000006
51849,SI_Nuclear,2050,1,9,9,-0.49290000000000006
51850,SI_Nuclear,2050,1,10,10,-0.49290000000000006
51851,SI_Nuclear,2050,1,11,11,-0.49290000000000006
51852,SI_Nuclear,2050,1,12,12,-0.49290000000000006
51853,SI_Nuclear,2050,1,13,13,-0.49290000000000006
51854,SI_Nuclear,2050,1,14,14,-0.49290000000000006
51855,SI_Nuclear,2050,1,15,15,-0.49290000000000006
51856,SI_Nuclear,2050,1,16,16,-0.49290000000000006
51857,SI_Nuclear,2050,1,17,17,-0.49290000000000006
51858,SI_Nuclear,2050,1,18,18,-0.49290000000000006
51859,SI_Nuclear,2050,1,19,19,-0.49290000000000006
51860,SI_Nuclear,2050,1,20,20,-0.49290000000000006
51861,SI_Nuclear,2050,1,21,21,-0.49290000000000006
51862,SI_Nuclear,2050,1,22,22,-0.49290000000000006
51863,SI_Nuclear,2050,1,23,23,-0.49290000000000006
51864,SI_Nuclear,2050,1,24,24,-0.49290000000000006
51865,SI_Nuclear,2050,2,1,1,0.0
51866,SI_Nuclear,2050,2,2,2,0.0
51867,SI_Nuclear,2050,2,3,3,0.0
51868,SI_Nuclear,2050,2,4,4,0.0
51869,SI_Nuclear,2050,2,5,5,0.0
51870,SI_Nuclear,2050,2,6,6,0.0
51871,SI_Nuclear,2050,2,7,7,0.0
51872,SI_Nuclear,2050,2,8,8,0.0
51873,SI_Nuclear,2050,2,9,9,0.0
51874,SI_Nuclear,2050,2,10,10,0.0
51875,SI_Nuclear,2050,2,11,11,0.0
51876,SI_Nuclear,2050,2,12,12,0.0
51877,SI_Nuclear,2050,2,13,13,0.0
51878,SI_Nuclear,2050,2,14,14,0.0
51879,SI_Nuclear,2050,2,15,15,0.0
51880,SI_Nuclear,2050,2,16,16,0.0
51881,SI_Nuclear,2050,2,17,17,0.0
51882,SI_Nuclear,2050,2,18,18,0.0
51883,SI_Nuclear,2050,2,19,19,0.0
51884,SI_Nuclear,2050,2,20,20,0.0
51885,SI_Nuclear,2050,2,21,21,0.0
51886,SI_Nuclear,2050,2,22,22,0.0
51887,SI_Nuclear,2050,2,23,23,0.0
51888,SI_Nuclear,2050,2,24,24,0.0
51889,SI_Nuclear,2050,3,1,1,-1.2353999999999998
51890,SI_Nuclear,2050,3,2,2,-1.2353999999999998
51891,SI_Nuclear,2050,3,3,3,-1.2353999999999998
51892,SI_Nuclear,2050,3,4,4,-1.2353999999999998
51893,SI_Nuclear,2050,3,5,5,-1.2353999999999998
51894,SI_Nuclear,2050,3,6,6,-0.2697
51895,SI_Nuclear,2050,3,7,7,-1.2353999999999998
51896,SI_Nuclear,2050,3,8,8,-1.2353999999999998
51897,SI_Nuclear,2050,3,9,9,-1.2353999999999998
51898,SI_Nuclear,2050,3,10,10,-1.2353999999999998
51899,SI_Nuclear,2050,3,11,11,-1.2353999999999998
51900,SI_Nuclear,2050,3,12,12,-1.2353999999999998
51901,SI_Nuclear,2050,3,13,13,-1.2353999999999998
51902,SI_Nuclear,2050,3,14,14,-1.2353999999999998
51903,SI_Nuclear,2050,3,15,15,-1.2353999999999998
51904,SI_Nuclear,2050,3,16,16,-1.2353999999999998
51905,SI_Nuclear,2050,3,17,17,-12.985465705666336
51906,SI_Nuclear,2050,3,18,18,-24.497931411332672
51907,SI_Nuclear,2050,3,19,19,-12.985465705666336
51908,SI_Nuclear,2050,3,20,20,-12.985465705666336
51909,SI_Nuclear,2050,3,21,21,-1.2353999999999998
51910,SI_Nuclear,2050,3,22,22,-1.2353999999999998
51911,SI_Nuclear,2050,3,23,23,-1.2353999999999998
51912,SI_Nuclear,2050,3,24,24,-1.2353999999999998
51913,SI_Nuclear,2050,4,1,1,-0.21390000000000003
51914,SI_Nuclear,2050,4,2,2,0.0
51915,SI_Nuclear,2050,4,3,3,0.0
51916,SI_Nuclear,2050,4,4,4,0.0
51917,SI_Nuclear,2050,4,5,5,0.0
51918,SI_Nuclear,2050,4,6,6,0.0
51919,SI_Nuclear,2050,4,7,7,-0.21390000000000003
51920,SI_Nuclear,2050,4,8,8,-0.21390000000000003
51921,SI_Nuclear,2050,4,9,9,-0.21390000000000003
51922,SI_Nuclear,2050,4,10,10,-0.21390000000000003
51923,SI_Nuclear,2050,4,11,11,-0.21390000000000003
51924,SI_Nuclear,2050,4,12,12,-0.21390000000000003
51925,SI_Nuclear,2050,4,13,13,-0.21390000000000003
51926,SI_Nuclear,2050,4,14,14,-0.21390000000000003
51927,SI_Nuclear,2050,4,15,15,-0.21390000000000003
51928,SI_Nuclear,2050,4,16,16,-0.21390000000000003
51929,SI_Nuclear,2050,4,17,17,-0.21390000000000003
51930,SI_Nuclear,2050,4,18,18,-0.21390000000000003
51931,SI_Nuclear,2050,4,19,19,-0.21390000000000003
51932,SI_Nuclear,2050,4,20,20,-0.21390000000000003
51933,SI_Nuclear,2050,4,21,21,-0.21390000000000003
51934,SI_Nuclear,2050,4,22,22,-0.21390000000000003
51935,SI_Nuclear,2050,4,23,23,-0.21390000000000003
51936,SI_Nuclear,2050,4,24,24,-0.21390000000000003
51937,SI_Nuclear,2050,5,1,1,0.0
51938,SI_Nuclear,2050,5,2,2,0.0
51939,SI_Nuclear,2050,5,3,3,0.0
51940,SI_Nuclear,2050,5,4,4,0.0
51941,SI_Nuclear,2050,5,5,5,0.0
51942,SI_Nuclear,2050,5,6,6,0.0
51943,SI_Nuclear,2050,5,7,7,-0.48360000000000003
51944,SI_Nuclear,2050,5,8,8,-0.48360000000000003
51945,SI_Nuclear,2050,5,9,9,-0.48360000000000003
51946,SI_Nuclear,2050,5,10,10,-0.48360000000000003
51947,SI_Nuclear,2050,5,11,11,-0.48360000000000003
51948,SI_Nuclear,2050,5,12,12,-0.48360000000000003
51949,SI_Nuclear,2050,5,13,13,-0.48360000000000003
51950,SI_Nuclear,2050,5,14,14,-0.48360000000000003
51951,SI_Nuclear,2050,5,15,15,-0.48360000000000003
51952,SI_Nuclear,2050,5,16,16,-0.48360000000000003
51953,SE_Solar,2050,1,1,1,-0.9381
51954,SE_Solar,2050,1,2,2,-0.9381
51955,SE_Solar,2050,1,3,3,-1.749
51956,SE_Solar,2050,1,4,4,-1.749
51957,SE_Solar,2050,1,5,5,-1.749
51958,SE_Solar,2050,1,6,6,-1.749
51959,SE_Solar,2050,1,7,7,-2.703
51960,SE_Solar,2050,1,8,8,-2.703
51961,SE_Solar,2050,1,9,9,-2.703
51962,SE_Solar,2050,1,10,10,-2.703
51963,SE_Solar,2050,1,11,11,-2.703
51964,SE_Solar,2050,1,12,12,-2.703
51965,SE_Solar,2050,1,13,13,-2.703
51966,SE_Solar,2050,1,14,14,-2.703
51967,SE_Solar,2050,1,15,15,-2.703
51968,SE_Solar,2050,1,16,16,-2.703
51969,SE_Solar,2050,1,17,17,-2.703
51970,SE_Solar,2050,1,18,18,-9.274765705666338
51971,SE_Solar,2050,1,19,19,-22.670931411332674
51972,SE_Solar,2050,1,20,20,-2.703
51973,SE_Solar,2050,1,21,21,-1.749
51974,SE_Solar,2050,1,22,22,-1.749
51975,SE_Solar,2050,1,23,23,-1.749
51976,SE_Solar,2050,1,24,24,-1.749
51977,SE_Solar,2050,2,1,1,0.0
51978,SE_Solar,2050,2,2,2,0.0
51979,SE_Solar,2050,2,3,3,0.0
51980,SE_Solar,2050,2,4,4,0.0
51981,SE_Solar,2050,2,5,5,0.0
51982,SE_Solar,2050,2,6,6,0.0
51983,SE_Solar,2050,2,7,7,0.0
51984,SE_Solar,2050,2,8,8,0.0
51985,SE_Solar,2050,2,9,9,0.0
51986,SE_Solar,2050,2,10,10,-0.5841000000000001
51987,SE_Solar,2050,2,11,11,-0.5841000000000001
51988,SE_Solar,2050,2,12,12,-0.5841000000000001
51989,SE_Solar,2050,2,13,13,-0.5841000000000001
51990,SE_Solar,2050,2,14,14,-0.5841000000000001
51991,SE_Solar,2050,2,15,15,-0.5841000000000001
51992,SE_Solar,2050,2,16,16,-0.5841000000000001
51993,SE_Solar,2050,2,17,17,-0.5841000000000001
51994,SE_Solar,2050,2,18,18,-0.5841000000000001
51995,SE_Solar,2050,2,19,19,-0.5841000000000001
51996,SE_Solar,2050,2,20,20,0.0
51997,SE_Solar,2050,2,21,21,0.0
51998,SE_Solar,2050,2,22,22,0.0
51999,SE_Solar,2050,2,23,23,0.0
52000,SE_Solar,2050,2,24,24,0.0
52001,SE_Solar,2050,3,1,1,0.0
52002,SE_Solar,2050,3,2,2,0.0
52003,SE_Solar,2050,3,3,3,0.0
52004,SE_Solar,2050,3,4,4,0.0
52005,SE_Solar,2050,3,5,5,0.0
52006,SE_Solar,2050,3,6,6,0.0
52007,SE_Solar,2050,3,7,7,0.0
52008,SE_Solar,2050,3,8,8,0.0
52009,SE_Solar,2050,3,9,9,0.0
52010,SE_Solar,2050,3,10,10,0.0
52011,SE_Solar,2050,3,11,11,0.0
52012,SE_Solar,2050,3,12,12,0.0
52013,SE_Solar,2050,3,13,13,0.0
52014,SE_Solar,2050,3,14,14,0.0
52015,SE_Solar,2050,3,15,15,0.0
52016,SE_Solar,2050,3,16,16,0.0
52017,SE_Solar,2050,3,17,17,0.0
52018,SE_Solar,2050,3,18,18,0.0
52019,SE_Solar,2050,3,19,19,0.0
52020,SE_Solar,2050,3,20,20,0.0
52021,SE_Solar,2050,3,21,21,0.0
52022,SE_Solar,2050,3,22,22,0.0
52023,SE_Solar,2050,3,23,23,0.0
52024,SE_Solar,2050,3,24,24,0.0
52025,SE_Solar,2050,4,1,1,0.0
52026,SE_Solar,2050,4,2,2,0.0
52027,SE_Solar,2050,4,3,3,0.0
52028,SE_Solar,2050,4,4,4,0.0
52029,SE_Solar,2050,4,5,5,0.0
52030,SE_Solar,2050,4,6,6,-0.4071
52031,SE_Solar,2050,4,7,7,-0.4071
52032,SE_Solar,2050,4,8,8,-0.4071
52033,SE_Solar,2050,4,9,9,-0.4071
52034,SE_Solar,2050,4,10,10,-0.4071
52035,SE_Solar,2050,4,11,11,-0.4071
52036,SE_Solar,2050,4,12,12,-0.4071
52037,SE_Solar,2050,4,13,13,-0.4071
52038,SE_Solar,2050,4,14,14,-0.4071
52039,SE_Solar,2050,4,15,15,-0.4071
52040,SE_Solar,2050,4,16,16,-0.4071
52041,SE_Solar,2050,4,17,17,-0.759
52042,SE_Solar,2050,4,18,18,-0.759
52043,SE_Solar,2050,4,19,19,-0.4071
52044,SE_Solar,2050,4,20,20,-0.4071
52045,SE_Solar,2050,4,21,21,0.0
52046,SE_Solar,2050,4,22,22,0.0
52047,SE_Solar,2050,4,23,23,0.0
52048,SE_Solar,2050,4,24,24,0.0
52049,SE_Solar,2050,5,1,1,0.0
52050,SE_Solar,2050,5,2,2,0.0
52051,SE_Solar,2050,5,3,3,0.0
52052,SE_Solar,2050,5,4,4,0.0
52053,SE_Solar,2050,5,5,5,0.0
52054,SE_Solar,2050,5,6,6,0.0
52055,SE_Solar,2050,5,7,7,0.0
52056,SE_Solar,2050,5,8,8,0.0
52057,SE_Solar,2050,5,9,9,0.0
52058,SE_Solar,2050,5,10,10,0.0
52059,SE_Solar,2050,5,11,11,0.0
52060,SE_Solar,2050,5,12,12,0.0
52061,SE_Solar,2050,5,13,13,0.0
52062,SE_Solar,2050,5,14,14,0.0
52063,SE_Solar,2050,5,15,15,0.0
52064,SE_Solar,2050,5,16,16,0.0
52065,SE_Solar,2050,5,17,17,0.0
52066,SE_Solar,2050,5,18,18,0.0
52067,SE_Solar,2050,5,19,19,0.0
52068,SE_Solar,2050,5,20,20,0.0
52069,SE_Solar,2050,5,21,21,0.0
52070,SE_Solar,2050,5,22,22,0.0
52071,SE_Solar,2050,5,23,23,0.0
52072,SE_Solar,2050,5,24,24,0.0
52073,SE_Solar,2050,6,1,1,-0.3186
52074,SE_Solar,2050,6,2,2,-0.3186
52075,SE_Solar,2050,6,3,3,-0.3186
52076,SE_Solar,2050,6,4,4,-0.3186
52077,SE_Solar,2050,6,5,5,-0.3186
52078,SE_Solar,2050,6,6,6,-0.5940000000000001
52079,SE_Solar,2050,6,7,7,-0.5940000000000001
52080,SE_Solar,2050,6,8,8,-0.5940000000000001
52081,SE_Solar,2050,6,9,9,-0.5940000000000001
52082,SE_Solar,2050,6,10,10,-0.3186
52083,SE_Solar,2050,6,11,11,-0.3186
52084,SE_Solar,2050,6,12,12,-0.3186
52085,SE_Solar,2050,6,13,13,-0.3186
52086,SE_Solar,2050,6,14,14,-0.3186
52087,SE_Solar,2050,6,15,15,-0.3186
52088,SE_Solar,2050,6,16,16,-0.3186
52089,SE_Solar,2050,6,17,17,-0.5940000000000001
52090,SE_Solar,2050,6,18,18,-0.5940000000000001
52091,SE_Solar,2050,6,19,19,-0.9179999999999999
52092,SE_Solar,2050,6,20,20,-0.9179999999999999
52093,SE_Solar,2050,6,21,21,-0.5940000000000001
52094,SE_Solar,2050,6,22,22,-0.5940000000000001
52095,SE_Solar,2050,6,23,23,-0.3186
52096,SE_Solar,2050,6,24,24,-0.3186
52097,SE_Solar,2050,7,1,1,0.0
52098,SE_Solar,2050,7,2,2,0.0
52099,SE_Solar,2050,7,3,3,0.0
52100,SE_Solar,2050,7,4,4,0.0
52101,SE_Solar,2050,7,5,5,0.0
52102,SE_Solar,2050,7,6,6,0.0
52103,SE_Solar,2050,7,7,7,0.0
52104,SE_Solar,2050,7,8,8,0.0
52105,SE_Solar,2050,7,9,9,0.0
52106,SE_Solar,2050,7,10,10,0.0
52107,SE_Solar,2050,7,11,11,0.0
52108,SE_Solar,2050,7,12,12,0.0
52109,SE_Solar,2050,7,13,13,0.0
52110,SE_Solar,2050,7,14,14,0.0
52111,SE_Solar,2050,7,15,15,0.0
52112,SE_Solar,2050,7,16,16,0.0
52113,SE_Solar,2050,7,17,17,0.0
52114,SE_Solar,2050,7,18,18,0.0
52115,SE_Solar,2050,7,19,19,0.0
52116,SE_Solar,2050,7,20,20,0.0
52117,SE_Solar,2050,7,21,21,0.0
52118,SE_Solar,2050,7,22,22,0.0
52119,SE_Solar,2050,7,23,23,0.0
52120,SE_Solar,2050,7,24,24,0.0
52121,SE_Solar,2050,8,1,1,0.0
52122,SE_Solar,2050,8,2,2,0.0
52123,SE_Solar,2050,8,3,3,0.0
52124,SE_Solar,2050,8,4,4,0.0
52125,SE_Solar,2050,8,5,5,0.0
52126,SE_Solar,2050,8,6,6,-0.5487
52127,SE_Solar,2050,8,7,7,-0.5487
52128,SE_Solar,2050,8,8,8,-0.5487
52129,SE_Solar,2050,8,9,9,-0.5487
52130,SE_Solar,2050,8,10,10,0.0
52131,SE_Solar,2050,8,11,11,0.0
52132,SE_Solar,2050,8,12,12,0.0
52133,SE_Solar,2050,8,13,13,0.0
52134,SE_Solar,2050,8,14,14,0.0
52135,SE_Solar,2050,8,15,15,0.0
52136,SE_Solar,2050,8,16,16,0.0
52137,SE_Solar,2050,8,17,17,0.0
52138,SE_Solar,2050,8,18,18,0.0
52139,SE_Solar,2050,8,19,19,0.0
52140,SE_Solar,2050,8,20,20,0.0
52141,SE_Solar,2050,8,21,21,0.0
52142,SE_Solar,2050,8,22,22,0.0
52143,SE_Solar,2050,8,23,23,0.0
52144,SE_Solar,2050,8,24,24,0.0
52145,SE_Solar,2050,9,1,1,0.0
52146,SE_Solar,2050,9,2,2,0.0
52147,SE_Solar,2050,9,3,3,0.0
52148,SE_Solar,2050,9,4,4,-0.7611
52149,SE_Solar,2050,9,5,5,-0.7611
52150,SE_Solar,2050,9,6,6,-0.7611
52151,SE_Solar,2050,9,7,7,-0.7611
52152,SE_Solar,2050,9,8,8,-0.7611
52153,SE_Solar,2050,9,9,9,-0.7611
52154,SE_Solar,2050,9,10,10,-0.7611
52155,SE_Solar,2050,9,11,11,-0.7611
52156,SE_Solar,2050,9,12,12,-0.7611
52157,SE_Solar,2050,9,13,13,-0.7611
52158,SE_Solar,2050,9,14,14,-0.7611
52159,SE_Solar,2050,9,15,15,-0.7611
52160,SE_Solar,2050,9,16,16,-0.7611
52161,SE_Solar,2050,9,17,17,-0.7611
52162,SE_Solar,2050,9,18,18,-0.7611
52163,SE_Solar,2050,9,19,19,-0.7611
52164,SE_Solar,2050,9,20,20,-0.7611
52165,SE_Solar,2050,9,21,21,0.0
52166,SE_Solar,2050,9,22,22,0.0
52167,SE_Solar,2050,9,23,23,0.0
52168,SE_Solar,2050,9,24,24,0.0
52169,SE_Solar,2050,10,1,1,-0.8142
52170,SE_Solar,2050,10,2,2,-0.8142
52171,SE_Solar,2050,10,3,3,-0.8142
52172,SE_Solar,2050,10,4,4,-0.8142
52173,SE_Solar,2050,10,5,5,-0.8142
52174,SE_Solar,2050,10,6,6,-1.518
52175,SE_Solar,2050,10,7,7,-1.518
52176,SE_Solar,2050,10,8,8,-1.518
52177,SE_Solar,2050,10,9,9,-1.518
52178,SE_Solar,2050,10,10,10,-1.518
52179,SE_Solar,2050,10,11,11,-1.518
52180,SE_Solar,2050,10,12,12,-1.518
52181,SE_Solar,2050,10,13,13,-1.518
52182,SE_Solar,2050,10,14,14,-1.518
52183,SE_Solar,2050,10,15,15,-1.518
52184,SE_Solar,2050,10,16,16,-2.3459999999999996
52185,SE_Solar,2050,10,17,17,-2.3459999999999996
52186,SE_Solar,2050,10,18,18,-1.518
52187,SE_Solar,2050,10,19,19,-1.518
52188,SE_Solar,2050,10,20,20,-1.518
52189,SE_Solar,2050,10,21,21,-1.518
52190,SE_Solar,2050,10,22,22,-0.8142
52191,SE_Solar,2050,10,23,23,-0.8142
52192,SE_Solar,2050,10,24,24,-0.8142
52193,SE_Wind_Offshore,2050,1,1,1,-0.9381
52194,SE_Wind_Offshore,2050,1,2,2,-0.9381
52195,SE_Wind_Offshore,2050,1,3,3,-1.749
52196,SE_Wind_Offshore,2050,1,4,4,-1.749
52197,SE_Wind_Offshore,2050,1,5,5,-1.749
52198,SE_Wind_Offshore,2050,1,6,6,-1.749
52199,SE_Wind_Offshore,2050,1,7,7,-2.703
52200,SE_Wind_Offshore,2050,1,8,8,-2.703
52201,SE_Wind_Offshore,2050,1,9,9,-2.703
52202,SE_Wind_Offshore,2050,1,10,10,-2.703
52203,SE_Wind_Offshore,2050,1,11,11,-2.703
52204,SE_Wind_Offshore,2050,1,12,12,-2.703
52205,SE_Wind_Offshore,2050,1,13,13,-2.703
52206,SE_Wind_Offshore,2050,1,14,14,-2.703
52207,SE_Wind_Offshore,2050,1,15,15,-2.703
52208,SE_Wind_Offshore,2050,1,16,16,-2.703
52209,SE_Wind_Offshore,2050,1,17,17,-2.703
52210,SE_Wind_Offshore,2050,1,18,18,-9.274765705666338
52211,SE_Wind_Offshore,2050,1,19,19,-22.670931411332674
52212,SE_Wind_Offshore,2050,1,20,20,-2.703
52213,SE_Wind_Offshore,2050,1,21,21,-1.749
52214,SE_Wind_Offshore,2050,1,22,22,-1.749
52215,SE_Wind_Offshore,2050,1,23,23,-1.749
52216,SE_Wind_Offshore,2050,1,24,24,-1.749
52217,SE_Wind_Offshore,2050,2,1,1,0.0
52218,SE_Wind_Offshore,2050,2,2,2,0.0
52219,SE_Wind_Offshore,2050,2,3,3,0.0
52220,SE_Wind_Offshore,2050,2,4,4,0.0
52221,SE_Wind_Offshore,2050,2,5,5,0.0
52222,SE_Wind_Offshore,2050,2,6,6,0.0
52223,SE_Wind_Offshore,2050,2,7,7,0.0
52224,SE_Wind_Offshore,2050,2,8,8,0.0
52225,SE_Wind_Offshore,2050,2,9,9,0.0
52226,SE_Wind_Offshore,2050,2,10,10,-0.5841000000000001
52227,SE_Wind_Offshore,2050,2,11,11,-0.5841000000000001
52228,SE_Wind_Offshore,2050,2,12,12,-0.5841000000000001
52229,SE_Wind_Offshore,2050,2,13,13,-0.5841000000000001
52230,SE_Wind_Offshore,2050,2,14,14,-0.5841000000000001
52231,SE_Wind_Offshore,2050,2,15,15,-0.5841000000000001
52232,SE_Wind_Offshore,2050,2,16,16,-0.5841000000000001
52233,SE_Wind_Offshore,2050,2,17,17,-0.5841000000000001
52234,SE_Wind_Offshore,2050,2,18,18,-0.5841000000000001
52235,SE_Wind_Offshore,2050,2,19,19,-0.5841000000000001
52236,SE_Wind_Offshore,2050,2,20,20,0.0
52237,SE_Wind_Offshore,2050,2,21,21,0.0
52238,SE_Wind_Offshore,2050,2,22,22,0.0
52239,SE_Wind_Offshore,2050,2,23,23,0.0
52240,SE_Wind_Offshore,2050,2,24,24,0.0
52241,SE_Wind_Offshore,2050,3,1,1,0.0
52242,SE_Wind_Offshore,2050,3,2,2,0.0
52243,SE_Wind_Offshore,2050,3,3,3,0.0
52244,SE_Wind_Offshore,2050,3,4,4,0.0
52245,SE_Wind_Offshore,2050,3,5,5,0.0
52246,SE_Wind_Offshore,2050,3,6,6,0.0
52247,SE_Wind_Offshore,2050,3,7,7,0.0
52248,SE_Wind_Offshore,2050,3,8,8,0.0
52249,SE_Wind_Offshore,2050,3,9,9,0.0
52250,SE_Wind_Offshore,2050,3,10,10,0.0
52251,SE_Wind_Offshore,2050,3,11,11,0.0
52252,SE_Wind_Offshore,2050,3,12,12,0.0
52253,SE_Wind_Offshore,2050,3,13,13,0.0
52254,SE_Wind_Offshore,2050,3,14,14,0.0
52255,SE_Wind_Offshore,2050,3,15,15,0.0
52256,SE_Wind_Offshore,2050,3,16,16,0.0
52257,SE_Wind_Offshore,2050,3,17,17,0.0
52258,SE_Wind_Offshore,2050,3,18,18,0.0
52259,SE_Wind_Offshore,2050,3,19,19,0.0
52260,SE_Wind_Offshore,2050,3,20,20,0.0
52261,SE_Wind_Offshore,2050,3,21,21,0.0
52262,SE_Wind_Offshore,2050,3,22,22,0.0
52263,SE_Wind_Offshore,2050,3,23,23,0.0
52264,SE_Wind_Offshore,2050,3,24,24,0.0
52265,SE_Wind_Offshore,2050,4,1,1,0.0
52266,SE_Wind_Offshore,2050,4,2,2,0.0
52267,SE_Wind_Offshore,2050,4,3,3,0.0
52268,SE_Wind_Offshore,2050,4,4,4,0.0
52269,SE_Wind_Offshore,2050,4,5,5,0.0
52270,SE_Wind_Offshore,2050,4,6,6,-0.4071
52271,SE_Wind_Offshore,2050,4,7,7,-0.4071
52272,SE_Wind_Offshore,2050,4,8,8,-0.4071
52273,SE_Wind_Offshore,2050,4,9,9,-0.4071
52274,SE_Wind_Offshore,2050,4,10,10,-0.4071
52275,SE_Wind_Offshore,2050,4,11,11,-0.4071
52276,SE_Wind_Offshore,2050,4,12,12,-0.4071
52277,SE_Wind_Offshore,2050,4,13,13,-0.4071
52278,SE_Wind_Offshore,2050,4,14,14,-0.4071
52279,SE_Wind_Offshore,2050,4,15,15,-0.4071
52280,SE_Wind_Offshore,2050,4,16,16,-0.4071
52281,SE_Wind_Offshore,2050,4,17,17,-0.759
52282,SE_Wind_Offshore,2050,4,18,18,-0.759
52283,SE_Wind_Offshore,2050,4,19,19,-0.4071
52284,SE_Wind_Offshore,2050,4,20,20,-0.4071
52285,SE_Wind_Offshore,2050,4,21,21,0.0
52286,SE_Wind_Offshore,2050,4,22,22,0.0
52287,SE_Wind_Offshore,2050,4,23,23,0.0
52288,SE_Wind_Offshore,2050,4,24,24,0.0
52289,SE_Wind_Offshore,2050,5,1,1,0.0
52290,SE_Wind_Offshore,2050,5,2,2,0.0
52291,SE_Wind_Offshore,2050,5,3,3,0.0
52292,SE_Wind_Offshore,2050,5,4,4,0.0
52293,SE_Wind_Offshore,2050,5,5,5,0.0
52294,SE_Wind_Offshore,2050,5,6,6,0.0
52295,SE_Wind_Offshore,2050,5,7,7,0.0
52296,SE_Wind_Offshore,2050,5,8,8,0.0
52297,SE_Wind_Offshore,2050,5,9,9,0.0
52298,SE_Wind_Offshore,2050,5,10,10,0.0
52299,SE_Wind_Offshore,2050,5,11,11,0.0
52300,SE_Wind_Offshore,2050,5,12,12,0.0
52301,SE_Wind_Offshore,2050,5,13,13,0.0
52302,SE_Wind_Offshore,2050,5,14,14,0.0
52303,SE_Wind_Offshore,2050,5,15,15,0.0
52304,SE_Wind_Offshore,2050,5,16,16,0.0
52305,SE_Wind_Offshore,2050,5,17,17,0.0
52306,SE_Wind_Offshore,2050,5,18,18,0.0
52307,SE_Wind_Offshore,2050,5,19,19,0.0
52308,SE_Wind_Offshore,2050,5,20,20,0.0
52309,SE_Wind_Offshore,2050,5,21,21,0.0
52310,SE_Wind_Offshore,2050,5,22,22,0.0
52311,SE_Wind_Offshore,2050,5,23,23,0.0
52312,SE_Wind_Offshore,2050,5,24,24,0.0
52313,SE_Wind_Offshore,2050,6,1,1,-0.3186
52314,SE_Wind_Offshore,2050,6,2,2,-0.3186
52315,SE_Wind_Offshore,2050,6,3,3,-0.3186
52316,SE_Wind_Offshore,2050,6,4,4,-0.3186
52317,SE_Wind_Offshore,2050,6,5,5,-0.3186
52318,SE_Wind_Offshore,2050,6,6,6,-0.5940000000000001
52319,SE_Wind_Offshore,2050,6,7,7,-0.5940000000000001
52320,SE_Wind_Offshore,2050,6,8,8,-0.5940000000000001
52321,SE_Wind_Offshore,2050,6,9,9,-0.5940000000000001
52322,SE_Wind_Offshore,2050,6,10,10,-0.3186
52323,SE_Wind_Offshore,2050,6,11,11,-0.3186
52324,SE_Wind_Offshore,2050,6,12,12,-0.3186
52325,SE_Wind_Offshore,2050,6,13,13,-0.3186
52326,SE_Wind_Offshore,2050,6,14,14,-0.3186
52327,SE_Wind_Offshore,2050,6,15,15,-0.3186
52328,SE_Wind_Offshore,2050,6,16,16,-0.3186
52329,SE_Wind_Offshore,2050,6,17,17,-0.5940000000000001
52330,SE_Wind_Offshore,2050,6,18,18,-0.5940000000000001
52331,SE_Wind_Offshore,2050,6,19,19,-0.9179999999999999
52332,SE_Wind_Offshore,2050,6,20,20,-0.9179999999999999
52333,SE_Wind_Offshore,2050,6,21,21,-0.5940000000000001
52334,SE_Wind_Offshore,2050,6,22,22,-0.5940000000000001
52335,SE_Wind_Offshore,2050,6,23,23,-0.3186
52336,SE_Wind_Offshore,2050,6,24,24,-0.3186
52337,SE_Wind_Offshore,2050,7,1,1,0.0
52338,SE_Wind_Offshore,2050,7,2,2,0.0
52339,SE_Wind_Offshore,2050,7,3,3,0.0
52340,SE_Wind_Offshore,2050,7,4,4,0.0
52341,SE_Wind_Offshore,2050,7,5,5,0.0
52342,SE_Wind_Offshore,2050,7,6,6,0.0
52343,SE_Wind_Offshore,2050,7,7,7,0.0
52344,SE_Wind_Offshore,2050,7,8,8,0.0
52345,SE_Wind_Offshore,2050,7,9,9,0.0
52346,SE_Wind_Offshore,2050,7,10,10,0.0
52347,SE_Wind_Offshore,2050,7,11,11,0.0
52348,SE_Wind_Offshore,2050,7,12,12,0.0
52349,SE_Wind_Offshore,2050,7,13,13,0.0
52350,SE_Wind_Offshore,2050,7,14,14,0.0
52351,SE_Wind_Offshore,2050,7,15,15,0.0
52352,SE_Wind_Offshore,2050,7,16,16,0.0
52353,SE_Wind_Offshore,2050,7,17,17,0.0
52354,SE_Wind_Offshore,2050,7,18,18,0.0
52355,SE_Wind_Offshore,2050,7,19,19,0.0
52356,SE_Wind_Offshore,2050,7,20,20,0.0
52357,SE_Wind_Offshore,2050,7,21,21,0.0
52358,SE_Wind_Offshore,2050,7,22,22,0.0
52359,SE_Wind_Offshore,2050,7,23,23,0.0
52360,SE_Wind_Offshore,2050,7,24,24,0.0
52361,SE_Wind_Offshore,2050,8,1,1,0.0
52362,SE_Wind_Offshore,2050,8,2,2,0.0
52363,SE_Wind_Offshore,2050,8,3,3,0.0
52364,SE_Wind_Offshore,2050,8,4,4,0.0
52365,SE_Wind_Offshore,2050,8,5,5,0.0
52366,SE_Wind_Offshore,2050,8,6,6,-0.5487
52367,SE_Wind_Offshore,2050,8,7,7,-0.5487
52368,SE_Wind_Offshore,2050,8,8,8,-0.5487
52369,SE_Wind_Offshore,2050,8,9,9,-0.5487
52370,SE_Wind_Offshore,2050,8,10,10,0.0
52371,SE_Wind_Offshore,2050,8,11,11,0.0
52372,SE_Wind_Offshore,2050,8,12,12,0.0
52373,SE_Wind_Offshore,2050,8,13,13,0.0
52374,SE_Wind_Offshore,2050,8,14,14,0.0
52375,SE_Wind_Offshore,2050,8,15,15,0.0
52376,SE_Wind_Offshore,2050,8,16,16,0.0
52377,SE_Wind_Offshore,2050,8,17,17,0.0
52378,SE_Wind_Offshore,2050,8,18,18,0.0
52379,SE_Wind_Offshore,2050,8,19,19,0.0
52380,SE_Wind_Offshore,2050,8,20,20,0.0
52381,SE_Wind_Offshore,2050,8,21,21,0.0
52382,SE_Wind_Offshore,2050,8,22,22,0.0
52383,SE_Wind_Offshore,2050,8,23,23,0.0
52384,SE_Wind_Offshore,2050,8,24,24,0.0
52385,SE_Wind_Offshore,2050,9,1,1,0.0
52386,SE_Wind_Offshore,2050,9,2,2,0.0
52387,SE_Wind_Offshore,2050,9,3,3,0.0
52388,SE_Wind_Offshore,2050,9,4,4,-0.7611
52389,SE_Wind_Offshore,2050,9,5,5,-0.7611
52390,SE_Wind_Offshore,2050,9,6,6,-0.7611
52391,SE_Wind_Offshore,2050,9,7,7,-0.7611
52392,SE_Wind_Offshore,2050,9,8,8,-0.7611
52393,SE_Wind_Offshore,2050,9,9,9,-0.7611
52394,SE_Wind_Offshore,2050,9,10,10,-0.7611
52395,SE_Wind_Offshore,2050,9,11,11,-0.7611
52396,SE_Wind_Offshore,2050,9,12,12,-0.7611
52397,SE_Wind_Offshore,2050,9,13,13,-0.7611
52398,SE_Wind_Offshore,2050,9,14,14,-0.7611
52399,SE_Wind_Offshore,2050,9,15,15,-0.7611
52400,SE_Wind_Offshore,2050,9,16,16,-0.7611
52401,SE_Wind_Offshore,2050,9,17,17,-0.7611
52402,SE_Wind_Offshore,2050,9,18,18,-0.7611
52403,SE_Wind_Offshore,2050,9,19,19,-0.7611
52404,SE_Wind_Offshore,2050,9,20,20,-0.7611
52405,SE_Wind_Offshore,2050,9,21,21,0.0
52406,SE_Wind_Offshore,2050,9,22,22,0.0
52407,SE_Wind_Offshore,2050,9,23,23,0.0
52408,SE_Wind_Offshore,2050,9,24,24,0.0
52409,SE_Wind_Offshore,2050,10,1,1,-0.8142
52410,SE_Wind_Offshore,2050,10,2,2,-0.8142
52411,SE_Wind_Offshore,2050,10,3,3,-0.8142
52412,SE_Wind_Offshore,2050,10,4,4,-0.8142
52413,SE_Wind_Offshore,2050,10,5,5,-0.8142
52414,SE_Wind_Offshore,2050,10,6,6,-1.518
52415,SE_Wind_Offshore,2050,10,7,7,-1.518
52416,SE_Wind_Offshore,2050,10,8,8,-1.518
52417,SE_Wind_Offshore,2050,10,9,9,-1.518
52418,SE_Wind_Offshore,2050,10,10,10,-1.518
52419,SE_Wind_Offshore,2050,10,11,11,-1.518
52420,SE_Wind_Offshore,2050,10,12,12,-1.518
52421,SE_Wind_Offshore,2050,10,13,13,-1.518
52422,SE_Wind_Offshore,2050,10,14,14,-1.518
52423,SE_Wind_Offshore,2050,10,15,15,-1.518
52424,SE_Wind_Offshore,2050,10,16,16,-2.3459999999999996
52425,SE_Wind_Offshore,2050,10,17,17,-2.3459999999999996
52426,SE_Wind_Offshore,2050,10,18,18,-1.518
52427,SE_Wind_Offshore,2050,10,19,19,-1.518
52428,SE_Wind_Offshore,2050,10,20,20,-1.518
52429,SE_Wind_Offshore,2050,10,21,21,-1.518
52430,SE_Wind_Offshore,2050,10,22,22,-0.8142
52431,SE_Wind_Offshore,2050,10,23,23,-0.8142
52432,SE_Wind_Offshore,2050,10,24,24,-0.8142
52433,SI_CCGT,2050,1,1,1,0.0
52434,SI_CCGT,2050,1,2,2,0.0
52435,SI_CCGT,2050,1,3,3,0.0
52436,SI_CCGT,2050,1,4,4,0.0
52437,SI_CCGT,2050,1,5,5,0.0
52438,SI_CCGT,2050,1,6,6,0.0
52439,SI_CCGT,2050,1,7,7,0.0
52440,SI_CCGT,2050,1,8,8,0.0
52441,SI_CCGT,2050,1,9,9,0.0
52442,SI_CCGT,2050,1,10,10,0.0
52443,SI_CCGT,2050,1,11,11,0.0
52444,SI_CCGT,2050,1,12,12,0.0
52445,SI_CCGT,2050,1,13,13,0.0
52446,SI_CCGT,2050,1,14,14,0.0
52447,SI_CCGT,2050,1,15,15,0.0
52448,SI_CCGT,2050,1,16,16,0.0
52449,SI_CCGT,2050,1,17,17,0.0
52450,SI_CCGT,2050,1,18,18,0.0
52451,SI_CCGT,2050,1,19,19,0.0
52452,SI_CCGT,2050,1,20,20,0.0
52453,SI_CCGT,2050,1,21,21,0.0
52454,SI_CCGT,2050,1,22,22,0.0
52455,SI_CCGT,2050,1,23,23,0.0
52456,SI_CCGT,2050,1,24,24,0.0
52457,SI_CCGT,2050,2,1,1,0.0
52458,SI_CCGT,2050,2,2,2,0.0
52459,SI_CCGT,2050,2,3,3,0.0
52460,SI_CCGT,2050,2,4,4,0.0
52461,SI_CCGT,2050,2,5,5,0.0
52462,SI_CCGT,2050,2,6,6,0.0
52463,SI_CCGT,2050,2,7,7,0.0
52464,SI_CCGT,2050,2,8,8,0.0
52465,SI_CCGT,2050,2,9,9,0.0
52466,SI_CCGT,2050,2,10,10,0.0
52467,SI_CCGT,2050,2,11,11,0.0
52468,SI_CCGT,2050,2,12,12,0.0
52469,SI_CCGT,2050,2,13,13,0.0
52470,SI_CCGT,2050,2,14,14,0.0
52471,SI_CCGT,2050,2,15,15,0.0
52472,SI_CCGT,2050,2,16,16,0.0
52473,SI_CCGT,2050,2,17,17,0.0
52474,SI_CCGT,2050,2,18,18,0.0
52475,SI_CCGT,2050,2,19,19,0.0
52476,SI_CCGT,2050,2,20,20,0.0
52477,SI_CCGT,2050,2,21,21,0.0
52478,SI_CCGT,2050,2,22,22,0.0
52479,SI_CCGT,2050,2,23,23,0.0
52480,SI_CCGT,2050,2,24,24,0.0
52481,SI_CCGT,2050,3,1,1,-0.5219999999999998
52482,SI_CCGT,2050,3,2,2,-0.5219999999999998
52483,SI_CCGT,2050,3,3,3,-0.5219999999999998
52484,SI_CCGT,2050,3,4,4,-0.5219999999999998
52485,SI_CCGT,2050,3,5,5,-0.5219999999999998
52486,SI_CCGT,2050,3,6,6,0.0
52487,SI_CCGT,2050,3,7,7,-0.5219999999999998
52488,SI_CCGT,2050,3,8,8,-0.5219999999999998
52489,SI_CCGT,2050,3,9,9,-0.5219999999999998
52490,SI_CCGT,2050,3,10,10,-0.5219999999999998
52491,SI_CCGT,2050,3,11,11,-0.5219999999999998
52492,SI_CCGT,2050,3,12,12,-0.5219999999999998
52493,SI_CCGT,2050,3,13,13,-0.5219999999999998
52494,SI_CCGT,2050,3,14,14,-0.5219999999999998
52495,SI_CCGT,2050,3,15,15,-0.5219999999999998
52496,SI_CCGT,2050,3,16,16,-0.5219999999999998
52497,SI_CCGT,2050,3,17,17,-12.272065705666336
52498,SI_CCGT,2050,3,18,18,-23.784531411332672
52499,SI_CCGT,2050,3,19,19,-12.272065705666336
52500,SI_CCGT,2050,3,20,20,-12.272065705666336
52501,SI_CCGT,2050,3,21,21,-0.5219999999999998
52502,SI_CCGT,2050,3,22,22,-0.5219999999999998
52503,SI_CCGT,2050,3,23,23,-0.5219999999999998
52504,SI_CCGT,2050,3,24,24,-0.5219999999999998
52505,SI_CCGT,2050,4,1,1,0.0
52506,SI_CCGT,2050,4,2,2,0.0
52507,SI_CCGT,2050,4,3,3,0.0
52508,SI_CCGT,2050,4,4,4,0.0
52509,SI_CCGT,2050,4,5,5,0.0
52510,SI_CCGT,2050,4,6,6,0.0
52511,SI_CCGT,2050,4,7,7,0.0
52512,SI_CCGT,2050,4,8,8,0.0
52513,SI_CCGT,2050,4,9,9,0.0
52514,SI_CCGT,2050,4,10,10,0.0
52515,SI_CCGT,2050,4,11,11,0.0
52516,SI_CCGT,2050,4,12,12,0.0
52517,SI_CCGT,2050,4,13,13,0.0
52518,SI_CCGT,2050,4,14,14,0.0
52519,SI_CCGT,2050,4,15,15,0.0
52520,SI_CCGT,2050,4,16,16,0.0
52521,SI_CCGT,2050,4,17,17,0.0
52522,SI_CCGT,2050,4,18,18,0.0
52523,SI_CCGT,2050,4,19,19,0.0
52524,SI_CCGT,2050,4,20,20,0.0
52525,SI_CCGT,2050,4,21,21,0.0
52526,SI_CCGT,2050,4,22,22,0.0
52527,SI_CCGT,2050,4,23,23,0.0
52528,SI_CCGT,2050,4,24,24,0.0
52529,SI_CCGT,2050,5,1,1,0.0
52530,SI_CCGT,2050,5,2,2,0.0
52531,SI_CCGT,2050,5,3,3,0.0
52532,SI_CCGT,2050,5,4,4,0.0
52533,SI_CCGT,2050,5,5,5,0.0
52534,SI_CCGT,2050,5,6,6,0.0
52535,SI_CCGT,2050,5,7,7,0.0
52536,SI_CCGT,2050,5,8,8,0.0
52537,SI_CCGT,2050,5,9,9,0.0
52538,SI_CCGT,2050,5,10,10,0.0
52539,SI_CCGT,2050,5,11,11,0.0
52540,SI_CCGT,2050,5,12,12,0.0
52541,SI_CCGT,2050,5,13,13,0.0
52542,SI_CCGT,2050,5,14,14,0.0
52543,SI_CCGT,2050,5,15,15,0.0
52544,SI_CCGT,2050,5,16,16,0.0
52545,SI_CCGT,2050,5,17,17,0.0
52546,SI_CCGT,2050,5,18,18,0.0
52547,SI_CCGT,2050,5,19,19,0.0
52548,SI_CCGT,2050,5,20,20,0.0
52549,SI_CCGT,2050,5,21,21,0.0
52550,SI_CCGT,2050,5,22,22,0.0
52551,SI_CCGT,2050,5,23,23,0.0
52552,SI_CCGT,2050,5,24,24,0.0
52553,SI_CCGT,2050,6,1,1,0.0
52554,SI_CCGT,2050,6,2,2,0.0
52555,SI_CCGT,2050,6,3,3,0.0
52556,SI_CCGT,2050,6,4,4,0.0
52557,SI_CCGT,2050,6,5,5,0.0
52558,SI_CCGT,2050,6,6,6,0.0
52559,SI_CCGT,2050,6,7,7,0.0
52560,SI_CCGT,2050,6,8,8,0.0
52561,SI_CCGT,2050,6,9,9,0.0
52562,SI_CCGT,2050,6,10,10,0.0
52563,SI_CCGT,2050,6,11,11,0.0
52564,SI_CCGT,2050,6,12,12,0.0
52565,SI_CCGT,2050,6,13,13,0.0
52566,SI_CCGT,2050,6,14,14,0.0
52567,SI_CCGT,2050,6,15,15,0.0
52568,SI_CCGT,2050,6,16,16,0.0
52569,SI_CCGT,2050,6,17,17,0.0
52570,SI_CCGT,2050,6,18,18,0.0
52571,SI_CCGT,2050,6,19,19,0.0
52572,SI_CCGT,2050,6,20,20,-0.32399999999999984
52573,SI_CCGT,2050,6,21,21,0.0
52574,SI_CCGT,2050,6,22,22,0.0
52575,SI_CCGT,2050,6,23,23,0.0
52576,SI_CCGT,2050,6,24,24,0.0
52577,SI_CCGT,2050,7,1,1,0.0
52578,SI_CCGT,2050,7,2,2,0.0
52579,SI_CCGT,2050,7,3,3,0.0
52580,SI_CCGT,2050,7,4,4,0.0
52581,SI_CCGT,2050,7,5,5,0.0
52582,SI_CCGT,2050,7,6,6,0.0
52583,SI_CCGT,2050,7,7,7,0.0
52584,SI_CCGT,2050,7,8,8,0.0
52585,SI_CCGT,2050,7,9,9,0.0
52586,SI_CCGT,2050,7,10,10,0.0
52587,SI_CCGT,2050,7,11,11,0.0
52588,SI_CCGT,2050,7,12,12,0.0
52589,SI_CCGT,2050,7,13,13,0.0
52590,SI_CCGT,2050,7,14,14,0.0
52591,SI_CCGT,2050,7,15,15,0.0
52592,SI_CCGT,2050,7,16,16,0.0
52593,SI_CCGT,2050,7,17,17,0.0
52594,SI_CCGT,2050,7,18,18,0.0
52595,SI_CCGT,2050,7,19,19,0.0
52596,SI_CCGT,2050,7,20,20,0.0
52597,SI_CCGT,2050,7,21,21,0.0
52598,SI_CCGT,2050,7,22,22,0.0
52599,SI_CCGT,2050,7,23,23,0.0
52600,SI_CCGT,2050,7,24,24,0.0
52601,SI_CCGT,2050,8,1,1,0.0
52602,SI_CCGT,2050,8,2,2,0.0
52603,SI_CCGT,2050,8,3,3,0.0
52604,SI_CCGT,2050,8,4,4,0.0
52605,SI_CCGT,2050,8,5,5,0.0
52606,SI_CCGT,2050,8,6,6,0.0
52607,SI_CCGT,2050,8,7,7,0.0
52608,SI_CCGT,2050,8,8,8,0.0
52609,SI_CCGT,2050,8,9,9,0.0
52610,SI_CCGT,2050,8,10,10,0.0
52611,SI_CCGT,2050,8,11,11,0.0
52612,SI_CCGT,2050,8,12,12,0.0
52613,SI_CCGT,2050,8,13,13,0.0
52614,SI_CCGT,2050,8,14,14,0.0
52615,SI_CCGT,2050,8,15,15,0.0
52616,SI_CCGT,2050,8,16,16,0.0
52617,SI_CCGT,2050,8,17,17,0.0
52618,SI_CCGT,2050,8,18,18,0.0
52619,SI_CCGT,2050,8,19,19,0.0
52620,SI_CCGT,2050,8,20,20,0.0
52621,SI_CCGT,2050,8,21,21,0.0
52622,SI_CCGT,2050,8,22,22,0.0
52623,SI_CCGT,2050,8,23,23,0.0
52624,SI_CCGT,2050,8,24,24,0.0
52625,SI_CCGT,2050,9,1,1,0.0
52626,SI_CCGT,2050,9,2,2,0.0
52627,SI_CCGT,2050,9,3,3,0.0
52628,SI_CCGT,2050,9,4,4,0.0
52629,SI_CCGT,2050,9,5,5,0.0
52630,SI_CCGT,2050,9,6,6,0.0
52631,SI_CCGT,2050,9,7,7,0.0
52632,SI_CCGT,2050,9,8,8,0.0
52633,SI_CCGT,2050,9,9,9,0.0
52634,SI_CCGT,2050,9,10,10,0.0
52635,SI_CCGT,2050,9,11,11,0.0
52636,SI_CCGT,2050,9,12,12,0.0
52637,SI_CCGT,2050,9,13,13,0.0
52638,SI_CCGT,2050,9,14,14,0.0
52639,SI_CCGT,2050,9,15,15,0.0
52640,SI_CCGT,2050,9,16,16,0.0
52641,SI_CCGT,2050,9,17,17,0.0
52642,SI_CCGT,2050,9,18,18,0.0
52643,SI_CCGT,2050,9,19,19,0.0
52644,SI_CCGT,2050,9,20,20,0.0
52645,SI_CCGT,2050,9,21,21,0.0
52646,SI_CCGT,2050,9,22,22,0.0
52647,SI_CCGT,2050,9,23,23,0.0
52648,SI_CCGT,2050,9,24,24,0.0
52649,SI_CCGT,2050,10,1,1,0.0
52650,SI_CCGT,2050,10,2,2,0.0
52651,SI_CCGT,2050,10,3,3,0.0
52652,SI_CCGT,2050,10,4,4,0.0
52653,SI_CCGT,2050,10,5,5,0.0
52654,SI_CCGT,2050,10,6,6,0.0
52655,SI_CCGT,2050,10,7,7,0.0
52656,SI_CCGT,2050,10,8,8,0.0
52657,SI_CCGT,2050,10,9,9,0.0
52658,SI_CCGT,2050,10,10,10,0.0
52659,SI_CCGT,2050,10,11,11,0.0
52660,SI_CCGT,2050,10,12,12,0.0
52661,SI_CCGT,2050,10,13,13,0.0
52662,SI_CCGT,2050,10,14,14,0.0
52663,SI_CCGT,2050,10,15,15,0.0
52664,SI_CCGT,2050,10,16,16,0.0
52665,SI_CCGT,2050,10,17,17,0.0
52666,SI_CCGT,2050,10,18,18,0.0
52667,SI_CCGT,2050,10,19,19,0.0
52668,SI_CCGT,2050,10,20,20,0.0
52669,SI_CCGT,2050,10,21,21,0.0
52670,SI_CCGT,2050,10,22,22,0.0
52671,SI_CCGT,2050,10,23,23,0.0
52672,SI_CCGT,2050,10,24,24,0.0
52673,SI_Nuclear,2050,5,17,17,-0.48360000000000003
52674,SI_Nuclear,2050,5,18,18,-0.48360000000000003
52675,SI_Nuclear,2050,5,19,19,-0.48360000000000003
52676,SI_Nuclear,2050,5,20,20,-0.48360000000000003
52677,SI_Nuclear,2050,5,21,21,-0.48360000000000003
52678,SI_Nuclear,2050,5,22,22,-0.48360000000000003
52679,SI_Nuclear,2050,5,23,23,-0.48360000000000003
52680,SI_Nuclear,2050,5,24,24,0.0
52681,SI_Nuclear,2050,6,1,1,0.0
52682,SI_Nuclear,2050,6,2,2,0.0
52683,SI_Nuclear,2050,6,3,3,0.0
52684,SI_Nuclear,2050,6,4,4,0.0
52685,SI_Nuclear,2050,6,5,5,0.0
52686,SI_Nuclear,2050,6,6,6,0.0
52687,SI_Nuclear,2050,6,7,7,-0.1674
52688,SI_Nuclear,2050,6,8,8,-0.1674
52689,SI_Nuclear,2050,6,9,9,-0.1674
52690,SI_Nuclear,2050,6,10,10,-0.1674
52691,SI_Nuclear,2050,6,11,11,-0.1674
52692,SI_Nuclear,2050,6,12,12,-0.1674
52693,SI_Nuclear,2050,6,13,13,-0.1674
52694,SI_Nuclear,2050,6,14,14,0.0
52695,SI_Nuclear,2050,6,15,15,-0.1674
52696,SI_Nuclear,2050,6,16,16,-0.1674
52697,SI_Nuclear,2050,6,17,17,-0.1674
52698,SI_Nuclear,2050,6,18,18,-0.1674
52699,SI_Nuclear,2050,6,19,19,-0.1674
52700,SI_Nuclear,2050,6,20,20,-0.7667999999999999
52701,SI_Nuclear,2050,6,21,21,-0.1674
52702,SI_Nuclear,2050,6,22,22,0.0
52703,SI_Nuclear,2050,6,23,23,0.0
52704,SI_Nuclear,2050,6,24,24,0.0
52705,SI_Nuclear,2050,7,1,1,-0.3441000000000001
52706,SI_Nuclear,2050,7,2,2,-0.3441000000000001
52707,SI_Nuclear,2050,7,3,3,-0.3441000000000001
52708,SI_Nuclear,2050,7,4,4,-0.3441000000000001
52709,SI_Nuclear,2050,7,5,5,-0.3441000000000001
52710,SI_Nuclear,2050,7,6,6,-0.3441000000000001
52711,SI_Nuclear,2050,7,7,7,-0.3441000000000001
52712,SI_Nuclear,2050,7,8,8,-0.3441000000000001
52713,SI_Nuclear,2050,7,9,9,-0.3441000000000001
52714,SI_Nuclear,2050,7,10,10,-0.3441000000000001
52715,SI_Nuclear,2050,7,11,11,-0.3441000000000001
52716,SI_Nuclear,2050,7,12,12,-0.3441000000000001
52717,SI_Nuclear,2050,7,13,13,-0.3441000000000001
52718,SI_Nuclear,2050,7,14,14,-0.3441000000000001
52719,SI_Nuclear,2050,7,15,15,-0.3441000000000001
52720,SI_Nuclear,2050,7,16,16,-0.3441000000000001
52721,SI_Nuclear,2050,7,17,17,-0.3441000000000001
52722,SI_Nuclear,2050,7,18,18,-0.3441000000000001
52723,SI_Nuclear,2050,7,19,19,-0.3441000000000001
52724,SI_Nuclear,2050,7,20,20,-0.3441000000000001
52725,SI_Nuclear,2050,7,21,21,-0.3441000000000001
52726,SI_Nuclear,2050,7,22,22,-0.3441000000000001
52727,SI_Nuclear,2050,7,23,23,-0.3441000000000001
52728,SI_Nuclear,2050,7,24,24,-0.3441000000000001
52729,SI_Nuclear,2050,8,1,1,-0.2883
52730,SI_Nuclear,2050,8,2,2,-0.2883
52731,SI_Nuclear,2050,8,3,3,-0.2883
52732,SI_Nuclear,2050,8,4,4,-0.2883
52733,SI_Nuclear,2050,8,5,5,-0.2883
52734,SI_Nuclear,2050,8,6,6,-0.2883
52735,SI_Nuclear,2050,8,7,7,-0.2883
52736,SI_Nuclear,2050,8,8,8,-0.2883
52737,SI_Nuclear,2050,8,9,9,-0.2883
52738,SI_Nuclear,2050,8,10,10,-0.2883
52739,SI_Nuclear,2050,8,11,11,-0.2883
52740,SI_Nuclear,2050,8,12,12,-0.2883
52741,SI_Nuclear,2050,8,13,13,-0.2883
52742,SI_Nuclear,2050,8,14,14,-0.2883
52743,SI_Nuclear,2050,8,15,15,-0.2883
52744,SI_Nuclear,2050,8,16,16,-0.2883
52745,SI_Nuclear,2050,8,17,17,-0.2883
52746,SI_Nuclear,2050,8,18,18,-0.2883
52747,SI_Nuclear,2050,8,19,19,-0.2883
52748,SI_Nuclear,2050,8,20,20,-0.2883
52749,SI_Nuclear,2050,8,21,21,-0.2883
52750,SI_Nuclear,2050,8,22,22,-0.2883
52751,SI_Nuclear,2050,8,23,23,-0.2883
52752,SI_Nuclear,2050,8,24,24,-0.2883
52753,SI_Nuclear,2050,9,1,1,-0.39990000000000003
52754,SI_Nuclear,2050,9,2,2,-0.39990000000000003
52755,SI_Nuclear,2050,9,3,3,-0.39990000000000003
52756,SI_Nuclear,2050,9,4,4,-0.39990000000000003
52757,SI_Nuclear,2050,9,5,5,-0.39990000000000003
52758,SI_Nuclear,2050,9,6,6,-0.39990000000000003
52759,SI_Nuclear,2050,9,7,7,-0.39990000000000003
52760,SI_Nuclear,2050,9,8,8,-0.39990000000000003
52761,SI_Nuclear,2050,9,9,9,-0.39990000000000003
52762,SI_Nuclear,2050,9,10,10,-0.39990000000000003
52763,SI_Nuclear,2050,9,11,11,-0.39990000000000003
52764,SI_Nuclear,2050,9,12,12,-0.39990000000000003
52765,SI_Nuclear,2050,9,13,13,-0.39990000000000003
52766,SI_Nuclear,2050,9,14,14,-0.39990000000000003
52767,SI_Nuclear,2050,9,15,15,-0.39990000000000003
52768,SI_Nuclear,2050,9,16,16,-0.39990000000000003
52769,SI_Nuclear,2050,9,17,17,-0.39990000000000003
52770,SI_Nuclear,2050,9,18,18,-0.39990000000000003
52771,SI_Nuclear,2050,9,19,19,-0.39990000000000003
52772,SI_Nuclear,2050,9,20,20,-0.39990000000000003
52773,SI_Nuclear,2050,9,21,21,-0.39990000000000003
52774,SI_Nuclear,2050,9,22,22,-0.39990000000000003
52775,SI_Nuclear,2050,9,23,23,-0.39990000000000003
52776,SI_Nuclear,2050,9,24,24,-0.39990000000000003
52777,SI_Nuclear,2050,10,1,1,-0.42780000000000007
52778,SI_Nuclear,2050,10,2,2,-0.42780000000000007
52779,SI_Nuclear,2050,10,3,3,-0.42780000000000007
52780,SI_Nuclear,2050,10,4,4,-0.42780000000000007
52781,SI_Nuclear,2050,10,5,5,-0.42780000000000007
52782,SI_Nuclear,2050,10,6,6,-0.42780000000000007
52783,SI_Nuclear,2050,10,7,7,-0.42780000000000007
52784,SI_Nuclear,2050,10,8,8,-0.42780000000000007
52785,SI_Nuclear,2050,10,9,9,-0.42780000000000007
52786,SI_Nuclear,2050,10,10,10,-0.42780000000000007
52787,SI_Nuclear,2050,10,11,11,-0.42780000000000007
52788,SI_Nuclear,2050,10,12,12,-0.42780000000000007
52789,SI_Nuclear,2050,10,13,13,-0.42780000000000007
52790,SI_Nuclear,2050,10,14,14,-0.42780000000000007
52791,SI_Nuclear,2050,10,15,15,-0.42780000000000007
52792,SI_Nuclear,2050,10,16,16,-0.42780000000000007
52793,SI_Nuclear,2050,10,17,17,-0.42780000000000007
52794,SI_Nuclear,2050,10,18,18,-0.42780000000000007
52795,SI_Nuclear,2050,10,19,19,-0.42780000000000007
52796,SI_Nuclear,2050,10,20,20,-0.42780000000000007
52797,SI_Nuclear,2050,10,21,21,-0.42780000000000007
52798,SI_Nuclear,2050,10,22,22,-0.42780000000000007
52799,SI_Nuclear,2050,10,23,23,-0.42780000000000007
52800,SI_Nuclear,2050,10,24,24,-0.42780000000000007
52801,SI_OCGT,2050,1,1,1,0.0
52802,SI_OCGT,2050,1,2,2,0.0
52803,SI_OCGT,2050,1,3,3,0.0
52804,SI_OCGT,2050,1,4,4,0.0
52805,SI_OCGT,2050,1,5,5,0.0
52806,SI_OCGT,2050,1,6,6,0.0
52807,SI_OCGT,2050,1,7,7,0.0
52808,SI_OCGT,2050,1,8,8,0.0
52809,SI_OCGT,2050,1,9,9,0.0
52810,SI_OCGT,2050,1,10,10,0.0
52811,SI_OCGT,2050,1,11,11,0.0
52812,SI_OCGT,2050,1,12,12,0.0
52813,SI_OCGT,2050,1,13,13,0.0
52814,SI_OCGT,2050,1,14,14,0.0
52815,SI_OCGT,2050,1,15,15,0.0
52816,SI_OCGT,2050,1,16,16,0.0
52817,SI_OCGT,2050,1,17,17,0.0
52818,SI_OCGT,2050,1,18,18,0.0
52819,SI_OCGT,2050,1,19,19,0.0
52820,SI_OCGT,2050,1,20,20,0.0
52821,SI_OCGT,2050,1,21,21,0.0
52822,SI_OCGT,2050,1,22,22,0.0
52823,SI_OCGT,2050,1,23,23,0.0
52824,SI_OCGT,2050,1,24,24,0.0
52825,SI_OCGT,2050,2,1,1,0.0
52826,SI_OCGT,2050,2,2,2,0.0
52827,SI_OCGT,2050,2,3,3,0.0
52828,SI_OCGT,2050,2,4,4,0.0
52829,SI_OCGT,2050,2,5,5,0.0
52830,SI_OCGT,2050,2,6,6,0.0
52831,SI_OCGT,2050,2,7,7,0.0
52832,SI_OCGT,2050,2,8,8,0.0
52833,SI_OCGT,2050,2,9,9,0.0
52834,SI_OCGT,2050,2,10,10,0.0
52835,SI_OCGT,2050,2,11,11,0.0
52836,SI_OCGT,2050,2,12,12,0.0
52837,SI_OCGT,2050,2,13,13,0.0
52838,SI_OCGT,2050,2,14,14,0.0
52839,SI_OCGT,2050,2,15,15,0.0
52840,SI_OCGT,2050,2,16,16,0.0
52841,SI_OCGT,2050,2,17,17,0.0
52842,SI_OCGT,2050,2,18,18,0.0
52843,SI_OCGT,2050,2,19,19,0.0
52844,SI_OCGT,2050,2,20,20,0.0
52845,SI_OCGT,2050,2,21,21,0.0
52846,SI_OCGT,2050,2,22,22,0.0
52847,SI_OCGT,2050,2,23,23,0.0
52848,SI_OCGT,2050,2,24,24,0.0
52849,SI_OCGT,2050,3,1,1,0.0
52850,SI_OCGT,2050,3,2,2,0.0
52851,SI_OCGT,2050,3,3,3,0.0
52852,SI_OCGT,2050,3,4,4,0.0
52853,SI_OCGT,2050,3,5,5,0.0
52854,SI_OCGT,2050,3,6,6,0.0
52855,SI_OCGT,2050,3,7,7,0.0
52856,SI_OCGT,2050,3,8,8,0.0
52857,SI_OCGT,2050,3,9,9,0.0
52858,SI_OCGT,2050,3,10,10,0.0
52859,SI_OCGT,2050,3,11,11,0.0
52860,SI_OCGT,2050,3,12,12,0.0
52861,SI_OCGT,2050,3,13,13,0.0
52862,SI_OCGT,2050,3,14,14,0.0
52863,SI_OCGT,2050,3,15,15,0.0
52864,SI_OCGT,2050,3,16,16,0.0
52865,SI_OCGT,2050,3,17,17,-11.750065705666337
52866,SI_OCGT,2050,3,18,18,-23.262531411332674
52867,SI_OCGT,2050,3,19,19,-11.750065705666337
52868,SI_OCGT,2050,3,20,20,-11.750065705666337
52869,SI_OCGT,2050,3,21,21,0.0
52870,SI_OCGT,2050,3,22,22,0.0
52871,SI_OCGT,2050,3,23,23,0.0
52872,SI_OCGT,2050,3,24,24,0.0
52873,SI_OCGT,2050,4,1,1,0.0
52874,SI_OCGT,2050,4,2,2,0.0
52875,SI_OCGT,2050,4,3,3,0.0
52876,SI_OCGT,2050,4,4,4,0.0
52877,SI_OCGT,2050,4,5,5,0.0
52878,SI_OCGT,2050,4,6,6,0.0
52879,SI_OCGT,2050,4,7,7,0.0
52880,SI_OCGT,2050,4,8,8,0.0
52881,SI_OCGT,2050,4,9,9,0.0
52882,SI_OCGT,2050,4,10,10,0.0
52883,SI_OCGT,2050,4,11,11,0.0
52884,SI_OCGT,2050,4,12,12,0.0
52885,SI_OCGT,2050,4,13,13,0.0
52886,SI_OCGT,2050,4,14,14,0.0
52887,SI_OCGT,2050,4,15,15,0.0
52888,SI_OCGT,2050,4,16,16,0.0
52889,SI_OCGT,2050,4,17,17,0.0
52890,SI_OCGT,2050,4,18,18,0.0
52891,SI_OCGT,2050,4,19,19,0.0
52892,SI_OCGT,2050,4,20,20,0.0
52893,SI_OCGT,2050,4,21,21,0.0
52894,SI_OCGT,2050,4,22,22,0.0
52895,SI_OCGT,2050,4,23,23,0.0
52896,SI_OCGT,2050,4,24,24,0.0
52897,SI_OCGT,2050,5,1,1,0.0
52898,SI_OCGT,2050,5,2,2,0.0
52899,SI_OCGT,2050,5,3,3,0.0
52900,SI_OCGT,2050,5,4,4,0.0
52901,SI_OCGT,2050,5,5,5,0.0
52902,SI_OCGT,2050,5,6,6,0.0
52903,SI_OCGT,2050,5,7,7,0.0
52904,SI_OCGT,2050,5,8,8,0.0
52905,SI_OCGT,2050,5,9,9,0.0
52906,SI_OCGT,2050,5,10,10,0.0
52907,SI_OCGT,2050,5,11,11,0.0
52908,SI_OCGT,2050,5,12,12,0.0
52909,SI_OCGT,2050,5,13,13,0.0
52910,SI_OCGT,2050,5,14,14,0.0
52911,SI_OCGT,2050,5,15,15,0.0
52912,SI_OCGT,2050,5,16,16,0.0
52913,SI_OCGT,2050,5,17,17,0.0
52914,SI_OCGT,2050,5,18,18,0.0
52915,SI_OCGT,2050,5,19,19,0.0
52916,SI_OCGT,2050,5,20,20,0.0
52917,SI_OCGT,2050,5,21,21,0.0
52918,SI_OCGT,2050,5,22,22,0.0
52919,SI_OCGT,2050,5,23,23,0.0
52920,SI_OCGT,2050,5,24,24,0.0
52921,SI_OCGT,2050,6,1,1,0.0
52922,SI_OCGT,2050,6,2,2,0.0
52923,SI_OCGT,2050,6,3,3,0.0
52924,SI_OCGT,2050,6,4,4,0.0
52925,SI_OCGT,2050,6,5,5,0.0
52926,SI_OCGT,2050,6,6,6,0.0
52927,SI_OCGT,2050,6,7,7,0.0
52928,SI_OCGT,2050,6,8,8,0.0
52929,SI_OCGT,2050,6,9,9,0.0
52930,SI_OCGT,2050,6,10,10,0.0
52931,SI_OCGT,2050,6,11,11,0.0
52932,SI_OCGT,2050,6,12,12,0.0
52933,SI_OCGT,2050,6,13,13,0.0
52934,SI_OCGT,2050,6,14,14,0.0
52935,SI_OCGT,2050,6,15,15,0.0
52936,SI_OCGT,2050,6,16,16,0.0
52937,SI_OCGT,2050,6,17,17,0.0
52938,SI_OCGT,2050,6,18,18,0.0
52939,SI_OCGT,2050,6,19,19,0.0
52940,SI_OCGT,2050,6,20,20,0.0
52941,SI_OCGT,2050,6,21,21,0.0
52942,SI_OCGT,2050,6,22,22,0.0
52943,SI_OCGT,2050,6,23,23,0.0
52944,SI_OCGT,2050,6,24,24,0.0
52945,SI_OCGT,2050,7,1,1,0.0
52946,SI_OCGT,2050,7,2,2,0.0
52947,SI_OCGT,2050,7,3,3,0.0
52948,SI_OCGT,2050,7,4,4,0.0
52949,SI_OCGT,2050,7,5,5,0.0
52950,SI_OCGT,2050,7,6,6,0.0
52951,SI_OCGT,2050,7,7,7,0.0
52952,SI_OCGT,2050,7,8,8,0.0
52953,SI_OCGT,2050,7,9,9,0.0
52954,SI_OCGT,2050,7,10,10,0.0
52955,SI_OCGT,2050,7,11,11,0.0
52956,SI_OCGT,2050,7,12,12,0.0
52957,SI_OCGT,2050,7,13,13,0.0
52958,SI_OCGT,2050,7,14,14,0.0
52959,SI_OCGT,2050,7,15,15,0.0
52960,SI_OCGT,2050,7,16,16,0.0
52961,SI_OCGT,2050,7,17,17,0.0
52962,SI_OCGT,2050,7,18,18,0.0
52963,SI_OCGT,2050,7,19,19,0.0
52964,SI_OCGT,2050,7,20,20,0.0
52965,SI_OCGT,2050,7,21,21,0.0
52966,SI_OCGT,2050,7,22,22,0.0
52967,SI_OCGT,2050,7,23,23,0.0
52968,SI_OCGT,2050,7,24,24,0.0
52969,SI_OCGT,2050,8,1,1,0.0
52970,SI_OCGT,2050,8,2,2,0.0
52971,SI_OCGT,2050,8,3,3,0.0
52972,SI_OCGT,2050,8,4,4,0.0
52973,SI_OCGT,2050,8,5,5,0.0
52974,SI_OCGT,2050,8,6,6,0.0
52975,SI_OCGT,2050,8,7,7,0.0
52976,SI_OCGT,2050,8,8,8,0.0
52977,SI_OCGT,2050,8,9,9,0.0
52978,SI_OCGT,2050,8,10,10,0.0
52979,SI_OCGT,2050,8,11,11,0.0
52980,SI_OCGT,2050,8,12,12,0.0
52981,SI_OCGT,2050,8,13,13,0.0
52982,SI_OCGT,2050,8,14,14,0.0
52983,SI_OCGT,2050,8,15,15,0.0
52984,SI_OCGT,2050,8,16,16,0.0
52985,SI_OCGT,2050,8,17,17,0.0
52986,SI_OCGT,2050,8,18,18,0.0
52987,SI_OCGT,2050,8,19,19,0.0
52988,SI_OCGT,2050,8,20,20,0.0
52989,SI_OCGT,2050,8,21,21,0.0
52990,SI_OCGT,2050,8,22,22,0.0
52991,SI_OCGT,2050,8,23,23,0.0
52992,SI_OCGT,2050,8,24,24,0.0
52993,SI_OCGT,2050,9,1,1,0.0
52994,SI_OCGT,2050,9,2,2,0.0
52995,SI_OCGT,2050,9,3,3,0.0
52996,SI_OCGT,2050,9,4,4,0.0
52997,SI_OCGT,2050,9,5,5,0.0
52998,SI_OCGT,2050,9,6,6,0.0
52999,SI_OCGT,2050,9,7,7,0.0
53000,SI_OCGT,2050,9,8,8,0.0
53001,SI_OCGT,2050,9,9,9,0.0
53002,SI_OCGT,2050,9,10,10,0.0
53003,SI_OCGT,2050,9,11,11,0.0
53004,SI_OCGT,2050,9,12,12,0.0
53005,SI_OCGT,2050,9,13,13,0.0
53006,SI_OCGT,2050,9,14,14,0.0
53007,SI_OCGT,2050,9,15,15,0.0
53008,SI_OCGT,2050,9,16,16,0.0
53009,SI_OCGT,2050,9,17,17,0.0
53010,SI_OCGT,2050,9,18,18,0.0
53011,SI_OCGT,2050,9,19,19,0.0
53012,SI_OCGT,2050,9,20,20,0.0
53013,SI_OCGT,2050,9,21,21,0.0
53014,SI_OCGT,2050,9,22,22,0.0
53015,SI_OCGT,2050,9,23,23,0.0
53016,SI_OCGT,2050,9,24,24,0.0
53017,SI_OCGT,2050,10,1,1,0.0
53018,SI_OCGT,2050,10,2,2,0.0
53019,SI_OCGT,2050,10,3,3,0.0
53020,SI_OCGT,2050,10,4,4,0.0
53021,SI_OCGT,2050,10,5,5,0.0
53022,SI_OCGT,2050,10,6,6,0.0
53023,SI_OCGT,2050,10,7,7,0.0
53024,SI_OCGT,2050,10,8,8,0.0
53025,SI_OCGT,2050,10,9,9,0.0
53026,SI_OCGT,2050,10,10,10,0.0
53027,SI_OCGT,2050,10,11,11,0.0
53028,SI_OCGT,2050,10,12,12,0.0
53029,SI_OCGT,2050,10,13,13,0.0
53030,SI_OCGT,2050,10,14,14,0.0
53031,SI_OCGT,2050,10,15,15,0.0
53032,SI_OCGT,2050,10,16,16,0.0
53033,SI_OCGT,2050,10,17,17,0.0
53034,SI_OCGT,2050,10,18,18,0.0
53035,SI_OCGT,2050,10,19,19,0.0
53036,SI_OCGT,2050,10,20,20,0.0
53037,SI_OCGT,2050,10,21,21,0.0
53038,SI_OCGT,2050,10,22,22,0.0
53039,SI_OCGT,2050,10,23,23,0.0
53040,SI_OCGT,2050,10,24,24,0.0
53041,SI_Solar,2050,1,1,1,-0.9381
53042,SI_Solar,2050,1,2,2,-0.9381
53043,SI_Solar,2050,1,3,3,-0.9381
53044,SI_Solar,2050,1,4,4,-0.9381
53045,SI_Solar,2050,1,5,5,-0.9381
53046,SI_Solar,2050,1,6,6,-0.9381
53047,SI_Solar,2050,1,7,7,-0.9381
53048,SI_Solar,2050,1,8,8,-0.9381
53049,SI_Solar,2050,1,9,9,-0.9381
53050,SI_Solar,2050,1,10,10,-0.9381
53051,SI_Solar,2050,1,11,11,-0.9381
53052,SI_Solar,2050,1,12,12,-0.9381
53053,SI_Solar,2050,1,13,13,-0.9381
53054,SI_Solar,2050,1,14,14,-0.9381
53055,SI_Solar,2050,1,15,15,-0.9381
53056,SI_Solar,2050,1,16,16,-0.9381
53057,SI_Solar,2050,1,17,17,-0.9381
53058,SI_Solar,2050,1,18,18,-0.9381
53059,SI_Solar,2050,1,19,19,-0.9381
53060,SI_Solar,2050,1,20,20,-0.9381
53061,SI_Solar,2050,1,21,21,-0.9381
53062,SI_Solar,2050,1,22,22,-0.9381
53063,SI_Solar,2050,1,23,23,-0.9381
53064,SI_Solar,2050,1,24,24,-0.9381
53065,SI_Solar,2050,2,1,1,0.0
53066,SI_Solar,2050,2,2,2,0.0
53067,SI_Solar,2050,2,3,3,0.0
53068,SI_Solar,2050,2,4,4,0.0
53069,SI_Solar,2050,2,5,5,0.0
53070,SI_Solar,2050,2,6,6,0.0
53071,SI_Solar,2050,2,7,7,0.0
53072,SI_Solar,2050,2,8,8,0.0
53073,SI_Solar,2050,2,9,9,0.0
53074,SI_Solar,2050,2,10,10,0.0
53075,SI_Solar,2050,2,11,11,0.0
53076,SI_Solar,2050,2,12,12,0.0
53077,SI_Solar,2050,2,13,13,0.0
53078,SI_Solar,2050,2,14,14,0.0
53079,SI_Solar,2050,2,15,15,0.0
53080,SI_Solar,2050,2,16,16,0.0
53081,SI_Solar,2050,2,17,17,0.0
53082,SI_Solar,2050,2,18,18,0.0
53083,SI_Solar,2050,2,19,19,0.0
53084,SI_Solar,2050,2,20,20,0.0
53085,SI_Solar,2050,2,21,21,0.0
53086,SI_Solar,2050,2,22,22,0.0
53087,SI_Solar,2050,2,23,23,0.0
53088,SI_Solar,2050,2,24,24,0.0
53089,SI_Solar,2050,3,1,1,-1.4789999999999999
53090,SI_Solar,2050,3,2,2,-1.4789999999999999
53091,SI_Solar,2050,3,3,3,-1.4789999999999999
53092,SI_Solar,2050,3,4,4,-1.4789999999999999
53093,SI_Solar,2050,3,5,5,-1.4789999999999999
53094,SI_Solar,2050,3,6,6,-0.5133
53095,SI_Solar,2050,3,7,7,-1.4789999999999999
53096,SI_Solar,2050,3,8,8,-1.4789999999999999
53097,SI_Solar,2050,3,9,9,-1.4789999999999999
53098,SI_Solar,2050,3,10,10,-1.4789999999999999
53099,SI_Solar,2050,3,11,11,-1.4789999999999999
53100,SI_Solar,2050,3,12,12,-1.4789999999999999
53101,SI_Solar,2050,3,13,13,-1.4789999999999999
53102,SI_Solar,2050,3,14,14,-1.4789999999999999
53103,SI_Solar,2050,3,15,15,-1.4789999999999999
53104,SI_Solar,2050,3,16,16,-1.4789999999999999
53105,SI_Solar,2050,3,17,17,-13.229065705666336
53106,SI_Solar,2050,3,18,18,-24.741531411332673
53107,SI_Solar,2050,3,19,19,-13.229065705666336
53108,SI_Solar,2050,3,20,20,-13.229065705666336
53109,SI_Solar,2050,3,21,21,-1.4789999999999999
53110,SI_Solar,2050,3,22,22,-1.4789999999999999
53111,SI_Solar,2050,3,23,23,-1.4789999999999999
53112,SI_Solar,2050,3,24,24,-1.4789999999999999
53113,SI_Solar,2050,4,1,1,-0.4071
53114,SI_Solar,2050,4,2,2,0.0
53115,SI_Solar,2050,4,3,3,0.0
53116,SI_Solar,2050,4,4,4,0.0
53117,SI_Solar,2050,4,5,5,0.0
53118,SI_Solar,2050,4,6,6,0.0
53119,SI_Solar,2050,4,7,7,-0.4071
53120,SI_Solar,2050,4,8,8,-0.4071
53121,SI_Solar,2050,4,9,9,-0.4071
53122,SI_Solar,2050,4,10,10,-0.4071
53123,SI_Solar,2050,4,11,11,-0.4071
53124,SI_Solar,2050,4,12,12,-0.4071
53125,SI_Solar,2050,4,13,13,-0.4071
53126,SI_Solar,2050,4,14,14,-0.4071
53127,SI_Solar,2050,4,15,15,-0.4071
53128,SI_Solar,2050,4,16,16,-0.4071
53129,SI_Solar,2050,4,17,17,-0.4071
53130,SI_Solar,2050,4,18,18,-0.4071
53131,SI_Solar,2050,4,19,19,-0.4071
53132,SI_Solar,2050,4,20,20,-0.4071
53133,SI_Solar,2050,4,21,21,-0.4071
53134,SI_Solar,2050,4,22,22,-0.4071
53135,SI_Solar,2050,4,23,23,-0.4071
53136,SI_Solar,2050,4,24,24,-0.4071
53137,SI_Solar,2050,5,1,1,0.0
53138,SI_Solar,2050,5,2,2,0.0
53139,SI_Solar,2050,5,3,3,0.0
53140,SI_Solar,2050,5,4,4,0.0
53141,SI_Solar,2050,5,5,5,0.0
53142,SI_Solar,2050,5,6,6,0.0
53143,SI_Solar,2050,5,7,7,-0.9204
53144,SI_Solar,2050,5,8,8,-0.9204
53145,SI_Solar,2050,5,9,9,-0.9204
53146,SI_Solar,2050,5,10,10,-0.9204
53147,SI_Solar,2050,5,11,11,-0.9204
53148,SI_Solar,2050,5,12,12,-0.9204
53149,SI_Solar,2050,5,13,13,-0.9204
53150,SI_Solar,2050,5,14,14,-0.9204
53151,SI_Solar,2050,5,15,15,-0.9204
53152,SI_Solar,2050,5,16,16,-0.9204
53153,SI_Solar,2050,5,17,17,-0.9204
53154,SI_Solar,2050,5,18,18,-0.9204
53155,SI_Solar,2050,5,19,19,-0.9204
53156,SI_Solar,2050,5,20,20,-0.9204
53157,SI_Solar,2050,5,21,21,-0.9204
53158,SI_Solar,2050,5,22,22,-0.9204
53159,SI_Solar,2050,5,23,23,-0.9204
53160,SI_Solar,2050,5,24,24,0.0
53161,SI_Solar,2050,6,1,1,0.0
53162,SI_Solar,2050,6,2,2,0.0
53163,SI_Solar,2050,6,3,3,0.0
53164,SI_Solar,2050,6,4,4,0.0
53165,SI_Solar,2050,6,5,5,0.0
53166,SI_Solar,2050,6,6,6,0.0
53167,SI_Solar,2050,6,7,7,-0.3186
53168,SI_Solar,2050,6,8,8,-0.3186
53169,SI_Solar,2050,6,9,9,-0.3186
53170,SI_Solar,2050,6,10,10,-0.3186
53171,SI_Solar,2050,6,11,11,-0.3186
53172,SI_Solar,2050,6,12,12,-0.3186
53173,SI_Solar,2050,6,13,13,-0.3186
53174,SI_Solar,2050,6,14,14,0.0
53175,SI_Solar,2050,6,15,15,-0.3186
53176,SI_Solar,2050,6,16,16,-0.3186
53177,SI_Solar,2050,6,17,17,-0.3186
53178,SI_Solar,2050,6,18,18,-0.3186
53179,SI_Solar,2050,6,19,19,-0.3186
53180,SI_Solar,2050,6,20,20,-0.9179999999999999
53181,SI_Solar,2050,6,21,21,-0.3186
53182,SI_Solar,2050,6,22,22,0.0
53183,SI_Solar,2050,6,23,23,0.0
53184,SI_Solar,2050,6,24,24,0.0
53185,SI_Solar,2050,7,1,1,-0.6549
53186,SI_Solar,2050,7,2,2,-0.6549
53187,SI_Solar,2050,7,3,3,-0.6549
53188,SI_Solar,2050,7,4,4,-0.6549
53189,SI_Solar,2050,7,5,5,-0.6549
53190,SI_Solar,2050,7,6,6,-0.6549
53191,SI_Solar,2050,7,7,7,-0.6549
53192,SI_Solar,2050,7,8,8,-0.6549
53193,SI_Solar,2050,7,9,9,-0.6549
53194,SI_Solar,2050,7,10,10,-0.6549
53195,SI_Solar,2050,7,11,11,-0.6549
53196,SI_Solar,2050,7,12,12,-0.6549
53197,SI_Solar,2050,7,13,13,-0.6549
53198,SI_Solar,2050,7,14,14,-0.6549
53199,SI_Solar,2050,7,15,15,-0.6549
53200,SI_Solar,2050,7,16,16,-0.6549
53201,SI_Solar,2050,7,17,17,-0.6549
53202,SI_Solar,2050,7,18,18,-0.6549
53203,SI_Solar,2050,7,19,19,-0.6549
53204,SI_Solar,2050,7,20,20,-0.6549
53205,SI_Solar,2050,7,21,21,-0.6549
53206,SI_Solar,2050,7,22,22,-0.6549
53207,SI_Solar,2050,7,23,23,-0.6549
53208,SI_Solar,2050,7,24,24,-0.6549
53209,SI_Solar,2050,8,1,1,-0.5487
53210,SI_Solar,2050,8,2,2,-0.5487
53211,SI_Solar,2050,8,3,3,-0.5487
53212,SI_Solar,2050,8,4,4,-0.5487
53213,SI_Solar,2050,8,5,5,-0.5487
53214,SI_Solar,2050,8,6,6,-0.5487
53215,SI_Solar,2050,8,7,7,-0.5487
53216,SI_Solar,2050,8,8,8,-0.5487
53217,SI_Solar,2050,8,9,9,-0.5487
53218,SI_Solar,2050,8,10,10,-0.5487
53219,SI_Solar,2050,8,11,11,-0.5487
53220,SI_Solar,2050,8,12,12,-0.5487
53221,SI_Solar,2050,8,13,13,-0.5487
53222,SI_Solar,2050,8,14,14,-0.5487
53223,SI_Solar,2050,8,15,15,-0.5487
53224,SI_Solar,2050,8,16,16,-0.5487
53225,SI_Solar,2050,8,17,17,-0.5487
53226,SI_Solar,2050,8,18,18,-0.5487
53227,SI_Solar,2050,8,19,19,-0.5487
53228,SI_Solar,2050,8,20,20,-0.5487
53229,SI_Solar,2050,8,21,21,-0.5487
53230,SI_Solar,2050,8,22,22,-0.5487
53231,SI_Solar,2050,8,23,23,-0.5487
53232,SI_Solar,2050,8,24,24,-0.5487
53233,SI_Solar,2050,9,1,1,-0.7611
53234,SI_Solar,2050,9,2,2,-0.7611
53235,SI_Solar,2050,9,3,3,-0.7611
53236,SI_Solar,2050,9,4,4,-0.7611
53237,SI_Solar,2050,9,5,5,-0.7611
53238,SI_Solar,2050,9,6,6,-0.7611
53239,SI_Solar,2050,9,7,7,-0.7611
53240,SI_Solar,2050,9,8,8,-0.7611
53241,SI_Solar,2050,9,9,9,-0.7611
53242,SI_Solar,2050,9,10,10,-0.7611
53243,SI_Solar,2050,9,11,11,-0.7611
53244,SI_Solar,2050,9,12,12,-0.7611
53245,SI_Solar,2050,9,13,13,-0.7611
53246,SI_Solar,2050,9,14,14,-0.7611
53247,SI_Solar,2050,9,15,15,-0.7611
53248,SI_Solar,2050,9,16,16,-0.7611
53249,SI_Solar,2050,9,17,17,-0.7611
53250,SI_Solar,2050,9,18,18,-0.7611
53251,SI_Solar,2050,9,19,19,-0.7611
53252,SI_Solar,2050,9,20,20,-0.7611
53253,SI_Solar,2050,9,21,21,-0.7611
53254,SI_Solar,2050,9,22,22,-0.7611
53255,SI_Solar,2050,9,23,23,-0.7611
53256,SI_Solar,2050,9,24,24,-0.7611
53257,SI_Solar,2050,10,1,1,-0.8142
53258,SI_Solar,2050,10,2,2,-0.8142
53259,SI_Solar,2050,10,3,3,-0.8142
53260,SI_Solar,2050,10,4,4,-0.8142
53261,SI_Solar,2050,10,5,5,-0.8142
53262,SI_Solar,2050,10,6,6,-0.8142
53263,SI_Solar,2050,10,7,7,-0.8142
53264,SI_Solar,2050,10,8,8,-0.8142
53265,SI_Solar,2050,10,9,9,-0.8142
53266,SI_Solar,2050,10,10,10,-0.8142
53267,SI_Solar,2050,10,11,11,-0.8142
53268,SI_Solar,2050,10,12,12,-0.8142
53269,SI_Solar,2050,10,13,13,-0.8142
53270,SI_Solar,2050,10,14,14,-0.8142
53271,SI_Solar,2050,10,15,15,-0.8142
53272,SI_Solar,2050,10,16,16,-0.8142
53273,SI_Solar,2050,10,17,17,-0.8142
53274,SI_Solar,2050,10,18,18,-0.8142
53275,SI_Solar,2050,10,19,19,-0.8142
53276,SI_Solar,2050,10,20,20,-0.8142
53277,SI_Solar,2050,10,21,21,-0.8142
53278,SI_Solar,2050,10,22,22,-0.8142
53279,SI_Solar,2050,10,23,23,-0.8142
53280,SI_Solar,2050,10,24,24,-0.8142
53281,SI_Wind_Offshore,2050,1,1,1,-0.9381
53282,SI_Wind_Offshore,2050,1,2,2,-0.9381
53283,SI_Wind_Offshore,2050,1,3,3,-0.9381
53284,SI_Wind_Offshore,2050,1,4,4,-0.9381
53285,SI_Wind_Offshore,2050,1,5,5,-0.9381
53286,SI_Wind_Offshore,2050,1,6,6,-0.9381
53287,SI_Wind_Offshore,2050,1,7,7,-0.9381
53288,SI_Wind_Offshore,2050,1,8,8,-0.9381
53289,SI_Wind_Offshore,2050,1,9,9,-0.9381
53290,SI_Wind_Offshore,2050,1,10,10,-0.9381
53291,SI_Wind_Offshore,2050,1,11,11,-0.9381
53292,SI_Wind_Offshore,2050,1,12,12,-0.9381
53293,SI_Wind_Offshore,2050,1,13,13,-0.9381
53294,SI_Wind_Offshore,2050,1,14,14,-0.9381
53295,SI_Wind_Offshore,2050,1,15,15,-0.9381
53296,SI_Wind_Offshore,2050,1,16,16,-0.9381
53297,SI_Wind_Offshore,2050,1,17,17,-0.9381
53298,SI_Wind_Offshore,2050,1,18,18,-0.9381
53299,SI_Wind_Offshore,2050,1,19,19,-0.9381
53300,SI_Wind_Offshore,2050,1,20,20,-0.9381
53301,SI_Wind_Offshore,2050,1,21,21,-0.9381
53302,SI_Wind_Offshore,2050,1,22,22,-0.9381
53303,SI_Wind_Offshore,2050,1,23,23,-0.9381
53304,SI_Wind_Offshore,2050,1,24,24,-0.9381
53305,SI_Wind_Offshore,2050,2,1,1,0.0
53306,SI_Wind_Offshore,2050,2,2,2,0.0
53307,SI_Wind_Offshore,2050,2,3,3,0.0
53308,SI_Wind_Offshore,2050,2,4,4,0.0
53309,SI_Wind_Offshore,2050,2,5,5,0.0
53310,SI_Wind_Offshore,2050,2,6,6,0.0
53311,SI_Wind_Offshore,2050,2,7,7,0.0
53312,SI_Wind_Offshore,2050,2,8,8,0.0
53313,SI_Wind_Offshore,2050,2,9,9,0.0
53314,SI_Wind_Offshore,2050,2,10,10,0.0
53315,SI_Wind_Offshore,2050,2,11,11,0.0
53316,SI_Wind_Offshore,2050,2,12,12,0.0
53317,SI_Wind_Offshore,2050,2,13,13,0.0
53318,SI_Wind_Offshore,2050,2,14,14,0.0
53319,SI_Wind_Offshore,2050,2,15,15,0.0
53320,SI_Wind_Offshore,2050,2,16,16,0.0
53321,SI_Wind_Offshore,2050,2,17,17,0.0
53322,SI_Wind_Offshore,2050,2,18,18,0.0
53323,SI_Wind_Offshore,2050,2,19,19,0.0
53324,SI_Wind_Offshore,2050,2,20,20,0.0
53325,SI_Wind_Offshore,2050,2,21,21,0.0
53326,SI_Wind_Offshore,2050,2,22,22,0.0
53327,SI_Wind_Offshore,2050,2,23,23,0.0
53328,SI_Wind_Offshore,2050,2,24,24,0.0
53329,SI_Wind_Offshore,2050,3,1,1,-1.4789999999999999
53330,SI_Wind_Offshore,2050,3,2,2,-1.4789999999999999
53331,SI_Wind_Offshore,2050,3,3,3,-1.4789999999999999
53332,SI_Wind_Offshore,2050,3,4,4,-1.4789999999999999
53333,SI_Wind_Offshore,2050,3,5,5,-1.4789999999999999
53334,SI_Wind_Offshore,2050,3,6,6,-0.5133
53335,SI_Wind_Offshore,2050,3,7,7,-1.4789999999999999
53336,SI_Wind_Offshore,2050,3,8,8,-1.4789999999999999
53337,SI_Wind_Offshore,2050,3,9,9,-1.4789999999999999
53338,SI_Wind_Offshore,2050,3,10,10,-1.4789999999999999
53339,SI_Wind_Offshore,2050,3,11,11,-1.4789999999999999
53340,SI_Wind_Offshore,2050,3,12,12,-1.4789999999999999
53341,SI_Wind_Offshore,2050,3,13,13,-1.4789999999999999
53342,SI_Wind_Offshore,2050,3,14,14,-1.4789999999999999
53343,SI_Wind_Offshore,2050,3,15,15,-1.4789999999999999
53344,SI_Wind_Offshore,2050,3,16,16,-1.4789999999999999
53345,SI_Wind_Offshore,2050,3,17,17,-13.229065705666336
53346,SI_Wind_Offshore,2050,3,18,18,-24.741531411332673
53347,SI_Wind_Offshore,2050,3,19,19,-13.229065705666336
53348,SI_Wind_Offshore,2050,3,20,20,-13.229065705666336
53349,SI_Wind_Offshore,2050,3,21,21,-1.4789999999999999
53350,SI_Wind_Offshore,2050,3,22,22,-1.4789999999999999
53351,SI_Wind_Offshore,2050,3,23,23,-1.4789999999999999
53352,SI_Wind_Offshore,2050,3,24,24,-1.4789999999999999
53353,SI_Wind_Offshore,2050,4,1,1,-0.4071
53354,SI_Wind_Offshore,2050,4,2,2,0.0
53355,SI_Wind_Offshore,2050,4,3,3,0.0
53356,SI_Wind_Offshore,2050,4,4,4,0.0
53357,SI_Wind_Offshore,2050,4,5,5,0.0
53358,SI_Wind_Offshore,2050,4,6,6,0.0
53359,SI_Wind_Offshore,2050,4,7,7,-0.4071
53360,SI_Wind_Offshore,2050,4,8,8,-0.4071
53361,SI_Wind_Offshore,2050,4,9,9,-0.4071
53362,SI_Wind_Offshore,2050,4,10,10,-0.4071
53363,SI_Wind_Offshore,2050,4,11,11,-0.4071
53364,SI_Wind_Offshore,2050,4,12,12,-0.4071
53365,SI_Wind_Offshore,2050,4,13,13,-0.4071
53366,SI_Wind_Offshore,2050,4,14,14,-0.4071
53367,SI_Wind_Offshore,2050,4,15,15,-0.4071
53368,SI_Wind_Offshore,2050,4,16,16,-0.4071
53369,SI_Wind_Offshore,2050,4,17,17,-0.4071
53370,SI_Wind_Offshore,2050,4,18,18,-0.4071
53371,SI_Wind_Offshore,2050,4,19,19,-0.4071
53372,SI_Wind_Offshore,2050,4,20,20,-0.4071
53373,SI_Wind_Offshore,2050,4,21,21,-0.4071
53374,SI_Wind_Offshore,2050,4,22,22,-0.4071
53375,SI_Wind_Offshore,2050,4,23,23,-0.4071
53376,SI_Wind_Offshore,2050,4,24,24,-0.4071
53377,SI_Wind_Offshore,2050,5,1,1,0.0
53378,SI_Wind_Offshore,2050,5,2,2,0.0
53379,SI_Wind_Offshore,2050,5,3,3,0.0
53380,SI_Wind_Offshore,2050,5,4,4,0.0
53381,SI_Wind_Offshore,2050,5,5,5,0.0
53382,SI_Wind_Offshore,2050,5,6,6,0.0
53383,SI_Wind_Offshore,2050,5,7,7,-0.9204
53384,SI_Wind_Offshore,2050,5,8,8,-0.9204
53385,SI_Wind_Offshore,2050,5,9,9,-0.9204
53386,SI_Wind_Offshore,2050,5,10,10,-0.9204
53387,SI_Wind_Offshore,2050,5,11,11,-0.9204
53388,SI_Wind_Offshore,2050,5,12,12,-0.9204
53389,SI_Wind_Offshore,2050,5,13,13,-0.9204
53390,SI_Wind_Offshore,2050,5,14,14,-0.9204
53391,SI_Wind_Offshore,2050,5,15,15,-0.9204
53392,SI_Wind_Offshore,2050,5,16,16,-0.9204
53393,SI_Wind_Offshore,2050,5,17,17,-0.9204
53394,SI_Wind_Offshore,2050,5,18,18,-0.9204
53395,SI_Wind_Offshore,2050,5,19,19,-0.9204
53396,SI_Wind_Offshore,2050,5,20,20,-0.9204
53397,SI_Wind_Offshore,2050,5,21,21,-0.9204
53398,SI_Wind_Offshore,2050,5,22,22,-0.9204
53399,SI_Wind_Offshore,2050,5,23,23,-0.9204
53400,SI_Wind_Offshore,2050,5,24,24,0.0
53401,SI_Wind_Offshore,2050,6,1,1,0.0
53402,SI_Wind_Offshore,2050,6,2,2,0.0
53403,SI_Wind_Offshore,2050,6,3,3,0.0
53404,SI_Wind_Offshore,2050,6,4,4,0.0
53405,SI_Wind_Offshore,2050,6,5,5,0.0
53406,SI_Wind_Offshore,2050,6,6,6,0.0
53407,SI_Wind_Offshore,2050,6,7,7,-0.3186
53408,SI_Wind_Offshore,2050,6,8,8,-0.3186
53409,SI_Wind_Offshore,2050,6,9,9,-0.3186
53410,SI_Wind_Offshore,2050,6,10,10,-0.3186
53411,SI_Wind_Offshore,2050,6,11,11,-0.3186
53412,SI_Wind_Offshore,2050,6,12,12,-0.3186
53413,SI_Wind_Offshore,2050,6,13,13,-0.3186
53414,SI_Wind_Offshore,2050,6,14,14,0.0
53415,SI_Wind_Offshore,2050,6,15,15,-0.3186
53416,SI_Wind_Offshore,2050,6,16,16,-0.3186
53417,SI_Wind_Offshore,2050,6,17,17,-0.3186
53418,SI_Wind_Offshore,2050,6,18,18,-0.3186
53419,SI_Wind_Offshore,2050,6,19,19,-0.3186
53420,SI_Wind_Offshore,2050,6,20,20,-0.9179999999999999
53421,SI_Wind_Offshore,2050,6,21,21,-0.3186
53422,SI_Wind_Offshore,2050,6,22,22,0.0
53423,SI_Wind_Offshore,2050,6,23,23,0.0
53424,SI_Wind_Offshore,2050,6,24,24,0.0
53425,SI_Wind_Offshore,2050,7,1,1,-0.6549
53426,SI_Wind_Offshore,2050,7,2,2,-0.6549
53427,SI_Wind_Offshore,2050,7,3,3,-0.6549
53428,SI_Wind_Offshore,2050,7,4,4,-0.6549
53429,SI_Wind_Offshore,2050,7,5,5,-0.6549
53430,SI_Wind_Offshore,2050,7,6,6,-0.6549
53431,SI_Wind_Offshore,2050,7,7,7,-0.6549
53432,SI_Wind_Offshore,2050,7,8,8,-0.6549
53433,SI_Wind_Offshore,2050,7,9,9,-0.6549
53434,SI_Wind_Offshore,2050,7,10,10,-0.6549
53435,SI_Wind_Offshore,2050,7,11,11,-0.6549
53436,SI_Wind_Offshore,2050,7,12,12,-0.6549
53437,SI_Wind_Offshore,2050,7,13,13,-0.6549
53438,SI_Wind_Offshore,2050,7,14,14,-0.6549
53439,SI_Wind_Offshore,2050,7,15,15,-0.6549
53440,SI_Wind_Offshore,2050,7,16,16,-0.6549
53441,SI_Wind_Offshore,2050,7,17,17,-0.6549
53442,SI_Wind_Offshore,2050,7,18,18,-0.6549
53443,SI_Wind_Offshore,2050,7,19,19,-0.6549
53444,SI_Wind_Offshore,2050,7,20,20,-0.6549
53445,SI_Wind_Offshore,2050,7,21,21,-0.6549
53446,SI_Wind_Offshore,2050,7,22,22,-0.6549
53447,SI_Wind_Offshore,2050,7,23,23,-0.6549
53448,SI_Wind_Offshore,2050,7,24,24,-0.6549
53449,SI_Wind_Offshore,2050,8,1,1,-0.5487
53450,SI_Wind_Offshore,2050,8,2,2,-0.5487
53451,SI_Wind_Offshore,2050,8,3,3,-0.5487
53452,SI_Wind_Offshore,2050,8,4,4,-0.5487
53453,SI_Wind_Offshore,2050,8,5,5,-0.5487
53454,SI_Wind_Offshore,2050,8,6,6,-0.5487
53455,SI_Wind_Offshore,2050,8,7,7,-0.5487
53456,SI_Wind_Offshore,2050,8,8,8,-0.5487
53457,SI_Wind_Offshore,2050,8,9,9,-0.5487
53458,SI_Wind_Offshore,2050,8,10,10,-0.5487
53459,SI_Wind_Offshore,2050,8,11,11,-0.5487
53460,SI_Wind_Offshore,2050,8,12,12,-0.5487
53461,SI_Wind_Offshore,2050,8,13,13,-0.5487
53462,SI_Wind_Offshore,2050,8,14,14,-0.5487
53463,SI_Wind_Offshore,2050,8,15,15,-0.5487
53464,SI_Wind_Offshore,2050,8,16,16,-0.5487
53465,SI_Wind_Offshore,2050,8,17,17,-0.5487
53466,SI_Wind_Offshore,2050,8,18,18,-0.5487
53467,SI_Wind_Offshore,2050,8,19,19,-0.5487
53468,SI_Wind_Offshore,2050,8,20,20,-0.5487
53469,SI_Wind_Offshore,2050,8,21,21,-0.5487
53470,SI_Wind_Offshore,2050,8,22,22,-0.5487
53471,SI_Wind_Offshore,2050,8,23,23,-0.5487
53472,SI_Wind_Offshore,2050,8,24,24,-0.5487
53473,SI_Wind_Offshore,2050,9,1,1,-0.7611
53474,SI_Wind_Offshore,2050,9,2,2,-0.7611
53475,SI_Wind_Offshore,2050,9,3,3,-0.7611
53476,SI_Wind_Offshore,2050,9,4,4,-0.7611
53477,SI_Wind_Offshore,2050,9,5,5,-0.7611
53478,SI_Wind_Offshore,2050,9,6,6,-0.7611
53479,SI_Wind_Offshore,2050,9,7,7,-0.7611
53480,SI_Wind_Offshore,2050,9,8,8,-0.7611
53481,SI_Wind_Offshore,2050,9,9,9,-0.7611
53482,SI_Wind_Offshore,2050,9,10,10,-0.7611
53483,SI_Wind_Offshore,2050,9,11,11,-0.7611
53484,SI_Wind_Offshore,2050,9,12,12,-0.7611
53485,SI_Wind_Offshore,2050,9,13,13,-0.7611
53486,SI_Wind_Offshore,2050,9,14,14,-0.7611
53487,SI_Wind_Offshore,2050,9,15,15,-0.7611
53488,SI_Wind_Offshore,2050,9,16,16,-0.7611
53489,SI_Wind_Offshore,2050,9,17,17,-0.7611
53490,SI_Wind_Offshore,2050,9,18,18,-0.7611
53491,SI_Wind_Offshore,2050,9,19,19,-0.7611
53492,SI_Wind_Offshore,2050,9,20,20,-0.7611
53493,SI_Wind_Offshore,2050,9,21,21,-0.7611
53494,SI_Wind_Offshore,2050,9,22,22,-0.7611
53495,SI_Wind_Offshore,2050,9,23,23,-0.7611
53496,SI_Wind_Offshore,2050,9,24,24,-0.7611
53497,SI_Wind_Offshore,2050,10,1,1,-0.8142
53498,SI_Wind_Offshore,2050,10,2,2,-0.8142
53499,SI_Wind_Offshore,2050,10,3,3,-0.8142
53500,SI_Wind_Offshore,2050,10,4,4,-0.8142
53501,SI_Wind_Offshore,2050,10,5,5,-0.8142
53502,SI_Wind_Offshore,2050,10,6,6,-0.8142
53503,SI_Wind_Offshore,2050,10,7,7,-0.8142
53504,SI_Wind_Offshore,2050,10,8,8,-0.8142
53505,SI_Wind_Offshore,2050,10,9,9,-0.8142
53506,SI_Wind_Offshore,2050,10,10,10,-0.8142
53507,SI_Wind_Offshore,2050,10,11,11,-0.8142
53508,SI_Wind_Offshore,2050,10,12,12,-0.8142
53509,SI_Wind_Offshore,2050,10,13,13,-0.8142
53510,SI_Wind_Offshore,2050,10,14,14,-0.8142
53511,SI_Wind_Offshore,2050,10,15,15,-0.8142
53512,SI_Wind_Offshore,2050,10,16,16,-0.8142
53513,SI_Wind_Offshore,2050,10,17,17,-0.8142
53514,SI_Wind_Offshore,2050,10,18,18,-0.8142
53515,SI_Wind_Offshore,2050,10,19,19,-0.8142
53516,SI_Wind_Offshore,2050,10,20,20,-0.8142
53517,SI_Wind_Offshore,2050,10,21,21,-0.8142
53518,SI_Wind_Offshore,2050,10,22,22,-0.8142
53519,SI_Wind_Offshore,2050,10,23,23,-0.8142
53520,SI_Wind_Offshore,2050,10,24,24,-0.8142
53521,SI_Wind_Onshore,2050,1,1,1,-0.9381
53522,SI_Wind_Onshore,2050,1,2,2,-0.9381
53523,SI_Wind_Onshore,2050,1,3,3,-0.9381
53524,SI_Wind_Onshore,2050,1,4,4,-0.9381
53525,SI_Wind_Onshore,2050,1,5,5,-0.9381
53526,SI_Wind_Onshore,2050,1,6,6,-0.9381
53527,SI_Wind_Onshore,2050,1,7,7,-0.9381
53528,SI_Wind_Onshore,2050,1,8,8,-0.9381
53529,SI_Wind_Onshore,2050,1,9,9,-0.9381
53530,SI_Wind_Onshore,2050,1,10,10,-0.9381
53531,SI_Wind_Onshore,2050,1,11,11,-0.9381
53532,SI_Wind_Onshore,2050,1,12,12,-0.9381
53533,SI_Wind_Onshore,2050,1,13,13,-0.9381
53534,SI_Wind_Onshore,2050,1,14,14,-0.9381
53535,SI_Wind_Onshore,2050,1,15,15,-0.9381
53536,SI_Wind_Onshore,2050,1,16,16,-0.9381
53537,SI_Wind_Onshore,2050,1,17,17,-0.9381
53538,SI_Wind_Onshore,2050,1,18,18,-0.9381
53539,SI_Wind_Onshore,2050,1,19,19,-0.9381
53540,SI_Wind_Onshore,2050,1,20,20,-0.9381
53541,SI_Wind_Onshore,2050,1,21,21,-0.9381
53542,SI_Wind_Onshore,2050,1,22,22,-0.9381
53543,SI_Wind_Onshore,2050,1,23,23,-0.9381
53544,SI_Wind_Onshore,2050,1,24,24,-0.9381
53545,SI_Wind_Onshore,2050,2,1,1,0.0
53546,SI_Wind_Onshore,2050,2,2,2,0.0
53547,SI_Wind_Onshore,2050,2,3,3,0.0
53548,SI_Wind_Onshore,2050,2,4,4,0.0
53549,SI_Wind_Onshore,2050,2,5,5,0.0
53550,SI_Wind_Onshore,2050,2,6,6,0.0
53551,SI_Wind_Onshore,2050,2,7,7,0.0
53552,SI_Wind_Onshore,2050,2,8,8,0.0
53553,SI_Wind_Onshore,2050,2,9,9,0.0
53554,SI_Wind_Onshore,2050,2,10,10,0.0
53555,SI_Wind_Onshore,2050,2,11,11,0.0
53556,SI_Wind_Onshore,2050,2,12,12,0.0
53557,SI_Wind_Onshore,2050,2,13,13,0.0
53558,SI_Wind_Onshore,2050,2,14,14,0.0
53559,SI_Wind_Onshore,2050,2,15,15,0.0
53560,SI_Wind_Onshore,2050,2,16,16,0.0
53561,SI_Wind_Onshore,2050,2,17,17,0.0
53562,SI_Wind_Onshore,2050,2,18,18,0.0
53563,SI_Wind_Onshore,2050,2,19,19,0.0
53564,SI_Wind_Onshore,2050,2,20,20,0.0
53565,SI_Wind_Onshore,2050,2,21,21,0.0
53566,SI_Wind_Onshore,2050,2,22,22,0.0
53567,SI_Wind_Onshore,2050,2,23,23,0.0
53568,SI_Wind_Onshore,2050,2,24,24,0.0
53569,SI_Wind_Onshore,2050,3,1,1,-1.4789999999999999
53570,SI_Wind_Onshore,2050,3,2,2,-1.4789999999999999
53571,SI_Wind_Onshore,2050,3,3,3,-1.4789999999999999
53572,SI_Wind_Onshore,2050,3,4,4,-1.4789999999999999
53573,SI_Wind_Onshore,2050,3,5,5,-1.4789999999999999
53574,SI_Wind_Onshore,2050,3,6,6,-0.5133
53575,SI_Wind_Onshore,2050,3,7,7,-1.4789999999999999
53576,SI_Wind_Onshore,2050,3,8,8,-1.4789999999999999
53577,SI_Wind_Onshore,2050,3,9,9,-1.4789999999999999
53578,SI_Wind_Onshore,2050,3,10,10,-1.4789999999999999
53579,SI_Wind_Onshore,2050,3,11,11,-1.4789999999999999
53580,SI_Wind_Onshore,2050,3,12,12,-1.4789999999999999
53581,SI_Wind_Onshore,2050,3,13,13,-1.4789999999999999
53582,SI_Wind_Onshore,2050,3,14,14,-1.4789999999999999
53583,SI_Wind_Onshore,2050,3,15,15,-1.4789999999999999
53584,SI_Wind_Onshore,2050,3,16,16,-1.4789999999999999
53585,SI_Wind_Onshore,2050,3,17,17,-13.229065705666336
53586,SI_Wind_Onshore,2050,3,18,18,-24.741531411332673
53587,SI_Wind_Onshore,2050,3,19,19,-13.229065705666336
53588,SI_Wind_Onshore,2050,3,20,20,-13.229065705666336
53589,SI_Wind_Onshore,2050,3,21,21,-1.4789999999999999
53590,SI_Wind_Onshore,2050,3,22,22,-1.4789999999999999
53591,SI_Wind_Onshore,2050,3,23,23,-1.4789999999999999
53592,SI_Wind_Onshore,2050,3,24,24,-1.4789999999999999
53593,SI_Wind_Onshore,2050,4,1,1,-0.4071
53594,SI_Wind_Onshore,2050,4,2,2,0.0
53595,SI_Wind_Onshore,2050,4,3,3,0.0
53596,SI_Wind_Onshore,2050,4,4,4,0.0
53597,SI_Wind_Onshore,2050,4,5,5,0.0
53598,SI_Wind_Onshore,2050,4,6,6,0.0
53599,SI_Wind_Onshore,2050,4,7,7,-0.4071
53600,SI_Wind_Onshore,2050,4,8,8,-0.4071
53601,SI_Wind_Onshore,2050,4,9,9,-0.4071
53602,SI_Wind_Onshore,2050,4,10,10,-0.4071
53603,SI_Wind_Onshore,2050,4,11,11,-0.4071
53604,SI_Wind_Onshore,2050,4,12,12,-0.4071
53605,SI_Wind_Onshore,2050,4,13,13,-0.4071
53606,SI_Wind_Onshore,2050,4,14,14,-0.4071
53607,SI_Wind_Onshore,2050,4,15,15,-0.4071
53608,SI_Wind_Onshore,2050,4,16,16,-0.4071
53609,SI_Wind_Onshore,2050,4,17,17,-0.4071
53610,SI_Wind_Onshore,2050,4,18,18,-0.4071
53611,SI_Wind_Onshore,2050,4,19,19,-0.4071
53612,SI_Wind_Onshore,2050,4,20,20,-0.4071
53613,SI_Wind_Onshore,2050,4,21,21,-0.4071
53614,SI_Wind_Onshore,2050,4,22,22,-0.4071
53615,SI_Wind_Onshore,2050,4,23,23,-0.4071
53616,SI_Wind_Onshore,2050,4,24,24,-0.4071
53617,SI_Wind_Onshore,2050,5,1,1,0.0
53618,SI_Wind_Onshore,2050,5,2,2,0.0
53619,SI_Wind_Onshore,2050,5,3,3,0.0
53620,SI_Wind_Onshore,2050,5,4,4,0.0
53621,SI_Wind_Onshore,2050,5,5,5,0.0
53622,SI_Wind_Onshore,2050,5,6,6,0.0
53623,SI_Wind_Onshore,2050,5,7,7,-0.9204
53624,SI_Wind_Onshore,2050,5,8,8,-0.9204
53625,SI_Wind_Onshore,2050,5,9,9,-0.9204
53626,SI_Wind_Onshore,2050,5,10,10,-0.9204
53627,SI_Wind_Onshore,2050,5,11,11,-0.9204
53628,SI_Wind_Onshore,2050,5,12,12,-0.9204
53629,SI_Wind_Onshore,2050,5,13,13,-0.9204
53630,SI_Wind_Onshore,2050,5,14,14,-0.9204
53631,SI_Wind_Onshore,2050,5,15,15,-0.9204
53632,SI_Wind_Onshore,2050,5,16,16,-0.9204
53633,SI_Wind_Onshore,2050,5,17,17,-0.9204
53634,SI_Wind_Onshore,2050,5,18,18,-0.9204
53635,SI_Wind_Onshore,2050,5,19,19,-0.9204
53636,SI_Wind_Onshore,2050,5,20,20,-0.9204
53637,SI_Wind_Onshore,2050,5,21,21,-0.9204
53638,SI_Wind_Onshore,2050,5,22,22,-0.9204
53639,SI_Wind_Onshore,2050,5,23,23,-0.9204
53640,SI_Wind_Onshore,2050,5,24,24,0.0
53641,SI_Wind_Onshore,2050,6,1,1,0.0
53642,SI_Wind_Onshore,2050,6,2,2,0.0
53643,SI_Wind_Onshore,2050,6,3,3,0.0
53644,SI_Wind_Onshore,2050,6,4,4,0.0
53645,SI_Wind_Onshore,2050,6,5,5,0.0
53646,SI_Wind_Onshore,2050,6,6,6,0.0
53647,SI_Wind_Onshore,2050,6,7,7,-0.3186
53648,SI_Wind_Onshore,2050,6,8,8,-0.3186
53649,SI_Wind_Onshore,2050,6,9,9,-0.3186
53650,SI_Wind_Onshore,2050,6,10,10,-0.3186
53651,SI_Wind_Onshore,2050,6,11,11,-0.3186
53652,SI_Wind_Onshore,2050,6,12,12,-0.3186
53653,SI_Wind_Onshore,2050,6,13,13,-0.3186
53654,SI_Wind_Onshore,2050,6,14,14,0.0
53655,SI_Wind_Onshore,2050,6,15,15,-0.3186
53656,SI_Wind_Onshore,2050,6,16,16,-0.3186
53657,SI_Wind_Onshore,2050,6,17,17,-0.3186
53658,SI_Wind_Onshore,2050,6,18,18,-0.3186
53659,SI_Wind_Onshore,2050,6,19,19,-0.3186
53660,SI_Wind_Onshore,2050,6,20,20,-0.9179999999999999
53661,SI_Wind_Onshore,2050,6,21,21,-0.3186
53662,SI_Wind_Onshore,2050,6,22,22,0.0
53663,SI_Wind_Onshore,2050,6,23,23,0.0
53664,SI_Wind_Onshore,2050,6,24,24,0.0
53665,SI_Wind_Onshore,2050,7,1,1,-0.6549
53666,SI_Wind_Onshore,2050,7,2,2,-0.6549
53667,SI_Wind_Onshore,2050,7,3,3,-0.6549
53668,SI_Wind_Onshore,2050,7,4,4,-0.6549
53669,SI_Wind_Onshore,2050,7,5,5,-0.6549
53670,SI_Wind_Onshore,2050,7,6,6,-0.6549
53671,SI_Wind_Onshore,2050,7,7,7,-0.6549
53672,SI_Wind_Onshore,2050,7,8,8,-0.6549
53673,SI_Wind_Onshore,2050,7,9,9,-0.6549
53674,SI_Wind_Onshore,2050,7,10,10,-0.6549
53675,SI_Wind_Onshore,2050,7,11,11,-0.6549
53676,SI_Wind_Onshore,2050,7,12,12,-0.6549
53677,SI_Wind_Onshore,2050,7,13,13,-0.6549
53678,SI_Wind_Onshore,2050,7,14,14,-0.6549
53679,SI_Wind_Onshore,2050,7,15,15,-0.6549
53680,SI_Wind_Onshore,2050,7,16,16,-0.6549
53681,SI_Wind_Onshore,2050,7,17,17,-0.6549
53682,SI_Wind_Onshore,2050,7,18,18,-0.6549
53683,SI_Wind_Onshore,2050,7,19,19,-0.6549
53684,SI_Wind_Onshore,2050,7,20,20,-0.6549
53685,SI_Wind_Onshore,2050,7,21,21,-0.6549
53686,SI_Wind_Onshore,2050,7,22,22,-0.6549
53687,SI_Wind_Onshore,2050,7,23,23,-0.6549
53688,SI_Wind_Onshore,2050,7,24,24,-0.6549
53689,SI_Wind_Onshore,2050,8,1,1,-0.5487
53690,SI_Wind_Onshore,2050,8,2,2,-0.5487
53691,SI_Wind_Onshore,2050,8,3,3,-0.5487
53692,SI_Wind_Onshore,2050,8,4,4,-0.5487
53693,SI_Wind_Onshore,2050,8,5,5,-0.5487
53694,SI_Wind_Onshore,2050,8,6,6,-0.5487
53695,SI_Wind_Onshore,2050,8,7,7,-0.5487
53696,SI_Wind_Onshore,2050,8,8,8,-0.5487
53697,SI_Wind_Onshore,2050,8,9,9,-0.5487
53698,SI_Wind_Onshore,2050,8,10,10,-0.5487
53699,SI_Wind_Onshore,2050,8,11,11,-0.5487
53700,SI_Wind_Onshore,2050,8,12,12,-0.5487
53701,SI_Wind_Onshore,2050,8,13,13,-0.5487
53702,SI_Wind_Onshore,2050,8,14,14,-0.5487
53703,SI_Wind_Onshore,2050,8,15,15,-0.5487
53704,SI_Wind_Onshore,2050,8,16,16,-0.5487
53705,SI_Wind_Onshore,2050,8,17,17,-0.5487
53706,SI_Wind_Onshore,2050,8,18,18,-0.5487
53707,SI_Wind_Onshore,2050,8,19,19,-0.5487
53708,SI_Wind_Onshore,2050,8,20,20,-0.5487
53709,SI_Wind_Onshore,2050,8,21,21,-0.5487
53710,SI_Wind_Onshore,2050,8,22,22,-0.5487
53711,SI_Wind_Onshore,2050,8,23,23,-0.5487
53712,SI_Wind_Onshore,2050,8,24,24,-0.5487
53713,SI_Wind_Onshore,2050,9,1,1,-0.7611
53714,SI_Wind_Onshore,2050,9,2,2,-0.7611
53715,SI_Wind_Onshore,2050,9,3,3,-0.7611
53716,SI_Wind_Onshore,2050,9,4,4,-0.7611
53717,SI_Wind_Onshore,2050,9,5,5,-0.7611
53718,SI_Wind_Onshore,2050,9,6,6,-0.7611
53719,SI_Wind_Onshore,2050,9,7,7,-0.7611
53720,SI_Wind_Onshore,2050,9,8,8,-0.7611
53721,SI_Wind_Onshore,2050,9,9,9,-0.7611
53722,SI_Wind_Onshore,2050,9,10,10,-0.7611
53723,SI_Wind_Onshore,2050,9,11,11,-0.7611
53724,SI_Wind_Onshore,2050,9,12,12,-0.7611
53725,SI_Wind_Onshore,2050,9,13,13,-0.7611
53726,SI_Wind_Onshore,2050,9,14,14,-0.7611
53727,SI_Wind_Onshore,2050,9,15,15,-0.7611
53728,SI_Wind_Onshore,2050,9,16,16,-0.7611
53729,SI_Wind_Onshore,2050,9,17,17,-0.7611
53730,SI_Wind_Onshore,2050,9,18,18,-0.7611
53731,SI_Wind_Onshore,2050,9,19,19,-0.7611
53732,SI_Wind_Onshore,2050,9,20,20,-0.7611
53733,SI_Wind_Onshore,2050,9,21,21,-0.7611
53734,SI_Wind_Onshore,2050,9,22,22,-0.7611
53735,SI_Wind_Onshore,2050,9,23,23,-0.7611
53736,SI_Wind_Onshore,2050,9,24,24,-0.7611
53737,SI_Wind_Onshore,2050,10,1,1,-0.8142
53738,SI_Wind_Onshore,2050,10,2,2,-0.8142
53739,SI_Wind_Onshore,2050,10,3,3,-0.8142
53740,SI_Wind_Onshore,2050,10,4,4,-0.8142
53741,SI_Wind_Onshore,2050,10,5,5,-0.8142
53742,SI_Wind_Onshore,2050,10,6,6,-0.8142
53743,SI_Wind_Onshore,2050,10,7,7,-0.8142
53744,SI_Wind_Onshore,2050,10,8,8,-0.8142
53745,SI_Wind_Onshore,2050,10,9,9,-0.8142
53746,SI_Wind_Onshore,2050,10,10,10,-0.8142
53747,SI_Wind_Onshore,2050,10,11,11,-0.8142
53748,SI_Wind_Onshore,2050,10,12,12,-0.8142
53749,SI_Wind_Onshore,2050,10,13,13,-0.8142
53750,SI_Wind_Onshore,2050,10,14,14,-0.8142
53751,SI_Wind_Onshore,2050,10,15,15,-0.8142
53752,SI_Wind_Onshore,2050,10,16,16,-0.8142
53753,SI_Wind_Onshore,2050,10,17,17,-0.8142
53754,SI_Wind_Onshore,2050,10,18,18,-0.8142
53755,SI_Wind_Onshore,2050,10,19,19,-0.8142
53756,SI_Wind_Onshore,2050,10,20,20,-0.8142
53757,SI_Wind_Onshore,2050,10,21,21,-0.8142
53758,SI_Wind_Onshore,2050,10,22,22,-0.8142
53759,SI_Wind_Onshore,2050,10,23,23,-0.8142
53760,SI_Wind_Onshore,2050,10,24,24,-0.8142
53761,SK_Battery,2050,1,1,1,0.0
53762,SK_Battery,2050,1,2,2,0.0
53763,SK_Battery,2050,1,3,3,0.0
53764,SK_Battery,2050,1,4,4,0.0
53765,SK_Battery,2050,1,5,5,0.0
53766,SK_Battery,2050,1,6,6,0.0
53767,SK_Battery,2050,1,7,7,0.0
53768,SK_Battery,2050,1,8,8,0.0
53769,SK_Battery,2050,1,9,9,0.0
53770,SK_Battery,2050,1,10,10,0.0
53771,SK_Battery,2050,1,11,11,0.0
53772,SK_Battery,2050,1,12,12,0.0
53773,SK_Battery,2050,1,13,13,0.0
53774,SK_Battery,2050,1,14,14,0.0
53775,SK_Battery,2050,1,15,15,0.0
53776,SK_Battery,2050,1,16,16,0.0
53777,SK_Battery,2050,1,17,17,0.0
53778,SK_Battery,2050,1,18,18,0.0
53779,SK_Battery,2050,1,19,19,0.0
53780,SK_Battery,2050,1,20,20,0.0
53781,SK_Battery,2050,1,21,21,0.0
53782,SK_Battery,2050,1,22,22,0.0
53783,SK_Battery,2050,1,23,23,0.0
53784,SK_Battery,2050,1,24,24,0.0
53785,SK_Battery,2050,2,1,1,0.0
53786,SK_Battery,2050,2,2,2,0.0
53787,SK_Battery,2050,2,3,3,0.0
53788,SK_Battery,2050,2,4,4,0.0
53789,SK_Battery,2050,2,5,5,0.0
53790,SK_Battery,2050,2,6,6,0.0
53791,SK_Battery,2050,2,7,7,0.0
53792,SK_Battery,2050,2,8,8,0.0
53793,SK_Battery,2050,2,9,9,0.0
53794,SK_Battery,2050,2,10,10,0.0
53795,SK_Battery,2050,2,11,11,0.0
53796,SK_Battery,2050,2,12,12,0.0
53797,SK_Battery,2050,2,13,13,0.0
53798,SK_Battery,2050,2,14,14,0.0
53799,SK_Battery,2050,2,15,15,0.0
53800,SK_Battery,2050,2,16,16,0.0
53801,SK_Battery,2050,2,17,17,0.0
53802,SK_Battery,2050,2,18,18,0.0
53803,SK_Battery,2050,2,19,19,0.0
53804,SK_Battery,2050,2,20,20,0.0
53805,SK_Battery,2050,2,21,21,0.0
53806,SK_Battery,2050,2,22,22,0.0
53807,SK_Battery,2050,2,23,23,0.0
53808,SK_Battery,2050,2,24,24,0.0
53809,SK_Battery,2050,3,1,1,0.0
53810,SK_Battery,2050,3,2,2,0.0
53811,SK_Battery,2050,3,3,3,0.0
53812,SK_Battery,2050,3,4,4,0.0
53813,SK_Battery,2050,3,5,5,0.0
53814,SK_Battery,2050,3,6,6,0.0
53815,SK_Battery,2050,3,7,7,0.0
53816,SK_Battery,2050,3,8,8,0.0
53817,SK_Battery,2050,3,9,9,0.0
53818,SK_Battery,2050,3,10,10,0.0
53819,SK_Battery,2050,3,11,11,0.0
53820,SK_Battery,2050,3,12,12,0.0
53821,SK_Battery,2050,3,13,13,0.0
53822,SK_Battery,2050,3,14,14,0.0
53823,SK_Battery,2050,3,15,15,0.0
53824,SK_Battery,2050,3,16,16,0.0
53825,SK_Battery,2050,3,17,17,0.0
53826,SK_Battery,2050,3,18,18,0.0
53827,SK_Battery,2050,3,19,19,0.0
53828,SK_Battery,2050,3,20,20,0.0
53829,SK_Battery,2050,3,21,21,0.0
53830,SK_Battery,2050,3,22,22,0.0
53831,SK_Battery,2050,3,23,23,0.0
53832,SK_Battery,2050,3,24,24,0.0
53833,SK_Battery,2050,4,1,1,0.0
53834,SK_Battery,2050,4,2,2,0.0
53835,SK_Battery,2050,4,3,3,0.0
53836,SK_Battery,2050,4,4,4,0.0
53837,SK_Battery,2050,4,5,5,0.0
53838,SK_Battery,2050,4,6,6,0.0
53839,SK_Battery,2050,4,7,7,0.0
53840,SK_Battery,2050,4,8,8,0.0
53841,SK_Battery,2050,4,9,9,0.0
53842,SK_Battery,2050,4,10,10,0.0
53843,SK_Battery,2050,4,11,11,0.0
53844,SK_Battery,2050,4,12,12,0.0
53845,SK_Battery,2050,4,13,13,0.0
53846,SK_Battery,2050,4,14,14,0.0
53847,SK_Battery,2050,4,15,15,0.0
53848,SK_Battery,2050,4,16,16,0.0
53849,SK_Battery,2050,4,17,17,0.0
53850,SK_Battery,2050,4,18,18,0.0
53851,SK_Battery,2050,4,19,19,0.0
53852,SK_Battery,2050,4,20,20,0.0
53853,SK_Battery,2050,4,21,21,0.0
53854,SK_Battery,2050,4,22,22,0.0
53855,SK_Battery,2050,4,23,23,0.0
53856,SK_Battery,2050,4,24,24,0.0
53857,SK_Battery,2050,5,1,1,0.0
53858,SK_Battery,2050,5,2,2,0.0
53859,SK_Battery,2050,5,3,3,0.0
53860,SK_Battery,2050,5,4,4,0.0
53861,SK_Battery,2050,5,5,5,0.0
53862,SK_Battery,2050,5,6,6,0.0
53863,SK_Battery,2050,5,7,7,0.0
53864,SK_Battery,2050,5,8,8,0.0
53865,SK_Battery,2050,5,9,9,0.0
53866,SK_Battery,2050,5,10,10,0.0
53867,SK_Battery,2050,5,11,11,0.0
53868,SK_Battery,2050,5,12,12,0.0
53869,SK_Battery,2050,5,13,13,0.0
53870,SK_Battery,2050,5,14,14,0.0
53871,SK_Battery,2050,5,15,15,0.0
53872,SK_Battery,2050,5,16,16,0.0
53873,SK_Battery,2050,5,17,17,0.0
53874,SK_Battery,2050,5,18,18,0.0
53875,SK_Battery,2050,5,19,19,0.0
53876,SK_Battery,2050,5,20,20,0.0
53877,SK_Battery,2050,5,21,21,0.0
53878,SK_Battery,2050,5,22,22,0.0
53879,SK_Battery,2050,5,23,23,0.0
53880,SK_Battery,2050,5,24,24,0.0
53881,SK_Battery,2050,6,1,1,0.0
53882,SK_Battery,2050,6,2,2,0.0
53883,SK_Battery,2050,6,3,3,0.0
53884,SK_Battery,2050,6,4,4,0.0
53885,SK_Battery,2050,6,5,5,0.0
53886,SK_Battery,2050,6,6,6,0.0
53887,SK_Battery,2050,6,7,7,0.0
53888,SK_Battery,2050,6,8,8,0.0
53889,SK_Battery,2050,6,9,9,0.0
53890,SK_Battery,2050,6,10,10,0.0
53891,SK_Battery,2050,6,11,11,0.0
53892,SK_Battery,2050,6,12,12,0.0
53893,SK_Battery,2050,6,13,13,0.0
53894,SK_Battery,2050,6,14,14,0.0
53895,SK_Battery,2050,6,15,15,0.0
53896,SK_Battery,2050,6,16,16,0.0
53897,SK_Battery,2050,6,17,17,0.0
53898,SK_Battery,2050,6,18,18,0.0
53899,SK_Battery,2050,6,19,19,0.0
53900,SK_Battery,2050,6,20,20,0.0
53901,SK_Battery,2050,6,21,21,0.0
53902,SK_Battery,2050,6,22,22,0.0
53903,SK_Battery,2050,6,23,23,0.0
53904,SK_Battery,2050,6,24,24,0.0
53905,SK_Battery,2050,7,1,1,0.0
53906,SK_Battery,2050,7,2,2,0.0
53907,SK_Battery,2050,7,3,3,0.0
53908,SK_Battery,2050,7,4,4,0.0
53909,SK_Battery,2050,7,5,5,0.0
53910,SK_Battery,2050,7,6,6,0.0
53911,SK_Battery,2050,7,7,7,0.0
53912,SK_Battery,2050,7,8,8,0.0
53913,SK_Battery,2050,7,9,9,0.0
53914,SK_Battery,2050,7,10,10,0.0
53915,SK_Battery,2050,7,11,11,0.0
53916,SK_Battery,2050,7,12,12,0.0
53917,SK_Battery,2050,7,13,13,0.0
53918,SK_Battery,2050,7,14,14,0.0
53919,SK_Battery,2050,7,15,15,0.0
53920,SK_Battery,2050,7,16,16,0.0
53921,SK_Battery,2050,7,17,17,0.0
53922,SK_Battery,2050,7,18,18,0.0
53923,SK_Battery,2050,7,19,19,0.0
53924,SK_Battery,2050,7,20,20,0.0
53925,SK_Battery,2050,7,21,21,0.0
53926,SK_Battery,2050,7,22,22,0.0
53927,SK_Battery,2050,7,23,23,0.0
53928,SK_Battery,2050,7,24,24,0.0
53929,SK_Battery,2050,8,1,1,0.0
53930,SK_Battery,2050,8,2,2,0.0
53931,SK_Battery,2050,8,3,3,0.0
53932,SK_Battery,2050,8,4,4,0.0
53933,SK_Battery,2050,8,5,5,0.0
53934,SK_Battery,2050,8,6,6,0.0
53935,SK_Battery,2050,8,7,7,0.0
53936,SK_Battery,2050,8,8,8,0.0
53937,SK_Battery,2050,8,9,9,0.0
53938,SK_Battery,2050,8,10,10,0.0
53939,SK_Battery,2050,8,11,11,0.0
53940,SK_Battery,2050,8,12,12,0.0
53941,SK_Battery,2050,8,13,13,0.0
53942,SK_Battery,2050,8,14,14,0.0
53943,SK_Battery,2050,8,15,15,0.0
53944,SK_Battery,2050,8,16,16,0.0
53945,SK_Battery,2050,8,17,17,0.0
53946,SK_Battery,2050,8,18,18,0.0
53947,SK_Battery,2050,8,19,19,0.0
53948,SK_Battery,2050,8,20,20,0.0
53949,SK_Battery,2050,8,21,21,0.0
53950,SK_Battery,2050,8,22,22,0.0
53951,SK_Battery,2050,8,23,23,0.0
53952,SK_Battery,2050,8,24,24,0.0
53953,SK_Battery,2050,9,1,1,0.0
53954,SK_Battery,2050,9,2,2,0.0
53955,SK_Battery,2050,9,3,3,0.0
53956,SK_Battery,2050,9,4,4,0.0
53957,SK_Battery,2050,9,5,5,0.0
53958,SK_Battery,2050,9,6,6,0.0
53959,SK_Battery,2050,9,7,7,0.0
53960,SK_Battery,2050,9,8,8,0.0
53961,SK_Battery,2050,9,9,9,0.0
53962,SK_Battery,2050,9,10,10,0.0
53963,SK_Battery,2050,9,11,11,0.0
53964,SK_Battery,2050,9,12,12,0.0
53965,SK_Battery,2050,9,13,13,0.0
53966,SK_Battery,2050,9,14,14,0.0
53967,SK_Battery,2050,9,15,15,0.0
53968,SK_Battery,2050,9,16,16,0.0
53969,SK_Battery,2050,9,17,17,0.0
53970,SK_Battery,2050,9,18,18,0.0
53971,SK_Battery,2050,9,19,19,0.0
53972,SK_Battery,2050,9,20,20,0.0
53973,SK_Battery,2050,9,21,21,0.0
53974,SK_Battery,2050,9,22,22,0.0
53975,SK_Battery,2050,9,23,23,0.0
53976,SK_Battery,2050,9,24,24,0.0
53977,SK_Battery,2050,10,1,1,0.0
53978,SK_Battery,2050,10,2,2,0.0
53979,SK_Battery,2050,10,3,3,0.0
53980,SK_Battery,2050,10,4,4,0.0
53981,SK_Battery,2050,10,5,5,0.0
53982,SK_Battery,2050,10,6,6,0.0
53983,SK_Battery,2050,10,7,7,0.0
53984,SK_Battery,2050,10,8,8,0.0
53985,SK_Battery,2050,10,9,9,0.0
53986,SK_Battery,2050,10,10,10,0.0
53987,SK_Battery,2050,10,11,11,0.0
53988,SK_Battery,2050,10,12,12,0.0
53989,SK_Battery,2050,10,13,13,0.0
53990,SK_Battery,2050,10,14,14,0.0
53991,SK_Battery,2050,10,15,15,0.0
53992,SK_Battery,2050,10,16,16,0.0
53993,SK_Battery,2050,10,17,17,0.0
53994,SK_Battery,2050,10,18,18,0.0
53995,SK_Battery,2050,10,19,19,0.0
53996,SK_Battery,2050,10,20,20,0.0
53997,SK_Battery,2050,10,21,21,0.0
53998,SK_Battery,2050,10,22,22,0.0
53999,SK_Battery,2050,10,23,23,0.0
54000,SK_Battery,2050,10,24,24,0.0
54001,SK_CCGT,2050,1,1,1,0.0
54002,SK_CCGT,2050,1,2,2,0.0
54003,SK_CCGT,2050,1,3,3,0.0
54004,SK_CCGT,2050,1,4,4,0.0
54005,SK_CCGT,2050,1,5,5,0.0
54006,SK_CCGT,2050,1,6,6,0.0
54007,SK_CCGT,2050,1,7,7,0.0
54008,SK_CCGT,2050,1,8,8,0.0
54009,SK_CCGT,2050,1,9,9,0.0
54010,SK_CCGT,2050,1,10,10,0.0
54011,SK_CCGT,2050,1,11,11,0.0
54012,SK_CCGT,2050,1,12,12,0.0
54013,SK_CCGT,2050,1,13,13,0.0
54014,SK_CCGT,2050,1,14,14,0.0
54015,SK_CCGT,2050,1,15,15,0.0
54016,SK_CCGT,2050,1,16,16,0.0
54017,SK_CCGT,2050,1,17,17,0.0
54018,SK_CCGT,2050,1,18,18,0.0
54019,SK_CCGT,2050,1,19,19,0.0
54020,SK_CCGT,2050,1,20,20,0.0
54021,SK_CCGT,2050,1,21,21,0.0
54022,SK_CCGT,2050,1,22,22,0.0
54023,SK_CCGT,2050,1,23,23,0.0
54024,SK_CCGT,2050,1,24,24,0.0
54025,SK_CCGT,2050,2,1,1,0.0
54026,SK_CCGT,2050,2,2,2,0.0
54027,SK_CCGT,2050,2,3,3,0.0
54028,SK_CCGT,2050,2,4,4,0.0
54029,SK_CCGT,2050,2,5,5,0.0
54030,SK_CCGT,2050,2,6,6,0.0
54031,SK_CCGT,2050,2,7,7,0.0
54032,SK_CCGT,2050,2,8,8,0.0
54033,SK_CCGT,2050,2,9,9,0.0
54034,SK_CCGT,2050,2,10,10,0.0
54035,SK_CCGT,2050,2,11,11,0.0
54036,SK_CCGT,2050,2,12,12,0.0
54037,SK_CCGT,2050,2,13,13,0.0
54038,SK_CCGT,2050,2,14,14,0.0
54039,SK_CCGT,2050,2,15,15,0.0
54040,SK_CCGT,2050,2,16,16,0.0
54041,SK_CCGT,2050,2,17,17,0.0
54042,SK_CCGT,2050,2,18,18,0.0
54043,SK_CCGT,2050,2,19,19,0.0
54044,SK_CCGT,2050,2,20,20,0.0
54045,SK_CCGT,2050,2,21,21,0.0
54046,SK_CCGT,2050,2,22,22,0.0
54047,SK_CCGT,2050,2,23,23,0.0
54048,SK_CCGT,2050,2,24,24,0.0
54049,SK_CCGT,2050,3,1,1,0.0
54050,SK_CCGT,2050,3,2,2,0.0
54051,SK_CCGT,2050,3,3,3,0.0
54052,SK_CCGT,2050,3,4,4,0.0
54053,SK_CCGT,2050,3,5,5,0.0
54054,SK_CCGT,2050,3,6,6,0.0
54055,SK_CCGT,2050,3,7,7,0.0
54056,SK_CCGT,2050,3,8,8,0.0
54057,SK_CCGT,2050,3,9,9,0.0
54058,SK_CCGT,2050,3,10,10,0.0
54059,SK_CCGT,2050,3,11,11,0.0
54060,SK_CCGT,2050,3,12,12,-11.647165705666337
54061,SK_CCGT,2050,3,13,13,-11.647165705666337
54062,SK_CCGT,2050,3,14,14,-11.647165705666337
54063,SK_CCGT,2050,3,15,15,-11.647165705666337
54064,SK_CCGT,2050,3,16,16,-11.647165705666337
54065,SK_CCGT,2050,3,17,17,-11.647165705666337
54066,SK_CCGT,2050,3,18,18,-11.647165705666337
54067,SK_CCGT,2050,3,19,19,0.0
54068,SK_CCGT,2050,3,20,20,0.0
54069,SK_CCGT,2050,3,21,21,0.0
54070,SK_CCGT,2050,3,22,22,0.0
54071,SK_CCGT,2050,3,23,23,0.0
54072,SK_CCGT,2050,3,24,24,0.0
54073,SK_CCGT,2050,4,1,1,0.0
54074,SK_CCGT,2050,4,2,2,0.0
54075,SK_CCGT,2050,4,3,3,0.0
54076,SK_CCGT,2050,4,4,4,0.0
54077,SK_CCGT,2050,4,5,5,0.0
54078,SK_CCGT,2050,4,6,6,0.0
54079,SK_CCGT,2050,4,7,7,0.0
54080,SK_CCGT,2050,4,8,8,0.0
54081,SK_CCGT,2050,4,9,9,0.0
54082,SK_CCGT,2050,4,10,10,0.0
54083,SK_CCGT,2050,4,11,11,0.0
54084,SK_CCGT,2050,4,12,12,0.0
54085,SK_CCGT,2050,4,13,13,0.0
54086,SK_CCGT,2050,4,14,14,0.0
54087,SK_CCGT,2050,4,15,15,0.0
54088,SK_CCGT,2050,4,16,16,0.0
54089,SK_CCGT,2050,4,17,17,0.0
54090,SK_CCGT,2050,4,18,18,0.0
54091,SK_CCGT,2050,4,19,19,0.0
54092,SK_CCGT,2050,4,20,20,0.0
54093,SK_CCGT,2050,4,21,21,0.0
54094,SK_CCGT,2050,4,22,22,0.0
54095,SK_CCGT,2050,4,23,23,0.0
54096,SK_CCGT,2050,4,24,24,0.0
54097,SK_CCGT,2050,5,1,1,0.0
54098,SK_CCGT,2050,5,2,2,0.0
54099,SK_CCGT,2050,5,3,3,0.0
54100,SK_CCGT,2050,5,4,4,0.0
54101,SK_CCGT,2050,5,5,5,0.0
54102,SK_CCGT,2050,5,6,6,0.0
54103,SK_CCGT,2050,5,7,7,0.0
54104,SK_CCGT,2050,5,8,8,0.0
54105,SK_CCGT,2050,5,9,9,0.0
54106,SK_CCGT,2050,5,10,10,0.0
54107,SK_CCGT,2050,5,11,11,0.0
54108,SK_CCGT,2050,5,12,12,0.0
54109,SK_CCGT,2050,5,13,13,0.0
54110,SK_CCGT,2050,5,14,14,0.0
54111,SK_CCGT,2050,5,15,15,0.0
54112,SK_CCGT,2050,5,16,16,0.0
54113,SK_CCGT,2050,5,17,17,0.0
54114,SK_CCGT,2050,5,18,18,0.0
54115,SK_CCGT,2050,5,19,19,0.0
54116,SK_CCGT,2050,5,20,20,0.0
54117,SK_CCGT,2050,5,21,21,0.0
54118,SK_CCGT,2050,5,22,22,0.0
54119,SK_CCGT,2050,5,23,23,0.0
54120,SK_CCGT,2050,5,24,24,0.0
54121,SK_CCGT,2050,6,1,1,0.0
54122,SK_CCGT,2050,6,2,2,0.0
54123,SK_CCGT,2050,6,3,3,0.0
54124,SK_CCGT,2050,6,4,4,0.0
54125,SK_CCGT,2050,6,5,5,0.0
54126,SK_CCGT,2050,6,6,6,0.0
54127,SK_CCGT,2050,6,7,7,0.0
54128,SK_CCGT,2050,6,8,8,0.0
54129,SK_CCGT,2050,6,9,9,0.0
54130,SK_CCGT,2050,6,10,10,0.0
54131,SK_CCGT,2050,6,11,11,0.0
54132,SK_CCGT,2050,6,12,12,0.0
54133,SK_CCGT,2050,6,13,13,0.0
54134,SK_CCGT,2050,6,14,14,0.0
54135,SK_CCGT,2050,6,15,15,0.0
54136,SK_CCGT,2050,6,16,16,0.0
54137,SK_CCGT,2050,6,17,17,0.0
54138,SK_CCGT,2050,6,18,18,0.0
54139,SK_CCGT,2050,6,19,19,0.0
54140,SK_CCGT,2050,6,20,20,0.0
54141,SK_CCGT,2050,6,21,21,0.0
54142,SK_CCGT,2050,6,22,22,0.0
54143,SK_CCGT,2050,6,23,23,0.0
54144,SK_CCGT,2050,6,24,24,0.0
54145,SK_CCGT,2050,7,1,1,0.0
54146,SK_CCGT,2050,7,2,2,0.0
54147,SK_CCGT,2050,7,3,3,0.0
54148,SK_CCGT,2050,7,4,4,0.0
54149,SK_CCGT,2050,7,5,5,0.0
54150,SK_CCGT,2050,7,6,6,0.0
54151,SK_CCGT,2050,7,7,7,0.0
54152,SK_CCGT,2050,7,8,8,0.0
54153,SK_CCGT,2050,7,9,9,0.0
54154,SK_CCGT,2050,7,10,10,0.0
54155,SK_CCGT,2050,7,11,11,0.0
54156,SK_CCGT,2050,7,12,12,0.0
54157,SK_CCGT,2050,7,13,13,0.0
54158,SK_CCGT,2050,7,14,14,0.0
54159,SK_CCGT,2050,7,15,15,0.0
54160,SK_CCGT,2050,7,16,16,0.0
54161,SK_CCGT,2050,7,17,17,0.0
54162,SK_CCGT,2050,7,18,18,0.0
54163,SK_CCGT,2050,7,19,19,0.0
54164,SK_CCGT,2050,7,20,20,0.0
54165,SK_CCGT,2050,7,21,21,0.0
54166,SK_CCGT,2050,7,22,22,0.0
54167,SK_CCGT,2050,7,23,23,0.0
54168,SK_CCGT,2050,7,24,24,0.0
54169,SK_CCGT,2050,8,1,1,0.0
54170,SK_CCGT,2050,8,2,2,0.0
54171,SK_CCGT,2050,8,3,3,0.0
54172,SK_CCGT,2050,8,4,4,0.0
54173,SK_CCGT,2050,8,5,5,0.0
54174,SK_CCGT,2050,8,6,6,0.0
54175,SK_CCGT,2050,8,7,7,0.0
54176,SK_CCGT,2050,8,8,8,0.0
54177,SK_CCGT,2050,8,9,9,0.0
54178,SK_CCGT,2050,8,10,10,0.0
54179,SK_CCGT,2050,8,11,11,0.0
54180,SK_CCGT,2050,8,12,12,0.0
54181,SK_CCGT,2050,8,13,13,0.0
54182,SK_CCGT,2050,8,14,14,0.0
54183,SK_CCGT,2050,8,15,15,0.0
54184,SK_CCGT,2050,8,16,16,0.0
54185,SK_CCGT,2050,8,17,17,0.0
54186,SK_CCGT,2050,8,18,18,0.0
54187,SK_CCGT,2050,8,19,19,0.0
54188,SK_CCGT,2050,8,20,20,0.0
54189,SK_CCGT,2050,8,21,21,0.0
54190,SK_CCGT,2050,8,22,22,0.0
54191,SK_CCGT,2050,8,23,23,0.0
54192,SK_CCGT,2050,8,24,24,0.0
54193,SK_CCGT,2050,9,1,1,0.0
54194,SK_CCGT,2050,9,2,2,0.0
54195,SK_CCGT,2050,9,3,3,0.0
54196,SK_CCGT,2050,9,4,4,0.0
54197,SK_CCGT,2050,9,5,5,0.0
54198,SK_CCGT,2050,9,6,6,0.0
54199,SK_CCGT,2050,9,7,7,0.0
54200,SK_CCGT,2050,9,8,8,0.0
54201,SK_CCGT,2050,9,9,9,0.0
54202,SK_CCGT,2050,9,10,10,0.0
54203,SK_CCGT,2050,9,11,11,0.0
54204,SK_CCGT,2050,9,12,12,0.0
54205,SK_CCGT,2050,9,13,13,0.0
54206,SK_CCGT,2050,9,14,14,0.0
54207,SK_CCGT,2050,9,15,15,0.0
54208,SK_CCGT,2050,9,16,16,0.0
54209,SK_CCGT,2050,9,17,17,0.0
54210,SK_CCGT,2050,9,18,18,0.0
54211,SK_CCGT,2050,9,19,19,0.0
54212,SK_CCGT,2050,9,20,20,0.0
54213,SK_CCGT,2050,9,21,21,0.0
54214,SK_CCGT,2050,9,22,22,0.0
54215,SK_CCGT,2050,9,23,23,0.0
54216,SK_CCGT,2050,9,24,24,0.0
54217,SK_CCGT,2050,10,1,1,0.0
54218,SK_CCGT,2050,10,2,2,0.0
54219,SK_CCGT,2050,10,3,3,0.0
54220,SK_CCGT,2050,10,4,4,0.0
54221,SK_CCGT,2050,10,5,5,0.0
54222,SK_CCGT,2050,10,6,6,0.0
54223,SK_CCGT,2050,10,7,7,0.0
54224,SK_CCGT,2050,10,8,8,0.0
54225,SK_CCGT,2050,10,9,9,0.0
54226,SK_CCGT,2050,10,10,10,0.0
54227,SK_CCGT,2050,10,11,11,0.0
54228,SK_CCGT,2050,10,12,12,0.0
54229,SK_CCGT,2050,10,13,13,0.0
54230,SK_CCGT,2050,10,14,14,0.0
54231,SK_CCGT,2050,10,15,15,0.0
54232,SK_CCGT,2050,10,16,16,0.0
54233,SK_CCGT,2050,10,17,17,0.0
54234,SK_CCGT,2050,10,18,18,0.0
54235,SK_CCGT,2050,10,19,19,0.0
54236,SK_CCGT,2050,10,20,20,0.0
54237,SK_CCGT,2050,10,21,21,0.0
54238,SK_CCGT,2050,10,22,22,0.0
54239,SK_CCGT,2050,10,23,23,0.0
54240,SK_CCGT,2050,10,24,24,0.0
54241,SK_Coal,2050,1,1,1,0.0
54242,SK_Coal,2050,1,2,2,0.0
54243,SK_Coal,2050,1,3,3,0.0
54244,SK_Coal,2050,1,4,4,0.0
54245,SK_Coal,2050,1,5,5,0.0
54246,SK_Coal,2050,1,6,6,-0.8109000000000001
54247,SK_Coal,2050,1,7,7,-0.8109000000000001
54248,SK_Coal,2050,1,8,8,-0.8109000000000001
54249,SK_Coal,2050,1,9,9,-0.8109000000000001
54250,SK_Coal,2050,1,10,10,-0.8109000000000001
54251,SK_Coal,2050,1,11,11,-0.8109000000000001
54252,SK_Coal,2050,1,12,12,-0.8109000000000001
54253,SK_Coal,2050,1,13,13,-0.8109000000000001
54254,SK_Coal,2050,1,14,14,-0.8109000000000001
54255,SK_Coal,2050,1,15,15,-0.8109000000000001
54256,SK_Coal,2050,1,16,16,-0.8109000000000001
54257,SK_Coal,2050,1,17,17,-0.8109000000000001
54258,SK_Coal,2050,1,18,18,-0.8109000000000001
54259,SK_Coal,2050,1,19,19,-0.8109000000000001
54260,SK_Coal,2050,1,20,20,-0.8109000000000001
54261,SK_Coal,2050,1,21,21,-0.8109000000000001
54262,SK_Coal,2050,1,22,22,-0.8109000000000001
54263,SK_Coal,2050,1,23,23,-0.8109000000000001
54264,SK_Coal,2050,1,24,24,-0.8109000000000001
54265,SK_Coal,2050,2,1,1,0.0
54266,SK_Coal,2050,2,2,2,0.0
54267,SK_Coal,2050,2,3,3,0.0
54268,SK_Coal,2050,2,4,4,0.0
54269,SK_Coal,2050,2,5,5,0.0
54270,SK_Coal,2050,2,6,6,0.0
54271,SK_Coal,2050,2,7,7,0.0
54272,SK_Coal,2050,2,8,8,0.0
54273,SK_Coal,2050,2,9,9,0.0
54274,SK_Coal,2050,2,10,10,0.0
54275,SK_Coal,2050,2,11,11,0.0
54276,SK_Coal,2050,2,12,12,0.0
54277,SK_Coal,2050,2,13,13,0.0
54278,SK_Coal,2050,2,14,14,0.0
54279,SK_Coal,2050,2,15,15,0.0
54280,SK_Coal,2050,2,16,16,0.0
54281,SK_Coal,2050,2,17,17,0.0
54282,SK_Coal,2050,2,18,18,0.0
54283,SK_Coal,2050,2,19,19,0.0
54284,SK_Coal,2050,2,20,20,0.0
54285,SK_Coal,2050,2,21,21,0.0
54286,SK_Coal,2050,2,22,22,0.0
54287,SK_Coal,2050,2,23,23,0.0
54288,SK_Coal,2050,2,24,24,0.0
54289,SK_Coal,2050,3,1,1,-0.4437000000000001
54290,SK_Coal,2050,3,2,2,-0.4437000000000001
54291,SK_Coal,2050,3,3,3,-0.4437000000000001
54292,SK_Coal,2050,3,4,4,-0.4437000000000001
54293,SK_Coal,2050,3,5,5,-0.4437000000000001
54294,SK_Coal,2050,3,6,6,-0.4437000000000001
54295,SK_Coal,2050,3,7,7,-0.4437000000000001
54296,SK_Coal,2050,3,8,8,-0.4437000000000001
54297,SK_Coal,2050,3,9,9,-0.4437000000000001
54298,SK_Coal,2050,3,10,10,-0.4437000000000001
54299,SK_Coal,2050,3,11,11,-0.4437000000000001
54300,SK_Coal,2050,3,12,12,-12.090865705666339
54301,SK_Coal,2050,3,13,13,-12.090865705666339
54302,SK_Coal,2050,3,14,14,-12.090865705666339
54303,SK_Coal,2050,3,15,15,-12.090865705666339
54304,SK_Coal,2050,3,16,16,-12.090865705666339
54305,SK_Coal,2050,3,17,17,-12.090865705666339
54306,SK_Coal,2050,3,18,18,-12.090865705666339
54307,SK_Coal,2050,3,19,19,-0.4437000000000001
54308,SK_Coal,2050,3,20,20,-0.4437000000000001
54309,SK_Coal,2050,3,21,21,-0.4437000000000001
54310,SK_Coal,2050,3,22,22,-0.4437000000000001
54311,SK_Coal,2050,3,23,23,-0.4437000000000001
54312,SK_Coal,2050,3,24,24,-0.4437000000000001
54313,SK_Coal,2050,4,1,1,0.0
54314,SK_Coal,2050,4,2,2,0.0
54315,SK_Coal,2050,4,3,3,0.0
54316,SK_Coal,2050,4,4,4,0.0
54317,SK_Coal,2050,4,5,5,0.0
54318,SK_Coal,2050,4,6,6,0.0
54319,SK_Coal,2050,4,7,7,0.0
54320,SK_Coal,2050,4,8,8,0.0
54321,SK_Coal,2050,4,9,9,0.0
54322,SK_Coal,2050,4,10,10,0.0
54323,SK_Coal,2050,4,11,11,0.0
54324,SK_Coal,2050,4,12,12,0.0
54325,SK_Coal,2050,4,13,13,0.0
54326,SK_Coal,2050,4,14,14,0.0
54327,SK_Coal,2050,4,15,15,0.0
54328,SK_Coal,2050,4,16,16,0.0
54329,SK_Coal,2050,4,17,17,0.0
54330,SK_Coal,2050,4,18,18,0.0
54331,SK_Coal,2050,4,19,19,0.0
54332,SK_Coal,2050,4,20,20,0.0
54333,SK_Coal,2050,4,21,21,0.0
54334,SK_Coal,2050,4,22,22,0.0
54335,SK_Coal,2050,4,23,23,0.0
54336,SK_Coal,2050,4,24,24,0.0
54337,SK_Coal,2050,5,1,1,0.0
54338,SK_Coal,2050,5,2,2,0.0
54339,SK_Coal,2050,5,3,3,0.0
54340,SK_Coal,2050,5,4,4,0.0
54341,SK_Coal,2050,5,5,5,0.0
54342,SK_Coal,2050,5,6,6,0.0
54343,SK_Coal,2050,5,7,7,0.0
54344,SK_Coal,2050,5,8,8,0.0
54345,SK_Coal,2050,5,9,9,0.0
54346,SK_Coal,2050,5,10,10,0.0
54347,SK_Coal,2050,5,11,11,0.0
54348,SK_Coal,2050,5,12,12,0.0
54349,SK_Coal,2050,5,13,13,0.0
54350,SK_Coal,2050,5,14,14,0.0
54351,SK_Coal,2050,5,15,15,0.0
54352,SK_Coal,2050,5,16,16,0.0
54353,SK_Coal,2050,5,17,17,0.0
54354,SK_Coal,2050,5,18,18,0.0
54355,SK_Coal,2050,5,19,19,0.0
54356,SK_Coal,2050,5,20,20,0.0
54357,SK_Coal,2050,5,21,21,0.0
54358,SK_Coal,2050,5,22,22,0.0
54359,SK_Coal,2050,5,23,23,0.0
54360,SK_Coal,2050,5,24,24,0.0
54361,SK_Coal,2050,6,1,1,0.0
54362,SK_Coal,2050,6,2,2,0.0
54363,SK_Coal,2050,6,3,3,0.0
54364,SK_Coal,2050,6,4,4,0.0
54365,SK_Coal,2050,6,5,5,0.0
54366,SK_Coal,2050,6,6,6,0.0
54367,SK_Coal,2050,6,7,7,0.0
54368,SK_Coal,2050,6,8,8,0.0
54369,SK_Coal,2050,6,9,9,0.0
54370,SK_Coal,2050,6,10,10,0.0
54371,SK_Coal,2050,6,11,11,0.0
54372,SK_Coal,2050,6,12,12,0.0
54373,SK_Coal,2050,6,13,13,0.0
54374,SK_Coal,2050,6,14,14,0.0
54375,SK_Coal,2050,6,15,15,0.0
54376,SK_Coal,2050,6,16,16,0.0
54377,SK_Coal,2050,6,17,17,0.0
54378,SK_Coal,2050,6,18,18,0.0
54379,SK_Coal,2050,6,19,19,0.0
54380,SK_Coal,2050,6,20,20,0.0
54381,SK_Coal,2050,6,21,21,0.0
54382,SK_Coal,2050,6,22,22,0.0
54383,SK_Coal,2050,6,23,23,0.0
54384,SK_Coal,2050,6,24,24,0.0
54385,SK_Coal,2050,7,1,1,0.0
54386,SK_Coal,2050,7,2,2,0.0
54387,SK_Coal,2050,7,3,3,0.0
54388,SK_Coal,2050,7,4,4,0.0
54389,SK_Coal,2050,7,5,5,0.0
54390,SK_Coal,2050,7,6,6,0.0
54391,SK_Coal,2050,7,7,7,0.0
54392,SK_Coal,2050,7,8,8,0.0
54393,SK_Coal,2050,7,9,9,0.0
54394,SK_Coal,2050,7,10,10,0.0
54395,SK_Coal,2050,7,11,11,0.0
54396,SK_Coal,2050,7,12,12,0.0
54397,SK_Coal,2050,7,13,13,0.0
54398,SK_Coal,2050,7,14,14,0.0
54399,SK_Coal,2050,7,15,15,0.0
54400,SK_Coal,2050,7,16,16,0.0
54401,SK_Coal,2050,7,17,17,0.0
54402,SK_Coal,2050,7,18,18,0.0
54403,SK_Coal,2050,7,19,19,0.0
54404,SK_Coal,2050,7,20,20,0.0
54405,SK_Coal,2050,7,21,21,0.0
54406,SK_Coal,2050,7,22,22,0.0
54407,SK_Coal,2050,7,23,23,0.0
54408,SK_Coal,2050,7,24,24,0.0
54409,SK_Coal,2050,8,1,1,0.0
54410,SK_Coal,2050,8,2,2,0.0
54411,SK_Coal,2050,8,3,3,0.0
54412,SK_Coal,2050,8,4,4,0.0
54413,SK_Coal,2050,8,5,5,0.0
54414,SK_Coal,2050,8,6,6,0.0
54415,SK_Coal,2050,8,7,7,0.0
54416,SK_Coal,2050,8,8,8,0.0
54417,SK_Coal,2050,8,9,9,0.0
54418,SK_Coal,2050,8,10,10,0.0
54419,SK_Coal,2050,8,11,11,0.0
54420,SK_Coal,2050,8,12,12,0.0
54421,SK_Coal,2050,8,13,13,0.0
54422,SK_Coal,2050,8,14,14,0.0
54423,SK_Coal,2050,8,15,15,0.0
54424,SK_Coal,2050,8,16,16,0.0
54425,SK_Coal,2050,8,17,17,0.0
54426,SK_Coal,2050,8,18,18,0.0
54427,SK_Coal,2050,8,19,19,0.0
54428,SK_Coal,2050,8,20,20,0.0
54429,SK_Coal,2050,8,21,21,0.0
54430,SK_Coal,2050,8,22,22,0.0
54431,SK_Coal,2050,8,23,23,0.0
54432,SK_Coal,2050,8,24,24,0.0
54433,SK_Coal,2050,9,1,1,0.0
54434,SK_Coal,2050,9,2,2,0.0
54435,SK_Coal,2050,9,3,3,0.0
54436,SK_Coal,2050,9,4,4,0.0
54437,SK_Coal,2050,9,5,5,0.0
54438,SK_Coal,2050,9,6,6,0.0
54439,SK_Coal,2050,9,7,7,0.0
54440,SK_Coal,2050,9,8,8,0.0
54441,SK_Coal,2050,9,9,9,0.0
54442,SK_Coal,2050,9,10,10,0.0
54443,SK_Coal,2050,9,11,11,0.0
54444,SK_Coal,2050,9,12,12,0.0
54445,SK_Coal,2050,9,13,13,0.0
54446,SK_Coal,2050,9,14,14,0.0
54447,SK_Coal,2050,9,15,15,0.0
54448,SK_Coal,2050,9,16,16,0.0
54449,SK_Coal,2050,9,17,17,0.0
54450,SK_Coal,2050,9,18,18,0.0
54451,SK_Coal,2050,9,19,19,0.0
54452,SK_Coal,2050,9,20,20,0.0
54453,SK_Coal,2050,9,21,21,0.0
54454,SK_Coal,2050,9,22,22,0.0
54455,SK_Coal,2050,9,23,23,0.0
54456,SK_Coal,2050,9,24,24,0.0
54457,SK_Coal,2050,10,1,1,-7.401882852833168
54458,SK_Coal,2050,10,2,2,-7.401882852833168
54459,SK_Coal,2050,10,3,3,-7.401882852833168
54460,SK_Coal,2050,10,4,4,-7.401882852833168
54461,SK_Coal,2050,10,5,5,-7.401882852833168
54462,SK_Coal,2050,10,6,6,-7.401882852833168
54463,SK_Coal,2050,10,7,7,-0.7038
54464,SK_Coal,2050,10,8,8,-0.7038
54465,SK_Coal,2050,10,9,9,-7.401882852833168
54466,SK_Coal,2050,10,10,10,-7.401882852833168
54467,SK_Coal,2050,10,11,11,-7.401882852833168
54468,SK_Coal,2050,10,12,12,-7.401882852833168
54469,SK_Coal,2050,10,13,13,-7.401882852833168
54470,SK_Coal,2050,10,14,14,-7.401882852833168
54471,SK_Coal,2050,10,15,15,-7.401882852833168
54472,SK_Coal,2050,10,16,16,0.0
54473,SK_Coal,2050,10,17,17,0.0
54474,SK_Coal,2050,10,18,18,0.0
54475,SK_Coal,2050,10,19,19,0.0
54476,SK_Coal,2050,10,20,20,0.0
54477,SK_Coal,2050,10,21,21,0.0
54478,SK_Coal,2050,10,22,22,0.0
54479,SK_Coal,2050,10,23,23,0.0
54480,SK_Coal,2050,10,24,24,0.0
54481,SK_Nuclear,2050,1,1,1,0.0
54482,SK_Nuclear,2050,1,2,2,0.0
54483,SK_Nuclear,2050,1,3,3,0.0
54484,SK_Nuclear,2050,1,4,4,0.0
54485,SK_Nuclear,2050,1,5,5,0.0
54486,SK_Nuclear,2050,1,6,6,-1.3038
54487,SK_Nuclear,2050,1,7,7,-1.3038
54488,SK_Nuclear,2050,1,8,8,-1.3038
54489,SK_Nuclear,2050,1,9,9,-1.3038
54490,SK_Nuclear,2050,1,10,10,-1.3038
54491,SK_Nuclear,2050,1,11,11,-1.3038
54492,SK_Nuclear,2050,1,12,12,-1.3038
54493,SK_Nuclear,2050,1,13,13,-1.3038
54494,SK_Nuclear,2050,1,14,14,-1.3038
54495,SK_Nuclear,2050,1,15,15,-1.3038
54496,SK_Nuclear,2050,1,16,16,-1.3038
54497,SK_Nuclear,2050,1,17,17,-1.3038
54498,SK_Nuclear,2050,1,18,18,-1.3038
54499,SK_Nuclear,2050,1,19,19,-1.3038
54500,SK_Nuclear,2050,1,20,20,-1.3038
54501,SK_Nuclear,2050,1,21,21,-1.3038
54502,SK_Nuclear,2050,1,22,22,-1.3038
54503,SK_Nuclear,2050,1,23,23,-1.3038
54504,SK_Nuclear,2050,1,24,24,-1.3038
54505,SK_Nuclear,2050,2,1,1,0.0
54506,SK_Nuclear,2050,2,2,2,0.0
54507,SK_Nuclear,2050,2,3,3,0.0
54508,SK_Nuclear,2050,2,4,4,0.0
54509,SK_Nuclear,2050,2,5,5,0.0
54510,SK_Nuclear,2050,2,6,6,0.0
54511,SK_Nuclear,2050,2,7,7,0.0
54512,SK_Nuclear,2050,2,8,8,0.0
54513,SK_Nuclear,2050,2,9,9,0.0
54514,SK_Nuclear,2050,2,10,10,0.0
54515,SK_Nuclear,2050,2,11,11,0.0
54516,SK_Nuclear,2050,2,12,12,0.0
54517,SK_Nuclear,2050,2,13,13,0.0
54518,SK_Nuclear,2050,2,14,14,0.0
54519,SK_Nuclear,2050,2,15,15,0.0
54520,SK_Nuclear,2050,2,16,16,0.0
54521,SK_Nuclear,2050,2,17,17,0.0
54522,SK_Nuclear,2050,2,18,18,0.0
54523,SK_Nuclear,2050,2,19,19,0.0
54524,SK_Nuclear,2050,2,20,20,0.0
54525,SK_Nuclear,2050,2,21,21,0.0
54526,SK_Nuclear,2050,2,22,22,0.0
54527,SK_Nuclear,2050,2,23,23,0.0
54528,SK_Nuclear,2050,2,24,24,0.0
54529,SK_Nuclear,2050,3,1,1,-0.7134
54530,SK_Nuclear,2050,3,2,2,-0.7134
54531,SK_Nuclear,2050,3,3,3,-0.7134
54532,SK_Nuclear,2050,3,4,4,-0.7134
54533,SK_Nuclear,2050,3,5,5,-0.7134
54534,SK_Nuclear,2050,3,6,6,-0.7134
54535,SK_Nuclear,2050,3,7,7,-0.7134
54536,SK_Nuclear,2050,3,8,8,-0.7134
54537,SK_Nuclear,2050,3,9,9,-0.7134
54538,SK_Nuclear,2050,3,10,10,-0.7134
54539,SK_Nuclear,2050,3,11,11,-0.7134
54540,SK_Nuclear,2050,3,12,12,-12.360565705666337
54541,SK_Nuclear,2050,3,13,13,-12.360565705666337
54542,SK_Nuclear,2050,3,14,14,-12.360565705666337
54543,SK_Nuclear,2050,3,15,15,-12.360565705666337
54544,SK_Nuclear,2050,3,16,16,-12.360565705666337
54545,SK_Nuclear,2050,3,17,17,-12.360565705666337
54546,SK_Nuclear,2050,3,18,18,-12.360565705666337
54547,SK_Nuclear,2050,3,19,19,-0.7134
54548,SK_Nuclear,2050,3,20,20,-0.7134
54549,SK_Nuclear,2050,3,21,21,-0.7134
54550,SK_Nuclear,2050,3,22,22,-0.7134
54551,SK_Nuclear,2050,3,23,23,-0.7134
54552,SK_Nuclear,2050,3,24,24,-0.7134
54553,SK_Nuclear,2050,4,1,1,0.0
54554,SK_Nuclear,2050,4,2,2,0.0
54555,SK_Nuclear,2050,4,3,3,0.0
54556,SK_Nuclear,2050,4,4,4,0.0
54557,SK_Nuclear,2050,4,5,5,0.0
54558,SK_Nuclear,2050,4,6,6,0.0
54559,SK_Nuclear,2050,4,7,7,0.0
54560,SK_Nuclear,2050,4,8,8,0.0
54561,SK_Nuclear,2050,4,9,9,0.0
54562,SK_Nuclear,2050,4,10,10,0.0
54563,SK_Nuclear,2050,4,11,11,0.0
54564,SK_Nuclear,2050,4,12,12,0.0
54565,SK_Nuclear,2050,4,13,13,0.0
54566,SK_Nuclear,2050,4,14,14,0.0
54567,SK_Nuclear,2050,4,15,15,0.0
54568,SK_Nuclear,2050,4,16,16,0.0
54569,SK_Nuclear,2050,4,17,17,0.0
54570,SK_Nuclear,2050,4,18,18,0.0
54571,SK_Nuclear,2050,4,19,19,0.0
54572,SK_Nuclear,2050,4,20,20,0.0
54573,SK_Nuclear,2050,4,21,21,0.0
54574,SK_Nuclear,2050,4,22,22,0.0
54575,SK_Nuclear,2050,4,23,23,0.0
54576,SK_Nuclear,2050,4,24,24,0.0
54577,SK_Nuclear,2050,5,1,1,0.0
54578,SK_Nuclear,2050,5,2,2,0.0
54579,SK_Nuclear,2050,5,3,3,0.0
54580,SK_Nuclear,2050,5,4,4,0.0
54581,SK_Nuclear,2050,5,5,5,0.0
54582,SK_Nuclear,2050,5,6,6,0.0
54583,SK_Nuclear,2050,5,7,7,0.0
54584,SK_Nuclear,2050,5,8,8,0.0
54585,SK_Nuclear,2050,5,9,9,0.0
54586,SK_Nuclear,2050,5,10,10,0.0
54587,SK_Nuclear,2050,5,11,11,0.0
54588,SK_Nuclear,2050,5,12,12,0.0
54589,SK_Nuclear,2050,5,13,13,0.0
54590,SK_Nuclear,2050,5,14,14,0.0
54591,SK_Nuclear,2050,5,15,15,0.0
54592,SK_Nuclear,2050,5,16,16,0.0
54593,SK_Nuclear,2050,5,17,17,0.0
54594,SK_Nuclear,2050,5,18,18,0.0
54595,SK_Nuclear,2050,5,19,19,0.0
54596,SK_Nuclear,2050,5,20,20,0.0
54597,SK_Nuclear,2050,5,21,21,0.0
54598,SK_Nuclear,2050,5,22,22,0.0
54599,SK_Nuclear,2050,5,23,23,0.0
54600,SK_Nuclear,2050,5,24,24,0.0
54601,SK_Nuclear,2050,6,1,1,0.0
54602,SK_Nuclear,2050,6,2,2,0.0
54603,SK_Nuclear,2050,6,3,3,0.0
54604,SK_Nuclear,2050,6,4,4,0.0
54605,SK_Nuclear,2050,6,5,5,0.0
54606,SK_Nuclear,2050,6,6,6,0.0
54607,SK_Nuclear,2050,6,7,7,0.0
54608,SK_Nuclear,2050,6,8,8,0.0
54609,SK_Nuclear,2050,6,9,9,0.0
54610,SK_Nuclear,2050,6,10,10,0.0
54611,SK_Nuclear,2050,6,11,11,0.0
54612,SK_Nuclear,2050,6,12,12,0.0
54613,SK_Nuclear,2050,6,13,13,0.0
54614,SK_Nuclear,2050,6,14,14,0.0
54615,SK_Nuclear,2050,6,15,15,0.0
54616,SK_Nuclear,2050,6,16,16,0.0
54617,SK_Nuclear,2050,6,17,17,0.0
54618,SK_Nuclear,2050,6,18,18,0.0
54619,SK_Nuclear,2050,6,19,19,0.0
54620,SK_Nuclear,2050,6,20,20,0.0
54621,SK_Nuclear,2050,6,21,21,0.0
54622,SK_Nuclear,2050,6,22,22,0.0
54623,SK_Nuclear,2050,6,23,23,0.0
54624,SK_Nuclear,2050,6,24,24,0.0
54625,SK_Nuclear,2050,7,1,1,0.0
54626,SK_Nuclear,2050,7,2,2,0.0
54627,SK_Nuclear,2050,7,3,3,0.0
54628,SK_Nuclear,2050,7,4,4,0.0
54629,SK_Nuclear,2050,7,5,5,0.0
54630,SK_Nuclear,2050,7,6,6,0.0
54631,SK_Nuclear,2050,7,7,7,0.0
54632,SK_Nuclear,2050,7,8,8,0.0
54633,SK_Nuclear,2050,7,9,9,0.0
54634,SK_Nuclear,2050,7,10,10,0.0
54635,SK_Nuclear,2050,7,11,11,0.0
54636,SK_Nuclear,2050,7,12,12,0.0
54637,SK_Nuclear,2050,7,13,13,0.0
54638,SK_Nuclear,2050,7,14,14,0.0
54639,SK_Nuclear,2050,7,15,15,0.0
54640,SK_Nuclear,2050,7,16,16,0.0
54641,SK_Nuclear,2050,7,17,17,0.0
54642,SK_Nuclear,2050,7,18,18,0.0
54643,SK_Nuclear,2050,7,19,19,0.0
54644,SK_Nuclear,2050,7,20,20,0.0
54645,SK_Nuclear,2050,7,21,21,0.0
54646,SK_Nuclear,2050,7,22,22,0.0
54647,SK_Nuclear,2050,7,23,23,0.0
54648,SK_Nuclear,2050,7,24,24,0.0
54649,SK_Nuclear,2050,8,1,1,0.0
54650,SK_Nuclear,2050,8,2,2,0.0
54651,SK_Nuclear,2050,8,3,3,0.0
54652,SK_Nuclear,2050,8,4,4,0.0
54653,SK_Nuclear,2050,8,5,5,0.0
54654,SK_Nuclear,2050,8,6,6,0.0
54655,SK_Nuclear,2050,8,7,7,0.0
54656,SK_Nuclear,2050,8,8,8,0.0
54657,SK_Nuclear,2050,8,9,9,0.0
54658,SK_Nuclear,2050,8,10,10,0.0
54659,SK_Nuclear,2050,8,11,11,0.0
54660,SK_Nuclear,2050,8,12,12,0.0
54661,SK_Nuclear,2050,8,13,13,0.0
54662,SK_Nuclear,2050,8,14,14,0.0
54663,SK_Nuclear,2050,8,15,15,0.0
54664,SK_Nuclear,2050,8,16,16,0.0
54665,SK_Nuclear,2050,8,17,17,0.0
54666,SK_Nuclear,2050,8,18,18,0.0
54667,SK_Nuclear,2050,8,19,19,0.0
54668,SK_Nuclear,2050,8,20,20,0.0
54669,SK_Nuclear,2050,8,21,21,0.0
54670,SK_Nuclear,2050,8,22,22,0.0
54671,SK_Nuclear,2050,8,23,23,0.0
54672,SK_Nuclear,2050,8,24,24,0.0
54673,SK_Nuclear,2050,9,1,1,0.0
54674,SK_Nuclear,2050,9,2,2,0.0
54675,SK_Nuclear,2050,9,3,3,0.0
54676,SK_Nuclear,2050,9,4,4,0.0
54677,SK_Nuclear,2050,9,5,5,0.0
54678,SK_Nuclear,2050,9,6,6,0.0
54679,SK_Nuclear,2050,9,7,7,0.0
54680,SK_Nuclear,2050,9,8,8,0.0
54681,SK_Nuclear,2050,9,9,9,0.0
54682,SK_Nuclear,2050,9,10,10,0.0
54683,SK_Nuclear,2050,9,11,11,0.0
54684,SK_Nuclear,2050,9,12,12,0.0
54685,SK_Nuclear,2050,9,13,13,0.0
54686,SK_Nuclear,2050,9,14,14,0.0
54687,SK_Nuclear,2050,9,15,15,0.0
54688,SK_Nuclear,2050,9,16,16,0.0
54689,SK_Nuclear,2050,9,17,17,0.0
54690,SK_Nuclear,2050,9,18,18,0.0
54691,SK_Nuclear,2050,9,19,19,0.0
54692,SK_Nuclear,2050,9,20,20,0.0
54693,SK_Nuclear,2050,9,21,21,0.0
54694,SK_Nuclear,2050,9,22,22,0.0
54695,SK_Nuclear,2050,9,23,23,0.0
54696,SK_Nuclear,2050,9,24,24,0.0
54697,SK_Nuclear,2050,10,1,1,-7.829682852833168
54698,SK_Nuclear,2050,10,2,2,-7.829682852833168
54699,SK_Nuclear,2050,10,3,3,-7.829682852833168
54700,SK_Nuclear,2050,10,4,4,-7.829682852833168
54701,SK_Nuclear,2050,10,5,5,-7.829682852833168
54702,SK_Nuclear,2050,10,6,6,-7.829682852833168
54703,SK_Nuclear,2050,10,7,7,-1.1316000000000002
54704,SK_Nuclear,2050,10,8,8,-1.1316000000000002
54705,SK_Nuclear,2050,10,9,9,-7.829682852833168
54706,SK_Nuclear,2050,10,10,10,-7.829682852833168
54707,SK_Nuclear,2050,10,11,11,-7.829682852833168
54708,SK_Nuclear,2050,10,12,12,-7.829682852833168
54709,SK_Nuclear,2050,10,13,13,-7.829682852833168
54710,SK_Nuclear,2050,10,14,14,-7.829682852833168
54711,SK_Nuclear,2050,10,15,15,-7.829682852833168
54712,SK_Nuclear,2050,10,16,16,0.0
54713,SK_Nuclear,2050,10,17,17,0.0
54714,SK_Nuclear,2050,10,18,18,0.0
54715,SK_Nuclear,2050,10,19,19,0.0
54716,SK_Nuclear,2050,10,20,20,0.0
54717,SK_Nuclear,2050,10,21,21,0.0
54718,SK_Nuclear,2050,10,22,22,0.0
54719,SK_Nuclear,2050,10,23,23,0.0
54720,SK_Nuclear,2050,10,24,24,0.0
54721,SK_OCGT,2050,1,1,1,0.0
54722,SK_OCGT,2050,1,2,2,0.0
54723,SK_OCGT,2050,1,3,3,0.0
54724,SK_OCGT,2050,1,4,4,0.0
54725,SK_OCGT,2050,1,5,5,0.0
54726,SK_OCGT,2050,1,6,6,0.0
54727,SK_OCGT,2050,1,7,7,0.0
54728,SK_OCGT,2050,1,8,8,0.0
54729,SK_OCGT,2050,1,9,9,0.0
54730,SK_OCGT,2050,1,10,10,0.0
54731,SK_OCGT,2050,1,11,11,0.0
54732,SK_OCGT,2050,1,12,12,0.0
54733,SK_OCGT,2050,1,13,13,0.0
54734,SK_OCGT,2050,1,14,14,0.0
54735,SK_OCGT,2050,1,15,15,0.0
54736,SK_OCGT,2050,1,16,16,0.0
54737,SK_OCGT,2050,1,17,17,0.0
54738,SK_OCGT,2050,1,18,18,0.0
54739,SK_OCGT,2050,1,19,19,0.0
54740,SK_OCGT,2050,1,20,20,0.0
54741,SK_OCGT,2050,1,21,21,0.0
54742,SK_OCGT,2050,1,22,22,0.0
54743,SK_OCGT,2050,1,23,23,0.0
54744,SK_OCGT,2050,1,24,24,0.0
54745,SK_OCGT,2050,2,1,1,0.0
54746,SK_OCGT,2050,2,2,2,0.0
54747,SK_OCGT,2050,2,3,3,0.0
54748,SK_OCGT,2050,2,4,4,0.0
54749,SK_OCGT,2050,2,5,5,0.0
54750,SK_OCGT,2050,2,6,6,0.0
54751,SK_OCGT,2050,2,7,7,0.0
54752,SK_OCGT,2050,2,8,8,0.0
54753,SK_OCGT,2050,2,9,9,0.0
54754,SK_OCGT,2050,2,10,10,0.0
54755,SK_OCGT,2050,2,11,11,0.0
54756,SK_OCGT,2050,2,12,12,0.0
54757,SK_OCGT,2050,2,13,13,0.0
54758,SK_OCGT,2050,2,14,14,0.0
54759,SK_OCGT,2050,2,15,15,0.0
54760,SK_OCGT,2050,2,16,16,0.0
54761,SK_OCGT,2050,2,17,17,0.0
54762,SK_OCGT,2050,2,18,18,0.0
54763,SK_OCGT,2050,2,19,19,0.0
54764,SK_OCGT,2050,2,20,20,0.0
54765,SK_OCGT,2050,2,21,21,0.0
54766,SK_OCGT,2050,2,22,22,0.0
54767,SK_OCGT,2050,2,23,23,0.0
54768,SK_OCGT,2050,2,24,24,0.0
54769,SK_OCGT,2050,3,1,1,0.0
54770,SK_OCGT,2050,3,2,2,0.0
54771,SK_OCGT,2050,3,3,3,0.0
54772,SK_OCGT,2050,3,4,4,0.0
54773,SK_OCGT,2050,3,5,5,0.0
54774,SK_OCGT,2050,3,6,6,0.0
54775,SK_OCGT,2050,3,7,7,0.0
54776,SK_OCGT,2050,3,8,8,0.0
54777,SK_OCGT,2050,3,9,9,0.0
54778,SK_OCGT,2050,3,10,10,0.0
54779,SK_OCGT,2050,3,11,11,0.0
54780,SK_OCGT,2050,3,12,12,-11.125165705666339
54781,SK_OCGT,2050,3,13,13,-11.125165705666339
54782,SK_OCGT,2050,3,14,14,-11.125165705666339
54783,SK_OCGT,2050,3,15,15,-11.125165705666339
54784,SK_OCGT,2050,3,16,16,-11.125165705666339
54785,SK_OCGT,2050,3,17,17,-11.125165705666339
54786,SK_OCGT,2050,3,18,18,-11.125165705666339
54787,SK_OCGT,2050,3,19,19,0.0
54788,SK_OCGT,2050,3,20,20,0.0
54789,SK_OCGT,2050,3,21,21,0.0
54790,SK_OCGT,2050,3,22,22,0.0
54791,SK_OCGT,2050,3,23,23,0.0
54792,SK_OCGT,2050,3,24,24,0.0
54793,SK_OCGT,2050,4,1,1,0.0
54794,SK_OCGT,2050,4,2,2,0.0
54795,SK_OCGT,2050,4,3,3,0.0
54796,SK_OCGT,2050,4,4,4,0.0
54797,SK_OCGT,2050,4,5,5,0.0
54798,SK_OCGT,2050,4,6,6,0.0
54799,SK_OCGT,2050,4,7,7,0.0
54800,SK_OCGT,2050,4,8,8,0.0
54801,SK_OCGT,2050,4,9,9,0.0
54802,SK_OCGT,2050,4,10,10,0.0
54803,SK_OCGT,2050,4,11,11,0.0
54804,SK_OCGT,2050,4,12,12,0.0
54805,SK_OCGT,2050,4,13,13,0.0
54806,SK_OCGT,2050,4,14,14,0.0
54807,SK_OCGT,2050,4,15,15,0.0
54808,SK_OCGT,2050,4,16,16,0.0
54809,SK_OCGT,2050,4,17,17,0.0
54810,SK_OCGT,2050,4,18,18,0.0
54811,SK_OCGT,2050,4,19,19,0.0
54812,SK_OCGT,2050,4,20,20,0.0
54813,SK_OCGT,2050,4,21,21,0.0
54814,SK_OCGT,2050,4,22,22,0.0
54815,SK_OCGT,2050,4,23,23,0.0
54816,SK_OCGT,2050,4,24,24,0.0
54817,SK_OCGT,2050,5,1,1,0.0
54818,SK_OCGT,2050,5,2,2,0.0
54819,SK_OCGT,2050,5,3,3,0.0
54820,SK_OCGT,2050,5,4,4,0.0
54821,SK_OCGT,2050,5,5,5,0.0
54822,SK_OCGT,2050,5,6,6,0.0
54823,SK_OCGT,2050,5,7,7,0.0
54824,SK_OCGT,2050,5,8,8,0.0
54825,SK_OCGT,2050,5,9,9,0.0
54826,SK_OCGT,2050,5,10,10,0.0
54827,SK_OCGT,2050,5,11,11,0.0
54828,SK_OCGT,2050,5,12,12,0.0
54829,SK_OCGT,2050,5,13,13,0.0
54830,SK_OCGT,2050,5,14,14,0.0
54831,SK_OCGT,2050,5,15,15,0.0
54832,SK_OCGT,2050,5,16,16,0.0
54833,SK_OCGT,2050,5,17,17,0.0
54834,SK_OCGT,2050,5,18,18,0.0
54835,SK_OCGT,2050,5,19,19,0.0
54836,SK_OCGT,2050,5,20,20,0.0
54837,SK_OCGT,2050,5,21,21,0.0
54838,SK_OCGT,2050,5,22,22,0.0
54839,SK_OCGT,2050,5,23,23,0.0
54840,SK_OCGT,2050,5,24,24,0.0
54841,SK_OCGT,2050,6,1,1,0.0
54842,SK_OCGT,2050,6,2,2,0.0
54843,SK_OCGT,2050,6,3,3,0.0
54844,SK_OCGT,2050,6,4,4,0.0
54845,SK_OCGT,2050,6,5,5,0.0
54846,SK_OCGT,2050,6,6,6,0.0
54847,SK_OCGT,2050,6,7,7,0.0
54848,SK_OCGT,2050,6,8,8,0.0
54849,SK_OCGT,2050,6,9,9,0.0
54850,SK_OCGT,2050,6,10,10,0.0
54851,SK_OCGT,2050,6,11,11,0.0
54852,SK_OCGT,2050,6,12,12,0.0
54853,SK_OCGT,2050,6,13,13,0.0
54854,SK_OCGT,2050,6,14,14,0.0
54855,SK_OCGT,2050,6,15,15,0.0
54856,SK_OCGT,2050,6,16,16,0.0
54857,SK_OCGT,2050,6,17,17,0.0
54858,SK_OCGT,2050,6,18,18,0.0
54859,SK_OCGT,2050,6,19,19,0.0
54860,SK_OCGT,2050,6,20,20,0.0
54861,SK_OCGT,2050,6,21,21,0.0
54862,SK_OCGT,2050,6,22,22,0.0
54863,SK_OCGT,2050,6,23,23,0.0
54864,SK_OCGT,2050,6,24,24,0.0
54865,SK_OCGT,2050,7,1,1,0.0
54866,SK_OCGT,2050,7,2,2,0.0
54867,SK_OCGT,2050,7,3,3,0.0
54868,SK_OCGT,2050,7,4,4,0.0
54869,SK_OCGT,2050,7,5,5,0.0
54870,SK_OCGT,2050,7,6,6,0.0
54871,SK_OCGT,2050,7,7,7,0.0
54872,SK_OCGT,2050,7,8,8,0.0
54873,SK_OCGT,2050,7,9,9,0.0
54874,SK_OCGT,2050,7,10,10,0.0
54875,SK_OCGT,2050,7,11,11,0.0
54876,SK_OCGT,2050,7,12,12,0.0
54877,SK_OCGT,2050,7,13,13,0.0
54878,SK_OCGT,2050,7,14,14,0.0
54879,SK_OCGT,2050,7,15,15,0.0
54880,SK_OCGT,2050,7,16,16,0.0
54881,SK_OCGT,2050,7,17,17,0.0
54882,SK_OCGT,2050,7,18,18,0.0
54883,SK_OCGT,2050,7,19,19,0.0
54884,SK_OCGT,2050,7,20,20,0.0
54885,SK_OCGT,2050,7,21,21,0.0
54886,SK_OCGT,2050,7,22,22,0.0
54887,SK_OCGT,2050,7,23,23,0.0
54888,SK_OCGT,2050,7,24,24,0.0
54889,SK_OCGT,2050,8,1,1,0.0
54890,SK_OCGT,2050,8,2,2,0.0
54891,SK_OCGT,2050,8,3,3,0.0
54892,SK_OCGT,2050,8,4,4,0.0
54893,SK_OCGT,2050,8,5,5,0.0
54894,SK_OCGT,2050,8,6,6,0.0
54895,SK_OCGT,2050,8,7,7,0.0
54896,SK_OCGT,2050,8,8,8,0.0
54897,SK_OCGT,2050,8,9,9,0.0
54898,SK_OCGT,2050,8,10,10,0.0
54899,SK_OCGT,2050,8,11,11,0.0
54900,SK_OCGT,2050,8,12,12,0.0
54901,SK_OCGT,2050,8,13,13,0.0
54902,SK_OCGT,2050,8,14,14,0.0
54903,SK_OCGT,2050,8,15,15,0.0
54904,SK_OCGT,2050,8,16,16,0.0
54905,SK_OCGT,2050,8,17,17,0.0
54906,SK_OCGT,2050,8,18,18,0.0
54907,SK_OCGT,2050,8,19,19,0.0
54908,SK_OCGT,2050,8,20,20,0.0
54909,SK_OCGT,2050,8,21,21,0.0
54910,SK_OCGT,2050,8,22,22,0.0
54911,SK_OCGT,2050,8,23,23,0.0
54912,SK_OCGT,2050,8,24,24,0.0
54913,SK_OCGT,2050,9,1,1,0.0
54914,SK_OCGT,2050,9,2,2,0.0
54915,SK_OCGT,2050,9,3,3,0.0
54916,SK_OCGT,2050,9,4,4,0.0
54917,SK_OCGT,2050,9,5,5,0.0
54918,SK_OCGT,2050,9,6,6,0.0
54919,SK_OCGT,2050,9,7,7,0.0
54920,SK_OCGT,2050,9,8,8,0.0
54921,SK_OCGT,2050,9,9,9,0.0
54922,SK_OCGT,2050,9,10,10,0.0
54923,SK_OCGT,2050,9,11,11,0.0
54924,SK_OCGT,2050,9,12,12,0.0
54925,SK_OCGT,2050,9,13,13,0.0
54926,SK_OCGT,2050,9,14,14,0.0
54927,SK_OCGT,2050,9,15,15,0.0
54928,SK_OCGT,2050,9,16,16,0.0
54929,SK_OCGT,2050,9,17,17,0.0
54930,SK_OCGT,2050,9,18,18,0.0
54931,SK_OCGT,2050,9,19,19,0.0
54932,SK_OCGT,2050,9,20,20,0.0
54933,SK_OCGT,2050,9,21,21,0.0
54934,SK_OCGT,2050,9,22,22,0.0
54935,SK_OCGT,2050,9,23,23,0.0
54936,SK_OCGT,2050,9,24,24,0.0
54937,SK_OCGT,2050,10,1,1,-5.870082852833168
54938,SK_OCGT,2050,10,2,2,-5.870082852833168
54939,SK_OCGT,2050,10,3,3,-5.870082852833168
54940,SK_OCGT,2050,10,4,4,-5.870082852833168
54941,SK_OCGT,2050,10,5,5,-5.870082852833168
54942,SK_OCGT,2050,10,6,6,-5.870082852833168
54943,SK_OCGT,2050,10,7,7,0.0
54944,SK_OCGT,2050,10,8,8,0.0
54945,SK_OCGT,2050,10,9,9,-5.870082852833168
54946,SK_OCGT,2050,10,10,10,-5.870082852833168
54947,SK_OCGT,2050,10,11,11,-5.870082852833168
54948,SK_OCGT,2050,10,12,12,-5.870082852833168
54949,SK_OCGT,2050,10,13,13,-5.870082852833168
54950,SK_OCGT,2050,10,14,14,-5.870082852833168
54951,SK_OCGT,2050,10,15,15,-5.870082852833168
54952,SK_OCGT,2050,10,16,16,0.0
54953,SK_OCGT,2050,10,17,17,0.0
54954,SK_OCGT,2050,10,18,18,0.0
54955,SK_OCGT,2050,10,19,19,0.0
54956,SK_OCGT,2050,10,20,20,0.0
54957,SK_OCGT,2050,10,21,21,0.0
54958,SK_OCGT,2050,10,22,22,0.0
54959,SK_OCGT,2050,10,23,23,0.0
54960,SK_OCGT,2050,10,24,24,0.0
54961,SK_Solar,2050,1,1,1,0.0
54962,SK_Solar,2050,1,2,2,0.0
54963,SK_Solar,2050,1,3,3,0.0
54964,SK_Solar,2050,1,4,4,0.0
54965,SK_Solar,2050,1,5,5,0.0
54966,SK_Solar,2050,1,6,6,-1.749
54967,SK_Solar,2050,1,7,7,-1.749
54968,SK_Solar,2050,1,8,8,-1.749
54969,SK_Solar,2050,1,9,9,-1.749
54970,SK_Solar,2050,1,10,10,-1.749
54971,SK_Solar,2050,1,11,11,-1.749
54972,SK_Solar,2050,1,12,12,-1.749
54973,SK_Solar,2050,1,13,13,-1.749
54974,SK_Solar,2050,1,14,14,-1.749
54975,SK_Solar,2050,1,15,15,-1.749
54976,SK_Solar,2050,1,16,16,-1.749
54977,SK_Solar,2050,1,17,17,-1.749
54978,SK_Solar,2050,1,18,18,-1.749
54979,SK_Solar,2050,1,19,19,-1.749
54980,SK_Solar,2050,1,20,20,-1.749
54981,SK_Solar,2050,1,21,21,-1.749
54982,SK_Solar,2050,1,22,22,-1.749
54983,SK_Solar,2050,1,23,23,-1.749
54984,SK_Solar,2050,1,24,24,-1.749
54985,SK_Solar,2050,2,1,1,0.0
54986,SK_Solar,2050,2,2,2,0.0
54987,SK_Solar,2050,2,3,3,0.0
54988,SK_Solar,2050,2,4,4,0.0
54989,SK_Solar,2050,2,5,5,0.0
54990,SK_Solar,2050,2,6,6,0.0
54991,SK_Solar,2050,2,7,7,0.0
54992,SK_Solar,2050,2,8,8,0.0
54993,SK_Solar,2050,2,9,9,0.0
54994,SK_Solar,2050,2,10,10,0.0
54995,SK_Solar,2050,2,11,11,0.0
54996,SK_Solar,2050,2,12,12,0.0
54997,SK_Solar,2050,2,13,13,0.0
54998,SK_Solar,2050,2,14,14,0.0
54999,SK_Solar,2050,2,15,15,0.0
55000,SK_Solar,2050,2,16,16,0.0
55001,SK_Solar,2050,2,17,17,0.0
55002,SK_Solar,2050,2,18,18,0.0
55003,SK_Solar,2050,2,19,19,0.0
55004,SK_Solar,2050,2,20,20,0.0
55005,SK_Solar,2050,2,21,21,0.0
55006,SK_Solar,2050,2,22,22,0.0
55007,SK_Solar,2050,2,23,23,0.0
55008,SK_Solar,2050,2,24,24,0.0
55009,SK_Solar,2050,3,1,1,-0.9570000000000001
55010,SK_Solar,2050,3,2,2,-0.9570000000000001
55011,SK_Solar,2050,3,3,3,-0.9570000000000001
55012,SK_Solar,2050,3,4,4,-0.9570000000000001
55013,SK_Solar,2050,3,5,5,-0.9570000000000001
55014,SK_Solar,2050,3,6,6,-0.9570000000000001
55015,SK_Solar,2050,3,7,7,-0.9570000000000001
55016,SK_Solar,2050,3,8,8,-0.9570000000000001
55017,SK_Solar,2050,3,9,9,-0.9570000000000001
55018,SK_Solar,2050,3,10,10,-0.9570000000000001
55019,SK_Solar,2050,3,11,11,-0.9570000000000001
55020,SK_Solar,2050,3,12,12,-12.604165705666338
55021,SK_Solar,2050,3,13,13,-12.604165705666338
55022,SK_Solar,2050,3,14,14,-12.604165705666338
55023,SK_Solar,2050,3,15,15,-12.604165705666338
55024,SK_Solar,2050,3,16,16,-12.604165705666338
55025,SK_Solar,2050,3,17,17,-12.604165705666338
55026,SK_Solar,2050,3,18,18,-12.604165705666338
55027,SK_Solar,2050,3,19,19,-0.9570000000000001
55028,SK_Solar,2050,3,20,20,-0.9570000000000001
55029,SK_Solar,2050,3,21,21,-0.9570000000000001
55030,SK_Solar,2050,3,22,22,-0.9570000000000001
55031,SK_Solar,2050,3,23,23,-0.9570000000000001
55032,SK_Solar,2050,3,24,24,-0.9570000000000001
55033,SK_Solar,2050,4,1,1,0.0
55034,SK_Solar,2050,4,2,2,0.0
55035,SK_Solar,2050,4,3,3,0.0
55036,SK_Solar,2050,4,4,4,0.0
55037,SK_Solar,2050,4,5,5,0.0
55038,SK_Solar,2050,4,6,6,0.0
55039,SK_Solar,2050,4,7,7,0.0
55040,SK_Solar,2050,4,8,8,0.0
55041,SK_Solar,2050,4,9,9,0.0
55042,SK_Solar,2050,4,10,10,0.0
55043,SK_Solar,2050,4,11,11,0.0
55044,SK_Solar,2050,4,12,12,0.0
55045,SK_Solar,2050,4,13,13,0.0
55046,SK_Solar,2050,4,14,14,0.0
55047,SK_Solar,2050,4,15,15,0.0
55048,SK_Solar,2050,4,16,16,0.0
55049,SK_Solar,2050,4,17,17,0.0
55050,SK_Solar,2050,4,18,18,0.0
55051,SK_Solar,2050,4,19,19,0.0
55052,SK_Solar,2050,4,20,20,0.0
55053,SK_Solar,2050,4,21,21,0.0
55054,SK_Solar,2050,4,22,22,0.0
55055,SK_Solar,2050,4,23,23,0.0
55056,SK_Solar,2050,4,24,24,0.0
55057,SK_Solar,2050,5,1,1,0.0
55058,SK_Solar,2050,5,2,2,0.0
55059,SK_Solar,2050,5,3,3,0.0
55060,SK_Solar,2050,5,4,4,0.0
55061,SK_Solar,2050,5,5,5,0.0
55062,SK_Solar,2050,5,6,6,0.0
55063,SK_Solar,2050,5,7,7,0.0
55064,SK_Solar,2050,5,8,8,0.0
55065,SK_Solar,2050,5,9,9,0.0
55066,SK_Solar,2050,5,10,10,0.0
55067,SK_Solar,2050,5,11,11,0.0
55068,SK_Solar,2050,5,12,12,0.0
55069,SK_Solar,2050,5,13,13,0.0
55070,SK_Solar,2050,5,14,14,0.0
55071,SK_Solar,2050,5,15,15,0.0
55072,SK_Solar,2050,5,16,16,0.0
55073,SK_Solar,2050,5,17,17,0.0
55074,SK_Solar,2050,5,18,18,0.0
55075,SK_Solar,2050,5,19,19,0.0
55076,SK_Solar,2050,5,20,20,0.0
55077,SK_Solar,2050,5,21,21,0.0
55078,SK_Solar,2050,5,22,22,0.0
55079,SK_Solar,2050,5,23,23,0.0
55080,SK_Solar,2050,5,24,24,0.0
55081,SK_Solar,2050,6,1,1,0.0
55082,SK_Solar,2050,6,2,2,0.0
55083,SK_Solar,2050,6,3,3,0.0
55084,SK_Solar,2050,6,4,4,0.0
55085,SK_Solar,2050,6,5,5,0.0
55086,SK_Solar,2050,6,6,6,0.0
55087,SK_Solar,2050,6,7,7,0.0
55088,SK_Solar,2050,6,8,8,0.0
55089,SK_Solar,2050,6,9,9,0.0
55090,SK_Solar,2050,6,10,10,0.0
55091,SK_Solar,2050,6,11,11,0.0
55092,SK_Solar,2050,6,12,12,0.0
55093,SK_Solar,2050,6,13,13,0.0
55094,SK_Solar,2050,6,14,14,0.0
55095,SK_Solar,2050,6,15,15,0.0
55096,SK_Solar,2050,6,16,16,0.0
55097,SK_Solar,2050,6,17,17,0.0
55098,SK_Solar,2050,6,18,18,0.0
55099,SK_Solar,2050,6,19,19,0.0
55100,SK_Solar,2050,6,20,20,0.0
55101,SK_Solar,2050,6,21,21,0.0
55102,SK_Solar,2050,6,22,22,0.0
55103,SK_Solar,2050,6,23,23,0.0
55104,SK_Solar,2050,6,24,24,0.0
55105,SK_Solar,2050,7,1,1,0.0
55106,SK_Solar,2050,7,2,2,0.0
55107,SK_Solar,2050,7,3,3,0.0
55108,SK_Solar,2050,7,4,4,0.0
55109,SK_Solar,2050,7,5,5,0.0
55110,SK_Solar,2050,7,6,6,0.0
55111,SK_Solar,2050,7,7,7,0.0
55112,SK_Solar,2050,7,8,8,0.0
55113,SK_Solar,2050,7,9,9,0.0
55114,SK_Solar,2050,7,10,10,0.0
55115,SK_Solar,2050,7,11,11,0.0
55116,SK_Solar,2050,7,12,12,0.0
55117,SK_Solar,2050,7,13,13,0.0
55118,SK_Solar,2050,7,14,14,0.0
55119,SK_Solar,2050,7,15,15,0.0
55120,SK_Solar,2050,7,16,16,0.0
55121,SK_Solar,2050,7,17,17,0.0
55122,SK_Solar,2050,7,18,18,0.0
55123,SK_Solar,2050,7,19,19,0.0
55124,SK_Solar,2050,7,20,20,0.0
55125,SK_Solar,2050,7,21,21,0.0
55126,SK_Solar,2050,7,22,22,0.0
55127,SK_Solar,2050,7,23,23,0.0
55128,SK_Solar,2050,7,24,24,0.0
55129,SK_Solar,2050,8,1,1,0.0
55130,SK_Solar,2050,8,2,2,0.0
55131,SK_Solar,2050,8,3,3,0.0
55132,SK_Solar,2050,8,4,4,0.0
55133,SK_Solar,2050,8,5,5,0.0
55134,SK_Solar,2050,8,6,6,0.0
55135,SK_Solar,2050,8,7,7,0.0
55136,SK_Solar,2050,8,8,8,0.0
55137,SK_Solar,2050,8,9,9,0.0
55138,SK_Solar,2050,8,10,10,0.0
55139,SK_Solar,2050,8,11,11,0.0
55140,SK_Solar,2050,8,12,12,0.0
55141,SK_Solar,2050,8,13,13,0.0
55142,SK_Solar,2050,8,14,14,0.0
55143,SK_Solar,2050,8,15,15,0.0
55144,SK_Solar,2050,8,16,16,0.0
55145,SK_Solar,2050,8,17,17,0.0
55146,SK_Solar,2050,8,18,18,0.0
55147,SK_Solar,2050,8,19,19,0.0
55148,SK_Solar,2050,8,20,20,0.0
55149,SK_Solar,2050,8,21,21,0.0
55150,SK_Solar,2050,8,22,22,0.0
55151,SK_Solar,2050,8,23,23,0.0
55152,SK_Solar,2050,8,24,24,0.0
55153,SK_Solar,2050,9,1,1,0.0
55154,SK_Solar,2050,9,2,2,0.0
55155,SK_Solar,2050,9,3,3,0.0
55156,SK_Solar,2050,9,4,4,0.0
55157,SK_Solar,2050,9,5,5,0.0
55158,SK_Solar,2050,9,6,6,0.0
55159,SK_Solar,2050,9,7,7,0.0
55160,SK_Solar,2050,9,8,8,0.0
55161,SK_Solar,2050,9,9,9,0.0
55162,SK_Solar,2050,9,10,10,0.0
55163,SK_Solar,2050,9,11,11,0.0
55164,SK_Solar,2050,9,12,12,0.0
55165,SK_Solar,2050,9,13,13,0.0
55166,SK_Solar,2050,9,14,14,0.0
55167,SK_Solar,2050,9,15,15,0.0
55168,SK_Solar,2050,9,16,16,0.0
55169,SK_Solar,2050,9,17,17,0.0
55170,SK_Solar,2050,9,18,18,0.0
55171,SK_Solar,2050,9,19,19,0.0
55172,SK_Solar,2050,9,20,20,0.0
55173,SK_Solar,2050,9,21,21,0.0
55174,SK_Solar,2050,9,22,22,0.0
55175,SK_Solar,2050,9,23,23,0.0
55176,SK_Solar,2050,9,24,24,0.0
55177,SK_Solar,2050,10,1,1,-8.216082852833168
55178,SK_Solar,2050,10,2,2,-8.216082852833168
55179,SK_Solar,2050,10,3,3,-8.216082852833168
55180,SK_Solar,2050,10,4,4,-8.216082852833168
55181,SK_Solar,2050,10,5,5,-8.216082852833168
55182,SK_Solar,2050,10,6,6,-8.216082852833168
55183,SK_Solar,2050,10,7,7,-1.518
55184,SK_Solar,2050,10,8,8,-1.518
55185,SK_Solar,2050,10,9,9,-8.216082852833168
55186,SK_Solar,2050,10,10,10,-8.216082852833168
55187,SK_Solar,2050,10,11,11,-8.216082852833168
55188,SK_Solar,2050,10,12,12,-8.216082852833168
55189,SK_Solar,2050,10,13,13,-8.216082852833168
55190,SK_Solar,2050,10,14,14,-8.216082852833168
55191,SK_Solar,2050,10,15,15,-8.216082852833168
55192,SK_Solar,2050,10,16,16,0.0
55193,SK_Solar,2050,10,17,17,0.0
55194,SK_Solar,2050,10,18,18,0.0
55195,SK_Solar,2050,10,19,19,0.0
55196,SK_Solar,2050,10,20,20,0.0
55197,SK_Solar,2050,10,21,21,0.0
55198,SK_Solar,2050,10,22,22,0.0
55199,SK_Solar,2050,10,23,23,0.0
55200,SK_Solar,2050,10,24,24,0.0
55201,SK_Wind_Offshore,2050,1,1,1,0.0
55202,SK_Wind_Offshore,2050,1,2,2,0.0
55203,SK_Wind_Offshore,2050,1,3,3,0.0
55204,SK_Wind_Offshore,2050,1,4,4,0.0
55205,SK_Wind_Offshore,2050,1,5,5,0.0
55206,SK_Wind_Offshore,2050,1,6,6,-1.749
55207,SK_Wind_Offshore,2050,1,7,7,-1.749
55208,SK_Wind_Offshore,2050,1,8,8,-1.749
55209,SK_Wind_Offshore,2050,1,9,9,-1.749
55210,SK_Wind_Offshore,2050,1,10,10,-1.749
55211,SK_Wind_Offshore,2050,1,11,11,-1.749
55212,SK_Wind_Offshore,2050,1,12,12,-1.749
55213,SK_Wind_Offshore,2050,1,13,13,-1.749
55214,SK_Wind_Offshore,2050,1,14,14,-1.749
55215,SK_Wind_Offshore,2050,1,15,15,-1.749
55216,SK_Wind_Offshore,2050,1,16,16,-1.749
55217,SK_Wind_Offshore,2050,1,17,17,-1.749
55218,SK_Wind_Offshore,2050,1,18,18,-1.749
55219,SK_Wind_Offshore,2050,1,19,19,-1.749
55220,SK_Wind_Offshore,2050,1,20,20,-1.749
55221,SK_Wind_Offshore,2050,1,21,21,-1.749
55222,SK_Wind_Offshore,2050,1,22,22,-1.749
55223,SK_Wind_Offshore,2050,1,23,23,-1.749
55224,SK_Wind_Offshore,2050,1,24,24,-1.749
55225,SK_Wind_Offshore,2050,2,1,1,0.0
55226,SK_Wind_Offshore,2050,2,2,2,0.0
55227,SK_Wind_Offshore,2050,2,3,3,0.0
55228,SK_Wind_Offshore,2050,2,4,4,0.0
55229,SK_Wind_Offshore,2050,2,5,5,0.0
55230,SK_Wind_Offshore,2050,2,6,6,0.0
55231,SK_Wind_Offshore,2050,2,7,7,0.0
55232,SK_Wind_Offshore,2050,2,8,8,0.0
55233,SK_Wind_Offshore,2050,2,9,9,0.0
55234,SK_Wind_Offshore,2050,2,10,10,0.0
55235,SK_Wind_Offshore,2050,2,11,11,0.0
55236,SK_Wind_Offshore,2050,2,12,12,0.0
55237,SK_Wind_Offshore,2050,2,13,13,0.0
55238,SK_Wind_Offshore,2050,2,14,14,0.0
55239,SK_Wind_Offshore,2050,2,15,15,0.0
55240,SK_Wind_Offshore,2050,2,16,16,0.0
55241,SK_Wind_Offshore,2050,2,17,17,0.0
55242,SK_Wind_Offshore,2050,2,18,18,0.0
55243,SK_Wind_Offshore,2050,2,19,19,0.0
55244,SK_Wind_Offshore,2050,2,20,20,0.0
55245,SK_Wind_Offshore,2050,2,21,21,0.0
55246,SK_Wind_Offshore,2050,2,22,22,0.0
55247,SK_Wind_Offshore,2050,2,23,23,0.0
55248,SK_Wind_Offshore,2050,2,24,24,0.0
55249,SK_Wind_Offshore,2050,3,1,1,-0.9570000000000001
55250,SK_Wind_Offshore,2050,3,2,2,-0.9570000000000001
55251,SK_Wind_Offshore,2050,3,3,3,-0.9570000000000001
55252,SK_Wind_Offshore,2050,3,4,4,-0.9570000000000001
55253,SK_Wind_Offshore,2050,3,5,5,-0.9570000000000001
55254,SK_Wind_Offshore,2050,3,6,6,-0.9570000000000001
55255,SK_Wind_Offshore,2050,3,7,7,-0.9570000000000001
55256,SK_Wind_Offshore,2050,3,8,8,-0.9570000000000001
55257,SK_Wind_Offshore,2050,3,9,9,-0.9570000000000001
55258,SK_Wind_Offshore,2050,3,10,10,-0.9570000000000001
55259,SK_Wind_Offshore,2050,3,11,11,-0.9570000000000001
55260,SK_Wind_Offshore,2050,3,12,12,-12.604165705666338
55261,SK_Wind_Offshore,2050,3,13,13,-12.604165705666338
55262,SK_Wind_Offshore,2050,3,14,14,-12.604165705666338
55263,SK_Wind_Offshore,2050,3,15,15,-12.604165705666338
55264,SK_Wind_Offshore,2050,3,16,16,-12.604165705666338
55265,SK_Wind_Offshore,2050,3,17,17,-12.604165705666338
55266,SK_Wind_Offshore,2050,3,18,18,-12.604165705666338
55267,SK_Wind_Offshore,2050,3,19,19,-0.9570000000000001
55268,SK_Wind_Offshore,2050,3,20,20,-0.9570000000000001
55269,SK_Wind_Offshore,2050,3,21,21,-0.9570000000000001
55270,SK_Wind_Offshore,2050,3,22,22,-0.9570000000000001
55271,SK_Wind_Offshore,2050,3,23,23,-0.9570000000000001
55272,SK_Wind_Offshore,2050,3,24,24,-0.9570000000000001
55273,SK_Wind_Offshore,2050,4,1,1,0.0
55274,SK_Wind_Offshore,2050,4,2,2,0.0
55275,SK_Wind_Offshore,2050,4,3,3,0.0
55276,SK_Wind_Offshore,2050,4,4,4,0.0
55277,SK_Wind_Offshore,2050,4,5,5,0.0
55278,SK_Wind_Offshore,2050,4,6,6,0.0
55279,SK_Wind_Offshore,2050,4,7,7,0.0
55280,SK_Wind_Offshore,2050,4,8,8,0.0
55281,SK_Wind_Offshore,2050,4,9,9,0.0
55282,SK_Wind_Offshore,2050,4,10,10,0.0
55283,SK_Wind_Offshore,2050,4,11,11,0.0
55284,SK_Wind_Offshore,2050,4,12,12,0.0
55285,SK_Wind_Offshore,2050,4,13,13,0.0
55286,SK_Wind_Offshore,2050,4,14,14,0.0
55287,SK_Wind_Offshore,2050,4,15,15,0.0
55288,SK_Wind_Offshore,2050,4,16,16,0.0
55289,SK_Wind_Offshore,2050,4,17,17,0.0
55290,SK_Wind_Offshore,2050,4,18,18,0.0
55291,SK_Wind_Offshore,2050,4,19,19,0.0
55292,SK_Wind_Offshore,2050,4,20,20,0.0
55293,SK_Wind_Offshore,2050,4,21,21,0.0
55294,SK_Wind_Offshore,2050,4,22,22,0.0
55295,SK_Wind_Offshore,2050,4,23,23,0.0
55296,SK_Wind_Offshore,2050,4,24,24,0.0
55297,SK_Wind_Offshore,2050,5,1,1,0.0
55298,SK_Wind_Offshore,2050,5,2,2,0.0
55299,SK_Wind_Offshore,2050,5,3,3,0.0
55300,SK_Wind_Offshore,2050,5,4,4,0.0
55301,SK_Wind_Offshore,2050,5,5,5,0.0
55302,SK_Wind_Offshore,2050,5,6,6,0.0
55303,SK_Wind_Offshore,2050,5,7,7,0.0
55304,SK_Wind_Offshore,2050,5,8,8,0.0
55305,SK_Wind_Offshore,2050,5,9,9,0.0
55306,SK_Wind_Offshore,2050,5,10,10,0.0
55307,SK_Wind_Offshore,2050,5,11,11,0.0
55308,SK_Wind_Offshore,2050,5,12,12,0.0
55309,SK_Wind_Offshore,2050,5,13,13,0.0
55310,SK_Wind_Offshore,2050,5,14,14,0.0
55311,SK_Wind_Offshore,2050,5,15,15,0.0
55312,SK_Wind_Offshore,2050,5,16,16,0.0
55313,SK_Wind_Offshore,2050,5,17,17,0.0
55314,SK_Wind_Offshore,2050,5,18,18,0.0
55315,SK_Wind_Offshore,2050,5,19,19,0.0
55316,SK_Wind_Offshore,2050,5,20,20,0.0
55317,SK_Wind_Offshore,2050,5,21,21,0.0
55318,SK_Wind_Offshore,2050,5,22,22,0.0
55319,SK_Wind_Offshore,2050,5,23,23,0.0
55320,SK_Wind_Offshore,2050,5,24,24,0.0
55321,SK_Wind_Offshore,2050,6,1,1,0.0
55322,SK_Wind_Offshore,2050,6,2,2,0.0
55323,SK_Wind_Offshore,2050,6,3,3,0.0
55324,SK_Wind_Offshore,2050,6,4,4,0.0
55325,SK_Wind_Offshore,2050,6,5,5,0.0
55326,SK_Wind_Offshore,2050,6,6,6,0.0
55327,SK_Wind_Offshore,2050,6,7,7,0.0
55328,SK_Wind_Offshore,2050,6,8,8,0.0
55329,SK_Wind_Offshore,2050,6,9,9,0.0
55330,SK_Wind_Offshore,2050,6,10,10,0.0
55331,SK_Wind_Offshore,2050,6,11,11,0.0
55332,SK_Wind_Offshore,2050,6,12,12,0.0
55333,SK_Wind_Offshore,2050,6,13,13,0.0
55334,SK_Wind_Offshore,2050,6,14,14,0.0
55335,SK_Wind_Offshore,2050,6,15,15,0.0
55336,SK_Wind_Offshore,2050,6,16,16,0.0
55337,SK_Wind_Offshore,2050,6,17,17,0.0
55338,SK_Wind_Offshore,2050,6,18,18,0.0
55339,SK_Wind_Offshore,2050,6,19,19,0.0
55340,SK_Wind_Offshore,2050,6,20,20,0.0
55341,SK_Wind_Offshore,2050,6,21,21,0.0
55342,SK_Wind_Offshore,2050,6,22,22,0.0
55343,SK_Wind_Offshore,2050,6,23,23,0.0
55344,SK_Wind_Offshore,2050,6,24,24,0.0
55345,SK_Wind_Offshore,2050,7,1,1,0.0
55346,SK_Wind_Offshore,2050,7,2,2,0.0
55347,SK_Wind_Offshore,2050,7,3,3,0.0
55348,SK_Wind_Offshore,2050,7,4,4,0.0
55349,SK_Wind_Offshore,2050,7,5,5,0.0
55350,SK_Wind_Offshore,2050,7,6,6,0.0
55351,SK_Wind_Offshore,2050,7,7,7,0.0
55352,SK_Wind_Offshore,2050,7,8,8,0.0
55353,SK_Wind_Offshore,2050,7,9,9,0.0
55354,SK_Wind_Offshore,2050,7,10,10,0.0
55355,SK_Wind_Offshore,2050,7,11,11,0.0
55356,SK_Wind_Offshore,2050,7,12,12,0.0
55357,SK_Wind_Offshore,2050,7,13,13,0.0
55358,SK_Wind_Offshore,2050,7,14,14,0.0
55359,SK_Wind_Offshore,2050,7,15,15,0.0
55360,SK_Wind_Offshore,2050,7,16,16,0.0
55361,SK_Wind_Offshore,2050,7,17,17,0.0
55362,SK_Wind_Offshore,2050,7,18,18,0.0
55363,SK_Wind_Offshore,2050,7,19,19,0.0
55364,SK_Wind_Offshore,2050,7,20,20,0.0
55365,SK_Wind_Offshore,2050,7,21,21,0.0
55366,SK_Wind_Offshore,2050,7,22,22,0.0
55367,SK_Wind_Offshore,2050,7,23,23,0.0
55368,SK_Wind_Offshore,2050,7,24,24,0.0
55369,SK_Wind_Offshore,2050,8,1,1,0.0
55370,SK_Wind_Offshore,2050,8,2,2,0.0
55371,SK_Wind_Offshore,2050,8,3,3,0.0
55372,SK_Wind_Offshore,2050,8,4,4,0.0
55373,SK_Wind_Offshore,2050,8,5,5,0.0
55374,SK_Wind_Offshore,2050,8,6,6,0.0
55375,SK_Wind_Offshore,2050,8,7,7,0.0
55376,SK_Wind_Offshore,2050,8,8,8,0.0
55377,SK_Wind_Offshore,2050,8,9,9,0.0
55378,SK_Wind_Offshore,2050,8,10,10,0.0
55379,SK_Wind_Offshore,2050,8,11,11,0.0
55380,SK_Wind_Offshore,2050,8,12,12,0.0
55381,SK_Wind_Offshore,2050,8,13,13,0.0
55382,SK_Wind_Offshore,2050,8,14,14,0.0
55383,SK_Wind_Offshore,2050,8,15,15,0.0
55384,SK_Wind_Offshore,2050,8,16,16,0.0
55385,SK_Wind_Offshore,2050,8,17,17,0.0
55386,SK_Wind_Offshore,2050,8,18,18,0.0
55387,SK_Wind_Offshore,2050,8,19,19,0.0
55388,SK_Wind_Offshore,2050,8,20,20,0.0
55389,SK_Wind_Offshore,2050,8,21,21,0.0
55390,SK_Wind_Offshore,2050,8,22,22,0.0
55391,SK_Wind_Offshore,2050,8,23,23,0.0
55392,SK_Wind_Offshore,2050,8,24,24,0.0
55393,SK_Wind_Offshore,2050,9,1,1,0.0
55394,SK_Wind_Offshore,2050,9,2,2,0.0
55395,SK_Wind_Offshore,2050,9,3,3,0.0
55396,SK_Wind_Offshore,2050,9,4,4,0.0
55397,SK_Wind_Offshore,2050,9,5,5,0.0
55398,SK_Wind_Offshore,2050,9,6,6,0.0
55399,SK_Wind_Offshore,2050,9,7,7,0.0
55400,SK_Wind_Offshore,2050,9,8,8,0.0
55401,SK_Wind_Offshore,2050,9,9,9,0.0
55402,SK_Wind_Offshore,2050,9,10,10,0.0
55403,SK_Wind_Offshore,2050,9,11,11,0.0
55404,SK_Wind_Offshore,2050,9,12,12,0.0
55405,SK_Wind_Offshore,2050,9,13,13,0.0
55406,SK_Wind_Offshore,2050,9,14,14,0.0
55407,SK_Wind_Offshore,2050,9,15,15,0.0
55408,SK_Wind_Offshore,2050,9,16,16,0.0
55409,SK_Wind_Offshore,2050,9,17,17,0.0
55410,SK_Wind_Offshore,2050,9,18,18,0.0
55411,SK_Wind_Offshore,2050,9,19,19,0.0
55412,SK_Wind_Offshore,2050,9,20,20,0.0
55413,SK_Wind_Offshore,2050,9,21,21,0.0
55414,SK_Wind_Offshore,2050,9,22,22,0.0
55415,SK_Wind_Offshore,2050,9,23,23,0.0
55416,SK_Wind_Offshore,2050,9,24,24,0.0
55417,SK_Wind_Offshore,2050,10,1,1,-8.216082852833168
55418,SK_Wind_Offshore,2050,10,2,2,-8.216082852833168
55419,SK_Wind_Offshore,2050,10,3,3,-8.216082852833168
55420,SK_Wind_Offshore,2050,10,4,4,-8.216082852833168
55421,SK_Wind_Offshore,2050,10,5,5,-8.216082852833168
55422,SK_Wind_Offshore,2050,10,6,6,-8.216082852833168
55423,SK_Wind_Offshore,2050,10,7,7,-1.518
55424,SK_Wind_Offshore,2050,10,8,8,-1.518
55425,SK_Wind_Offshore,2050,10,9,9,-8.216082852833168
55426,SK_Wind_Offshore,2050,10,10,10,-8.216082852833168
55427,SK_Wind_Offshore,2050,10,11,11,-8.216082852833168
55428,SK_Wind_Offshore,2050,10,12,12,-8.216082852833168
55429,SK_Wind_Offshore,2050,10,13,13,-8.216082852833168
55430,SK_Wind_Offshore,2050,10,14,14,-8.216082852833168
55431,SK_Wind_Offshore,2050,10,15,15,-8.216082852833168
55432,SK_Wind_Offshore,2050,10,16,16,0.0
55433,SK_Wind_Offshore,2050,10,17,17,0.0
55434,SK_Wind_Offshore,2050,10,18,18,0.0
55435,SK_Wind_Offshore,2050,10,19,19,0.0
55436,SK_Wind_Offshore,2050,10,20,20,0.0
55437,SK_Wind_Offshore,2050,10,21,21,0.0
55438,SK_Wind_Offshore,2050,10,22,22,0.0
55439,SK_Wind_Offshore,2050,10,23,23,0.0
55440,SK_Wind_Offshore,2050,10,24,24,0.0
55441,SK_Wind_Onshore,2050,1,1,1,0.0
55442,SK_Wind_Onshore,2050,1,2,2,0.0
55443,SK_Wind_Onshore,2050,1,3,3,0.0
55444,SK_Wind_Onshore,2050,1,4,4,0.0
55445,SK_Wind_Onshore,2050,1,5,5,0.0
55446,SK_Wind_Onshore,2050,1,6,6,-1.749
55447,SK_Wind_Onshore,2050,1,7,7,-1.749
55448,SK_Wind_Onshore,2050,1,8,8,-1.749
55449,SK_Wind_Onshore,2050,1,9,9,-1.749
55450,SK_Wind_Onshore,2050,1,10,10,-1.749
55451,SK_Wind_Onshore,2050,1,11,11,-1.749
55452,SK_Wind_Onshore,2050,1,12,12,-1.749
55453,SK_Wind_Onshore,2050,1,13,13,-1.749
55454,SK_Wind_Onshore,2050,1,14,14,-1.749
55455,SK_Wind_Onshore,2050,1,15,15,-1.749
55456,SK_Wind_Onshore,2050,1,16,16,-1.749
55457,SK_Wind_Onshore,2050,1,17,17,-1.749
55458,SK_Wind_Onshore,2050,1,18,18,-1.749
55459,SK_Wind_Onshore,2050,1,19,19,-1.749
55460,SK_Wind_Onshore,2050,1,20,20,-1.749
55461,SK_Wind_Onshore,2050,1,21,21,-1.749
55462,SK_Wind_Onshore,2050,1,22,22,-1.749
55463,SK_Wind_Onshore,2050,1,23,23,-1.749
55464,SK_Wind_Onshore,2050,1,24,24,-1.749
55465,SK_Wind_Onshore,2050,2,1,1,0.0
55466,SK_Wind_Onshore,2050,2,2,2,0.0
55467,SK_Wind_Onshore,2050,2,3,3,0.0
55468,SK_Wind_Onshore,2050,2,4,4,0.0
55469,SK_Wind_Onshore,2050,2,5,5,0.0
55470,SK_Wind_Onshore,2050,2,6,6,0.0
55471,SK_Wind_Onshore,2050,2,7,7,0.0
55472,SK_Wind_Onshore,2050,2,8,8,0.0
55473,SK_Wind_Onshore,2050,2,9,9,0.0
55474,SK_Wind_Onshore,2050,2,10,10,0.0
55475,SK_Wind_Onshore,2050,2,11,11,0.0
55476,SK_Wind_Onshore,2050,2,12,12,0.0
55477,SK_Wind_Onshore,2050,2,13,13,0.0
55478,SK_Wind_Onshore,2050,2,14,14,0.0
55479,SK_Wind_Onshore,2050,2,15,15,0.0
55480,SK_Wind_Onshore,2050,2,16,16,0.0
55481,SK_Wind_Onshore,2050,2,17,17,0.0
55482,SK_Wind_Onshore,2050,2,18,18,0.0
55483,SK_Wind_Onshore,2050,2,19,19,0.0
55484,SK_Wind_Onshore,2050,2,20,20,0.0
55485,SK_Wind_Onshore,2050,2,21,21,0.0
55486,SK_Wind_Onshore,2050,2,22,22,0.0
55487,SK_Wind_Onshore,2050,2,23,23,0.0
55488,SK_Wind_Onshore,2050,2,24,24,0.0
55489,SK_Wind_Onshore,2050,3,1,1,-0.9570000000000001
55490,SK_Wind_Onshore,2050,3,2,2,-0.9570000000000001
55491,SK_Wind_Onshore,2050,3,3,3,-0.9570000000000001
55492,SK_Wind_Onshore,2050,3,4,4,-0.9570000000000001
55493,SK_Wind_Onshore,2050,3,5,5,-0.9570000000000001
55494,SK_Wind_Onshore,2050,3,6,6,-0.9570000000000001
55495,SK_Wind_Onshore,2050,3,7,7,-0.9570000000000001
55496,SK_Wind_Onshore,2050,3,8,8,-0.9570000000000001
55497,SK_Wind_Onshore,2050,3,9,9,-0.9570000000000001
55498,SK_Wind_Onshore,2050,3,10,10,-0.9570000000000001
55499,SK_Wind_Onshore,2050,3,11,11,-0.9570000000000001
55500,SK_Wind_Onshore,2050,3,12,12,-12.604165705666338
55501,SK_Wind_Onshore,2050,3,13,13,-12.604165705666338
55502,SK_Wind_Onshore,2050,3,14,14,-12.604165705666338
55503,SK_Wind_Onshore,2050,3,15,15,-12.604165705666338
55504,SK_Wind_Onshore,2050,3,16,16,-12.604165705666338
55505,SK_Wind_Onshore,2050,3,17,17,-12.604165705666338
55506,SK_Wind_Onshore,2050,3,18,18,-12.604165705666338
55507,SK_Wind_Onshore,2050,3,19,19,-0.9570000000000001
55508,SK_Wind_Onshore,2050,3,20,20,-0.9570000000000001
55509,SK_Wind_Onshore,2050,3,21,21,-0.9570000000000001
55510,SK_Wind_Onshore,2050,3,22,22,-0.9570000000000001
55511,SK_Wind_Onshore,2050,3,23,23,-0.9570000000000001
55512,SK_Wind_Onshore,2050,3,24,24,-0.9570000000000001
55513,SK_Wind_Onshore,2050,4,1,1,0.0
55514,SK_Wind_Onshore,2050,4,2,2,0.0
55515,SK_Wind_Onshore,2050,4,3,3,0.0
55516,SK_Wind_Onshore,2050,4,4,4,0.0
55517,SK_Wind_Onshore,2050,4,5,5,0.0
55518,SK_Wind_Onshore,2050,4,6,6,0.0
55519,SK_Wind_Onshore,2050,4,7,7,0.0
55520,SK_Wind_Onshore,2050,4,8,8,0.0
55521,SK_Wind_Onshore,2050,4,9,9,0.0
55522,SK_Wind_Onshore,2050,4,10,10,0.0
55523,SK_Wind_Onshore,2050,4,11,11,0.0
55524,SK_Wind_Onshore,2050,4,12,12,0.0
55525,SK_Wind_Onshore,2050,4,13,13,0.0
55526,SK_Wind_Onshore,2050,4,14,14,0.0
55527,SK_Wind_Onshore,2050,4,15,15,0.0
55528,SK_Wind_Onshore,2050,4,16,16,0.0
55529,SK_Wind_Onshore,2050,4,17,17,0.0
55530,SK_Wind_Onshore,2050,4,18,18,0.0
55531,SK_Wind_Onshore,2050,4,19,19,0.0
55532,SK_Wind_Onshore,2050,4,20,20,0.0
55533,SK_Wind_Onshore,2050,4,21,21,0.0
55534,SK_Wind_Onshore,2050,4,22,22,0.0
55535,SK_Wind_Onshore,2050,4,23,23,0.0
55536,SK_Wind_Onshore,2050,4,24,24,0.0
55537,SK_Wind_Onshore,2050,5,1,1,0.0
55538,SK_Wind_Onshore,2050,5,2,2,0.0
55539,SK_Wind_Onshore,2050,5,3,3,0.0
55540,SK_Wind_Onshore,2050,5,4,4,0.0
55541,SK_Wind_Onshore,2050,5,5,5,0.0
55542,SK_Wind_Onshore,2050,5,6,6,0.0
55543,SK_Wind_Onshore,2050,5,7,7,0.0
55544,SK_Wind_Onshore,2050,5,8,8,0.0
55545,SK_Wind_Onshore,2050,5,9,9,0.0
55546,SK_Wind_Onshore,2050,5,10,10,0.0
55547,SK_Wind_Onshore,2050,5,11,11,0.0
55548,SK_Wind_Onshore,2050,5,12,12,0.0
55549,SK_Wind_Onshore,2050,5,13,13,0.0
55550,SK_Wind_Onshore,2050,5,14,14,0.0
55551,SK_Wind_Onshore,2050,5,15,15,0.0
55552,SK_Wind_Onshore,2050,5,16,16,0.0
55553,SK_Wind_Onshore,2050,5,17,17,0.0
55554,SK_Wind_Onshore,2050,5,18,18,0.0
55555,SK_Wind_Onshore,2050,5,19,19,0.0
55556,SK_Wind_Onshore,2050,5,20,20,0.0
55557,SK_Wind_Onshore,2050,5,21,21,0.0
55558,SK_Wind_Onshore,2050,5,22,22,0.0
55559,SK_Wind_Onshore,2050,5,23,23,0.0
55560,SK_Wind_Onshore,2050,5,24,24,0.0
55561,SK_Wind_Onshore,2050,6,1,1,0.0
55562,SK_Wind_Onshore,2050,6,2,2,0.0
55563,SK_Wind_Onshore,2050,6,3,3,0.0
55564,SK_Wind_Onshore,2050,6,4,4,0.0
55565,SK_Wind_Onshore,2050,6,5,5,0.0
55566,SK_Wind_Onshore,2050,6,6,6,0.0
55567,SK_Wind_Onshore,2050,6,7,7,0.0
55568,SK_Wind_Onshore,2050,6,8,8,0.0
55569,SK_Wind_Onshore,2050,6,9,9,0.0
55570,SK_Wind_Onshore,2050,6,10,10,0.0
55571,SK_Wind_Onshore,2050,6,11,11,0.0
55572,SK_Wind_Onshore,2050,6,12,12,0.0
55573,SK_Wind_Onshore,2050,6,13,13,0.0
55574,SK_Wind_Onshore,2050,6,14,14,0.0
55575,SK_Wind_Onshore,2050,6,15,15,0.0
55576,SK_Wind_Onshore,2050,6,16,16,0.0
55577,SK_Wind_Onshore,2050,6,17,17,0.0
55578,SK_Wind_Onshore,2050,6,18,18,0.0
55579,SK_Wind_Onshore,2050,6,19,19,0.0
55580,SK_Wind_Onshore,2050,6,20,20,0.0
55581,SK_Wind_Onshore,2050,6,21,21,0.0
55582,SK_Wind_Onshore,2050,6,22,22,0.0
55583,SK_Wind_Onshore,2050,6,23,23,0.0
55584,SK_Wind_Onshore,2050,6,24,24,0.0
55585,SK_Wind_Onshore,2050,7,1,1,0.0
55586,SK_Wind_Onshore,2050,7,2,2,0.0
55587,SK_Wind_Onshore,2050,7,3,3,0.0
55588,SK_Wind_Onshore,2050,7,4,4,0.0
55589,SK_Wind_Onshore,2050,7,5,5,0.0
55590,SK_Wind_Onshore,2050,7,6,6,0.0
55591,SK_Wind_Onshore,2050,7,7,7,0.0
55592,SK_Wind_Onshore,2050,7,8,8,0.0
55593,SK_Wind_Onshore,2050,7,9,9,0.0
55594,SK_Wind_Onshore,2050,7,10,10,0.0
55595,SK_Wind_Onshore,2050,7,11,11,0.0
55596,SK_Wind_Onshore,2050,7,12,12,0.0
55597,SK_Wind_Onshore,2050,7,13,13,0.0
55598,SK_Wind_Onshore,2050,7,14,14,0.0
55599,SK_Wind_Onshore,2050,7,15,15,0.0
55600,SK_Wind_Onshore,2050,7,16,16,0.0
55601,SK_Wind_Onshore,2050,7,17,17,0.0
55602,SK_Wind_Onshore,2050,7,18,18,0.0
55603,SK_Wind_Onshore,2050,7,19,19,0.0
55604,SK_Wind_Onshore,2050,7,20,20,0.0
55605,SK_Wind_Onshore,2050,7,21,21,0.0
55606,SK_Wind_Onshore,2050,7,22,22,0.0
55607,SK_Wind_Onshore,2050,7,23,23,0.0
55608,SK_Wind_Onshore,2050,7,24,24,0.0
55609,SK_Wind_Onshore,2050,8,1,1,0.0
55610,SK_Wind_Onshore,2050,8,2,2,0.0
55611,SK_Wind_Onshore,2050,8,3,3,0.0
55612,SK_Wind_Onshore,2050,8,4,4,0.0
55613,SK_Wind_Onshore,2050,8,5,5,0.0
55614,SK_Wind_Onshore,2050,8,6,6,0.0
55615,SK_Wind_Onshore,2050,8,7,7,0.0
55616,SK_Wind_Onshore,2050,8,8,8,0.0
55617,SK_Wind_Onshore,2050,8,9,9,0.0
55618,SK_Wind_Onshore,2050,8,10,10,0.0
55619,SK_Wind_Onshore,2050,8,11,11,0.0
55620,SK_Wind_Onshore,2050,8,12,12,0.0
55621,SK_Wind_Onshore,2050,8,13,13,0.0
55622,SK_Wind_Onshore,2050,8,14,14,0.0
55623,SK_Wind_Onshore,2050,8,15,15,0.0
55624,SK_Wind_Onshore,2050,8,16,16,0.0
55625,SK_Wind_Onshore,2050,8,17,17,0.0
55626,SK_Wind_Onshore,2050,8,18,18,0.0
55627,SK_Wind_Onshore,2050,8,19,19,0.0
55628,SK_Wind_Onshore,2050,8,20,20,0.0
55629,SK_Wind_Onshore,2050,8,21,21,0.0
55630,SK_Wind_Onshore,2050,8,22,22,0.0
55631,SK_Wind_Onshore,2050,8,23,23,0.0
55632,SK_Wind_Onshore,2050,8,24,24,0.0
55633,SK_Wind_Onshore,2050,9,1,1,0.0
55634,SK_Wind_Onshore,2050,9,2,2,0.0
55635,SK_Wind_Onshore,2050,9,3,3,0.0
55636,SK_Wind_Onshore,2050,9,4,4,0.0
55637,SK_Wind_Onshore,2050,9,5,5,0.0
55638,SK_Wind_Onshore,2050,9,6,6,0.0
55639,SK_Wind_Onshore,2050,9,7,7,0.0
55640,SK_Wind_Onshore,2050,9,8,8,0.0
55641,SK_Wind_Onshore,2050,9,9,9,0.0
55642,SK_Wind_Onshore,2050,9,10,10,0.0
55643,SK_Wind_Onshore,2050,9,11,11,0.0
55644,SK_Wind_Onshore,2050,9,12,12,0.0
55645,SK_Wind_Onshore,2050,9,13,13,0.0
55646,SK_Wind_Onshore,2050,9,14,14,0.0
55647,SK_Wind_Onshore,2050,9,15,15,0.0
55648,SK_Wind_Onshore,2050,9,16,16,0.0
55649,SK_Wind_Onshore,2050,9,17,17,0.0
55650,SK_Wind_Onshore,2050,9,18,18,0.0
55651,SK_Wind_Onshore,2050,9,19,19,0.0
55652,SK_Wind_Onshore,2050,9,20,20,0.0
55653,SK_Wind_Onshore,2050,9,21,21,0.0
55654,SK_Wind_Onshore,2050,9,22,22,0.0
55655,SK_Wind_Onshore,2050,9,23,23,0.0
55656,SK_Wind_Onshore,2050,9,24,24,0.0
55657,SK_Wind_Onshore,2050,10,1,1,-8.216082852833168
55658,SK_Wind_Onshore,2050,10,2,2,-8.216082852833168
55659,SK_Wind_Onshore,2050,10,3,3,-8.216082852833168
55660,SK_Wind_Onshore,2050,10,4,4,-8.216082852833168
55661,SK_Wind_Onshore,2050,10,5,5,-8.216082852833168
55662,SK_Wind_Onshore,2050,10,6,6,-8.216082852833168
55663,SK_Wind_Onshore,2050,10,7,7,-1.518
55664,SK_Wind_Onshore,2050,10,8,8,-1.518
55665,SK_Wind_Onshore,2050,10,9,9,-8.216082852833168
55666,SK_Wind_Onshore,2050,10,10,10,-8.216082852833168
55667,SK_Wind_Onshore,2050,10,11,11,-8.216082852833168
55668,SK_Wind_Onshore,2050,10,12,12,-8.216082852833168
55669,SK_Wind_Onshore,2050,10,13,13,-8.216082852833168
55670,SK_Wind_Onshore,2050,10,14,14,-8.216082852833168
55671,SK_Wind_Onshore,2050,10,15,15,-8.216082852833168
55672,SK_Wind_Onshore,2050,10,16,16,0.0
55673,SK_Wind_Onshore,2050,10,17,17,0.0
55674,SK_Wind_Onshore,2050,10,18,18,0.0
55675,SK_Wind_Onshore,2050,10,19,19,0.0
55676,SK_Wind_Onshore,2050,10,20,20,0.0
55677,SK_Wind_Onshore,2050,10,21,21,0.0
55678,SK_Wind_Onshore,2050,10,22,22,0.0
55679,SK_Wind_Onshore,2050,10,23,23,0.0
55680,SK_Wind_Onshore,2050,10,24,24,0.0
55681,UK_Battery,2050,1,1,1,0.0
55682,UK_Battery,2050,1,2,2,0.0
55683,UK_Battery,2050,1,3,3,0.0
55684,UK_Battery,2050,1,4,4,0.0
55685,UK_Battery,2050,1,5,5,0.0
55686,UK_Battery,2050,1,6,6,0.0
55687,UK_Battery,2050,1,7,7,0.0
55688,UK_Battery,2050,1,8,8,0.0
55689,UK_Battery,2050,1,9,9,0.0
55690,UK_Battery,2050,1,10,10,0.0
55691,UK_Battery,2050,1,11,11,0.0
55692,UK_Battery,2050,1,12,12,0.0
55693,UK_Battery,2050,1,13,13,0.0
55694,UK_Battery,2050,1,14,14,0.0
55695,UK_Battery,2050,1,15,15,0.0
55696,UK_Battery,2050,1,16,16,0.0
55697,UK_Battery,2050,1,17,17,0.0
55698,UK_Battery,2050,1,18,18,0.0
55699,UK_Battery,2050,1,19,19,0.0
55700,UK_Battery,2050,1,20,20,0.0
55701,UK_Battery,2050,1,21,21,0.0
55702,UK_Battery,2050,1,22,22,0.0
55703,UK_Battery,2050,1,23,23,0.0
55704,UK_Battery,2050,1,24,24,0.0
55705,UK_Battery,2050,2,1,1,0.0
55706,UK_Battery,2050,2,2,2,0.0
55707,UK_Battery,2050,2,3,3,0.0
55708,UK_Battery,2050,2,4,4,0.0
55709,UK_Battery,2050,2,5,5,0.0
55710,UK_Battery,2050,2,6,6,0.0
55711,UK_Battery,2050,2,7,7,0.0
55712,UK_Battery,2050,2,8,8,0.0
55713,UK_Battery,2050,2,9,9,0.0
55714,UK_Battery,2050,2,10,10,0.0
55715,UK_Battery,2050,2,11,11,0.0
55716,UK_Battery,2050,2,12,12,0.0
55717,UK_Battery,2050,2,13,13,0.0
55718,UK_Battery,2050,2,14,14,0.0
55719,UK_Battery,2050,2,15,15,0.0
55720,UK_Battery,2050,2,16,16,0.0
55721,UK_Battery,2050,2,17,17,0.0
55722,UK_Battery,2050,2,18,18,0.0
55723,UK_Battery,2050,2,19,19,0.0
55724,UK_Battery,2050,2,20,20,0.0
55725,UK_Battery,2050,2,21,21,0.0
55726,UK_Battery,2050,2,22,22,0.0
55727,UK_Battery,2050,2,23,23,0.0
55728,UK_Battery,2050,2,24,24,0.0
55729,UK_Battery,2050,3,1,1,0.0
55730,UK_Battery,2050,3,2,2,0.0
55731,UK_Battery,2050,3,3,3,0.0
55732,UK_Battery,2050,3,4,4,0.0
55733,UK_Battery,2050,3,5,5,0.0
55734,UK_Battery,2050,3,6,6,0.0
55735,UK_Battery,2050,3,7,7,0.0
55736,UK_Battery,2050,3,8,8,0.0
55737,UK_Battery,2050,3,9,9,0.0
55738,UK_Battery,2050,3,10,10,0.0
55739,UK_Battery,2050,3,11,11,0.0
55740,UK_Battery,2050,3,12,12,0.0
55741,UK_Battery,2050,3,13,13,0.0
55742,UK_Battery,2050,3,14,14,0.0
55743,UK_Battery,2050,3,15,15,0.0
55744,UK_Battery,2050,3,16,16,0.0
55745,UK_Battery,2050,3,17,17,0.0
55746,UK_Battery,2050,3,18,18,0.0
55747,UK_Battery,2050,3,19,19,0.0
55748,UK_Battery,2050,3,20,20,0.0
55749,UK_Battery,2050,3,21,21,0.0
55750,UK_Battery,2050,3,22,22,0.0
55751,UK_Battery,2050,3,23,23,0.0
55752,UK_Battery,2050,3,24,24,0.0
55753,UK_Battery,2050,4,1,1,0.0
55754,UK_Battery,2050,4,2,2,0.0
55755,UK_Battery,2050,4,3,3,0.0
55756,UK_Battery,2050,4,4,4,0.0
55757,UK_Battery,2050,4,5,5,0.0
55758,UK_Battery,2050,4,6,6,0.0
55759,UK_Battery,2050,4,7,7,0.0
55760,UK_Battery,2050,4,8,8,0.0
55761,UK_Battery,2050,4,9,9,0.0
55762,UK_Battery,2050,4,10,10,0.0
55763,UK_Battery,2050,4,11,11,0.0
55764,UK_Battery,2050,4,12,12,0.0
55765,UK_Battery,2050,4,13,13,0.0
55766,UK_Battery,2050,4,14,14,0.0
55767,UK_Battery,2050,4,15,15,0.0
55768,UK_Battery,2050,4,16,16,0.0
55769,UK_Battery,2050,4,17,17,0.0
55770,UK_Battery,2050,4,18,18,0.0
55771,UK_Battery,2050,4,19,19,0.0
55772,UK_Battery,2050,4,20,20,0.0
55773,UK_Battery,2050,4,21,21,0.0
55774,UK_Battery,2050,4,22,22,0.0
55775,UK_Battery,2050,4,23,23,0.0
55776,UK_Battery,2050,4,24,24,0.0
55777,UK_Battery,2050,5,1,1,0.0
55778,UK_Battery,2050,5,2,2,0.0
55779,UK_Battery,2050,5,3,3,0.0
55780,UK_Battery,2050,5,4,4,0.0
55781,UK_Battery,2050,5,5,5,0.0
55782,UK_Battery,2050,5,6,6,0.0
55783,UK_Battery,2050,5,7,7,0.0
55784,UK_Battery,2050,5,8,8,0.0
55785,UK_Battery,2050,5,9,9,0.0
55786,UK_Battery,2050,5,10,10,0.0
55787,UK_Battery,2050,5,11,11,0.0
55788,UK_Battery,2050,5,12,12,0.0
55789,UK_Battery,2050,5,13,13,0.0
55790,UK_Battery,2050,5,14,14,0.0
55791,UK_Battery,2050,5,15,15,0.0
55792,UK_Battery,2050,5,16,16,0.0
55793,UK_Battery,2050,5,17,17,0.0
55794,UK_Battery,2050,5,18,18,0.0
55795,UK_Battery,2050,5,19,19,0.0
55796,UK_Battery,2050,5,20,20,0.0
55797,UK_Battery,2050,5,21,21,0.0
55798,UK_Battery,2050,5,22,22,0.0
55799,UK_Battery,2050,5,23,23,0.0
55800,UK_Battery,2050,5,24,24,0.0
55801,UK_Battery,2050,6,1,1,0.0
55802,UK_Battery,2050,6,2,2,0.0
55803,UK_Battery,2050,6,3,3,0.0
55804,UK_Battery,2050,6,4,4,0.0
55805,UK_Battery,2050,6,5,5,0.0
55806,UK_Battery,2050,6,6,6,0.0
55807,UK_Battery,2050,6,7,7,0.0
55808,UK_Battery,2050,6,8,8,0.0
55809,UK_Battery,2050,6,9,9,0.0
55810,UK_Battery,2050,6,10,10,0.0
55811,UK_Battery,2050,6,11,11,0.0
55812,UK_Battery,2050,6,12,12,0.0
55813,UK_Battery,2050,6,13,13,0.0
55814,UK_Battery,2050,6,14,14,0.0
55815,UK_Battery,2050,6,15,15,0.0
55816,UK_Battery,2050,6,16,16,0.0
55817,UK_Battery,2050,6,17,17,0.0
55818,UK_Battery,2050,6,18,18,0.0
55819,UK_Battery,2050,6,19,19,0.0
55820,UK_Battery,2050,6,20,20,0.0
55821,UK_Battery,2050,6,21,21,0.0
55822,UK_Battery,2050,6,22,22,0.0
55823,UK_Battery,2050,6,23,23,0.0
55824,UK_Battery,2050,6,24,24,0.0
55825,UK_Battery,2050,7,1,1,0.0
55826,UK_Battery,2050,7,2,2,0.0
55827,UK_Battery,2050,7,3,3,0.0
55828,UK_Battery,2050,7,4,4,0.0
55829,UK_Battery,2050,7,5,5,0.0
55830,UK_Battery,2050,7,6,6,0.0
55831,UK_Battery,2050,7,7,7,0.0
55832,UK_Battery,2050,7,8,8,0.0
55833,UK_Battery,2050,7,9,9,0.0
55834,UK_Battery,2050,7,10,10,0.0
55835,UK_Battery,2050,7,11,11,0.0
55836,UK_Battery,2050,7,12,12,0.0
55837,UK_Battery,2050,7,13,13,0.0
55838,UK_Battery,2050,7,14,14,0.0
55839,UK_Battery,2050,7,15,15,0.0
55840,UK_Battery,2050,7,16,16,0.0
55841,UK_Battery,2050,7,17,17,0.0
55842,UK_Battery,2050,7,18,18,0.0
55843,UK_Battery,2050,7,19,19,-13.396165705666336
55844,UK_Battery,2050,7,20,20,0.0
55845,UK_Battery,2050,7,21,21,0.0
55846,UK_Battery,2050,7,22,22,0.0
55847,UK_Battery,2050,7,23,23,0.0
55848,UK_Battery,2050,7,24,24,0.0
55849,UK_Battery,2050,8,1,1,0.0
55850,UK_Battery,2050,8,2,2,0.0
55851,UK_Battery,2050,8,3,3,0.0
55852,UK_Battery,2050,8,4,4,0.0
55853,UK_Battery,2050,8,5,5,0.0
55854,UK_Battery,2050,8,6,6,0.0
55855,UK_Battery,2050,8,7,7,0.0
55856,UK_Battery,2050,8,8,8,0.0
55857,UK_Battery,2050,8,9,9,0.0
55858,UK_Battery,2050,8,10,10,0.0
55859,UK_Battery,2050,8,11,11,0.0
55860,UK_Battery,2050,8,12,12,0.0
55861,UK_Battery,2050,8,13,13,0.0
55862,UK_Battery,2050,8,14,14,0.0
55863,UK_Battery,2050,8,15,15,0.0
55864,UK_Battery,2050,8,16,16,0.0
55865,UK_Battery,2050,8,17,17,0.0
55866,UK_Battery,2050,8,18,18,0.0
55867,UK_Battery,2050,8,19,19,0.0
55868,UK_Battery,2050,8,20,20,0.0
55869,UK_Battery,2050,8,21,21,0.0
55870,UK_Battery,2050,8,22,22,0.0
55871,UK_Battery,2050,8,23,23,0.0
55872,UK_Battery,2050,8,24,24,0.0
55873,UK_Battery,2050,9,1,1,0.0
55874,UK_Battery,2050,9,2,2,0.0
55875,UK_Battery,2050,9,3,3,0.0
55876,UK_Battery,2050,9,4,4,0.0
55877,UK_Battery,2050,9,5,5,0.0
55878,UK_Battery,2050,9,6,6,0.0
55879,UK_Battery,2050,9,7,7,0.0
55880,UK_Battery,2050,9,8,8,0.0
55881,UK_Battery,2050,9,9,9,0.0
55882,UK_Battery,2050,9,10,10,0.0
55883,UK_Battery,2050,9,11,11,0.0
55884,UK_Battery,2050,9,12,12,0.0
55885,UK_Battery,2050,9,13,13,0.0
55886,UK_Battery,2050,9,14,14,0.0
55887,UK_Battery,2050,9,15,15,0.0
55888,UK_Battery,2050,9,16,16,0.0
55889,UK_Battery,2050,9,17,17,0.0
55890,UK_Battery,2050,9,18,18,0.0
55891,UK_Battery,2050,9,19,19,0.0
55892,UK_Battery,2050,9,20,20,0.0
55893,UK_Battery,2050,9,21,21,0.0
55894,UK_Battery,2050,9,22,22,0.0
55895,UK_Battery,2050,9,23,23,0.0
55896,UK_Battery,2050,9,24,24,0.0
55897,UK_Battery,2050,10,1,1,0.0
55898,UK_Battery,2050,10,2,2,0.0
55899,UK_Battery,2050,10,3,3,0.0
55900,UK_Battery,2050,10,4,4,0.0
55901,UK_Battery,2050,10,5,5,0.0
55902,UK_Battery,2050,10,6,6,0.0
55903,UK_Battery,2050,10,7,7,0.0
55904,UK_Battery,2050,10,8,8,0.0
55905,UK_Battery,2050,10,9,9,0.0
55906,UK_Battery,2050,10,10,10,0.0
55907,UK_Battery,2050,10,11,11,0.0
55908,UK_Battery,2050,10,12,12,0.0
55909,UK_Battery,2050,10,13,13,0.0
55910,UK_Battery,2050,10,14,14,0.0
55911,UK_Battery,2050,10,15,15,0.0
55912,UK_Battery,2050,10,16,16,0.0
55913,UK_Battery,2050,10,17,17,0.0
55914,UK_Battery,2050,10,18,18,0.0
55915,UK_Battery,2050,10,19,19,0.0
55916,UK_Battery,2050,10,20,20,0.0
55917,UK_Battery,2050,10,21,21,0.0
55918,UK_Battery,2050,10,22,22,0.0
55919,UK_Battery,2050,10,23,23,0.0
55920,UK_Battery,2050,10,24,24,0.0
55921,UK_CCGT,2050,1,1,1,0.0
55922,UK_CCGT,2050,1,2,2,0.0
55923,UK_CCGT,2050,1,3,3,0.0
55924,UK_CCGT,2050,1,4,4,0.0
55925,UK_CCGT,2050,1,5,5,0.0
55926,UK_CCGT,2050,1,6,6,0.0
55927,UK_CCGT,2050,1,7,7,0.0
55928,UK_CCGT,2050,1,8,8,0.0
55929,UK_CCGT,2050,1,9,9,0.0
55930,UK_CCGT,2050,1,10,10,0.0
55931,UK_CCGT,2050,1,11,11,0.0
55932,UK_CCGT,2050,1,12,12,0.0
55933,UK_CCGT,2050,1,13,13,0.0
55934,UK_CCGT,2050,1,14,14,0.0
55935,UK_CCGT,2050,1,15,15,0.0
55936,UK_CCGT,2050,1,16,16,0.0
55937,UK_CCGT,2050,1,17,17,0.0
55938,UK_CCGT,2050,1,18,18,0.0
55939,UK_CCGT,2050,1,19,19,0.0
55940,UK_CCGT,2050,1,20,20,0.0
55941,UK_CCGT,2050,1,21,21,0.0
55942,UK_CCGT,2050,1,22,22,0.0
55943,UK_CCGT,2050,1,23,23,0.0
55944,UK_CCGT,2050,1,24,24,0.0
55945,UK_CCGT,2050,2,1,1,0.0
55946,UK_CCGT,2050,2,2,2,0.0
55947,UK_CCGT,2050,2,3,3,0.0
55948,UK_CCGT,2050,2,4,4,0.0
55949,UK_CCGT,2050,2,5,5,0.0
55950,UK_CCGT,2050,2,6,6,0.0
55951,UK_CCGT,2050,2,7,7,0.0
55952,UK_CCGT,2050,2,8,8,0.0
55953,UK_CCGT,2050,2,9,9,0.0
55954,UK_CCGT,2050,2,10,10,0.0
55955,UK_CCGT,2050,2,11,11,0.0
55956,UK_CCGT,2050,2,12,12,0.0
55957,UK_CCGT,2050,2,13,13,0.0
55958,UK_CCGT,2050,2,14,14,0.0
55959,UK_CCGT,2050,2,15,15,0.0
55960,UK_CCGT,2050,2,16,16,0.0
55961,UK_CCGT,2050,2,17,17,0.0
55962,UK_CCGT,2050,2,18,18,-0.5939999999999999
55963,UK_CCGT,2050,2,19,19,-0.5939999999999999
55964,UK_CCGT,2050,2,20,20,-0.5939999999999999
55965,UK_CCGT,2050,2,21,21,0.0
55966,UK_CCGT,2050,2,22,22,0.0
55967,UK_CCGT,2050,2,23,23,0.0
55968,UK_CCGT,2050,2,24,24,0.0
55969,UK_CCGT,2050,3,1,1,0.0
55970,UK_CCGT,2050,3,2,2,0.0
55971,UK_CCGT,2050,3,3,3,0.0
55972,UK_CCGT,2050,3,4,4,0.0
55973,UK_CCGT,2050,3,5,5,0.0
55974,UK_CCGT,2050,3,6,6,0.0
55975,UK_CCGT,2050,3,7,7,0.0
55976,UK_CCGT,2050,3,8,8,0.0
55977,UK_CCGT,2050,3,9,9,0.0
55978,UK_CCGT,2050,3,10,10,0.0
55979,UK_CCGT,2050,3,11,11,0.0
55980,UK_CCGT,2050,3,12,12,0.0
55981,UK_CCGT,2050,3,13,13,0.0
55982,UK_CCGT,2050,3,14,14,0.0
55983,UK_CCGT,2050,3,15,15,0.0
55984,UK_CCGT,2050,3,16,16,0.0
55985,UK_CCGT,2050,3,17,17,0.0
55986,UK_CCGT,2050,3,18,18,0.0
55987,UK_CCGT,2050,3,19,19,0.0
55988,UK_CCGT,2050,3,20,20,0.0
55989,UK_CCGT,2050,3,21,21,0.0
55990,UK_CCGT,2050,3,22,22,0.0
55991,UK_CCGT,2050,3,23,23,0.0
55992,UK_CCGT,2050,3,24,24,0.0
55993,UK_CCGT,2050,4,1,1,0.0
55994,UK_CCGT,2050,4,2,2,0.0
55995,UK_CCGT,2050,4,3,3,0.0
55996,UK_CCGT,2050,4,4,4,0.0
55997,UK_CCGT,2050,4,5,5,0.0
55998,UK_CCGT,2050,4,6,6,0.0
55999,UK_CCGT,2050,4,7,7,0.0
56000,UK_CCGT,2050,4,8,8,0.0
56001,UK_CCGT,2050,4,9,9,0.0
56002,UK_CCGT,2050,4,10,10,0.0
56003,UK_CCGT,2050,4,11,11,0.0
56004,UK_CCGT,2050,4,12,12,0.0
56005,UK_CCGT,2050,4,13,13,0.0
56006,UK_CCGT,2050,4,14,14,0.0
56007,UK_CCGT,2050,4,15,15,0.0
56008,UK_CCGT,2050,4,16,16,0.0
56009,UK_CCGT,2050,4,17,17,0.0
56010,UK_CCGT,2050,4,18,18,0.0
56011,UK_CCGT,2050,4,19,19,0.0
56012,UK_CCGT,2050,4,20,20,0.0
56013,UK_CCGT,2050,4,21,21,0.0
56014,UK_CCGT,2050,4,22,22,0.0
56015,UK_CCGT,2050,4,23,23,0.0
56016,UK_CCGT,2050,4,24,24,0.0
56017,UK_CCGT,2050,5,1,1,0.0
56018,UK_CCGT,2050,5,2,2,0.0
56019,UK_CCGT,2050,5,3,3,0.0
56020,UK_CCGT,2050,5,4,4,0.0
56021,UK_CCGT,2050,5,5,5,0.0
56022,UK_CCGT,2050,5,6,6,0.0
56023,UK_CCGT,2050,5,7,7,0.0
56024,UK_CCGT,2050,5,8,8,0.0
56025,UK_CCGT,2050,5,9,9,0.0
56026,UK_CCGT,2050,5,10,10,0.0
56027,UK_CCGT,2050,5,11,11,0.0
56028,UK_CCGT,2050,5,12,12,0.0
56029,UK_CCGT,2050,5,13,13,0.0
56030,UK_CCGT,2050,5,14,14,0.0
56031,UK_CCGT,2050,5,15,15,0.0
56032,UK_CCGT,2050,5,16,16,0.0
56033,UK_CCGT,2050,5,17,17,0.0
56034,UK_CCGT,2050,5,18,18,0.0
56035,UK_CCGT,2050,5,19,19,0.0
56036,UK_CCGT,2050,5,20,20,0.0
56037,UK_CCGT,2050,5,21,21,0.0
56038,UK_CCGT,2050,5,22,22,0.0
56039,UK_CCGT,2050,5,23,23,0.0
56040,UK_CCGT,2050,5,24,24,0.0
56041,UK_CCGT,2050,6,1,1,0.0
56042,UK_CCGT,2050,6,2,2,0.0
56043,UK_CCGT,2050,6,3,3,0.0
56044,UK_CCGT,2050,6,4,4,0.0
56045,UK_CCGT,2050,6,5,5,0.0
56046,UK_CCGT,2050,6,6,6,0.0
56047,UK_CCGT,2050,6,7,7,0.0
56048,UK_CCGT,2050,6,8,8,0.0
56049,UK_CCGT,2050,6,9,9,0.0
56050,UK_CCGT,2050,6,10,10,0.0
56051,UK_CCGT,2050,6,11,11,0.0
56052,UK_CCGT,2050,6,12,12,0.0
56053,UK_CCGT,2050,6,13,13,0.0
56054,UK_CCGT,2050,6,14,14,0.0
56055,UK_CCGT,2050,6,15,15,0.0
56056,UK_CCGT,2050,6,16,16,0.0
56057,UK_CCGT,2050,6,17,17,0.0
56058,UK_CCGT,2050,6,18,18,0.0
56059,UK_CCGT,2050,6,19,19,0.0
56060,UK_CCGT,2050,6,20,20,0.0
56061,UK_CCGT,2050,6,21,21,0.0
56062,UK_CCGT,2050,6,22,22,0.0
56063,UK_CCGT,2050,6,23,23,0.0
56064,UK_CCGT,2050,6,24,24,0.0
56065,UK_CCGT,2050,7,1,1,0.0
56066,UK_CCGT,2050,7,2,2,0.0
56067,UK_CCGT,2050,7,3,3,0.0
56068,UK_CCGT,2050,7,4,4,0.0
56069,UK_CCGT,2050,7,5,5,0.0
56070,UK_CCGT,2050,7,6,6,0.0
56071,UK_CCGT,2050,7,7,7,0.0
56072,UK_CCGT,2050,7,8,8,0.0
56073,UK_CCGT,2050,7,9,9,0.0
56074,UK_CCGT,2050,7,10,10,-0.6659999999999997
56075,UK_CCGT,2050,7,11,11,-0.6659999999999997
56076,UK_CCGT,2050,7,12,12,-0.6659999999999997
56077,UK_CCGT,2050,7,13,13,-0.6659999999999997
56078,UK_CCGT,2050,7,14,14,-0.6659999999999997
56079,UK_CCGT,2050,7,15,15,-0.6659999999999997
56080,UK_CCGT,2050,7,16,16,-0.6659999999999997
56081,UK_CCGT,2050,7,17,17,-0.6659999999999997
56082,UK_CCGT,2050,7,18,18,-4.384165705666339
56083,UK_CCGT,2050,7,19,19,-17.780331411332675
56084,UK_CCGT,2050,7,20,20,-4.384165705666339
56085,UK_CCGT,2050,7,21,21,0.0
56086,UK_CCGT,2050,7,22,22,0.0
56087,UK_CCGT,2050,7,23,23,0.0
56088,UK_CCGT,2050,7,24,24,0.0
56089,UK_CCGT,2050,8,1,1,0.0
56090,UK_CCGT,2050,8,2,2,0.0
56091,UK_CCGT,2050,8,3,3,0.0
56092,UK_CCGT,2050,8,4,4,0.0
56093,UK_CCGT,2050,8,5,5,0.0
56094,UK_CCGT,2050,8,6,6,0.0
56095,UK_CCGT,2050,8,7,7,0.0
56096,UK_CCGT,2050,8,8,8,0.0
56097,UK_CCGT,2050,8,9,9,0.0
56098,UK_CCGT,2050,8,10,10,0.0
56099,UK_CCGT,2050,8,11,11,0.0
56100,UK_CCGT,2050,8,12,12,0.0
56101,UK_CCGT,2050,8,13,13,0.0
56102,UK_CCGT,2050,8,14,14,0.0
56103,UK_CCGT,2050,8,15,15,0.0
56104,UK_CCGT,2050,8,16,16,0.0
56105,UK_CCGT,2050,8,17,17,0.0
56106,UK_CCGT,2050,8,18,18,0.0
56107,UK_CCGT,2050,8,19,19,0.0
56108,UK_CCGT,2050,8,20,20,0.0
56109,UK_CCGT,2050,8,21,21,0.0
56110,UK_CCGT,2050,8,22,22,0.0
56111,UK_CCGT,2050,8,23,23,0.0
56112,UK_CCGT,2050,8,24,24,0.0
56113,UK_CCGT,2050,9,1,1,0.0
56114,UK_CCGT,2050,9,2,2,0.0
56115,UK_CCGT,2050,9,3,3,0.0
56116,UK_CCGT,2050,9,4,4,0.0
56117,UK_CCGT,2050,9,5,5,0.0
56118,UK_CCGT,2050,9,6,6,0.0
56119,UK_CCGT,2050,9,7,7,0.0
56120,UK_CCGT,2050,9,8,8,0.0
56121,UK_CCGT,2050,9,9,9,0.0
56122,UK_CCGT,2050,9,10,10,0.0
56123,UK_CCGT,2050,9,11,11,0.0
56124,UK_CCGT,2050,9,12,12,0.0
56125,UK_CCGT,2050,9,13,13,0.0
56126,UK_CCGT,2050,9,14,14,0.0
56127,UK_CCGT,2050,9,15,15,0.0
56128,UK_CCGT,2050,9,16,16,0.0
56129,UK_CCGT,2050,9,17,17,0.0
56130,UK_CCGT,2050,9,18,18,0.0
56131,UK_CCGT,2050,9,19,19,0.0
56132,UK_CCGT,2050,9,20,20,0.0
56133,UK_CCGT,2050,9,21,21,0.0
56134,UK_CCGT,2050,9,22,22,0.0
56135,UK_CCGT,2050,9,23,23,0.0
56136,UK_CCGT,2050,9,24,24,0.0
56137,UK_CCGT,2050,10,1,1,0.0
56138,UK_CCGT,2050,10,2,2,0.0
56139,UK_CCGT,2050,10,3,3,0.0
56140,UK_CCGT,2050,10,4,4,0.0
56141,UK_CCGT,2050,10,5,5,0.0
56142,UK_CCGT,2050,10,6,6,0.0
56143,UK_CCGT,2050,10,7,7,0.0
56144,UK_CCGT,2050,10,8,8,0.0
56145,UK_CCGT,2050,10,9,9,0.0
56146,UK_CCGT,2050,10,10,10,0.0
56147,UK_CCGT,2050,10,11,11,0.0
56148,UK_CCGT,2050,10,12,12,0.0
56149,UK_CCGT,2050,10,13,13,0.0
56150,UK_CCGT,2050,10,14,14,0.0
56151,UK_CCGT,2050,10,15,15,0.0
56152,UK_CCGT,2050,10,16,16,0.0
56153,UK_CCGT,2050,10,17,17,-0.8279999999999996
56154,UK_CCGT,2050,10,18,18,-0.8279999999999996
56155,UK_CCGT,2050,10,19,19,-0.8279999999999996
56156,UK_CCGT,2050,10,20,20,-0.8279999999999996
56157,UK_CCGT,2050,10,21,21,0.0
56158,UK_CCGT,2050,10,22,22,0.0
56159,UK_CCGT,2050,10,23,23,0.0
56160,UK_CCGT,2050,10,24,24,0.0
56161,UK_Coal,2050,1,1,1,0.0
56162,UK_Coal,2050,1,2,2,0.0
56163,UK_Coal,2050,1,3,3,0.0
56164,UK_Coal,2050,1,4,4,0.0
56165,UK_Coal,2050,1,5,5,0.0
56166,UK_Coal,2050,1,6,6,0.0
56167,UK_Coal,2050,1,7,7,0.0
56168,UK_Coal,2050,1,8,8,-0.8109000000000001
56169,UK_Coal,2050,1,9,9,-0.8109000000000001
56170,UK_Coal,2050,1,10,10,-0.8109000000000001
56171,UK_Coal,2050,1,11,11,-0.8109000000000001
56172,UK_Coal,2050,1,12,12,-0.8109000000000001
56173,UK_Coal,2050,1,13,13,-0.8109000000000001
56174,UK_Coal,2050,1,14,14,-0.8109000000000001
56175,UK_Coal,2050,1,15,15,0.0
56176,UK_Coal,2050,1,16,16,0.0
56177,UK_Coal,2050,1,17,17,0.0
56178,UK_Coal,2050,1,18,18,0.0
56179,UK_Coal,2050,1,19,19,0.0
56180,UK_Coal,2050,1,20,20,0.0
56181,UK_Coal,2050,1,21,21,0.0
56182,UK_Coal,2050,1,22,22,0.0
56183,UK_Coal,2050,1,23,23,0.0
56184,UK_Coal,2050,1,24,24,0.0
56185,UK_Coal,2050,2,1,1,0.0
56186,UK_Coal,2050,2,2,2,0.0
56187,UK_Coal,2050,2,3,3,0.0
56188,UK_Coal,2050,2,4,4,0.0
56189,UK_Coal,2050,2,5,5,0.0
56190,UK_Coal,2050,2,6,6,0.0
56191,UK_Coal,2050,2,7,7,0.0
56192,UK_Coal,2050,2,8,8,0.0
56193,UK_Coal,2050,2,9,9,-0.5048999999999999
56194,UK_Coal,2050,2,10,10,-0.5048999999999999
56195,UK_Coal,2050,2,11,11,-0.5048999999999999
56196,UK_Coal,2050,2,12,12,-0.5048999999999999
56197,UK_Coal,2050,2,13,13,-0.5048999999999999
56198,UK_Coal,2050,2,14,14,-0.5048999999999999
56199,UK_Coal,2050,2,15,15,-0.5048999999999999
56200,UK_Coal,2050,2,16,16,-0.5048999999999999
56201,UK_Coal,2050,2,17,17,-0.5048999999999999
56202,UK_Coal,2050,2,18,18,-1.0988999999999998
56203,UK_Coal,2050,2,19,19,-1.0988999999999998
56204,UK_Coal,2050,2,20,20,-1.0988999999999998
56205,UK_Coal,2050,2,21,21,-0.5048999999999999
56206,UK_Coal,2050,2,22,22,0.0
56207,UK_Coal,2050,2,23,23,0.0
56208,UK_Coal,2050,2,24,24,0.0
56209,UK_Coal,2050,3,1,1,0.0
56210,UK_Coal,2050,3,2,2,0.0
56211,UK_Coal,2050,3,3,3,0.0
56212,UK_Coal,2050,3,4,4,0.0
56213,UK_Coal,2050,3,5,5,0.0
56214,UK_Coal,2050,3,6,6,0.0
56215,UK_Coal,2050,3,7,7,0.0
56216,UK_Coal,2050,3,8,8,0.0
56217,UK_Coal,2050,3,9,9,0.0
56218,UK_Coal,2050,3,10,10,0.0
56219,UK_Coal,2050,3,11,11,0.0
56220,UK_Coal,2050,3,12,12,0.0
56221,UK_Coal,2050,3,13,13,0.0
56222,UK_Coal,2050,3,14,14,0.0
56223,UK_Coal,2050,3,15,15,0.0
56224,UK_Coal,2050,3,16,16,0.0
56225,UK_Coal,2050,3,17,17,0.0
56226,UK_Coal,2050,3,18,18,0.0
56227,UK_Coal,2050,3,19,19,0.0
56228,UK_Coal,2050,3,20,20,0.0
56229,UK_Coal,2050,3,21,21,0.0
56230,UK_Coal,2050,3,22,22,0.0
56231,UK_Coal,2050,3,23,23,0.0
56232,UK_Coal,2050,3,24,24,0.0
56233,UK_Coal,2050,4,1,1,0.0
56234,UK_Coal,2050,4,2,2,0.0
56235,UK_Coal,2050,4,3,3,0.0
56236,UK_Coal,2050,4,4,4,0.0
56237,UK_Coal,2050,4,5,5,0.0
56238,UK_Coal,2050,4,6,6,0.0
56239,UK_Coal,2050,4,7,7,0.0
56240,UK_Coal,2050,4,8,8,0.0
56241,UK_Coal,2050,4,9,9,0.0
56242,UK_Coal,2050,4,10,10,0.0
56243,UK_Coal,2050,4,11,11,0.0
56244,UK_Coal,2050,4,12,12,0.0
56245,UK_Coal,2050,4,13,13,0.0
56246,UK_Coal,2050,4,14,14,0.0
56247,UK_Coal,2050,4,15,15,0.0
56248,UK_Coal,2050,4,16,16,0.0
56249,UK_Coal,2050,4,17,17,0.0
56250,UK_Coal,2050,4,18,18,0.0
56251,UK_Coal,2050,4,19,19,0.0
56252,UK_Coal,2050,4,20,20,0.0
56253,UK_Coal,2050,4,21,21,0.0
56254,UK_Coal,2050,4,22,22,0.0
56255,UK_Coal,2050,4,23,23,0.0
56256,UK_Coal,2050,4,24,24,0.0
56257,UK_Coal,2050,5,1,1,0.0
56258,UK_Coal,2050,5,2,2,0.0
56259,UK_Coal,2050,5,3,3,0.0
56260,UK_Coal,2050,5,4,4,0.0
56261,UK_Coal,2050,5,5,5,0.0
56262,UK_Coal,2050,5,6,6,0.0
56263,UK_Coal,2050,5,7,7,0.0
56264,UK_Coal,2050,5,8,8,0.0
56265,UK_Coal,2050,5,9,9,0.0
56266,UK_Coal,2050,5,10,10,0.0
56267,UK_Coal,2050,5,11,11,0.0
56268,UK_Coal,2050,5,12,12,0.0
56269,UK_Coal,2050,5,13,13,0.0
56270,UK_Coal,2050,5,14,14,0.0
56271,UK_Coal,2050,5,15,15,0.0
56272,UK_Coal,2050,5,16,16,0.0
56273,UK_Coal,2050,5,17,17,0.0
56274,UK_Coal,2050,5,18,18,0.0
56275,UK_Coal,2050,5,19,19,0.0
56276,UK_Coal,2050,5,20,20,0.0
56277,UK_Coal,2050,5,21,21,0.0
56278,UK_Coal,2050,5,22,22,0.0
56279,UK_Coal,2050,5,23,23,0.0
56280,UK_Coal,2050,5,24,24,0.0
56281,UK_Coal,2050,6,1,1,0.0
56282,UK_Coal,2050,6,2,2,0.0
56283,UK_Coal,2050,6,3,3,0.0
56284,UK_Coal,2050,6,4,4,0.0
56285,UK_Coal,2050,6,5,5,0.0
56286,UK_Coal,2050,6,6,6,0.0
56287,UK_Coal,2050,6,7,7,0.0
56288,UK_Coal,2050,6,8,8,0.0
56289,UK_Coal,2050,6,9,9,-0.2754000000000001
56290,UK_Coal,2050,6,10,10,-0.2754000000000001
56291,UK_Coal,2050,6,11,11,-0.2754000000000001
56292,UK_Coal,2050,6,12,12,-0.2754000000000001
56293,UK_Coal,2050,6,13,13,-0.2754000000000001
56294,UK_Coal,2050,6,14,14,0.0
56295,UK_Coal,2050,6,15,15,0.0
56296,UK_Coal,2050,6,16,16,0.0
56297,UK_Coal,2050,6,17,17,0.0
56298,UK_Coal,2050,6,18,18,0.0
56299,UK_Coal,2050,6,19,19,0.0
56300,UK_Coal,2050,6,20,20,0.0
56301,UK_Coal,2050,6,21,21,0.0
56302,UK_Coal,2050,6,22,22,0.0
56303,UK_Coal,2050,6,23,23,0.0
56304,UK_Coal,2050,6,24,24,0.0
56305,UK_Coal,2050,7,1,1,0.0
56306,UK_Coal,2050,7,2,2,0.0
56307,UK_Coal,2050,7,3,3,0.0
56308,UK_Coal,2050,7,4,4,0.0
56309,UK_Coal,2050,7,5,5,0.0
56310,UK_Coal,2050,7,6,6,0.0
56311,UK_Coal,2050,7,7,7,-0.5661
56312,UK_Coal,2050,7,8,8,-0.5661
56313,UK_Coal,2050,7,9,9,-0.5661
56314,UK_Coal,2050,7,10,10,-1.2320999999999998
56315,UK_Coal,2050,7,11,11,-1.2320999999999998
56316,UK_Coal,2050,7,12,12,-1.2320999999999998
56317,UK_Coal,2050,7,13,13,-1.2320999999999998
56318,UK_Coal,2050,7,14,14,-1.2320999999999998
56319,UK_Coal,2050,7,15,15,-1.2320999999999998
56320,UK_Coal,2050,7,16,16,-1.2320999999999998
56321,UK_Coal,2050,7,17,17,-1.2320999999999998
56322,UK_Coal,2050,7,18,18,-4.9502657056663395
56323,UK_Coal,2050,7,19,19,-18.346431411332674
56324,UK_Coal,2050,7,20,20,-4.9502657056663395
56325,UK_Coal,2050,7,21,21,-0.5661
56326,UK_Coal,2050,7,22,22,-0.5661
56327,UK_Coal,2050,7,23,23,0.0
56328,UK_Coal,2050,7,24,24,0.0
56329,UK_Coal,2050,8,1,1,0.0
56330,UK_Coal,2050,8,2,2,0.0
56331,UK_Coal,2050,8,3,3,0.0
56332,UK_Coal,2050,8,4,4,0.0
56333,UK_Coal,2050,8,5,5,0.0
56334,UK_Coal,2050,8,6,6,0.0
56335,UK_Coal,2050,8,7,7,0.0
56336,UK_Coal,2050,8,8,8,0.0
56337,UK_Coal,2050,8,9,9,0.0
56338,UK_Coal,2050,8,10,10,0.0
56339,UK_Coal,2050,8,11,11,0.0
56340,UK_Coal,2050,8,12,12,0.0
56341,UK_Coal,2050,8,13,13,0.0
56342,UK_Coal,2050,8,14,14,0.0
56343,UK_Coal,2050,8,15,15,0.0
56344,UK_Coal,2050,8,16,16,0.0
56345,UK_Coal,2050,8,17,17,0.0
56346,UK_Coal,2050,8,18,18,0.0
56347,UK_Coal,2050,8,19,19,0.0
56348,UK_Coal,2050,8,20,20,0.0
56349,UK_Coal,2050,8,21,21,0.0
56350,UK_Coal,2050,8,22,22,0.0
56351,UK_Coal,2050,8,23,23,0.0
56352,UK_Coal,2050,8,24,24,0.0
56353,UK_Coal,2050,9,1,1,0.0
56354,UK_Coal,2050,9,2,2,0.0
56355,UK_Coal,2050,9,3,3,0.0
56356,UK_Coal,2050,9,4,4,0.0
56357,UK_Coal,2050,9,5,5,0.0
56358,UK_Coal,2050,9,6,6,0.0
56359,UK_Coal,2050,9,7,7,0.0
56360,UK_Coal,2050,9,8,8,0.0
56361,UK_Coal,2050,9,9,9,0.0
56362,UK_Coal,2050,9,10,10,0.0
56363,UK_Coal,2050,9,11,11,0.0
56364,UK_Coal,2050,9,12,12,-0.6579
56365,UK_Coal,2050,9,13,13,-0.6579
56366,UK_Coal,2050,9,14,14,-0.6579
56367,UK_Coal,2050,9,15,15,0.0
56368,UK_Coal,2050,9,16,16,0.0
56369,UK_Coal,2050,9,17,17,0.0
56370,UK_Coal,2050,9,18,18,0.0
56371,UK_Coal,2050,9,19,19,0.0
56372,UK_Coal,2050,9,20,20,0.0
56373,UK_Coal,2050,9,21,21,0.0
56374,UK_Coal,2050,9,22,22,0.0
56375,UK_Coal,2050,9,23,23,0.0
56376,UK_Coal,2050,9,24,24,0.0
56377,UK_Coal,2050,10,1,1,0.0
56378,UK_Coal,2050,10,2,2,0.0
56379,UK_Coal,2050,10,3,3,0.0
56380,UK_Coal,2050,10,4,4,0.0
56381,UK_Coal,2050,10,5,5,0.0
56382,UK_Coal,2050,10,6,6,0.0
56383,UK_Coal,2050,10,7,7,0.0
56384,UK_Coal,2050,10,8,8,-0.7038
56385,UK_Coal,2050,10,9,9,-0.7038
56386,UK_Coal,2050,10,10,10,-0.7038
56387,UK_Coal,2050,10,11,11,-0.7038
56388,UK_Coal,2050,10,12,12,-0.7038
56389,UK_Coal,2050,10,13,13,-0.7038
56390,UK_Coal,2050,10,14,14,-0.7038
56391,UK_Coal,2050,10,15,15,-0.7038
56392,UK_Coal,2050,10,16,16,-0.7038
56393,UK_Coal,2050,10,17,17,-1.5317999999999996
56394,UK_Coal,2050,10,18,18,-1.5317999999999996
56395,UK_Coal,2050,10,19,19,-1.5317999999999996
56396,UK_Coal,2050,10,20,20,-1.5317999999999996
56397,UK_Coal,2050,10,21,21,-0.7038
56398,UK_Coal,2050,10,22,22,0.0
56399,UK_Coal,2050,10,23,23,0.0
56400,UK_Coal,2050,10,24,24,0.0
56401,UK_Nuclear,2050,1,1,1,0.0
56402,UK_Nuclear,2050,1,2,2,0.0
56403,UK_Nuclear,2050,1,3,3,0.0
56404,UK_Nuclear,2050,1,4,4,0.0
56405,UK_Nuclear,2050,1,5,5,0.0
56406,UK_Nuclear,2050,1,6,6,0.0
56407,UK_Nuclear,2050,1,7,7,0.0
56408,UK_Nuclear,2050,1,8,8,-1.3038
56409,UK_Nuclear,2050,1,9,9,-1.3038
56410,UK_Nuclear,2050,1,10,10,-1.3038
56411,UK_Nuclear,2050,1,11,11,-1.3038
56412,UK_Nuclear,2050,1,12,12,-1.3038
56413,UK_Nuclear,2050,1,13,13,-1.3038
56414,UK_Nuclear,2050,1,14,14,-1.3038
56415,UK_Nuclear,2050,1,15,15,0.0
56416,UK_Nuclear,2050,1,16,16,0.0
56417,UK_Nuclear,2050,1,17,17,0.0
56418,UK_Nuclear,2050,1,18,18,0.0
56419,UK_Nuclear,2050,1,19,19,0.0
56420,UK_Nuclear,2050,1,20,20,0.0
56421,UK_Nuclear,2050,1,21,21,0.0
56422,UK_Nuclear,2050,1,22,22,0.0
56423,UK_Nuclear,2050,1,23,23,0.0
56424,UK_Nuclear,2050,1,24,24,0.0
56425,UK_Nuclear,2050,2,1,1,0.0
56426,UK_Nuclear,2050,2,2,2,0.0
56427,UK_Nuclear,2050,2,3,3,0.0
56428,UK_Nuclear,2050,2,4,4,0.0
56429,UK_Nuclear,2050,2,5,5,0.0
56430,UK_Nuclear,2050,2,6,6,0.0
56431,UK_Nuclear,2050,2,7,7,0.0
56432,UK_Nuclear,2050,2,8,8,0.0
56433,UK_Nuclear,2050,2,9,9,-0.8118
56434,UK_Nuclear,2050,2,10,10,-0.8118
56435,UK_Nuclear,2050,2,11,11,-0.8118
56436,UK_Nuclear,2050,2,12,12,-0.8118
56437,UK_Nuclear,2050,2,13,13,-0.8118
56438,UK_Nuclear,2050,2,14,14,-0.8118
56439,UK_Nuclear,2050,2,15,15,-0.8118
56440,UK_Nuclear,2050,2,16,16,-0.8118
56441,UK_Nuclear,2050,2,17,17,-0.8118
56442,UK_Nuclear,2050,2,18,18,-1.4057999999999997
56443,UK_Nuclear,2050,2,19,19,-1.4057999999999997
56444,UK_Nuclear,2050,2,20,20,-1.4057999999999997
56445,UK_Nuclear,2050,2,21,21,-0.8118
56446,UK_Nuclear,2050,2,22,22,0.0
56447,UK_Nuclear,2050,2,23,23,0.0
56448,UK_Nuclear,2050,2,24,24,0.0
56449,UK_Nuclear,2050,3,1,1,0.0
56450,UK_Nuclear,2050,3,2,2,0.0
56451,UK_Nuclear,2050,3,3,3,0.0
56452,UK_Nuclear,2050,3,4,4,0.0
56453,UK_Nuclear,2050,3,5,5,0.0
56454,UK_Nuclear,2050,3,6,6,0.0
56455,UK_Nuclear,2050,3,7,7,0.0
56456,UK_Nuclear,2050,3,8,8,0.0
56457,UK_Nuclear,2050,3,9,9,0.0
56458,UK_Nuclear,2050,3,10,10,0.0
56459,UK_Nuclear,2050,3,11,11,0.0
56460,UK_Nuclear,2050,3,12,12,0.0
56461,UK_Nuclear,2050,3,13,13,0.0
56462,UK_Nuclear,2050,3,14,14,0.0
56463,UK_Nuclear,2050,3,15,15,0.0
56464,UK_Nuclear,2050,3,16,16,0.0
56465,UK_Nuclear,2050,3,17,17,0.0
56466,UK_Nuclear,2050,3,18,18,0.0
56467,UK_Nuclear,2050,3,19,19,0.0
56468,UK_Nuclear,2050,3,20,20,0.0
56469,UK_Nuclear,2050,3,21,21,0.0
56470,UK_Nuclear,2050,3,22,22,0.0
56471,UK_Nuclear,2050,3,23,23,0.0
56472,UK_Nuclear,2050,3,24,24,0.0
56473,UK_Nuclear,2050,4,1,1,0.0
56474,UK_Nuclear,2050,4,2,2,0.0
56475,UK_Nuclear,2050,4,3,3,0.0
56476,UK_Nuclear,2050,4,4,4,0.0
56477,UK_Nuclear,2050,4,5,5,0.0
56478,UK_Nuclear,2050,4,6,6,0.0
56479,UK_Nuclear,2050,4,7,7,0.0
56480,UK_Nuclear,2050,4,8,8,0.0
56481,UK_Nuclear,2050,4,9,9,0.0
56482,UK_Nuclear,2050,4,10,10,0.0
56483,UK_Nuclear,2050,4,11,11,0.0
56484,UK_Nuclear,2050,4,12,12,0.0
56485,UK_Nuclear,2050,4,13,13,0.0
56486,UK_Nuclear,2050,4,14,14,0.0
56487,UK_Nuclear,2050,4,15,15,0.0
56488,UK_Nuclear,2050,4,16,16,0.0
56489,UK_Nuclear,2050,4,17,17,0.0
56490,UK_Nuclear,2050,4,18,18,0.0
56491,UK_Nuclear,2050,4,19,19,0.0
56492,UK_Nuclear,2050,4,20,20,0.0
56493,UK_Nuclear,2050,4,21,21,0.0
56494,UK_Nuclear,2050,4,22,22,0.0
56495,UK_Nuclear,2050,4,23,23,0.0
56496,UK_Nuclear,2050,4,24,24,0.0
56497,UK_Nuclear,2050,5,1,1,0.0
56498,UK_Nuclear,2050,5,2,2,0.0
56499,UK_Nuclear,2050,5,3,3,0.0
56500,UK_Nuclear,2050,5,4,4,0.0
56501,UK_Nuclear,2050,5,5,5,0.0
56502,UK_Nuclear,2050,5,6,6,0.0
56503,UK_Nuclear,2050,5,7,7,0.0
56504,UK_Nuclear,2050,5,8,8,0.0
56505,UK_Nuclear,2050,5,9,9,0.0
56506,UK_Nuclear,2050,5,10,10,0.0
56507,UK_Nuclear,2050,5,11,11,0.0
56508,UK_Nuclear,2050,5,12,12,0.0
56509,UK_Nuclear,2050,5,13,13,0.0
56510,UK_Nuclear,2050,5,14,14,0.0
56511,UK_Nuclear,2050,5,15,15,0.0
56512,UK_Nuclear,2050,5,16,16,0.0
56513,UK_Nuclear,2050,5,17,17,0.0
56514,UK_Nuclear,2050,5,18,18,0.0
56515,UK_Nuclear,2050,5,19,19,0.0
56516,UK_Nuclear,2050,5,20,20,0.0
56517,UK_Nuclear,2050,5,21,21,0.0
56518,UK_Nuclear,2050,5,22,22,0.0
56519,UK_Nuclear,2050,5,23,23,0.0
56520,UK_Nuclear,2050,5,24,24,0.0
56521,UK_Nuclear,2050,6,1,1,0.0
56522,UK_Nuclear,2050,6,2,2,0.0
56523,UK_Nuclear,2050,6,3,3,0.0
56524,UK_Nuclear,2050,6,4,4,0.0
56525,UK_Nuclear,2050,6,5,5,0.0
56526,UK_Nuclear,2050,6,6,6,0.0
56527,UK_Nuclear,2050,6,7,7,0.0
56528,UK_Nuclear,2050,6,8,8,0.0
56529,UK_Nuclear,2050,6,9,9,-0.4428000000000001
56530,UK_Nuclear,2050,6,10,10,-0.4428000000000001
56531,UK_Nuclear,2050,6,11,11,-0.4428000000000001
56532,UK_Nuclear,2050,6,12,12,-0.4428000000000001
56533,UK_Nuclear,2050,6,13,13,-0.4428000000000001
56534,UK_Nuclear,2050,6,14,14,0.0
56535,UK_Nuclear,2050,6,15,15,0.0
56536,UK_Nuclear,2050,6,16,16,0.0
56537,UK_Nuclear,2050,6,17,17,0.0
56538,UK_Nuclear,2050,6,18,18,0.0
56539,UK_Nuclear,2050,6,19,19,0.0
56540,UK_Nuclear,2050,6,20,20,0.0
56541,UK_Nuclear,2050,6,21,21,0.0
56542,UK_Nuclear,2050,6,22,22,0.0
56543,UK_Nuclear,2050,6,23,23,0.0
56544,UK_Nuclear,2050,6,24,24,0.0
56545,UK_Nuclear,2050,7,1,1,0.0
56546,UK_Nuclear,2050,7,2,2,0.0
56547,UK_Nuclear,2050,7,3,3,0.0
56548,UK_Nuclear,2050,7,4,4,0.0
56549,UK_Nuclear,2050,7,5,5,0.0
56550,UK_Nuclear,2050,7,6,6,0.0
56551,UK_Nuclear,2050,7,7,7,-0.9102000000000001
56552,UK_Nuclear,2050,7,8,8,-0.9102000000000001
56553,UK_Nuclear,2050,7,9,9,-0.9102000000000001
56554,UK_Nuclear,2050,7,10,10,-1.5761999999999998
56555,UK_Nuclear,2050,7,11,11,-1.5761999999999998
56556,UK_Nuclear,2050,7,12,12,-1.5761999999999998
56557,UK_Nuclear,2050,7,13,13,-1.5761999999999998
56558,UK_Nuclear,2050,7,14,14,-1.5761999999999998
56559,UK_Nuclear,2050,7,15,15,-1.5761999999999998
56560,UK_Nuclear,2050,7,16,16,-1.5761999999999998
56561,UK_Nuclear,2050,7,17,17,-1.5761999999999998
56562,UK_Nuclear,2050,7,18,18,-5.294365705666339
56563,UK_Nuclear,2050,7,19,19,-18.690531411332675
56564,UK_Nuclear,2050,7,20,20,-5.294365705666339
56565,UK_Nuclear,2050,7,21,21,-0.9102000000000001
56566,UK_Nuclear,2050,7,22,22,-0.9102000000000001
56567,UK_Nuclear,2050,7,23,23,0.0
56568,UK_Nuclear,2050,7,24,24,0.0
56569,UK_Nuclear,2050,8,1,1,0.0
56570,UK_Nuclear,2050,8,2,2,0.0
56571,UK_Nuclear,2050,8,3,3,0.0
56572,UK_Nuclear,2050,8,4,4,0.0
56573,UK_Nuclear,2050,8,5,5,0.0
56574,UK_Nuclear,2050,8,6,6,0.0
56575,UK_Nuclear,2050,8,7,7,0.0
56576,UK_Nuclear,2050,8,8,8,0.0
56577,UK_Nuclear,2050,8,9,9,0.0
56578,UK_Nuclear,2050,8,10,10,0.0
56579,UK_Nuclear,2050,8,11,11,0.0
56580,UK_Nuclear,2050,8,12,12,0.0
56581,UK_Nuclear,2050,8,13,13,0.0
56582,UK_Nuclear,2050,8,14,14,0.0
56583,UK_Nuclear,2050,8,15,15,0.0
56584,UK_Nuclear,2050,8,16,16,0.0
56585,UK_Nuclear,2050,8,17,17,0.0
56586,UK_Nuclear,2050,8,18,18,0.0
56587,UK_Nuclear,2050,8,19,19,0.0
56588,UK_Nuclear,2050,8,20,20,0.0
56589,UK_Nuclear,2050,8,21,21,0.0
56590,UK_Nuclear,2050,8,22,22,0.0
56591,UK_Nuclear,2050,8,23,23,0.0
56592,UK_Nuclear,2050,8,24,24,0.0
56593,UK_Nuclear,2050,9,1,1,0.0
56594,UK_Nuclear,2050,9,2,2,0.0
56595,UK_Nuclear,2050,9,3,3,0.0
56596,UK_Nuclear,2050,9,4,4,0.0
56597,UK_Nuclear,2050,9,5,5,0.0
56598,UK_Nuclear,2050,9,6,6,0.0
56599,UK_Nuclear,2050,9,7,7,0.0
56600,UK_Nuclear,2050,9,8,8,0.0
56601,UK_Nuclear,2050,9,9,9,0.0
56602,UK_Nuclear,2050,9,10,10,0.0
56603,UK_Nuclear,2050,9,11,11,0.0
56604,UK_Nuclear,2050,9,12,12,-1.0578
56605,UK_Nuclear,2050,9,13,13,-1.0578
56606,UK_Nuclear,2050,9,14,14,-1.0578
56607,UK_Nuclear,2050,9,15,15,0.0
56608,UK_Nuclear,2050,9,16,16,0.0
56609,UK_Nuclear,2050,9,17,17,0.0
56610,UK_Nuclear,2050,9,18,18,0.0
56611,UK_Nuclear,2050,9,19,19,0.0
56612,UK_Nuclear,2050,9,20,20,0.0
56613,UK_Nuclear,2050,9,21,21,0.0
56614,UK_Nuclear,2050,9,22,22,0.0
56615,UK_Nuclear,2050,9,23,23,0.0
56616,UK_Nuclear,2050,9,24,24,0.0
56617,UK_Nuclear,2050,10,1,1,0.0
56618,UK_Nuclear,2050,10,2,2,0.0
56619,UK_Nuclear,2050,10,3,3,0.0
56620,UK_Nuclear,2050,10,4,4,0.0
56621,UK_Nuclear,2050,10,5,5,0.0
56622,UK_Nuclear,2050,10,6,6,0.0
56623,UK_Nuclear,2050,10,7,7,0.0
56624,UK_Nuclear,2050,10,8,8,-1.1316000000000002
56625,UK_Nuclear,2050,10,9,9,-1.1316000000000002
56626,UK_Nuclear,2050,10,10,10,-1.1316000000000002
56627,UK_Nuclear,2050,10,11,11,-1.1316000000000002
56628,UK_Nuclear,2050,10,12,12,-1.1316000000000002
56629,UK_Nuclear,2050,10,13,13,-1.1316000000000002
56630,UK_Nuclear,2050,10,14,14,-1.1316000000000002
56631,UK_Nuclear,2050,10,15,15,-1.1316000000000002
56632,UK_Nuclear,2050,10,16,16,-1.1316000000000002
56633,UK_Nuclear,2050,10,17,17,-1.9595999999999996
56634,UK_Nuclear,2050,10,18,18,-1.9595999999999996
56635,UK_Nuclear,2050,10,19,19,-1.9595999999999996
56636,UK_Nuclear,2050,10,20,20,-1.9595999999999996
56637,UK_Nuclear,2050,10,21,21,-1.1316000000000002
56638,UK_Nuclear,2050,10,22,22,0.0
56639,UK_Nuclear,2050,10,23,23,0.0
56640,UK_Nuclear,2050,10,24,24,0.0
56641,UK_OCGT,2050,1,1,1,0.0
56642,UK_OCGT,2050,1,2,2,0.0
56643,UK_OCGT,2050,1,3,3,0.0
56644,UK_OCGT,2050,1,4,4,0.0
56645,UK_OCGT,2050,1,5,5,0.0
56646,UK_OCGT,2050,1,6,6,0.0
56647,UK_OCGT,2050,1,7,7,0.0
56648,UK_OCGT,2050,1,8,8,0.0
56649,UK_OCGT,2050,1,9,9,0.0
56650,UK_OCGT,2050,1,10,10,0.0
56651,UK_OCGT,2050,1,11,11,0.0
56652,UK_OCGT,2050,1,12,12,0.0
56653,UK_OCGT,2050,1,13,13,0.0
56654,UK_OCGT,2050,1,14,14,0.0
56655,UK_OCGT,2050,1,15,15,0.0
56656,UK_OCGT,2050,1,16,16,0.0
56657,UK_OCGT,2050,1,17,17,0.0
56658,UK_OCGT,2050,1,18,18,0.0
56659,UK_OCGT,2050,1,19,19,0.0
56660,UK_OCGT,2050,1,20,20,0.0
56661,UK_OCGT,2050,1,21,21,0.0
56662,UK_OCGT,2050,1,22,22,0.0
56663,UK_OCGT,2050,1,23,23,0.0
56664,UK_OCGT,2050,1,24,24,0.0
56665,UK_OCGT,2050,2,1,1,0.0
56666,UK_OCGT,2050,2,2,2,0.0
56667,UK_OCGT,2050,2,3,3,0.0
56668,UK_OCGT,2050,2,4,4,0.0
56669,UK_OCGT,2050,2,5,5,0.0
56670,UK_OCGT,2050,2,6,6,0.0
56671,UK_OCGT,2050,2,7,7,0.0
56672,UK_OCGT,2050,2,8,8,0.0
56673,UK_OCGT,2050,2,9,9,0.0
56674,UK_OCGT,2050,2,10,10,0.0
56675,UK_OCGT,2050,2,11,11,0.0
56676,UK_OCGT,2050,2,12,12,0.0
56677,UK_OCGT,2050,2,13,13,0.0
56678,UK_OCGT,2050,2,14,14,0.0
56679,UK_OCGT,2050,2,15,15,0.0
56680,UK_OCGT,2050,2,16,16,0.0
56681,UK_OCGT,2050,2,17,17,0.0
56682,UK_OCGT,2050,2,18,18,0.0
56683,UK_OCGT,2050,2,19,19,0.0
56684,UK_OCGT,2050,2,20,20,0.0
56685,UK_OCGT,2050,2,21,21,0.0
56686,UK_OCGT,2050,2,22,22,0.0
56687,UK_OCGT,2050,2,23,23,0.0
56688,UK_OCGT,2050,2,24,24,0.0
56689,UK_OCGT,2050,3,1,1,0.0
56690,UK_OCGT,2050,3,2,2,0.0
56691,UK_OCGT,2050,3,3,3,0.0
56692,UK_OCGT,2050,3,4,4,0.0
56693,UK_OCGT,2050,3,5,5,0.0
56694,UK_OCGT,2050,3,6,6,0.0
56695,UK_OCGT,2050,3,7,7,0.0
56696,UK_OCGT,2050,3,8,8,0.0
56697,UK_OCGT,2050,3,9,9,0.0
56698,UK_OCGT,2050,3,10,10,0.0
56699,UK_OCGT,2050,3,11,11,0.0
56700,UK_OCGT,2050,3,12,12,0.0
56701,UK_OCGT,2050,3,13,13,0.0
56702,UK_OCGT,2050,3,14,14,0.0
56703,UK_OCGT,2050,3,15,15,0.0
56704,UK_OCGT,2050,3,16,16,0.0
56705,UK_OCGT,2050,3,17,17,0.0
56706,UK_OCGT,2050,3,18,18,0.0
56707,UK_OCGT,2050,3,19,19,0.0
56708,UK_OCGT,2050,3,20,20,0.0
56709,UK_OCGT,2050,3,21,21,0.0
56710,UK_OCGT,2050,3,22,22,0.0
56711,UK_OCGT,2050,3,23,23,0.0
56712,UK_OCGT,2050,3,24,24,0.0
56713,UK_OCGT,2050,4,1,1,0.0
56714,UK_OCGT,2050,4,2,2,0.0
56715,UK_OCGT,2050,4,3,3,0.0
56716,UK_OCGT,2050,4,4,4,0.0
56717,UK_OCGT,2050,4,5,5,0.0
56718,UK_OCGT,2050,4,6,6,0.0
56719,UK_OCGT,2050,4,7,7,0.0
56720,UK_OCGT,2050,4,8,8,0.0
56721,UK_OCGT,2050,4,9,9,0.0
56722,UK_OCGT,2050,4,10,10,0.0
56723,UK_OCGT,2050,4,11,11,0.0
56724,UK_OCGT,2050,4,12,12,0.0
56725,UK_OCGT,2050,4,13,13,0.0
56726,UK_OCGT,2050,4,14,14,0.0
56727,UK_OCGT,2050,4,15,15,0.0
56728,UK_OCGT,2050,4,16,16,0.0
56729,UK_OCGT,2050,4,17,17,0.0
56730,UK_OCGT,2050,4,18,18,0.0
56731,UK_OCGT,2050,4,19,19,0.0
56732,UK_OCGT,2050,4,20,20,0.0
56733,UK_OCGT,2050,4,21,21,0.0
56734,UK_OCGT,2050,4,22,22,0.0
56735,UK_OCGT,2050,4,23,23,0.0
56736,UK_OCGT,2050,4,24,24,0.0
56737,UK_OCGT,2050,5,1,1,0.0
56738,UK_OCGT,2050,5,2,2,0.0
56739,UK_OCGT,2050,5,3,3,0.0
56740,UK_OCGT,2050,5,4,4,0.0
56741,UK_OCGT,2050,5,5,5,0.0
56742,UK_OCGT,2050,5,6,6,0.0
56743,UK_OCGT,2050,5,7,7,0.0
56744,UK_OCGT,2050,5,8,8,0.0
56745,UK_OCGT,2050,5,9,9,0.0
56746,UK_OCGT,2050,5,10,10,0.0
56747,UK_OCGT,2050,5,11,11,0.0
56748,UK_OCGT,2050,5,12,12,0.0
56749,UK_OCGT,2050,5,13,13,0.0
56750,UK_OCGT,2050,5,14,14,0.0
56751,UK_OCGT,2050,5,15,15,0.0
56752,UK_OCGT,2050,5,16,16,0.0
56753,UK_OCGT,2050,5,17,17,0.0
56754,UK_OCGT,2050,5,18,18,0.0
56755,UK_OCGT,2050,5,19,19,0.0
56756,UK_OCGT,2050,5,20,20,0.0
56757,UK_OCGT,2050,5,21,21,0.0
56758,UK_OCGT,2050,5,22,22,0.0
56759,UK_OCGT,2050,5,23,23,0.0
56760,UK_OCGT,2050,5,24,24,0.0
56761,UK_OCGT,2050,6,1,1,0.0
56762,UK_OCGT,2050,6,2,2,0.0
56763,UK_OCGT,2050,6,3,3,0.0
56764,UK_OCGT,2050,6,4,4,0.0
56765,UK_OCGT,2050,6,5,5,0.0
56766,UK_OCGT,2050,6,6,6,0.0
56767,UK_OCGT,2050,6,7,7,0.0
56768,UK_OCGT,2050,6,8,8,0.0
56769,UK_OCGT,2050,6,9,9,0.0
56770,UK_OCGT,2050,6,10,10,0.0
56771,UK_OCGT,2050,6,11,11,0.0
56772,UK_OCGT,2050,6,12,12,0.0
56773,UK_OCGT,2050,6,13,13,0.0
56774,UK_OCGT,2050,6,14,14,0.0
56775,UK_OCGT,2050,6,15,15,0.0
56776,UK_OCGT,2050,6,16,16,0.0
56777,UK_OCGT,2050,6,17,17,0.0
56778,UK_OCGT,2050,6,18,18,0.0
56779,UK_OCGT,2050,6,19,19,0.0
56780,UK_OCGT,2050,6,20,20,0.0
56781,UK_OCGT,2050,6,21,21,0.0
56782,UK_OCGT,2050,6,22,22,0.0
56783,UK_OCGT,2050,6,23,23,0.0
56784,UK_OCGT,2050,6,24,24,0.0
56785,UK_OCGT,2050,7,1,1,0.0
56786,UK_OCGT,2050,7,2,2,0.0
56787,UK_OCGT,2050,7,3,3,0.0
56788,UK_OCGT,2050,7,4,4,0.0
56789,UK_OCGT,2050,7,5,5,0.0
56790,UK_OCGT,2050,7,6,6,0.0
56791,UK_OCGT,2050,7,7,7,0.0
56792,UK_OCGT,2050,7,8,8,0.0
56793,UK_OCGT,2050,7,9,9,0.0
56794,UK_OCGT,2050,7,10,10,0.0
56795,UK_OCGT,2050,7,11,11,0.0
56796,UK_OCGT,2050,7,12,12,0.0
56797,UK_OCGT,2050,7,13,13,0.0
56798,UK_OCGT,2050,7,14,14,0.0
56799,UK_OCGT,2050,7,15,15,0.0
56800,UK_OCGT,2050,7,16,16,0.0
56801,UK_OCGT,2050,7,17,17,0.0
56802,UK_OCGT,2050,7,18,18,-3.7181657056663395
56803,UK_OCGT,2050,7,19,19,-17.114331411332675
56804,UK_OCGT,2050,7,20,20,-3.7181657056663395
56805,UK_OCGT,2050,7,21,21,0.0
56806,UK_OCGT,2050,7,22,22,0.0
56807,UK_OCGT,2050,7,23,23,0.0
56808,UK_OCGT,2050,7,24,24,0.0
56809,UK_OCGT,2050,8,1,1,0.0
56810,UK_OCGT,2050,8,2,2,0.0
56811,UK_OCGT,2050,8,3,3,0.0
56812,UK_OCGT,2050,8,4,4,0.0
56813,UK_OCGT,2050,8,5,5,0.0
56814,UK_OCGT,2050,8,6,6,0.0
56815,UK_OCGT,2050,8,7,7,0.0
56816,UK_OCGT,2050,8,8,8,0.0
56817,UK_OCGT,2050,8,9,9,0.0
56818,UK_OCGT,2050,8,10,10,0.0
56819,UK_OCGT,2050,8,11,11,0.0
56820,UK_OCGT,2050,8,12,12,0.0
56821,UK_OCGT,2050,8,13,13,0.0
56822,UK_OCGT,2050,8,14,14,0.0
56823,UK_OCGT,2050,8,15,15,0.0
56824,UK_OCGT,2050,8,16,16,0.0
56825,UK_OCGT,2050,8,17,17,0.0
56826,UK_OCGT,2050,8,18,18,0.0
56827,UK_OCGT,2050,8,19,19,0.0
56828,UK_OCGT,2050,8,20,20,0.0
56829,UK_OCGT,2050,8,21,21,0.0
56830,UK_OCGT,2050,8,22,22,0.0
56831,UK_OCGT,2050,8,23,23,0.0
56832,UK_OCGT,2050,8,24,24,0.0
56833,UK_OCGT,2050,9,1,1,0.0
56834,UK_OCGT,2050,9,2,2,0.0
56835,UK_OCGT,2050,9,3,3,0.0
56836,UK_OCGT,2050,9,4,4,0.0
56837,UK_OCGT,2050,9,5,5,0.0
56838,UK_OCGT,2050,9,6,6,0.0
56839,UK_OCGT,2050,9,7,7,0.0
56840,UK_OCGT,2050,9,8,8,0.0
56841,UK_OCGT,2050,9,9,9,0.0
56842,UK_OCGT,2050,9,10,10,0.0
56843,UK_OCGT,2050,9,11,11,0.0
56844,UK_OCGT,2050,9,12,12,0.0
56845,UK_OCGT,2050,9,13,13,0.0
56846,UK_OCGT,2050,9,14,14,0.0
56847,UK_OCGT,2050,9,15,15,0.0
56848,UK_OCGT,2050,9,16,16,0.0
56849,UK_OCGT,2050,9,17,17,0.0
56850,UK_OCGT,2050,9,18,18,0.0
56851,UK_OCGT,2050,9,19,19,0.0
56852,UK_OCGT,2050,9,20,20,0.0
56853,UK_OCGT,2050,9,21,21,0.0
56854,UK_OCGT,2050,9,22,22,0.0
56855,UK_OCGT,2050,9,23,23,0.0
56856,UK_OCGT,2050,9,24,24,0.0
56857,UK_OCGT,2050,10,1,1,0.0
56858,UK_OCGT,2050,10,2,2,0.0
56859,UK_OCGT,2050,10,3,3,0.0
56860,UK_OCGT,2050,10,4,4,0.0
56861,UK_OCGT,2050,10,5,5,0.0
56862,UK_OCGT,2050,10,6,6,0.0
56863,UK_OCGT,2050,10,7,7,0.0
56864,UK_OCGT,2050,10,8,8,0.0
56865,UK_OCGT,2050,10,9,9,0.0
56866,UK_OCGT,2050,10,10,10,0.0
56867,UK_OCGT,2050,10,11,11,0.0
56868,UK_OCGT,2050,10,12,12,0.0
56869,UK_OCGT,2050,10,13,13,0.0
56870,UK_OCGT,2050,10,14,14,0.0
56871,UK_OCGT,2050,10,15,15,0.0
56872,UK_OCGT,2050,10,16,16,0.0
56873,UK_OCGT,2050,10,17,17,0.0
56874,UK_OCGT,2050,10,18,18,0.0
56875,UK_OCGT,2050,10,19,19,0.0
56876,UK_OCGT,2050,10,20,20,0.0
56877,UK_OCGT,2050,10,21,21,0.0
56878,UK_OCGT,2050,10,22,22,0.0
56879,UK_OCGT,2050,10,23,23,0.0
56880,UK_OCGT,2050,10,24,24,0.0
56881,UK_Solar,2050,1,1,1,0.0
56882,UK_Solar,2050,1,2,2,0.0
56883,UK_Solar,2050,1,3,3,0.0
56884,UK_Solar,2050,1,4,4,0.0
56885,UK_Solar,2050,1,5,5,0.0
56886,UK_Solar,2050,1,6,6,0.0
56887,UK_Solar,2050,1,7,7,0.0
56888,UK_Solar,2050,1,8,8,-1.749
56889,UK_Solar,2050,1,9,9,-1.749
56890,UK_Solar,2050,1,10,10,-1.749
56891,UK_Solar,2050,1,11,11,-1.749
56892,UK_Solar,2050,1,12,12,-1.749
56893,UK_Solar,2050,1,13,13,-1.749
56894,UK_Solar,2050,1,14,14,-1.749
56895,UK_Solar,2050,1,15,15,0.0
56896,UK_Solar,2050,1,16,16,0.0
56897,UK_Solar,2050,1,17,17,0.0
56898,UK_Solar,2050,1,18,18,0.0
56899,UK_Solar,2050,1,19,19,0.0
56900,UK_Solar,2050,1,20,20,0.0
56901,UK_Solar,2050,1,21,21,0.0
56902,UK_Solar,2050,1,22,22,0.0
56903,UK_Solar,2050,1,23,23,0.0
56904,UK_Solar,2050,1,24,24,0.0
56905,UK_Solar,2050,2,1,1,0.0
56906,UK_Solar,2050,2,2,2,0.0
56907,UK_Solar,2050,2,3,3,0.0
56908,UK_Solar,2050,2,4,4,0.0
56909,UK_Solar,2050,2,5,5,0.0
56910,UK_Solar,2050,2,6,6,0.0
56911,UK_Solar,2050,2,7,7,0.0
56912,UK_Solar,2050,2,8,8,0.0
56913,UK_Solar,2050,2,9,9,-1.089
56914,UK_Solar,2050,2,10,10,-1.089
56915,UK_Solar,2050,2,11,11,-1.089
56916,UK_Solar,2050,2,12,12,-1.089
56917,UK_Solar,2050,2,13,13,-1.089
56918,UK_Solar,2050,2,14,14,-1.089
56919,UK_Solar,2050,2,15,15,-1.089
56920,UK_Solar,2050,2,16,16,-1.089
56921,UK_Solar,2050,2,17,17,-1.089
56922,UK_Solar,2050,2,18,18,-1.6829999999999998
56923,UK_Solar,2050,2,19,19,-1.6829999999999998
56924,UK_Solar,2050,2,20,20,-1.6829999999999998
56925,UK_Solar,2050,2,21,21,-1.089
56926,UK_Solar,2050,2,22,22,0.0
56927,UK_Solar,2050,2,23,23,0.0
56928,UK_Solar,2050,2,24,24,0.0
56929,UK_Solar,2050,3,1,1,0.0
56930,UK_Solar,2050,3,2,2,0.0
56931,UK_Solar,2050,3,3,3,0.0
56932,UK_Solar,2050,3,4,4,0.0
56933,UK_Solar,2050,3,5,5,0.0
56934,UK_Solar,2050,3,6,6,0.0
56935,UK_Solar,2050,3,7,7,0.0
56936,UK_Solar,2050,3,8,8,0.0
56937,UK_Solar,2050,3,9,9,0.0
56938,UK_Solar,2050,3,10,10,0.0
56939,UK_Solar,2050,3,11,11,0.0
56940,UK_Solar,2050,3,12,12,0.0
56941,UK_Solar,2050,3,13,13,0.0
56942,UK_Solar,2050,3,14,14,0.0
56943,UK_Solar,2050,3,15,15,0.0
56944,UK_Solar,2050,3,16,16,0.0
56945,UK_Solar,2050,3,17,17,0.0
56946,UK_Solar,2050,3,18,18,0.0
56947,UK_Solar,2050,3,19,19,0.0
56948,UK_Solar,2050,3,20,20,0.0
56949,UK_Solar,2050,3,21,21,0.0
56950,UK_Solar,2050,3,22,22,0.0
56951,UK_Solar,2050,3,23,23,0.0
56952,UK_Solar,2050,3,24,24,0.0
56953,UK_Solar,2050,4,1,1,0.0
56954,UK_Solar,2050,4,2,2,0.0
56955,UK_Solar,2050,4,3,3,0.0
56956,UK_Solar,2050,4,4,4,0.0
56957,UK_Solar,2050,4,5,5,0.0
56958,UK_Solar,2050,4,6,6,0.0
56959,UK_Solar,2050,4,7,7,0.0
56960,UK_Solar,2050,4,8,8,0.0
56961,UK_Solar,2050,4,9,9,0.0
56962,UK_Solar,2050,4,10,10,0.0
56963,UK_Solar,2050,4,11,11,0.0
56964,UK_Solar,2050,4,12,12,0.0
56965,UK_Solar,2050,4,13,13,0.0
56966,UK_Solar,2050,4,14,14,0.0
56967,UK_Solar,2050,4,15,15,0.0
56968,UK_Solar,2050,4,16,16,0.0
56969,UK_Solar,2050,4,17,17,0.0
56970,UK_Solar,2050,4,18,18,0.0
56971,UK_Solar,2050,4,19,19,0.0
56972,UK_Solar,2050,4,20,20,0.0
56973,UK_Solar,2050,4,21,21,0.0
56974,UK_Solar,2050,4,22,22,0.0
56975,UK_Solar,2050,4,23,23,0.0
56976,UK_Solar,2050,4,24,24,0.0
56977,UK_Solar,2050,5,1,1,0.0
56978,UK_Solar,2050,5,2,2,0.0
56979,UK_Solar,2050,5,3,3,0.0
56980,UK_Solar,2050,5,4,4,0.0
56981,UK_Solar,2050,5,5,5,0.0
56982,UK_Solar,2050,5,6,6,0.0
56983,UK_Solar,2050,5,7,7,0.0
56984,UK_Solar,2050,5,8,8,0.0
56985,UK_Solar,2050,5,9,9,0.0
56986,UK_Solar,2050,5,10,10,0.0
56987,UK_Solar,2050,5,11,11,0.0
56988,UK_Solar,2050,5,12,12,0.0
56989,UK_Solar,2050,5,13,13,0.0
56990,UK_Solar,2050,5,14,14,0.0
56991,UK_Solar,2050,5,15,15,0.0
56992,UK_Solar,2050,5,16,16,0.0
56993,UK_Solar,2050,5,17,17,0.0
56994,UK_Solar,2050,5,18,18,0.0
56995,UK_Solar,2050,5,19,19,0.0
56996,UK_Solar,2050,5,20,20,0.0
56997,UK_Solar,2050,5,21,21,0.0
56998,UK_Solar,2050,5,22,22,0.0
56999,UK_Solar,2050,5,23,23,0.0
57000,UK_Solar,2050,5,24,24,0.0
57001,UK_Solar,2050,6,1,1,0.0
57002,UK_Solar,2050,6,2,2,0.0
57003,UK_Solar,2050,6,3,3,0.0
57004,UK_Solar,2050,6,4,4,0.0
57005,UK_Solar,2050,6,5,5,0.0
57006,UK_Solar,2050,6,6,6,0.0
57007,UK_Solar,2050,6,7,7,0.0
57008,UK_Solar,2050,6,8,8,0.0
57009,UK_Solar,2050,6,9,9,-0.5940000000000001
57010,UK_Solar,2050,6,10,10,-0.5940000000000001
57011,UK_Solar,2050,6,11,11,-0.5940000000000001
57012,UK_Solar,2050,6,12,12,-0.5940000000000001
57013,UK_Solar,2050,6,13,13,-0.5940000000000001
57014,UK_Solar,2050,6,14,14,0.0
57015,UK_Solar,2050,6,15,15,0.0
57016,UK_Solar,2050,6,16,16,0.0
57017,UK_Solar,2050,6,17,17,0.0
57018,UK_Solar,2050,6,18,18,0.0
57019,UK_Solar,2050,6,19,19,0.0
57020,UK_Solar,2050,6,20,20,0.0
57021,UK_Solar,2050,6,21,21,0.0
57022,UK_Solar,2050,6,22,22,0.0
57023,UK_Solar,2050,6,23,23,0.0
57024,UK_Solar,2050,6,24,24,0.0
57025,UK_Solar,2050,7,1,1,0.0
57026,UK_Solar,2050,7,2,2,0.0
57027,UK_Solar,2050,7,3,3,0.0
57028,UK_Solar,2050,7,4,4,0.0
57029,UK_Solar,2050,7,5,5,0.0
57030,UK_Solar,2050,7,6,6,0.0
57031,UK_Solar,2050,7,7,7,-1.221
57032,UK_Solar,2050,7,8,8,-1.221
57033,UK_Solar,2050,7,9,9,-1.221
57034,UK_Solar,2050,7,10,10,-1.8869999999999998
57035,UK_Solar,2050,7,11,11,-1.8869999999999998
57036,UK_Solar,2050,7,12,12,-1.8869999999999998
57037,UK_Solar,2050,7,13,13,-1.8869999999999998
57038,UK_Solar,2050,7,14,14,-1.8869999999999998
57039,UK_Solar,2050,7,15,15,-1.8869999999999998
57040,UK_Solar,2050,7,16,16,-1.8869999999999998
57041,UK_Solar,2050,7,17,17,-1.8869999999999998
57042,UK_Solar,2050,7,18,18,-5.605165705666339
57043,UK_Solar,2050,7,19,19,-19.001331411332675
57044,UK_Solar,2050,7,20,20,-5.605165705666339
57045,UK_Solar,2050,7,21,21,-1.221
57046,UK_Solar,2050,7,22,22,-1.221
57047,UK_Solar,2050,7,23,23,0.0
57048,UK_Solar,2050,7,24,24,0.0
57049,UK_Solar,2050,8,1,1,0.0
57050,UK_Solar,2050,8,2,2,0.0
57051,UK_Solar,2050,8,3,3,0.0
57052,UK_Solar,2050,8,4,4,0.0
57053,UK_Solar,2050,8,5,5,0.0
57054,UK_Solar,2050,8,6,6,0.0
57055,UK_Solar,2050,8,7,7,0.0
57056,UK_Solar,2050,8,8,8,0.0
57057,UK_Solar,2050,8,9,9,0.0
57058,UK_Solar,2050,8,10,10,0.0
57059,UK_Solar,2050,8,11,11,0.0
57060,UK_Solar,2050,8,12,12,0.0
57061,UK_Solar,2050,8,13,13,0.0
57062,UK_Solar,2050,8,14,14,0.0
57063,UK_Solar,2050,8,15,15,0.0
57064,UK_Solar,2050,8,16,16,0.0
57065,UK_Solar,2050,8,17,17,0.0
57066,UK_Solar,2050,8,18,18,0.0
57067,UK_Solar,2050,8,19,19,0.0
57068,UK_Solar,2050,8,20,20,0.0
57069,UK_Solar,2050,8,21,21,0.0
57070,UK_Solar,2050,8,22,22,0.0
57071,UK_Solar,2050,8,23,23,0.0
57072,UK_Solar,2050,8,24,24,0.0
57073,UK_Solar,2050,9,1,1,0.0
57074,UK_Solar,2050,9,2,2,0.0
57075,UK_Solar,2050,9,3,3,0.0
57076,UK_Solar,2050,9,4,4,0.0
57077,UK_Solar,2050,9,5,5,0.0
57078,UK_Solar,2050,9,6,6,0.0
57079,UK_Solar,2050,9,7,7,0.0
57080,UK_Solar,2050,9,8,8,0.0
57081,UK_Solar,2050,9,9,9,0.0
57082,UK_Solar,2050,9,10,10,0.0
57083,UK_Solar,2050,9,11,11,0.0
57084,UK_Solar,2050,9,12,12,-1.419
57085,UK_Solar,2050,9,13,13,-1.419
57086,UK_Solar,2050,9,14,14,-1.419
57087,UK_Solar,2050,9,15,15,0.0
57088,UK_Solar,2050,9,16,16,0.0
57089,UK_Solar,2050,9,17,17,0.0
57090,UK_Solar,2050,9,18,18,0.0
57091,UK_Solar,2050,9,19,19,0.0
57092,UK_Solar,2050,9,20,20,0.0
57093,UK_Solar,2050,9,21,21,0.0
57094,UK_Solar,2050,9,22,22,0.0
57095,UK_Solar,2050,9,23,23,0.0
57096,UK_Solar,2050,9,24,24,0.0
57097,UK_Solar,2050,10,1,1,0.0
57098,UK_Solar,2050,10,2,2,0.0
57099,UK_Solar,2050,10,3,3,0.0
57100,UK_Solar,2050,10,4,4,0.0
57101,UK_Solar,2050,10,5,5,0.0
57102,UK_Solar,2050,10,6,6,0.0
57103,UK_Solar,2050,10,7,7,0.0
57104,UK_Solar,2050,10,8,8,-1.518
57105,UK_Solar,2050,10,9,9,-1.518
57106,UK_Solar,2050,10,10,10,-1.518
57107,UK_Solar,2050,10,11,11,-1.518
57108,UK_Solar,2050,10,12,12,-1.518
57109,UK_Solar,2050,10,13,13,-1.518
57110,UK_Solar,2050,10,14,14,-1.518
57111,UK_Solar,2050,10,15,15,-1.518
57112,UK_Solar,2050,10,16,16,-1.518
57113,UK_Solar,2050,10,17,17,-2.3459999999999996
57114,UK_Solar,2050,10,18,18,-2.3459999999999996
57115,UK_Solar,2050,10,19,19,-2.3459999999999996
57116,UK_Solar,2050,10,20,20,-2.3459999999999996
57117,UK_Solar,2050,10,21,21,-1.518
57118,UK_Solar,2050,10,22,22,0.0
57119,UK_Solar,2050,10,23,23,0.0
57120,UK_Solar,2050,10,24,24,0.0
57121,UK_Wind_Offshore,2050,1,1,1,0.0
57122,UK_Wind_Offshore,2050,1,2,2,0.0
57123,UK_Wind_Offshore,2050,1,3,3,0.0
57124,UK_Wind_Offshore,2050,1,4,4,0.0
57125,UK_Wind_Offshore,2050,1,5,5,0.0
57126,UK_Wind_Offshore,2050,1,6,6,0.0
57127,UK_Wind_Offshore,2050,1,7,7,0.0
57128,UK_Wind_Offshore,2050,1,8,8,-1.749
57129,UK_Wind_Offshore,2050,1,9,9,-1.749
57130,UK_Wind_Offshore,2050,1,10,10,-1.749
57131,UK_Wind_Offshore,2050,1,11,11,-1.749
57132,UK_Wind_Offshore,2050,1,12,12,-1.749
57133,UK_Wind_Offshore,2050,1,13,13,-1.749
57134,UK_Wind_Offshore,2050,1,14,14,-1.749
57135,UK_Wind_Offshore,2050,1,15,15,0.0
57136,UK_Wind_Offshore,2050,1,16,16,0.0
57137,UK_Wind_Offshore,2050,1,17,17,0.0
57138,UK_Wind_Offshore,2050,1,18,18,0.0
57139,UK_Wind_Offshore,2050,1,19,19,0.0
57140,UK_Wind_Offshore,2050,1,20,20,0.0
57141,UK_Wind_Offshore,2050,1,21,21,0.0
57142,UK_Wind_Offshore,2050,1,22,22,0.0
57143,UK_Wind_Offshore,2050,1,23,23,0.0
57144,UK_Wind_Offshore,2050,1,24,24,0.0
57145,UK_Wind_Offshore,2050,2,1,1,0.0
57146,UK_Wind_Offshore,2050,2,2,2,0.0
57147,UK_Wind_Offshore,2050,2,3,3,0.0
57148,UK_Wind_Offshore,2050,2,4,4,0.0
57149,UK_Wind_Offshore,2050,2,5,5,0.0
57150,UK_Wind_Offshore,2050,2,6,6,0.0
57151,UK_Wind_Offshore,2050,2,7,7,0.0
57152,UK_Wind_Offshore,2050,2,8,8,0.0
57153,UK_Wind_Offshore,2050,2,9,9,-1.089
57154,UK_Wind_Offshore,2050,2,10,10,-1.089
57155,UK_Wind_Offshore,2050,2,11,11,-1.089
57156,UK_Wind_Offshore,2050,2,12,12,-1.089
57157,UK_Wind_Offshore,2050,2,13,13,-1.089
57158,UK_Wind_Offshore,2050,2,14,14,-1.089
57159,UK_Wind_Offshore,2050,2,15,15,-1.089
57160,UK_Wind_Offshore,2050,2,16,16,-1.089
57161,UK_Wind_Offshore,2050,2,17,17,-1.089
57162,UK_Wind_Offshore,2050,2,18,18,-1.6829999999999998
57163,UK_Wind_Offshore,2050,2,19,19,-1.6829999999999998
57164,UK_Wind_Offshore,2050,2,20,20,-1.6829999999999998
57165,UK_Wind_Offshore,2050,2,21,21,-1.089
57166,UK_Wind_Offshore,2050,2,22,22,0.0
57167,UK_Wind_Offshore,2050,2,23,23,0.0
57168,UK_Wind_Offshore,2050,2,24,24,0.0
57169,UK_Wind_Offshore,2050,3,1,1,0.0
57170,UK_Wind_Offshore,2050,3,2,2,0.0
57171,UK_Wind_Offshore,2050,3,3,3,0.0
57172,UK_Wind_Offshore,2050,3,4,4,0.0
57173,UK_Wind_Offshore,2050,3,5,5,0.0
57174,UK_Wind_Offshore,2050,3,6,6,0.0
57175,UK_Wind_Offshore,2050,3,7,7,0.0
57176,UK_Wind_Offshore,2050,3,8,8,0.0
57177,UK_Wind_Offshore,2050,3,9,9,0.0
57178,UK_Wind_Offshore,2050,3,10,10,0.0
57179,UK_Wind_Offshore,2050,3,11,11,0.0
57180,UK_Wind_Offshore,2050,3,12,12,0.0
57181,UK_Wind_Offshore,2050,3,13,13,0.0
57182,UK_Wind_Offshore,2050,3,14,14,0.0
57183,UK_Wind_Offshore,2050,3,15,15,0.0
57184,UK_Wind_Offshore,2050,3,16,16,0.0
57185,UK_Wind_Offshore,2050,3,17,17,0.0
57186,UK_Wind_Offshore,2050,3,18,18,0.0
57187,UK_Wind_Offshore,2050,3,19,19,0.0
57188,UK_Wind_Offshore,2050,3,20,20,0.0
57189,UK_Wind_Offshore,2050,3,21,21,0.0
57190,UK_Wind_Offshore,2050,3,22,22,0.0
57191,UK_Wind_Offshore,2050,3,23,23,0.0
57192,UK_Wind_Offshore,2050,3,24,24,0.0
57193,UK_Wind_Offshore,2050,4,1,1,0.0
57194,UK_Wind_Offshore,2050,4,2,2,0.0
57195,UK_Wind_Offshore,2050,4,3,3,0.0
57196,UK_Wind_Offshore,2050,4,4,4,0.0
57197,UK_Wind_Offshore,2050,4,5,5,0.0
57198,UK_Wind_Offshore,2050,4,6,6,0.0
57199,UK_Wind_Offshore,2050,4,7,7,0.0
57200,UK_Wind_Offshore,2050,4,8,8,0.0
57201,UK_Wind_Offshore,2050,4,9,9,0.0
57202,UK_Wind_Offshore,2050,4,10,10,0.0
57203,UK_Wind_Offshore,2050,4,11,11,0.0
57204,UK_Wind_Offshore,2050,4,12,12,0.0
57205,UK_Wind_Offshore,2050,4,13,13,0.0
57206,UK_Wind_Offshore,2050,4,14,14,0.0
57207,UK_Wind_Offshore,2050,4,15,15,0.0
57208,UK_Wind_Offshore,2050,4,16,16,0.0
57209,UK_Wind_Offshore,2050,4,17,17,0.0
57210,UK_Wind_Offshore,2050,4,18,18,0.0
57211,UK_Wind_Offshore,2050,4,19,19,0.0
57212,UK_Wind_Offshore,2050,4,20,20,0.0
57213,UK_Wind_Offshore,2050,4,21,21,0.0
57214,UK_Wind_Offshore,2050,4,22,22,0.0
57215,UK_Wind_Offshore,2050,4,23,23,0.0
57216,UK_Wind_Offshore,2050,4,24,24,0.0
57217,UK_Wind_Offshore,2050,5,1,1,0.0
57218,UK_Wind_Offshore,2050,5,2,2,0.0
57219,UK_Wind_Offshore,2050,5,3,3,0.0
57220,UK_Wind_Offshore,2050,5,4,4,0.0
57221,UK_Wind_Offshore,2050,5,5,5,0.0
57222,UK_Wind_Offshore,2050,5,6,6,0.0
57223,UK_Wind_Offshore,2050,5,7,7,0.0
57224,UK_Wind_Offshore,2050,5,8,8,0.0
57225,UK_Wind_Offshore,2050,5,9,9,0.0
57226,UK_Wind_Offshore,2050,5,10,10,0.0
57227,UK_Wind_Offshore,2050,5,11,11,0.0
57228,UK_Wind_Offshore,2050,5,12,12,0.0
57229,UK_Wind_Offshore,2050,5,13,13,0.0
57230,UK_Wind_Offshore,2050,5,14,14,0.0
57231,UK_Wind_Offshore,2050,5,15,15,0.0
57232,UK_Wind_Offshore,2050,5,16,16,0.0
57233,UK_Wind_Offshore,2050,5,17,17,0.0
57234,UK_Wind_Offshore,2050,5,18,18,0.0
57235,UK_Wind_Offshore,2050,5,19,19,0.0
57236,UK_Wind_Offshore,2050,5,20,20,0.0
57237,UK_Wind_Offshore,2050,5,21,21,0.0
57238,UK_Wind_Offshore,2050,5,22,22,0.0
57239,UK_Wind_Offshore,2050,5,23,23,0.0
57240,UK_Wind_Offshore,2050,5,24,24,0.0
57241,UK_Wind_Offshore,2050,6,1,1,0.0
57242,UK_Wind_Offshore,2050,6,2,2,0.0
57243,UK_Wind_Offshore,2050,6,3,3,0.0
57244,UK_Wind_Offshore,2050,6,4,4,0.0
57245,UK_Wind_Offshore,2050,6,5,5,0.0
57246,UK_Wind_Offshore,2050,6,6,6,0.0
57247,UK_Wind_Offshore,2050,6,7,7,0.0
57248,UK_Wind_Offshore,2050,6,8,8,0.0
57249,UK_Wind_Offshore,2050,6,9,9,-0.5940000000000001
57250,UK_Wind_Offshore,2050,6,10,10,-0.5940000000000001
57251,UK_Wind_Offshore,2050,6,11,11,-0.5940000000000001
57252,UK_Wind_Offshore,2050,6,12,12,-0.5940000000000001
57253,UK_Wind_Offshore,2050,6,13,13,-0.5940000000000001
57254,UK_Wind_Offshore,2050,6,14,14,0.0
57255,UK_Wind_Offshore,2050,6,15,15,0.0
57256,UK_Wind_Offshore,2050,6,16,16,0.0
57257,UK_Wind_Offshore,2050,6,17,17,0.0
57258,UK_Wind_Offshore,2050,6,18,18,0.0
57259,UK_Wind_Offshore,2050,6,19,19,0.0
57260,UK_Wind_Offshore,2050,6,20,20,0.0
57261,UK_Wind_Offshore,2050,6,21,21,0.0
57262,UK_Wind_Offshore,2050,6,22,22,0.0
57263,UK_Wind_Offshore,2050,6,23,23,0.0
57264,UK_Wind_Offshore,2050,6,24,24,0.0
57265,UK_Wind_Offshore,2050,7,1,1,0.0
57266,UK_Wind_Offshore,2050,7,2,2,0.0
57267,UK_Wind_Offshore,2050,7,3,3,0.0
57268,UK_Wind_Offshore,2050,7,4,4,0.0
57269,UK_Wind_Offshore,2050,7,5,5,0.0
57270,UK_Wind_Offshore,2050,7,6,6,0.0
57271,UK_Wind_Offshore,2050,7,7,7,-1.221
57272,UK_Wind_Offshore,2050,7,8,8,-1.221
57273,UK_Wind_Offshore,2050,7,9,9,-1.221
57274,UK_Wind_Offshore,2050,7,10,10,-1.8869999999999998
57275,UK_Wind_Offshore,2050,7,11,11,-1.8869999999999998
57276,UK_Wind_Offshore,2050,7,12,12,-1.8869999999999998
57277,UK_Wind_Offshore,2050,7,13,13,-1.8869999999999998
57278,UK_Wind_Offshore,2050,7,14,14,-1.8869999999999998
57279,UK_Wind_Offshore,2050,7,15,15,-1.8869999999999998
57280,UK_Wind_Offshore,2050,7,16,16,-1.8869999999999998
57281,UK_Wind_Offshore,2050,7,17,17,-1.8869999999999998
57282,UK_Wind_Offshore,2050,7,18,18,-5.605165705666339
57283,UK_Wind_Offshore,2050,7,19,19,-19.001331411332675
57284,UK_Wind_Offshore,2050,7,20,20,-5.605165705666339
57285,UK_Wind_Offshore,2050,7,21,21,-1.221
57286,UK_Wind_Offshore,2050,7,22,22,-1.221
57287,UK_Wind_Offshore,2050,7,23,23,0.0
57288,UK_Wind_Offshore,2050,7,24,24,0.0
57289,UK_Wind_Offshore,2050,8,1,1,0.0
57290,UK_Wind_Offshore,2050,8,2,2,0.0
57291,UK_Wind_Offshore,2050,8,3,3,0.0
57292,UK_Wind_Offshore,2050,8,4,4,0.0
57293,UK_Wind_Offshore,2050,8,5,5,0.0
57294,UK_Wind_Offshore,2050,8,6,6,0.0
57295,UK_Wind_Offshore,2050,8,7,7,0.0
57296,UK_Wind_Offshore,2050,8,8,8,0.0
57297,UK_Wind_Offshore,2050,8,9,9,0.0
57298,UK_Wind_Offshore,2050,8,10,10,0.0
57299,UK_Wind_Offshore,2050,8,11,11,0.0
57300,UK_Wind_Offshore,2050,8,12,12,0.0
57301,UK_Wind_Offshore,2050,8,13,13,0.0
57302,UK_Wind_Offshore,2050,8,14,14,0.0
57303,UK_Wind_Offshore,2050,8,15,15,0.0
57304,UK_Wind_Offshore,2050,8,16,16,0.0
57305,UK_Wind_Offshore,2050,8,17,17,0.0
57306,UK_Wind_Offshore,2050,8,18,18,0.0
57307,UK_Wind_Offshore,2050,8,19,19,0.0
57308,UK_Wind_Offshore,2050,8,20,20,0.0
57309,UK_Wind_Offshore,2050,8,21,21,0.0
57310,UK_Wind_Offshore,2050,8,22,22,0.0
57311,UK_Wind_Offshore,2050,8,23,23,0.0
57312,UK_Wind_Offshore,2050,8,24,24,0.0
57313,UK_Wind_Offshore,2050,9,1,1,0.0
57314,UK_Wind_Offshore,2050,9,2,2,0.0
57315,UK_Wind_Offshore,2050,9,3,3,0.0
57316,UK_Wind_Offshore,2050,9,4,4,0.0
57317,UK_Wind_Offshore,2050,9,5,5,0.0
57318,UK_Wind_Offshore,2050,9,6,6,0.0
57319,UK_Wind_Offshore,2050,9,7,7,0.0
57320,UK_Wind_Offshore,2050,9,8,8,0.0
57321,UK_Wind_Offshore,2050,9,9,9,0.0
57322,UK_Wind_Offshore,2050,9,10,10,0.0
57323,UK_Wind_Offshore,2050,9,11,11,0.0
57324,UK_Wind_Offshore,2050,9,12,12,-1.419
57325,UK_Wind_Offshore,2050,9,13,13,-1.419
57326,UK_Wind_Offshore,2050,9,14,14,-1.419
57327,UK_Wind_Offshore,2050,9,15,15,0.0
57328,UK_Wind_Offshore,2050,9,16,16,0.0
57329,UK_Wind_Offshore,2050,9,17,17,0.0
57330,UK_Wind_Offshore,2050,9,18,18,0.0
57331,UK_Wind_Offshore,2050,9,19,19,0.0
57332,UK_Wind_Offshore,2050,9,20,20,0.0
57333,UK_Wind_Offshore,2050,9,21,21,0.0
57334,UK_Wind_Offshore,2050,9,22,22,0.0
57335,UK_Wind_Offshore,2050,9,23,23,0.0
57336,UK_Wind_Offshore,2050,9,24,24,0.0
57337,UK_Wind_Offshore,2050,10,1,1,0.0
57338,UK_Wind_Offshore,2050,10,2,2,0.0
57339,UK_Wind_Offshore,2050,10,3,3,0.0
57340,UK_Wind_Offshore,2050,10,4,4,0.0
57341,UK_Wind_Offshore,2050,10,5,5,0.0
57342,UK_Wind_Offshore,2050,10,6,6,0.0
57343,UK_Wind_Offshore,2050,10,7,7,0.0
57344,UK_Wind_Offshore,2050,10,8,8,-1.518
57345,UK_Wind_Offshore,2050,10,9,9,-1.518
57346,UK_Wind_Offshore,2050,10,10,10,-1.518
57347,UK_Wind_Offshore,2050,10,11,11,-1.518
57348,UK_Wind_Offshore,2050,10,12,12,-1.518
57349,UK_Wind_Offshore,2050,10,13,13,-1.518
57350,UK_Wind_Offshore,2050,10,14,14,-1.518
57351,UK_Wind_Offshore,2050,10,15,15,-1.518
57352,UK_Wind_Offshore,2050,10,16,16,-1.518
57353,UK_Wind_Offshore,2050,10,17,17,-2.3459999999999996
57354,UK_Wind_Offshore,2050,10,18,18,-2.3459999999999996
57355,UK_Wind_Offshore,2050,10,19,19,-2.3459999999999996
57356,UK_Wind_Offshore,2050,10,20,20,-2.3459999999999996
57357,UK_Wind_Offshore,2050,10,21,21,-1.518
57358,UK_Wind_Offshore,2050,10,22,22,0.0
57359,UK_Wind_Offshore,2050,10,23,23,0.0
57360,UK_Wind_Offshore,2050,10,24,24,0.0
57361,UK_Wind_Onshore,2050,1,1,1,0.0
57362,UK_Wind_Onshore,2050,1,2,2,0.0
57363,UK_Wind_Onshore,2050,1,3,3,0.0
57364,UK_Wind_Onshore,2050,1,4,4,0.0
57365,UK_Wind_Onshore,2050,1,5,5,0.0
57366,UK_Wind_Onshore,2050,1,6,6,0.0
57367,UK_Wind_Onshore,2050,1,7,7,0.0
57368,UK_Wind_Onshore,2050,1,8,8,-1.749
57369,UK_Wind_Onshore,2050,1,9,9,-1.749
57370,UK_Wind_Onshore,2050,1,10,10,-1.749
57371,UK_Wind_Onshore,2050,1,11,11,-1.749
57372,UK_Wind_Onshore,2050,1,12,12,-1.749
57373,UK_Wind_Onshore,2050,1,13,13,-1.749
57374,UK_Wind_Onshore,2050,1,14,14,-1.749
57375,UK_Wind_Onshore,2050,1,15,15,0.0
57376,UK_Wind_Onshore,2050,1,16,16,0.0
57377,UK_Wind_Onshore,2050,1,17,17,0.0
57378,UK_Wind_Onshore,2050,1,18,18,0.0
57379,UK_Wind_Onshore,2050,1,19,19,0.0
57380,UK_Wind_Onshore,2050,1,20,20,0.0
57381,UK_Wind_Onshore,2050,1,21,21,0.0
57382,UK_Wind_Onshore,2050,1,22,22,0.0
57383,UK_Wind_Onshore,2050,1,23,23,0.0
57384,UK_Wind_Onshore,2050,1,24,24,0.0
57385,UK_Wind_Onshore,2050,2,1,1,0.0
57386,UK_Wind_Onshore,2050,2,2,2,0.0
57387,UK_Wind_Onshore,2050,2,3,3,0.0
57388,UK_Wind_Onshore,2050,2,4,4,0.0
57389,UK_Wind_Onshore,2050,2,5,5,0.0
57390,UK_Wind_Onshore,2050,2,6,6,0.0
57391,UK_Wind_Onshore,2050,2,7,7,0.0
57392,UK_Wind_Onshore,2050,2,8,8,0.0
57393,UK_Wind_Onshore,2050,2,9,9,-1.089
57394,UK_Wind_Onshore,2050,2,10,10,-1.089
57395,UK_Wind_Onshore,2050,2,11,11,-1.089
57396,UK_Wind_Onshore,2050,2,12,12,-1.089
57397,UK_Wind_Onshore,2050,2,13,13,-1.089
57398,UK_Wind_Onshore,2050,2,14,14,-1.089
57399,UK_Wind_Onshore,2050,2,15,15,-1.089
57400,UK_Wind_Onshore,2050,2,16,16,-1.089
57401,UK_Wind_Onshore,2050,2,17,17,-1.089
57402,UK_Wind_Onshore,2050,2,18,18,-1.6829999999999998
57403,UK_Wind_Onshore,2050,2,19,19,-1.6829999999999998
57404,UK_Wind_Onshore,2050,2,20,20,-1.6829999999999998
57405,UK_Wind_Onshore,2050,2,21,21,-1.089
57406,UK_Wind_Onshore,2050,2,22,22,0.0
57407,UK_Wind_Onshore,2050,2,23,23,0.0
57408,UK_Wind_Onshore,2050,2,24,24,0.0
57409,UK_Wind_Onshore,2050,3,1,1,0.0
57410,UK_Wind_Onshore,2050,3,2,2,0.0
57411,UK_Wind_Onshore,2050,3,3,3,0.0
57412,UK_Wind_Onshore,2050,3,4,4,0.0
57413,UK_Wind_Onshore,2050,3,5,5,0.0
57414,UK_Wind_Onshore,2050,3,6,6,0.0
57415,UK_Wind_Onshore,2050,3,7,7,0.0
57416,UK_Wind_Onshore,2050,3,8,8,0.0
57417,UK_Wind_Onshore,2050,3,9,9,0.0
57418,UK_Wind_Onshore,2050,3,10,10,0.0
57419,UK_Wind_Onshore,2050,3,11,11,0.0
57420,UK_Wind_Onshore,2050,3,12,12,0.0
57421,UK_Wind_Onshore,2050,3,13,13,0.0
57422,UK_Wind_Onshore,2050,3,14,14,0.0
57423,UK_Wind_Onshore,2050,3,15,15,0.0
57424,UK_Wind_Onshore,2050,3,16,16,0.0
57425,UK_Wind_Onshore,2050,3,17,17,0.0
57426,UK_Wind_Onshore,2050,3,18,18,0.0
57427,UK_Wind_Onshore,2050,3,19,19,0.0
57428,UK_Wind_Onshore,2050,3,20,20,0.0
57429,UK_Wind_Onshore,2050,3,21,21,0.0
57430,UK_Wind_Onshore,2050,3,22,22,0.0
57431,UK_Wind_Onshore,2050,3,23,23,0.0
57432,UK_Wind_Onshore,2050,3,24,24,0.0
57433,UK_Wind_Onshore,2050,4,1,1,0.0
57434,UK_Wind_Onshore,2050,4,2,2,0.0
57435,UK_Wind_Onshore,2050,4,3,3,0.0
57436,UK_Wind_Onshore,2050,4,4,4,0.0
57437,UK_Wind_Onshore,2050,4,5,5,0.0
57438,UK_Wind_Onshore,2050,4,6,6,0.0
57439,UK_Wind_Onshore,2050,4,7,7,0.0
57440,UK_Wind_Onshore,2050,4,8,8,0.0
57441,UK_Wind_Onshore,2050,4,9,9,0.0
57442,UK_Wind_Onshore,2050,4,10,10,0.0
57443,UK_Wind_Onshore,2050,4,11,11,0.0
57444,UK_Wind_Onshore,2050,4,12,12,0.0
57445,UK_Wind_Onshore,2050,4,13,13,0.0
57446,UK_Wind_Onshore,2050,4,14,14,0.0
57447,UK_Wind_Onshore,2050,4,15,15,0.0
57448,UK_Wind_Onshore,2050,4,16,16,0.0
57449,UK_Wind_Onshore,2050,4,17,17,0.0
57450,UK_Wind_Onshore,2050,4,18,18,0.0
57451,UK_Wind_Onshore,2050,4,19,19,0.0
57452,UK_Wind_Onshore,2050,4,20,20,0.0
57453,UK_Wind_Onshore,2050,4,21,21,0.0
57454,UK_Wind_Onshore,2050,4,22,22,0.0
57455,UK_Wind_Onshore,2050,4,23,23,0.0
57456,UK_Wind_Onshore,2050,4,24,24,0.0
57457,UK_Wind_Onshore,2050,5,1,1,0.0
57458,UK_Wind_Onshore,2050,5,2,2,0.0
57459,UK_Wind_Onshore,2050,5,3,3,0.0
57460,UK_Wind_Onshore,2050,5,4,4,0.0
57461,UK_Wind_Onshore,2050,5,5,5,0.0
57462,UK_Wind_Onshore,2050,5,6,6,0.0
57463,UK_Wind_Onshore,2050,5,7,7,0.0
57464,UK_Wind_Onshore,2050,5,8,8,0.0
57465,UK_Wind_Onshore,2050,5,9,9,0.0
57466,UK_Wind_Onshore,2050,5,10,10,0.0
57467,UK_Wind_Onshore,2050,5,11,11,0.0
57468,UK_Wind_Onshore,2050,5,12,12,0.0
57469,UK_Wind_Onshore,2050,5,13,13,0.0
57470,UK_Wind_Onshore,2050,5,14,14,0.0
57471,UK_Wind_Onshore,2050,5,15,15,0.0
57472,UK_Wind_Onshore,2050,5,16,16,0.0
57473,UK_Wind_Onshore,2050,5,17,17,0.0
57474,UK_Wind_Onshore,2050,5,18,18,0.0
57475,UK_Wind_Onshore,2050,5,19,19,0.0
57476,UK_Wind_Onshore,2050,5,20,20,0.0
57477,UK_Wind_Onshore,2050,5,21,21,0.0
57478,UK_Wind_Onshore,2050,5,22,22,0.0
57479,UK_Wind_Onshore,2050,5,23,23,0.0
57480,UK_Wind_Onshore,2050,5,24,24,0.0
57481,UK_Wind_Onshore,2050,6,1,1,0.0
57482,UK_Wind_Onshore,2050,6,2,2,0.0
57483,UK_Wind_Onshore,2050,6,3,3,0.0
57484,UK_Wind_Onshore,2050,6,4,4,0.0
57485,UK_Wind_Onshore,2050,6,5,5,0.0
57486,UK_Wind_Onshore,2050,6,6,6,0.0
57487,UK_Wind_Onshore,2050,6,7,7,0.0
57488,UK_Wind_Onshore,2050,6,8,8,0.0
57489,UK_Wind_Onshore,2050,6,9,9,-0.5940000000000001
57490,UK_Wind_Onshore,2050,6,10,10,-0.5940000000000001
57491,UK_Wind_Onshore,2050,6,11,11,-0.5940000000000001
57492,UK_Wind_Onshore,2050,6,12,12,-0.5940000000000001
57493,UK_Wind_Onshore,2050,6,13,13,-0.5940000000000001
57494,UK_Wind_Onshore,2050,6,14,14,0.0
57495,UK_Wind_Onshore,2050,6,15,15,0.0
57496,UK_Wind_Onshore,2050,6,16,16,0.0
57497,UK_Wind_Onshore,2050,6,17,17,0.0
57498,UK_Wind_Onshore,2050,6,18,18,0.0
57499,UK_Wind_Onshore,2050,6,19,19,0.0
57500,UK_Wind_Onshore,2050,6,20,20,0.0
57501,UK_Wind_Onshore,2050,6,21,21,0.0
57502,UK_Wind_Onshore,2050,6,22,22,0.0
57503,UK_Wind_Onshore,2050,6,23,23,0.0
57504,UK_Wind_Onshore,2050,6,24,24,0.0
57505,UK_Wind_Onshore,2050,7,1,1,0.0
57506,UK_Wind_Onshore,2050,7,2,2,0.0
57507,UK_Wind_Onshore,2050,7,3,3,0.0
57508,UK_Wind_Onshore,2050,7,4,4,0.0
57509,UK_Wind_Onshore,2050,7,5,5,0.0
57510,UK_Wind_Onshore,2050,7,6,6,0.0
57511,UK_Wind_Onshore,2050,7,7,7,-1.221
57512,UK_Wind_Onshore,2050,7,8,8,-1.221
57513,UK_Wind_Onshore,2050,7,9,9,-1.221
57514,UK_Wind_Onshore,2050,7,10,10,-1.8869999999999998
57515,UK_Wind_Onshore,2050,7,11,11,-1.8869999999999998
57516,UK_Wind_Onshore,2050,7,12,12,-1.8869999999999998
57517,UK_Wind_Onshore,2050,7,13,13,-1.8869999999999998
57518,UK_Wind_Onshore,2050,7,14,14,-1.8869999999999998
57519,UK_Wind_Onshore,2050,7,15,15,-1.8869999999999998
57520,UK_Wind_Onshore,2050,7,16,16,-1.8869999999999998
57521,UK_Wind_Onshore,2050,7,17,17,-1.8869999999999998
57522,UK_Wind_Onshore,2050,7,18,18,-5.605165705666339
57523,UK_Wind_Onshore,2050,7,19,19,-19.001331411332675
57524,UK_Wind_Onshore,2050,7,20,20,-5.605165705666339
57525,UK_Wind_Onshore,2050,7,21,21,-1.221
57526,UK_Wind_Onshore,2050,7,22,22,-1.221
57527,UK_Wind_Onshore,2050,7,23,23,0.0
57528,UK_Wind_Onshore,2050,7,24,24,0.0
57529,UK_Wind_Onshore,2050,8,1,1,0.0
57530,UK_Wind_Onshore,2050,8,2,2,0.0
57531,UK_Wind_Onshore,2050,8,3,3,0.0
57532,UK_Wind_Onshore,2050,8,4,4,0.0
57533,UK_Wind_Onshore,2050,8,5,5,0.0
57534,UK_Wind_Onshore,2050,8,6,6,0.0
57535,UK_Wind_Onshore,2050,8,7,7,0.0
57536,UK_Wind_Onshore,2050,8,8,8,0.0
57537,UK_Wind_Onshore,2050,8,9,9,0.0
57538,UK_Wind_Onshore,2050,8,10,10,0.0
57539,UK_Wind_Onshore,2050,8,11,11,0.0
57540,UK_Wind_Onshore,2050,8,12,12,0.0
57541,UK_Wind_Onshore,2050,8,13,13,0.0
57542,UK_Wind_Onshore,2050,8,14,14,0.0
57543,UK_Wind_Onshore,2050,8,15,15,0.0
57544,UK_Wind_Onshore,2050,8,16,16,0.0
57545,UK_Wind_Onshore,2050,8,17,17,0.0
57546,UK_Wind_Onshore,2050,8,18,18,0.0
57547,UK_Wind_Onshore,2050,8,19,19,0.0
57548,UK_Wind_Onshore,2050,8,20,20,0.0
57549,UK_Wind_Onshore,2050,8,21,21,0.0
57550,UK_Wind_Onshore,2050,8,22,22,0.0
57551,UK_Wind_Onshore,2050,8,23,23,0.0
57552,UK_Wind_Onshore,2050,8,24,24,0.0
57553,UK_Wind_Onshore,2050,9,1,1,0.0
57554,UK_Wind_Onshore,2050,9,2,2,0.0
57555,UK_Wind_Onshore,2050,9,3,3,0.0
57556,UK_Wind_Onshore,2050,9,4,4,0.0
57557,UK_Wind_Onshore,2050,9,5,5,0.0
57558,UK_Wind_Onshore,2050,9,6,6,0.0
57559,UK_Wind_Onshore,2050,9,7,7,0.0
57560,UK_Wind_Onshore,2050,9,8,8,0.0
57561,UK_Wind_Onshore,2050,9,9,9,0.0
57562,UK_Wind_Onshore,2050,9,10,10,0.0
57563,UK_Wind_Onshore,2050,9,11,11,0.0
57564,UK_Wind_Onshore,2050,9,12,12,-1.419
57565,UK_Wind_Onshore,2050,9,13,13,-1.419
57566,UK_Wind_Onshore,2050,9,14,14,-1.419
57567,UK_Wind_Onshore,2050,9,15,15,0.0
57568,UK_Wind_Onshore,2050,9,16,16,0.0
57569,UK_Wind_Onshore,2050,9,17,17,0.0
57570,UK_Wind_Onshore,2050,9,18,18,0.0
57571,UK_Wind_Onshore,2050,9,19,19,0.0
57572,UK_Wind_Onshore,2050,9,20,20,0.0
57573,UK_Wind_Onshore,2050,9,21,21,0.0
57574,UK_Wind_Onshore,2050,9,22,22,0.0
57575,UK_Wind_Onshore,2050,9,23,23,0.0
57576,UK_Wind_Onshore,2050,9,24,24,0.0
57577,UK_Wind_Onshore,2050,10,1,1,0.0
57578,UK_Wind_Onshore,2050,10,2,2,0.0
57579,UK_Wind_Onshore,2050,10,3,3,0.0
57580,UK_Wind_Onshore,2050,10,4,4,0.0
57581,UK_Wind_Onshore,2050,10,5,5,0.0
57582,UK_Wind_Onshore,2050,10,6,6,0.0
57583,UK_Wind_Onshore,2050,10,7,7,0.0
57584,UK_Wind_Onshore,2050,10,8,8,-1.518
57585,UK_Wind_Onshore,2050,10,9,9,-1.518
57586,UK_Wind_Onshore,2050,10,10,10,-1.518
57587,UK_Wind_Onshore,2050,10,11,11,-1.518
57588,UK_Wind_Onshore,2050,10,12,12,-1.518
57589,UK_Wind_Onshore,2050,10,13,13,-1.518
57590,UK_Wind_Onshore,2050,10,14,14,-1.518
57591,UK_Wind_Onshore,2050,10,15,15,-1.518
57592,UK_Wind_Onshore,2050,10,16,16,-1.518
57593,UK_Wind_Onshore,2050,10,17,17,-2.3459999999999996
57594,UK_Wind_Onshore,2050,10,18,18,-2.3459999999999996
57595,UK_Wind_Onshore,2050,10,19,19,-2.3459999999999996
57596,UK_Wind_Onshore,2050,10,20,20,-2.3459999999999996
57597,UK_Wind_Onshore,2050,10,21,21,-1.518
57598,UK_Wind_Onshore,2050,10,22,22,0.0
57599,UK_Wind_Onshore,2050,10,23,23,0.0
57600,UK_Wind_Onshore,2050,10,24,24,0.0
